    1    1    1    1  272    1   17    2    1    0    8197
    1    1    2    2  359    1   23    3    3    1    2205
    1    1    3    3  395    1   25    3    1    0    3714
    1    1    4    4  203    1   13    2    3    0    2191
    1    1    5    5  413    1   26    3    3    1    1949
    1    1    6    6  136    1    9    1    1    1    4912
    1    1    7    7  111    1    7    1    2    0    3112
    1    1    8    8  229    1   15    2    2    1    2423
    1    1    9    9   72    1    5    1    2    0    1598
    1    1   10   10  106    1    7    1    2    0    3319
    1    1   11   11  376    1   24    3    3    1    2467
    1    1   12   12  405    1   26    3    1    0    3819
    1    1   13   13  339    1   22    3    3    1    2813
    1    1   14   14  327    1   21    3    1    0    2614
    1    1   15   15  297    1   19    2    2    1    3173
    1    1   16   16  135    1    9    1    3    0    2243
    1    1   17   17  146    1   10    1    1    1    3273
    1    1   18   18   55    1    4    1    3    0    3167
    1    1   19   19  381    1   24    3    2    0    3165
    1    1   20   20  267    1   17    2    1    0    3889
    1    1   21   21   73    1    5    1    2    0    2473
    1    1   22   22  163    1   11    2    2    1    2207
    1    1   23   23  337    1   22    3    3    1    2177
    1    1   24   24  279    1   18    2    2    1    3404
    1    1   25   25  446    1   28    3    2    0    2376
    1    1   26   26  115    1    8    1    1    1    3167
    1    1   27   27  186    1   12    2    2    1    3557
    1    1   28   28  125    1    8    1    2    0    1789
    1    1   29   29  355    1   23    3    3    1    2998
    1    1   30   30  278    1   18    2    3    0    2088
    1    1   31   31  443    1   28    3    3    1    2956
    1    1   32   32   16    1    1    1    3    0    1349
    1    1   33   33  293    1   19    2    1    0    3692
    1    1   34   34  190    1   12    2    2    1    2910
    1    1   35   35  330    1   21    3    2    0    2251
    1    1   36   36  170    1   11    2    1    0    2457
    1    1   37   37  455    1   29    3    3    1    1280
    1    1   38   38    7    1    1    1    2    0    3863
    1    1   39   39   40    1    3    1    2    0    2221
    1    1   40   40  465    1   30    3    3    1    1362
    1    1   41   41   31    1    2    1    1    1    2678
    1    1   42   42  397    1   25    3    3    1    1894
    1    1   43   43  241    1   16    2    3    0    1437
    1    1   44   44  148    1   10    1    3    0    1247
    1    1   45   45  215    1   14    2    1    0    5127
    1    1   46   46  250    1   16    2    2    1    3259
    1    1   47   47  224    1   14    2    2    1    2773
    1    1   48   48   34    1    3    1    2    0    1957
    1    1   49   49  471    1   30    3    3    1    1460
    1    1   50   50  423    1   27    3    3    1    1986
    1    1   51   51  195    1   13    2    2    1    2681
    1    1   52   52  456    1   29    3    3    1    1331
    1    1   53   53  420    1   27    3    3    1    1634
    1    1   54   54  306    1   20    2    2    1    2269
    1    1   55   55  308    1   20    2    3    0    1652
    1    1   56   56   62    1    4    1    1    1    1343
    1    1   57   57   85    1    6    1    1    1    1889
    1    1   58   58  238    1   15    2    3    0    1135
    1    1   59   59   96    1    6    1    1    1    2324
    1    1   60   60   17    1    2    1    3    0    2515
    1    2    1   61  397    1   25    3    3    1    1479
    1    2    2   62  224    1   14    2    2    1    2104
    1    2    3   63  413    1   26    3    3    1    1106
    1    2    4   64    7    1    1    1    2    0    3784
    1    2    5   65  420    1   27    3    3    1    1131
    1    2    6   66  148    1   10    1    3    0    1318
    1    2    7   67   17    1    2    1    1    1    3074
    1    2    8   68  308    1   20    2    2    1    1897
    1    2    9   69  293    1   19    2    2    1    2587
    1    2   10   70  297    1   19    2    1    0    3145
    1    2   11   71  136    1    9    1    1    1    2405
    1    2   12   72  190    1   12    2    1    0    2714
    1    2   13   73  465    1   30    3    3    1    1131
    1    2   14   74   34    1    3    1    1    1    1739
    1    2   15   75  339    1   22    3    3    1    2562
    1    2   16   76   31    1    2    1    1    1    1514
    1    2   17   77  163    1   11    2    2    1    1499
    1    2   18   78  376    1   24    3    3    1    1475
    1    2   19   79  455    1   29    3    3    1    1325
    1    2   20   80  229    1   15    2    3    0    1183
    1    2   21   81  327    1   21    3    2    0    2150
    1    2   22   82   55    1    4    1    3    0    2025
    1    2   23   83  111    1    7    1    2    0    2158
    1    2   24   84  115    1    8    1    1    1    2842
    1    2   25   85  186    1   12    2    1    0    1898
    1    2   26   86  423    1   27    3    3    1    1481
    1    2   27   87  381    1   24    3    3    1    1512
    1    2   28   88  395    1   25    3    1    0    2289
    1    2   29   89  330    1   21    3    1    0    3607
    1    2   30   90  241    1   16    2    2    1    1789
    1    2   31   91   16    1    1    1    1    1    2688
    1    2   32   92  125    1    8    1    1    1    1686
    1    2   33   93   96    1    6    1    1    1    1607
    1    2   34   94   85    1    6    1    1    1    1167
    1    2   35   95   72    1    5    1    1    1    1645
    1    2   36   96  279    1   18    2    3    0    2239
    1    2   37   97  278    1   18    2    2    1    1130
    1    2   38   98  359    1   23    3    3    1    2373
    1    2   39   99  471    1   30    3    2    0     912
    1    2   40  100  195    1   13    2    2    1    1102
    1    2   41  101  405    1   26    3    3    1    1338
    1    2   42  102   40    1    3    1    1    1    1130
    1    2   43  103  267    1   17    2    2    1    1039
    1    2   44  104  106    1    7    1    1    1    2231
    1    2   45  105  146    1   10    1    1    1    1501
    1    2   46  106  446    1   28    3    3    1    1256
    1    2   47  107  355    1   23    3    3    1    1124
    1    2   48  108  135    1    9    1    1    1    2012
    1    2   49  109   73    1    5    1    1    1    1349
    1    2   50  110  170    1   11    2    1    0    1227
    1    2   51  111  306    1   20    2    2    1    1496
    1    2   52  112  250    1   16    2    2    1    1277
    1    2   53  113  215    1   14    2    3    0    1667
    1    2   54  114  337    1   22    3    3    1     780
    1    2   55  115  456    1   29    3    3    1    1083
    1    2   56  116   62    1    4    1    2    0     849
    1    2   57  117  443    1   28    3    3    1     759
    1    2   58  118  238    1   15    2    2    1    2286
    1    2   59  119  203    1   13    2    2    1     875
    1    2   60  120  272    1   17    2    2    1    1502
    1    3    1  121  186    1   12    2    3    0    1936
    1    3    2  122  413    1   26    3    3    1     785
    1    3    3  123  471    1   30    3    3    1    3468
    1    3    4  124  135    1    9    1    1    1    1046
    1    3    5  125  229    1   15    2    3    0     868
    1    3    6  126  420    1   27    3    3    1     758
    1    3    7  127  136    1    9    1    1    1    1470
    1    3    8  128  272    1   17    2    2    1    1353
    1    3    9  129  278    1   18    2    2    1     961
    1    3   10  130  355    1   23    3    3    1     866
    1    3   11  131  455    1   29    3    3    1     940
    1    3   12  132  267    1   17    2    2    1    1281
    1    3   13  133   40    1    3    1    1    1     912
    1    3   14  134  330    1   21    3    3    1    2226
    1    3   15  135  446    1   28    3    3    1     798
    1    3   16  136  443    1   28    3    3    1    1397
    1    3   17  137  195    1   13    2    2    1    1145
    1    3   18  138  465    1   30    3    2    0    2177
    1    3   19  139  327    1   21    3    2    0    3920
    1    3   20  140  224    1   14    2    2    1     768
    1    3   21  141  456    1   29    3    3    1     931
    1    3   22  142    7    1    1    1    1    1    1040
    1    3   23  143  111    1    7    1    2    0    1118
    1    3   24  144  376    1   24    3    3    1     857
    1    3   25  145  215    1   14    2    2    1    1548
    1    3   26  146  106    1    7    1    1    1    1275
    1    3   27  147   62    1    4    1    2    0    1142
    1    3   28  148  339    1   22    3    3    1     790
    1    3   29  149  170    1   11    2    1    0    2441
    1    3   30  150  297    1   19    2    1    0    2586
    1    3   31  151   85    1    6    1    1    1     874
    1    3   32  152  238    1   15    2    2    1    1312
    1    3   33  153   73    1    5    1    3    0     702
    1    3   34  154   34    1    3    1    1    1    2081
    1    3   35  155  146    1   10    1    1    1     952
    1    3   36  156  308    1   20    2    2    1    1460
    1    3   37  157   55    1    4    1    3    0     908
    1    3   38  158  125    1    8    1    1    1    1112
    1    3   39  159  148    1   10    1    3    0     855
    1    3   40  160  203    1   13    2    2    1     995
    1    3   41  161  279    1   18    2    3    0    1621
    1    3   42  162  359    1   23    3    3    1    1023
    1    3   43  163  337    1   22    3    3    1     837
    1    3   44  164  250    1   16    2    2    1     929
    1    3   45  165  115    1    8    1    1    1    1024
    1    3   46  166  241    1   16    2    2    1    2606
    1    3   47  167   96    1    6    1    1    1    1369
    1    3   48  168   31    1    2    1    1    1    1343
    1    3   49  169  395    1   25    3    1    0     942
    1    3   50  170  423    1   27    3    3    1    1410
    1    3   51  171  306    1   20    2    2    1    1027
    1    3   52  172  163    1   11    2    1    0    2145
    1    3   53  173  397    1   25    3    3    1    1222
    1    3   54  174   72    1    5    1    1    1     960
    1    3   55  175   16    1    1    1    3    0     784
    1    3   56  176   17    1    2    1    2    0    2293
    1    3   57  177  190    1   12    2    1    0    1827
    1    3   58  178  381    1   24    3    3    1    1233
    1    3   59  179  405    1   26    3    3    1     946
    1    3   60  180  293    1   19    2    2    1    1493
    2    1    1  181  213    0   14    2    2    1    4694
    2    1    2  182  222    0   14    2    2    1    5319
    2    1    3  183   13    0    1    1    1    1    1241
    2    1    4  184  269    0   17    2    2    1    1421
    2    1    5  185  126    0    8    1    1    1    2459
    2    1    6  186   46    0    3    1    1    1     965
    2    1    7  187  265    0   17    2    2    1    1658
    2    1    8  188  465    1   30    3    3    1    1215
    2    1    9  189   63    0    4    1    1    1    4423
    2    1   10  190  127    0    8    1    1    1    1697
    2    1   11  191  249    0   16    2    1    0    1253
    2    1   12  192   28    0    2    1    1    1    1048
    2    1   13  193  292    0   19    2    1    0    4342
    2    1   14  194  268    0   17    2    2    1    1064
    2    1   15  195  139    0    9    1    1    1    1181
    2    1   16  196  208    0   13    2    2    1    1882
    2    1   17  197  275    0   18    2    1    0    2206
    2    1   18  198  449    0   29    3    3    1    1048
    2    1   19  199  205    0   13    2    2    1    2738
    2    1   20  200  185    0   12    2    1    0    1294
    2    1   21  201   30    0    2    1    1    1    1975
    2    1   22  202  123    0    8    1    3    0    1176
    2    1   23  203  284    0   18    2    3    0    1296
    2    1   24  204   50    0    4    1    1    1    1631
    2    1   25  205  335    0   21    3    3    1    1849
    2    1   26  206  155    0   10    1    3    0    2565
    2    1   27  207  316    0   20    2    2    1    1002
    2    1   28  208  461    0   29    3    3    1    1045
    2    1   29  209  407    0   26    3    1    0    2769
    2    1   30  210  378    0   24    3    3    1    1155
    2    1   31  211  402    0   26    3    3    1    1713
    2    1   32  212   78    0    5    1    1    1    1096
    2    1   33  213  289    0   19    2    2    1    1522
    2    1   34  214  307    0   20    2    2    1    1011
    2    1   35  215  363    0   23    3    1    0    4700
    2    1   36  216  460    0   29    3    3    1    1087
    2    1   37  217  215    1   14    2    1    0    2721
    2    1   38  218   45    0    3    1    1    1     966
    2    1   39  219  352    0   22    3    1    0    4640
    2    1   40  220  261    0   17    2    2    1     875
    2    1   41  221  234    0   15    2    3    0    1025
    2    1   42  222   85    1    6    1    1    1    1022
    2    1   43  223   74    0    5    1    1    1    1826
    2    1   44  224   58    0    4    1    1    1    3537
    2    1   45  225  445    0   28    3    3    1    1177
    2    1   46  226  303    0   19    2    2    1    1774
    2    1   47  227   14    0    1    1    1    1    1192
    2    1   48  228  152    0   10    1    1    1    2405
    2    1   49  229   90    0    6    1    1    1    1848
    2    1   50  230  454    0   29    3    3    1    1650
    2    1   51  231  419    0   27    3    3    1    1454
    2    1   52  232    3    0    1    1    1    1    1155
    2    1   53  233  342    0   22    3    1    0    1631
    2    1   54  234   72    1    5    1    1    1     995
    2    1   55  235  313    0   20    2    2    1     940
    2    1   56  236  216    0   14    2    1    0    1192
    2    1   57  237  174    0   11    2    1    0    1319
    2    1   58  238  248    0   16    2    2    1    1026
    2    1   59  239  447    0   28    3    3    1     933
    2    1   60  240  389    0   25    3    2    0    5026
    2    1   61  241  392    0   25    3    1    0    1221
    2    1   62  242  467    0   30    3    2    0    1762
    2    1   63  243   81    0    6    1    1    1    3188
    2    1   64  244  458    0   29    3    1    0    2681
    2    1   65  245  192    0   12    2    1    0    2557
    2    1   66  246  421    0   27    3    3    1    1171
    2    1   67  247  309    0   20    2    3    0    1021
    2    1   68  248   41    0    3    1    1    1     924
    2    1   69  249   40    1    3    1    1    1     903
    2    1   70  250  100    0    7    1    1    1    5279
    2    1   71  251  231    0   15    2    2    1    1079
    2    1   72  252  188    0   12    2    2    1    1155
    2    1   73  253  294    0   19    2    1    0    1978
    2    1   74  254  262    0   17    2    2    1    1185
    2    1   75  255  333    0   21    3    2    0    2059
    2    1   76  256  207    0   13    2    2    1     732
    2    1   77  257  138    0    9    1    1    1    1062
    2    1   78  258  259    0   17    2    3    0    2151
    2    1   79  259  112    0    7    1    1    1    1699
    2    1   80  260  273    0   18    2    1    0    3314
    2    1   81  261  145    0   10    1    1    1    1291
    2    1   82  262   96    1    6    1    1    1    2232
    2    1   83  263  270    0   17    2    2    1     972
    2    1   84  264   26    0    2    1    1    1    5601
    2    1   85  265  285    0   18    2    2    1    1767
    2    1   86  266  235    0   15    2    3    0    2289
    2    1   87  267  117    0    8    1    2    0    3201
    2    1   88  268  416    0   26    3    3    1    1110
    2    1   89  269  368    0   23    3    1    0    7414
    2    1   90  270  183    0   12    2    2    1    3838
    2    1   91  271   24    0    2    1    3    0    2093
    2    1   92  272  475    0   30    3    3    1     991
    2    1   93  273  171    0   11    2    1    0    1352
    2    1   94  274  354    0   23    3    3    1    1582
    2    1   95  275  272    1   17    2    2    1    2799
    2    1   96  276  217    0   14    2    2    1    1368
    2    1   97  277   32    0    2    1    1    1    1738
    2    1   98  278  365    0   23    3    3    1    1212
    2    1   99  279  124    0    8    1    1    1     971
    2    1  100  280  297    1   19    2    1    0    1058
    2    1  101  281  381    1   24    3    3    1    1074
    2    1  102  282  427    0   27    3    2    0    1414
    2    1  103  283  251    0   16    2    1    0    3617
    2    1  104  284  173    0   11    2    1    0    3053
    2    1  105  285  206    0   13    2    2    1    1222
    2    1  106  286  187    0   12    2    2    1    1036
    2    1  107  287  471    1   30    3    2    0    1716
    2    1  108  288  122    0    8    1    1    1    1473
    2    1  109  289  472    0   30    3    3    1    1090
    2    1  110  290  305    0   20    2    1    0    3107
    2    1  111  291  168    0   11    2    1    0    1323
    2    1  112  292  456    1   29    3    3    1    1078
    2    1  113  293  116    0    8    1    1    1    1072
    2    1  114  294  186    1   12    2    2    1    2670
    2    1  115  295  190    1   12    2    3    0    1966
    2    1  116  296  434    0   28    3    3    1     798
    2    1  117  297   18    0    2    1    2    0    1963
    2    1  118  298  442    0   28    3    3    1     640
    2    1  119  299   43    0    3    1    1    1     918
    2    1  120  300  341    0   22    3    1    0     808
    2    1  121  301  106    1    7    1    1    1     927
    2    1  122  302  159    0   10    1    1    1     642
    2    1  123  303  182    0   12    2    2    1     608
    2    1  124  304   49    0    4    1    1    1    2253
    2    1  125  305  220    0   14    2    2    1    1445
    2    1  126  306  230    0   15    2    3    0     620
    2    1  127  307  350    0   22    3    1    0     801
    2    1  128  308    9    0    1    1    1    1    1864
    2    1  129  309  229    1   15    2    2    1    3008
    2    1  130  310  274    0   18    2    3    0    1173
    2    1  131  311   73    1    5    1    1    1     854
    2    1  132  312  302    0   19    2    2    1     769
    2    1  133  313  408    0   26    3    2    0    2382
    2    1  134  314  409    0   26    3    3    1     753
    2    1  135  315  266    0   17    2    2    1     793
    2    1  136  316  355    1   23    3    3    1     883
    2    1  137  317  163    1   11    2    1    0    2750
    2    1  138  318  167    0   11    2    1    0     911
    2    1  139  319   54    0    4    1    1    1    1419
    2    1  140  320   27    0    2    1    1    1    1060
    2    1  141  321  195    1   13    2    2    1    1888
    2    1  142  322   84    0    6    1    1    1    1042
    2    1  143  323  296    0   19    2    1    0     880
    2    1  144  324  198    0   13    2    2    1    1689
    2    1  145  325  394    0   25    3    2    0    2414
    2    1  146  326  282    0   18    2    3    0    1594
    2    1  147  327   66    0    5    1    1    1    1773
    2    1  148  328   55    1    4    1    1    1     653
    2    1  149  329  344    0   22    3    1    0    1074
    2    1  150  330  189    0   12    2    3    0    2878
    2    1  151  331   71    0    5    1    1    1     667
    2    1  152  332   37    0    3    1    1    1    1971
    2    1  153  333    8    0    1    1    1    1    1775
    2    1  154  334   57    0    4    1    3    0    2123
    2    1  155  335  476    0   30    3    3    1     685
    2    1  156  336  304    0   19    2    2    1    1042
    2    1  157  337  453    0   29    3    3    1     971
    2    1  158  338   17    1    2    1    2    0    1829
    2    1  159  339  410    0   26    3    2    0    2754
    2    1  160  340  388    0   25    3    3    1     999
    2    1  161  341   67    0    5    1    1    1     975
    2    1  162  342  423    1   27    3    3    1     924
    2    1  163  343  277    0   18    2    1    0     917
    2    1  164  344  436    0   28    3    3    1     677
    2    1  165  345  452    0   29    3    3    1     812
    2    1  166  346   20    0    2    1    3    0    1242
    2    1  167  347  263    0   17    2    2    1     917
    2    1  168  348   47    0    3    1    1    1     491
    2    1  169  349  441    0   28    3    3    1     613
    2    1  170  350  360    0   23    3    1    0    1731
    2    1  171  351  131    0    9    1    1    1    1009
    2    1  172  352  367    0   23    3    2    0    1230
    2    1  173  353  212    0   14    2    3    0    1921
    2    1  174  354  135    1    9    1    1    1    1241
    2    1  175  355  166    0   11    2    1    0    1100
    2    1  176  356  428    0   27    3    1    0    1346
    2    1  177  357  396    0   25    3    2    0    1867
    2    1  178  358   59    0    4    1    2    0    2708
    2    1  179  359  175    0   11    2    2    1    1295
    2    1  180  360  391    0   25    3    2    0    2049
    2    1  181  361  306    1   20    2    2    1     719
    2    1  182  362  236    0   15    2    2    1    2156
    2    1  183  363  347    0   22    3    1    0     876
    2    1  184  364  286    0   18    2    3    0    1908
    2    1  185  365  164    0   11    2    2    1    2490
    2    1  186  366  319    0   20    2    2    1     819
    2    1  187  367  148    1   10    1    1    1    1086
    2    1  188  368  283    0   18    2    3    0    1201
    2    1  189  369   31    1    2    1    1    1     917
    2    1  190  370  351    0   22    3    1    0     840
    2    1  191  371  287    0   18    2    1    0    1188
    2    1  192  372  169    0   11    2    1    0     804
    2    1  193  373  473    0   30    3    2    0    1065
    2    1  194  374  204    0   13    2    1    0    2955
    2    1  195  375  331    0   21    3    3    1    1136
    2    1  196  376  336    0   21    3    1    0    1459
    2    1  197  377  478    0   30    3    2    0    1294
    2    1  198  378  399    0   25    3    3    1     737
    2    1  199  379  256    0   16    2    1    0    1907
    2    1  200  380  260    0   17    2    1    0    1697
    2    1  201  381  247    0   16    2    1    0     749
    2    1  202  382  129    0    9    1    1    1     744
    2    1  203  383  105    0    7    1    3    0    1122
    2    1  204  384  437    0   28    3    3    1     896
    2    1  205  385  232    0   15    2    3    0     965
    2    1  206  386  439    0   28    3    3    1     753
    2    1  207  387  375    0   24    3    3    1     691
    2    1  208  388  219    0   14    2    1    0    2122
    2    1  209  389  370    0   24    3    3    1    1284
    2    1  210  390  194    0   13    2    2    1    1490
    2    1  211  391  240    0   15    2    3    0    2895
    2    1  212  392  323    0   21    3    2    0    2447
    2    1  213  393  147    0   10    1    2    0    1565
    2    1  214  394  290    0   19    2    2    1    2435
    2    1  215  395  104    0    7    1    1    1     719
    2    1  216  396  300    0   19    2    1    0    1353
    2    1  217  397  157    0   10    1    3    0     655
    2    1  218  398   60    0    4    1    2    0     871
    2    1  219  399  267    1   17    2    2    1     764
    2    1  220  400  353    0   23    3    3    1    2077
    2    1  221  401   75    0    5    1    1    1     735
    2    1  222  402   15    0    1    1    1    1     869
    2    1  223  403   38    0    3    1    1    1     673
    2    1  224  404   48    0    3    1    1    1     700
    2    1  225  405  281    0   18    2    2    1    1764
    2    1  226  406  108    0    7    1    1    1     929
    2    1  227  407  324    0   21    3    2    0    1581
    2    1  228  408  233    0   15    2    3    0    1136
    2    1  229  409   56    0    4    1    3    0    1942
    2    1  230  410  414    0   26    3    2    0    1884
    2    1  231  411   80    0    5    1    1    1    2285
    2    1  232  412   33    0    3    1    1    1     706
    2    1  233  413  140    0    9    1    1    1    1169
    2    1  234  414  121    0    8    1    1    1     867
    2    1  235  415  146    1   10    1    1    1     767
    2    1  236  416  466    0   30    3    2    0    1256
    2    1  237  417   93    0    6    1    1    1    2199
    2    1  238  418  291    0   19    2    1    0    1035
    2    1  239  419  257    0   17    2    1    0     809
    2    1  240  420   95    0    6    1    1    1    2233
    2    1  241  421   34    1    3    1    1    1     785
    2    1  242  422  376    1   24    3    3    1    1815
    2    1  243  423  196    0   13    2    2    1    1076
    2    1  244  424  130    0    9    1    1    1    1558
    2    1  245  425  366    0   23    3    2    0    1999
    2    1  246  426  191    0   12    2    2    1     849
    2    1  247  427  110    0    7    1    1    1    1198
    2    1  248  428  118    0    8    1    1    1    1053
    2    1  249  429   21    0    2    1    3    0    2212
    2    1  250  430  385    0   25    3    3    1     830
    2    1  251  431    1    0    1    1    1    1     757
    2    1  252  432   29    0    2    1    1    1    1641
    2    1  253  433  243    0   16    2    2    1     696
    2    1  254  434  346    0   22    3    1    0     725
    2    1  255  435  413    1   26    3    3    1     724
    2    1  256  436  357    0   23    3    3    1     826
    2    1  257  437  433    0   28    3    2    0    2233
    2    1  258  438  132    0    9    1    1    1     728
    2    1  259  439  398    0   25    3    2    0    1422
    2    1  260  440    6    0    1    1    1    1    2804
    2    1  261  441  400    0   25    3    1    0    2264
    2    1  262  442    4    0    1    1    1    1     990
    2    1  263  443  325    0   21    3    1    0    1067
    2    1  264  444   25    0    2    1    2    0    2467
    2    1  265  445  184    0   12    2    1    0    3218
    2    1  266  446  161    0   11    2    1    0     787
    2    1  267  447    5    0    1    1    3    0    2315
    2    1  268  448   77    0    5    1    1    1    1695
    2    1  269  449   52    0    4    1    1    1    3133
    2    1  270  450   62    1    4    1    1    1     876
    2    1  271  451  412    0   26    3    3    1    1326
    2    1  272  452  448    0   28    3    3    1     718
    2    1  273  453  477    0   30    3    2    0    1662
    2    1  274  454  383    0   24    3    1    0     679
    2    1  275  455  438    0   28    3    3    1     764
    2    1  276  456   68    0    5    1    1    1     594
    2    1  277  457  150    0   10    1    2    0    1500
    2    1  278  458  310    0   20    2    2    1     723
    2    1  279  459  170    1   11    2    1    0     757
    2    1  280  460   36    0    3    1    1    1     729
    2    1  281  461  242    0   16    2    1    0    1317
    2    1  282  462  197    0   13    2    2    1    1797
    2    1  283  463  451    0   29    3    3    1    4163
    2    1  284  464  314    0   20    2    2    1     743
    2    1  285  465  142    0    9    1    1    1     806
    2    1  286  466  425    0   27    3    3    1     875
    2    1  287  467  276    0   18    2    1    0    2472
    2    1  288  468  403    0   26    3    2    0    1335
    2    1  289  469  111    1    7    1    1    1     903
    2    1  290  470  337    1   22    3    3    1    1580
    2    1  291  471  470    0   30    3    2    0    1758
    2    1  292  472  193    0   13    2    2    1     720
    2    1  293  473  151    0   10    1    2    0    1035
    2    1  294  474   10    0    1    1    1    1     856
    2    1  295  475  179    0   12    2    2    1    1999
    2    1  296  476  288    0   18    2    3    0    4466
    2    1  297  477   79    0    5    1    1    1     821
    2    1  298  478  224    1   14    2    1    0     909
    2    1  299  479  264    0   17    2    2    1     739
    2    1  300  480  295    0   19    2    1    0    3051
