    1    1    1    1  297    1   19    2    3    0   10149
    1    1    2    2  395    1   25    3    1    0    5865
    1    1    3    3   85    1    6    1    1    1    2867
    1    1    4    4  106    1    7    1    1    1    4677
    1    1    5    5  111    1    7    1    2    0    7280
    1    1    6    6  170    1   11    2    2    1    9009
    1    1    7    7   96    1    6    1    1    1    1502
    1    1    8    8  229    1   15    2    1    0    2246
    1    1    9    9  455    1   29    3    3    1    4081
    1    1   10   10  413    1   26    3    3    1    3859
    1    1   11   11  267    1   17    2    2    1    1565
    1    1   12   12  443    1   28    3    1    0    2291
    1    1   13   13  339    1   22    3    2    0    4237
    1    1   14   14  136    1    9    1    2    0    2376
    1    1   15   15    7    1    1    1    3    0    7246
    1    1   16   16   17    1    2    1    3    0    2049
    1    1   17   17  250    1   16    2    3    0    3795
    1    1   18   18  381    1   24    3    2    0    2481
    1    1   19   19  471    1   30    3    3    1    5938
    1    1   20   20  115    1    8    1    1    1    3306
    1    1   21   21  163    1   11    2    1    0    2010
    1    1   22   22  238    1   15    2    2    1    1838
    1    1   23   23  330    1   21    3    3    1    3850
    1    1   24   24  446    1   28    3    1    0    1189
    1    1   25   25   16    1    1    1    2    0    5547
    1    1   26   26  423    1   27    3    3    1    2017
    1    1   27   27  376    1   24    3    2    0    5733
    1    1   28   28  279    1   18    2    3    0    1332
    1    1   29   29  337    1   22    3    2    0    4532
    1    1   30   30  203    1   13    2    2    1    1139
    1    1   31   31  465    1   30    3    2    0    3386
    1    1   32   32  148    1   10    1    1    1    3224
    1    1   33   33  135    1    9    1    1    1    2668
    1    1   34   34   72    1    5    1    2    0    4582
    1    1   35   35  359    1   23    3    3    1    1347
    1    1   36   36  293    1   19    2    2    1    1330
    1    1   37   37  146    1   10    1    3    0    5218
    1    1   38   38   34    1    3    1    1    1    1942
    1    1   39   39   73    1    5    1    2    0    2238
    1    1   40   40  224    1   14    2    2    1    1000
    1    1   41   41  241    1   16    2    1    0    2469
    1    1   42   42  405    1   26    3    2    0    3255
    1    1   43   43   62    1    4    1    2    0    1914
    1    1   44   44  397    1   25    3    3    1    3282
    1    1   45   45   31    1    2    1    1    1    2163
    1    1   46   46   40    1    3    1    1    1    1425
    1    1   47   47  327    1   21    3    2    0    2110
    1    1   48   48  308    1   20    2    3    0    1567
    1    1   49   49  306    1   20    2    2    1    2373
    1    1   50   50  195    1   13    2    2    1    4971
    1    1   51   51  456    1   29    3    2    0    6346
    1    1   52   52  125    1    8    1    1    1    2177
    1    1   53   53   55    1    4    1    3    0    4368
    1    1   54   54  355    1   23    3    3    1    1094
    1    1   55   55  186    1   12    2    1    0    1743
    1    1   56   56  272    1   17    2    2    1    2158
    1    1   57   57  420    1   27    3    1    0    3965
    1    1   58   58  190    1   12    2    2    1    1779
    1    1   59   59  215    1   14    2    3    0    1651
    1    1   60   60  278    1   18    2    2    1    1541
    1    2    1   61  163    1   11    2    2    1    1196
    1    2    2   62  241    1   16    2    2    1    1537
    1    2    3   63  337    1   22    3    3    1    2920
    1    2    4   64  465    1   30    3    1    0    7496
    1    2    5   65  190    1   12    2    2    1    1250
    1    2    6   66  272    1   17    2    2    1    5236
    1    2    7   67  170    1   11    2    1    0    1463
    1    2    8   68  224    1   14    2    2    1     930
    1    2    9   69  297    1   19    2    1    0    1649
    1    2   10   70   17    1    2    1    3    0    1699
    1    2   11   71  115    1    8    1    1    1    1236
    1    2   12   72   55    1    4    1    1    1    1256
    1    2   13   73  420    1   27    3    3    1    2475
    1    2   14   74  279    1   18    2    3    0    2541
    1    2   15   75  423    1   27    3    2    0    3132
    1    2   16   76  471    1   30    3    2    0    3987
    1    2   17   77  106    1    7    1    1    1    1273
    1    2   18   78  250    1   16    2    2    1    2524
    1    2   19   79   85    1    6    1    1    1    2027
    1    2   20   80  397    1   25    3    3    1   11903
    1    2   21   81  381    1   24    3    2    0    7368
    1    2   22   82   96    1    6    1    1    1    1238
    1    2   23   83   40    1    3    1    1    1    1225
    1    2   24   84  278    1   18    2    2    1     942
    1    2   25   85  136    1    9    1    1    1    1325
    1    2   26   86  146    1   10    1    1    1    1405
    1    2   27   87  395    1   25    3    3    1    3081
    1    2   28   88  135    1    9    1    1    1    2163
    1    2   29   89   34    1    3    1    1    1    1153
    1    2   30   90   73    1    5    1    1    1    2295
    1    2   31   91  195    1   13    2    2    1    1009
    1    2   32   92  306    1   20    2    2    1    2157
    1    2   33   93  455    1   29    3    2    0     765
    1    2   34   94   62    1    4    1    1    1    3378
    1    2   35   95  111    1    7    1    1    1    2193
    1    2   36   96   72    1    5    1    2    0    5182
    1    2   37   97  456    1   29    3    3    1    2179
    1    2   38   98   16    1    1    1    1    1    1650
    1    2   39   99  215    1   14    2    2    1    1732
    1    2   40  100  339    1   22    3    3    1    3363
    1    2   41  101  125    1    8    1    1    1    1361
    1    2   42  102  308    1   20    2    2    1    2833
    1    2   43  103  327    1   21    3    2    0     931
    1    2   44  104  330    1   21    3    2    0    5331
    1    2   45  105  238    1   15    2    2    1    4018
    1    2   46  106    7    1    1    1    1    1    1574
    1    2   47  107  355    1   23    3    3    1    1069
    1    2   48  108  186    1   12    2    3    0    2790
    1    2   49  109  148    1   10    1    2    0    1836
    1    2   50  110  405    1   26    3    3    1    1895
    1    2   51  111  446    1   28    3    2    0    4001
    1    2   52  112  376    1   24    3    3    1    1589
    1    2   53  113  293    1   19    2    2    1    1035
    1    2   54  114  359    1   23    3    3    1    1014
    1    2   55  115  443    1   28    3    2    0    2802
    1    2   56  116  413    1   26    3    3    1     743
    1    2   57  117  267    1   17    2    2    1     990
    1    2   58  118   31    1    2    1    1    1    1644
    1    2   59  119  229    1   15    2    3    0    2751
    1    2   60  120  203    1   13    2    2    1     821
    1    3    1  121  446    1   28    3    3    1    2521
    1    3    2  122  359    1   23    3    3    1    1497
    1    3    3  123  471    1   30    3    3    1    1538
    1    3    4  124  241    1   16    2    2    1     922
    1    3    5  125  455    1   29    3    3    1    3674
    1    3    6  126  267    1   17    2    2    1     620
    1    3    7  127  125    1    8    1    1    1    1240
    1    3    8  128  224    1   14    2    2    1     939
    1    3    9  129  146    1   10    1    1    1    1850
    1    3   10  130   85    1    6    1    1    1    1205
    1    3   11  131   62    1    4    1    1    1    1546
    1    3   12  132  278    1   18    2    2    1    1169
    1    3   13  133  337    1   22    3    3    1    2439
    1    3   14  134   16    1    1    1    1    1    1371
    1    3   15  135  111    1    7    1    1    1    4553
    1    3   16  136   73    1    5    1    1    1    1575
    1    3   17  137  148    1   10    1    1    1    1693
    1    3   18  138  423    1   27    3    3    1    4863
    1    3   19  139    7    1    1    1    1    1    1105
    1    3   20  140  272    1   17    2    2    1    1706
    1    3   21  141  229    1   15    2    2    1    1371
    1    3   22  142  395    1   25    3    3    1    2089
    1    3   23  143  106    1    7    1    1    1    1242
    1    3   24  144   31    1    2    1    1    1    1501
    1    3   25  145  413    1   26    3    3    1     839
    1    3   26  146  279    1   18    2    2    1    8201
    1    3   27  147  195    1   13    2    2    1    1447
    1    3   28  148  238    1   15    2    2    1    4497
    1    3   29  149  456    1   29    3    3    1    1505
    1    3   30  150  376    1   24    3    3    1    1082
    1    3   31  151  293    1   19    2    2    1     788
    1    3   32  152  308    1   20    2    2    1     856
    1    3   33  153  397    1   25    3    2    0    2028
    1    3   34  154  136    1    9    1    1    1    1456
    1    3   35  155  297    1   19    2    2    1   12426
    1    3   36  156   40    1    3    1    1    1    1118
    1    3   37  157  443    1   28    3    3    1    2679
    1    3   38  158  163    1   11    2    3    0    8304
    1    3   39  159  355    1   23    3    3    1     730
    1    3   40  160   55    1    4    1    1    1    3617
    1    3   41  161  465    1   30    3    3    1    2469
    1    3   42  162  186    1   12    2    2    1    4343
    1    3   43  163  203    1   13    2    2    1     782
    1    3   44  164  215    1   14    2    2    1    1587
    1    3   45  165   34    1    3    1    1    1    1593
    1    3   46  166  339    1   22    3    3    1    1422
    1    3   47  167  381    1   24    3    3    1    1242
    1    3   48  168  135    1    9    1    1    1    1822
    1    3   49  169  306    1   20    2    2    1    1210
    1    3   50  170   17    1    2    1    3    0   10031
    1    3   51  171   96    1    6    1    1    1    1379
    1    3   52  172  115    1    8    1    1    1    1281
    1    3   53  173  170    1   11    2    1    0    1266
    1    3   54  174  405    1   26    3    3    1    1316
    1    3   55  175  250    1   16    2    2    1    1204
    1    3   56  176  330    1   21    3    3    1    1593
    1    3   57  177  190    1   12    2    3    0    1774
    1    3   58  178  327    1   21    3    3    1    1468
    1    3   59  179  420    1   27    3    3    1    1942
    1    3   60  180   72    1    5    1    1    1    2446
    2    1    1  181  264    0   17    2    3    0    6728
    2    1    2  182    3    0    1    1    1    1    1515
    2    1    3  183  289    0   19    2    2    1     992
    2    1    4  184   87    0    6    1    1    1    1737
    2    1    5  185  412    0   26    3    3    1    1397
    2    1    6  186  334    0   21    3    3    1    9613
    2    1    7  187  408    0   26    3    3    1    1553
    2    1    8  188  345    0   22    3    1    0    2083
    2    1    9  189  323    0   21    3    3    1    1617
    2    1   10  190   27    0    2    1    1    1    1474
    2    1   11  191   72    1    5    1    1    1    1159
    2    1   12  192  257    0   17    2    3    0    3482
    2    1   13  193   24    0    2    1    2    0    3007
    2    1   14  194  206    0   13    2    2    1    2616
    2    1   15  195  310    0   20    2    3    0    4463
    2    1   16  196  131    0    9    1    1    1    1150
    2    1   17  197  340    0   22    3    3    1    5696
    2    1   18  198  444    0   28    3    3    1    8093
    2    1   19  199  169    0   11    2    1    0    1151
    2    1   20  200  480    0   30    3    3    1     977
    2    1   21  201   11    0    1    1    3    0    2668
    2    1   22  202  273    0   18    2    3    0    4786
    2    1   23  203   45    0    3    1    1    1    1075
    2    1   24  204  255    0   16    2    2    1    1081
    2    1   25  205  271    0   17    2    2    1    4798
    2    1   26  206  463    0   29    3    3    1    3263
    2    1   27  207  328    0   21    3    3    1    4605
    2    1   28  208  308    1   20    2    2    1     821
    2    1   29  209  108    0    7    1    1    1    1894
    2    1   30  210   31    1    2    1    1    1    1019
    2    1   31  211  400    0   25    3    3    1    1907
    2    1   32  212   32    0    2    1    1    1    2248
    2    1   33  213  428    0   27    3    1    0    2398
    2    1   34  214  324    0   21    3    2    0    5455
    2    1   35  215  431    0   27    3    3    1    3542
    2    1   36  216  299    0   19    2    3    0    1258
    2    1   37  217  303    0   19    2    2    1     745
    2    1   38  218  243    0   16    2    2    1    1100
    2    1   39  219  394    0   25    3    3    1    2353
    2    1   40  220  454    0   29    3    2    0    1860
    2    1   41  221  282    0   18    2    2    1     986
    2    1   42  222  258    0   17    2    3    0    6788
    2    1   43  223  438    0   28    3    1    0    2117
    2    1   44  224  253    0   16    2    2    1    3265
    2    1   45  225  351    0   22    3    3    1    1599
    2    1   46  226  445    0   28    3    1    0    5184
    2    1   47  227  240    0   15    2    3    0    1873
    2    1   48  228  154    0   10    1    1    1    1271
    2    1   49  229  314    0   20    2    2    1    4405
    2    1   50  230  455    1   29    3    3    1    1254
    2    1   51  231   50    0    4    1    2    0    1125
    2    1   52  232  327    1   21    3    2    0    1241
    2    1   53  233  133    0    9    1    1    1    1304
    2    1   54  234  188    0   12    2    1    0    2485
    2    1   55  235  231    0   15    2    2    1    1186
    2    1   56  236  113    0    8    1    3    0    3668
    2    1   57  237    7    1    1    1    1    1    1042
    2    1   58  238  173    0   11    2    2    1    1385
    2    1   59  239   96    1    6    1    1    1    1202
    2    1   60  240  419    0   27    3    1    0    1955
    2    1   61  241  373    0   24    3    3    1    1414
    2    1   62  242  473    0   30    3    2    0    2493
    2    1   63  243  262    0   17    2    2    1    4315
    2    1   64  244   47    0    3    1    1    1    2622
    2    1   65  245   56    0    4    1    2    0    1079
    2    1   66  246   49    0    4    1    2    0    1597
    2    1   67  247  393    0   25    3    3    1    1374
    2    1   68  248  160    0   10    1    1    1    1847
    2    1   69  249  267    1   17    2    2    1     718
    2    1   70  250   39    0    3    1    1    1    1154
    2    1   71  251  284    0   18    2    2    1    1669
    2    1   72  252  309    0   20    2    3    0    2931
    2    1   73  253  450    0   29    3    2    0     863
    2    1   74  254  442    0   28    3    3    1    1197
    2    1   75  255   52    0    4    1    2    0    1118
    2    1   76  256  401    0   26    3    2    0    4338
    2    1   77  257  427    0   27    3    1    0    3109
    2    1   78  258  341    0   22    3    1    0    2233
    2    1   79  259  466    0   30    3    2    0    1457
    2    1   80  260  387    0   25    3    2    0    1032
    2    1   81  261  275    0   18    2    1    0    2496
    2    1   82  262   55    1    4    1    1    1    1837
    2    1   83  263  164    0   11    2    2    1     804
    2    1   84  264  382    0   24    3    3    1     933
    2    1   85  265  139    0    9    1    1    1    1072
    2    1   86  266  288    0   18    2    2    1    1414
    2    1   87  267  199    0   13    2    2    1    1165
    2    1   88  268  471    1   30    3    3    1    1600
    2    1   89  269  468    0   30    3    2    0    1057
    2    1   90  270  342    0   22    3    2    0    2072
    2    1   91  271   38    0    3    1    1    1    1190
    2    1   92  272  404    0   26    3    3    1    1318
    2    1   93  273  376    1   24    3    3    1     771
    2    1   94  274   57    0    4    1    2    0    2518
    2    1   95  275  456    1   29    3    3    1     753
    2    1   96  276  249    0   16    2    1    0    1604
    2    1   97  277  114    0    8    1    1    1    2404
    2    1   98  278   98    0    7    1    2    0    4310
    2    1   99  279  283    0   18    2    2    1    2618
    2    1  100  280  361    0   23    3    3    1    1554
    2    1  101  281  279    1   18    2    2    1    6788
    2    1  102  282  325    0   21    3    2    0    1287
    2    1  103  283  103    0    7    1    2    0    4212
    2    1  104  284  170    1   11    2    2    1    3484
    2    1  105  285  374    0   24    3    3    1    1217
    2    1  106  286  337    1   22    3    3    1     706
    2    1  107  287  451    0   29    3    2    0    5926
    2    1  108  288    4    0    1    1    3    0    1595
    2    1  109  289  155    0   10    1    2    0    1099
    2    1  110  290  354    0   23    3    3    1     657
    2    1  111  291  222    0   14    2    2    1    1608
    2    1  112  292  130    0    9    1    1    1    1080
    2    1  113  293  192    0   12    2    1    0    1470
    2    1  114  294  242    0   16    2    3    0    4820
    2    1  115  295  298    0   19    2    2    1    1236
    2    1  116  296  153    0   10    1    1    1    1492
    2    1  117  297  162    0   11    2    2    1    1897
    2    1  118  298  329    0   21    3    1    0    1325
    2    1  119  299  189    0   12    2    1    0    1417
    2    1  120  300  441    0   28    3    1    0    5794
    2    1  121  301  244    0   16    2    2    1    1307
    2    1  122  302  247    0   16    2    2    1    1607
    2    1  123  303   70    0    5    1    1    1    2553
    2    1  124  304    8    0    1    1    2    0    1395
    2    1  125  305  183    0   12    2    1    0    1100
    2    1  126  306  392    0   25    3    1    0    1008
    2    1  127  307  171    0   11    2    3    0    2617
    2    1  128  308  453    0   29    3    3    1    1826
    2    1  129  309  238    1   15    2    2    1    1786
    2    1  130  310  209    0   14    2    3    0    2995
    2    1  131  311  332    0   21    3    2    0    3164
    2    1  132  312   77    0    5    1    1    1    6302
    2    1  133  313  402    0   26    3    2    0     963
    2    1  134  314  252    0   16    2    2    1    1981
    2    1  135  315    6    0    1    1    1    1    1023
    2    1  136  316  335    0   21    3    3    1    3191
    2    1  137  317  132    0    9    1    1    1     968
    2    1  138  318  159    0   10    1    1    1    1522
    2    1  139  319  215    1   14    2    2    1    1223
    2    1  140  320   58    0    4    1    2    0    1191
    2    1  141  321  459    0   29    3    2    0    1032
    2    1  142  322   80    0    5    1    1    1    1151
    2    1  143  323  184    0   12    2    1    0    1074
    2    1  144  324  237    0   15    2    3    0    1864
    2    1  145  325  198    0   13    2    2    1    1134
    2    1  146  326  210    0   14    2    3    0    1473
    2    1  147  327  201    0   13    2    2    1     648
    2    1  148  328  291    0   19    2    2    1    2990
    2    1  149  329  121    0    8    1    3    0    4071
    2    1  150  330  293    1   19    2    2    1    1110
    2    1  151  331  292    0   19    2    2    1    2906
    2    1  152  332   59    0    4    1    2    0     807
    2    1  153  333  119    0    8    1    1    1    1287
    2    1  154  334    2    0    1    1    1    1    1028
    2    1  155  335    9    0    1    1    1    1     893
    2    1  156  336  102    0    7    1    2    0    5594
    2    1  157  337  127    0    8    1    1    1     938
    2    1  158  338   71    0    5    1    1    1     598
    2    1  159  339   34    1    3    1    1    1    5055
    2    1  160  340  135    1    9    1    1    1     757
    2    1  161  341  214    0   14    2    2    1    1672
    2    1  162  342  142    0    9    1    1    1    1079
    2    1  163  343  217    0   14    2    2    1     748
    2    1  164  344  339    1   22    3    3    1    1040
    2    1  165  345   75    0    5    1    1    1    1334
    2    1  166  346   29    0    2    1    2    0     962
    2    1  167  347  294    0   19    2    3    0    1868
    2    1  168  348  203    1   13    2    2    1    1251
    2    1  169  349  353    0   23    3    3    1     914
    2    1  170  350  363    0   23    3    1    0     941
    2    1  171  351  300    0   19    2    1    0    1480
    2    1  172  352  390    0   25    3    2    0    3230
    2    1  173  353   90    0    6    1    1    1     989
    2    1  174  354  251    0   16    2    2    1    1734
    2    1  175  355  180    0   12    2    1    0    2210
    2    1  176  356  319    0   20    2    2    1    1083
    2    1  177  357  125    1    8    1    1    1     832
    2    1  178  358  469    0   30    3    3    1    2912
    2    1  179  359  336    0   21    3    1    0    1212
    2    1  180  360  208    0   13    2    2    1     876
    2    1  181  361   14    0    1    1    1    1     827
    2    1  182  362  109    0    7    1    3    0    2459
    2    1  183  363  226    0   15    2    2    1    3306
    2    1  184  364  384    0   24    3    3    1    1495
    2    1  185  365  356    0   23    3    3    1    1211
    2    1  186  366  260    0   17    2    2    1    1420
    2    1  187  367  464    0   29    3    3    1    1572
    2    1  188  368  225    0   15    2    3    0    2390
    2    1  189  369   19    0    2    1    3    0    8024
    2    1  190  370   74    0    5    1    1    1    1836
    2    1  191  371  234    0   15    2    3    0    1316
    2    1  192  372   17    1    2    1    1    1    2384
    2    1  193  373   83    0    6    1    1    1     961
    2    1  194  374   82    0    6    1    1    1     699
    2    1  195  375   15    0    1    1    1    1     640
    2    1  196  376  146    1   10    1    1    1     535
    2    1  197  377  429    0   27    3    3    1    5154
    2    1  198  378   35    0    3    1    1    1    1285
    2    1  199  379  141    0    9    1    1    1     851
    2    1  200  380  200    0   13    2    2    1    1617
    2    1  201  381  417    0   27    3    2    0    3153
    2    1  202  382  333    0   21    3    3    1    6292
    2    1  203  383  344    0   22    3    3    1    2760
    2    1  204  384  120    0    8    1    1    1    1307
    2    1  205  385  352    0   22    3    3    1     889
    2    1  206  386  202    0   13    2    2    1    1494
    2    1  207  387  186    1   12    2    2    1    2252
    2    1  208  388  144    0    9    1    1    1     930
    2    1  209  389  124    0    8    1    1    1     941
    2    1  210  390  462    0   29    3    3    1     810
    2    1  211  391  196    0   13    2    2    1     618
    2    1  212  392  163    1   11    2    2    1    5666
    2    1  213  393  440    0   28    3    3    1    1216
    2    1  214  394  204    0   13    2    2    1     706
    2    1  215  395   79    0    5    1    1    1     806
    2    1  216  396   20    0    2    1    2    0     775
    2    1  217  397   10    0    1    1    1    1    3272
    2    1  218  398  421    0   27    3    2    0     934
    2    1  219  399  230    0   15    2    2    1    1362
    2    1  220  400  123    0    8    1    1    1    1324
    2    1  221  401  268    0   17    2    2    1     632
    2    1  222  402  182    0   12    2    2    1    1344
    2    1  223  403  129    0    9    1    1    1     811
    2    1  224  404  360    0   23    3    3    1     732
    2    1  225  405  157    0   10    1    3    0    1071
    2    1  226  406   18    0    2    1    2    0    2117
    2    1  227  407   53    0    4    1    2    0    1409
    2    1  228  408  443    1   28    3    3    1     825
    2    1  229  409  315    0   20    2    2    1    1193
    2    1  230  410  152    0   10    1    3    0     732
    2    1  231  411  379    0   24    3    3    1     831
    2    1  232  412   95    0    6    1    1    1     910
    2    1  233  413  220    0   14    2    2    1    1626
    2    1  234  414  250    1   16    2    2    1     715
    2    1  235  415   26    0    2    1    2    0    5950
    2    1  236  416  407    0   26    3    2    0    1842
    2    1  237  417  245    0   16    2    2    1    3369
    2    1  238  418  439    0   28    3    1    0    4803
    2    1  239  419  227    0   15    2    2    1    2307
    2    1  240  420  446    1   28    3    3    1    4312
    2    1  241  421  259    0   17    2    2    1    1645
    2    1  242  422  420    1   27    3    3    1    1212
    2    1  243  423   22    0    2    1    2    0     765
    2    1  244  424   73    1    5    1    1    1    1264
    2    1  245  425  369    0   24    3    3    1     813
    2    1  246  426  281    0   18    2    2    1    1164
    2    1  247  427  100    0    7    1    1    1    1375
    2    1  248  428  397    1   25    3    2    0     665
    2    1  249  429  221    0   14    2    2    1     751
    2    1  250  430  472    0   30    3    3    1    1442
    2    1  251  431  212    0   14    2    2    1     793
    2    1  252  432   94    0    6    1    1    1    1083
    2    1  253  433   30    0    2    1    1    1    2208
    2    1  254  434  149    0   10    1    1    1    1752
    2    1  255  435   36    0    3    1    1    1     819
    2    1  256  436  276    0   18    2    3    0    1715
    2    1  257  437  106    1    7    1    1    1    1679
    2    1  258  438  383    0   24    3    3    1     877
    2    1  259  439  290    0   19    2    2    1     923
    2    1  260  440  362    0   23    3    3    1    1431
    2    1  261  441   78    0    5    1    1    1    1471
    2    1  262  442  396    0   25    3    2    0    1156
    2    1  263  443  458    0   29    3    3    1     951
    2    1  264  444  235    0   15    2    2    1    1362
    2    1  265  445  150    0   10    1    2    0    1020
    2    1  266  446  357    0   23    3    3    1    1077
    2    1  267  447   97    0    7    1    1    1     874
    2    1  268  448   81    0    6    1    1    1     825
    2    1  269  449   93    0    6    1    1    1     761
    2    1  270  450  224    1   14    2    2    1     683
    2    1  271  451  434    0   28    3    1    0     914
    2    1  272  452  190    1   12    2    1    0    2781
    2    1  273  453  137    0    9    1    1    1     975
    2    1  274  454  418    0   27    3    2    0    7673
    2    1  275  455  158    0   10    1    3    0    1963
    2    1  276  456  263    0   17    2    2    1    1022
    2    1  277  457  156    0   10    1    1    1    4199
    2    1  278  458   66    0    5    1    1    1     799
    2    1  279  459  399    0   25    3    2    0    1200
    2    1  280  460    1    0    1    1    1    1    1073
    2    1  281  461   99    0    7    1    1    1     823
    2    1  282  462  116    0    8    1    1    1    1495
    2    1  283  463  233    0   15    2    1    0    1004
    2    1  284  464  377    0   24    3    3    1    1493
    2    1  285  465  161    0   11    2    1    0     843
    2    1  286  466  370    0   24    3    3    1    1402
    2    1  287  467  413    1   26    3    3    1     659
    2    1  288  468  211    0   14    2    3    0    4185
    2    1  289  469  430    0   27    3    1    0    1891
    2    1  290  470  105    0    7    1    1    1     872
    2    1  291  471   51    0    4    1    1    1    1303
    2    1  292  472  416    0   26    3    3    1     772
    2    1  293  473   41    0    3    1    1    1     757
    2    1  294  474  174    0   11    2    1    0     792
    2    1  295  475  326    0   21    3    2    0    1545
    2    1  296  476  355    1   23    3    3    1     684
    2    1  297  477   92    0    6    1    1    1     914
    2    1  298  478  295    0   19    2    2    1    1230
    2    1  299  479   64    0    4    1    1    1    3246
    2    1  300  480  246    0   16    2    2    1    1389
