    1    1    1    1  186    1   12    2    2    1    6718
    1    1    2    2  241    1   16    2    3    0    2857
    1    1    3    3  423    1   27    3    1    0    3290
    1    1    4    4  395    1   25    3    2    0    1724
    1    1    5    5   96    1    6    1    2    0    1300
    1    1    6    6  471    1   30    3    3    1    3113
    1    1    7    7  293    1   19    2    2    1    1914
    1    1    8    8  308    1   20    2    3    0    1730
    1    1    9    9  278    1   18    2    3    0     626
    1    1   10   10  337    1   22    3    3    1    2555
    1    1   11   11  465    1   30    3    1    0    1381
    1    1   12   12  146    1   10    1    2    0     955
    1    1   13   13   31    1    2    1    1    1    1635
    1    1   14   14  267    1   17    2    1    0    1984
    1    1   15   15  115    1    8    1    1    1    2117
    1    1   16   16   16    1    1    1    2    0    1418
    1    1   17   17  229    1   15    2    2    1    1784
    1    1   18   18   62    1    4    1    2    0    1811
    1    1   19   19   34    1    3    1    1    1    1442
    1    1   20   20  111    1    7    1    1    1    1322
    1    1   21   21  148    1   10    1    3    0     756
    1    1   22   22  224    1   14    2    2    1    2884
    1    1   23   23  106    1    7    1    1    1    4372
    1    1   24   24  163    1   11    2    2    1    4498
    1    1   25   25  306    1   20    2    3    0    1379
    1    1   26   26  203    1   13    2    2    1    1360
    1    1   27   27  330    1   21    3    1    0    1060
    1    1   28   28  215    1   14    2    2    1     932
    1    1   29   29  297    1   19    2    2    1     841
    1    1   30   30  170    1   11    2    1    0    1655
    1    1   31   31  456    1   29    3    3    1    1792
    1    1   32   32  405    1   26    3    2    0    3113
    1    1   33   33    7    1    1    1    2    0    2920
    1    1   34   34  136    1    9    1    2    0    2293
    1    1   35   35  125    1    8    1    2    0    1009
    1    1   36   36  381    1   24    3    1    0    1093
    1    1   37   37  190    1   12    2    1    0     816
    1    1   38   38   73    1    5    1    1    1     785
    1    1   39   39   40    1    3    1    2    0    2014
    1    1   40   40  238    1   15    2    1    0    1477
    1    1   41   41  455    1   29    3    3    1     894
    1    1   42   42  195    1   13    2    1    0    2358
    1    1   43   43   55    1    4    1    1    1     740
    1    1   44   44  279    1   18    2    2    1    4091
    1    1   45   45  272    1   17    2    2    1    1649
    1    1   46   46  339    1   22    3    1    0     859
    1    1   47   47  420    1   27    3    1    0    1455
    1    1   48   48  397    1   25    3    3    1    4021
    1    1   49   49  359    1   23    3    3    1    1603
    1    1   50   50  413    1   26    3    3    1     936
    1    1   51   51   85    1    6    1    1    1    1468
    1    1   52   52  443    1   28    3    2    0    1095
    1    1   53   53  135    1    9    1    1    1    2526
    1    1   54   54  250    1   16    2    2    1    1473
    1    1   55   55   17    1    2    1    3    0     593
    1    1   56   56  376    1   24    3    1    0     910
    1    1   57   57  446    1   28    3    1    0    1914
    1    1   58   58  327    1   21    3    1    0    1541
    1    1   59   59  355    1   23    3    3    1     526
    1    1   60   60   72    1    5    1    1    1    1153
    1    2    1   61   31    1    2    1    3    0    2112
    1    2    2   62  455    1   29    3    3    1     726
    1    2    3   63  272    1   17    2    2    1     970
    1    2    4   64  279    1   18    2    2    1    1929
    1    2    5   65   62    1    4    1    2    0    1464
    1    2    6   66  148    1   10    1    2    0    1106
    1    2    7   67   40    1    3    1    1    1     723
    1    2    8   68  250    1   16    2    3    0     814
    1    2    9   69  215    1   14    2    1    0    2270
    1    2   10   70  146    1   10    1    2    0     848
    1    2   11   71  278    1   18    2    2    1    3221
    1    2   12   72  395    1   25    3    1    0    2090
    1    2   13   73   34    1    3    1    1    1    1086
    1    2   14   74  267    1   17    2    2    1     997
    1    2   15   75   96    1    6    1    1    1    2319
    1    2   16   76  195    1   13    2    1    0    1639
    1    2   17   77  190    1   12    2    1    0    1034
    1    2   18   78  241    1   16    2    1    0    1214
    1    2   19   79   16    1    1    1    2    0     429
    1    2   20   80  186    1   12    2    1    0     888
    1    2   21   81    7    1    1    1    1    1     818
    1    2   22   82  339    1   22    3    3    1    1401
    1    2   23   83  327    1   21    3    2    0    1455
    1    2   24   84  125    1    8    1    2    0    1357
    1    2   25   85   73    1    5    1    1    1     461
    1    2   26   86  355    1   23    3    3    1     681
    1    2   27   87  465    1   30    3    3    1     802
    1    2   28   88  135    1    9    1    1    1    6379
    1    2   29   89  136    1    9    1    3    0    2146
    1    2   30   90  203    1   13    2    2    1    1750
    1    2   31   91   85    1    6    1    1    1    4490
    1    2   32   92   17    1    2    1    3    0    1281
    1    2   33   93  456    1   29    3    3    1     384
    1    2   34   94  420    1   27    3    1    0     838
    1    2   35   95  111    1    7    1    1    1    1678
    1    2   36   96  306    1   20    2    3    0    2146
    1    2   37   97  115    1    8    1    1    1    1835
    1    2   38   98  229    1   15    2    2    1    3604
    1    2   39   99  170    1   11    2    1    0     785
    1    2   40  100  163    1   11    2    1    0     894
    1    2   41  101  413    1   26    3    3    1     599
    1    2   42  102   72    1    5    1    1    1     574
    1    2   43  103  238    1   15    2    2    1    1102
    1    2   44  104  376    1   24    3    3    1     923
    1    2   45  105  308    1   20    2    2    1     680
    1    2   46  106  293    1   19    2    2    1     926
    1    2   47  107  443    1   28    3    2    0     757
    1    2   48  108  330    1   21    3    2    0     826
    1    2   49  109  106    1    7    1    3    0    1225
    1    2   50  110  224    1   14    2    2    1    1929
    1    2   51  111  446    1   28    3    1    0     530
    1    2   52  112  337    1   22    3    3    1    2331
    1    2   53  113  471    1   30    3    3    1   14079
    1    2   54  114   55    1    4    1    1    1    2488
    1    2   55  115  359    1   23    3    3    1    1134
    1    2   56  116  423    1   27    3    3    1    1957
    1    2   57  117  381    1   24    3    3    1    1233
    1    2   58  118  397    1   25    3    1    0    2045
    1    2   59  119  405    1   26    3    3    1    1978
    1    2   60  120  297    1   19    2    1    0    1524
    1    3    1  121   34    1    3    1    1    1     668
    1    3    2  122  106    1    7    1    2    0    2371
    1    3    3  123  423    1   27    3    3    1     909
    1    3    4  124   55    1    4    1    3    0   12625
    1    3    5  125  381    1   24    3    3    1    1128
    1    3    6  126  339    1   22    3    3    1     991
    1    3    7  127  359    1   23    3    3    1     777
    1    3    8  128  465    1   30    3    3    1     688
    1    3    9  129  148    1   10    1    1    1    1388
    1    3   10  130  195    1   13    2    1    0    3832
    1    3   11  131  395    1   25    3    2    0    1608
    1    3   12  132   16    1    1    1    1    1     666
    1    3   13  133  279    1   18    2    3    0     820
    1    3   14  134  115    1    8    1    1    1    9763
    1    3   15  135  471    1   30    3    3    1    2229
    1    3   16  136   85    1    6    1    1    1     654
    1    3   17  137  267    1   17    2    2    1     791
    1    3   18  138  456    1   29    3    3    1     531
    1    3   19  139  135    1    9    1    1    1     696
    1    3   20  140  420    1   27    3    3    1     977
    1    3   21  141   31    1    2    1    3    0     888
    1    3   22  142  405    1   26    3    3    1     725
    1    3   23  143  306    1   20    2    2    1     912
    1    3   24  144   17    1    2    1    2    0     580
    1    3   25  145  337    1   22    3    3    1    1591
    1    3   26  146  241    1   16    2    2    1    1262
    1    3   27  147  238    1   15    2    1    0     979
    1    3   28  148  308    1   20    2    2    1    2467
    1    3   29  149  327    1   21    3    2    0    1580
    1    3   30  150  111    1    7    1    3    0     787
    1    3   31  151  413    1   26    3    3    1     643
    1    3   32  152  446    1   28    3    3    1     684
    1    3   33  153   40    1    3    1    1    1     476
    1    3   34  154  278    1   18    2    2    1    1124
    1    3   35  155  355    1   23    3    3    1     826
    1    3   36  156  397    1   25    3    2    0    1378
    1    3   37  157  163    1   11    2    2    1    1301
    1    3   38  158  224    1   14    2    2    1     807
    1    3   39  159  376    1   24    3    3    1    1053
    1    3   40  160  297    1   19    2    1    0     907
    1    3   41  161  170    1   11    2    1    0     848
    1    3   42  162  443    1   28    3    3    1    1000
    1    3   43  163  250    1   16    2    2    1    1193
    1    3   44  164   73    1    5    1    1    1    1046
    1    3   45  165   72    1    5    1    1    1    1977
    1    3   46  166  293    1   19    2    2    1     786
    1    3   47  167  125    1    8    1    1    1     834
    1    3   48  168  215    1   14    2    1    0    1485
    1    3   49  169  229    1   15    2    1    0    1967
    1    3   50  170  190    1   12    2    1    0    1575
    1    3   51  171  136    1    9    1    3    0    1997
    1    3   52  172  455    1   29    3    3    1     896
    1    3   53  173  186    1   12    2    1    0    2923
    1    3   54  174    7    1    1    1    1    1     870
    1    3   55  175   62    1    4    1    2    0    1921
    1    3   56  176  146    1   10    1    1    1     778
    1    3   57  177   96    1    6    1    1    1    1046
    1    3   58  178  330    1   21    3    1    0    1369
    1    3   59  179  272    1   17    2    2    1    1020
    1    3   60  180  203    1   13    2    2    1     895
    2    1    1  181  134    0    9    1    2    0    5400
    2    1    2  182  257    0   17    2    3    0    5893
    2    1    3  183  464    0   29    3    2    0    3484
    2    1    4  184  329    0   21    3    1    0     765
    2    1    5  185  236    0   15    2    2    1     748
    2    1    6  186  207    0   13    2    2    1    1663
    2    1    7  187  210    0   14    2    2    1     952
    2    1    8  188   91    0    6    1    1    1     639
    2    1    9  189  397    1   25    3    2    0     685
    2    1   10  190  181    0   12    2    1    0     630
    2    1   11  191  348    0   22    3    3    1     915
    2    1   12  192  284    0   18    2    2    1    5445
    2    1   13  193   66    0    5    1    1    1     683
    2    1   14  194  297    1   19    2    1    0     670
    2    1   15  195  370    0   24    3    3    1    2680
    2    1   16  196   22    0    2    1    2    0     898
    2    1   17  197   82    0    6    1    1    1     686
    2    1   18  198    3    0    1    1    2    0    1356
    2    1   19  199  404    0   26    3    3    1    1812
    2    1   20  200   86    0    6    1    2    0    1888
    2    1   21  201  182    0   12    2    2    1     796
    2    1   22  202   67    0    5    1    1    1     524
    2    1   23  203  239    0   15    2    2    1     752
    2    1   24  204   60    0    4    1    2    0    1278
    2    1   25  205  420    1   27    3    3    1    1018
    2    1   26  206  356    0   23    3    2    0     963
    2    1   27  207    4    0    1    1    1    1     751
    2    1   28  208  446    1   28    3    3    1     570
    2    1   29  209  362    0   23    3    3    1    2021
    2    1   30  210   63    0    4    1    1    1    1140
    2    1   31  211  395    1   25    3    2    0    1729
    2    1   32  212  359    1   23    3    3    1     697
    2    1   33  213  240    0   15    2    2    1     730
    2    1   34  214  229    1   15    2    2    1    3333
    2    1   35  215  161    0   11    2    1    0     856
    2    1   36  216  146    1   10    1    1    1     548
    2    1   37  217   33    0    3    1    1    1     749
    2    1   38  218  311    0   20    2    2    1     833
    2    1   39  219  194    0   13    2    2    1    1129
    2    1   40  220  163    1   11    2    2    1    1363
    2    1   41  221  426    0   27    3    2    0    1041
    2    1   42  222  479    0   30    3    2    0     734
    2    1   43  223   73    1    5    1    1    1    1581
    2    1   44  224  220    0   14    2    2    1     752
    2    1   45  225  136    1    9    1    1    1    3594
    2    1   46  226  346    0   22    3    2    0    2461
    2    1   47  227  338    0   22    3    3    1     839
    2    1   48  228   50    0    4    1    2    0     706
    2    1   49  229    8    0    1    1    2    0     624
    2    1   50  230  273    0   18    2    2    1     557
    2    1   51  231  453    0   29    3    3    1     846
    2    1   52  232  253    0   16    2    1    0     642
    2    1   53  233  441    0   28    3    3    1    1893
    2    1   54  234   71    0    5    1    1    1     649
    2    1   55  235  283    0   18    2    3    0    1922
    2    1   56  236  187    0   12    2    2    1    1152
    2    1   57  237  443    1   28    3    3    1     828
    2    1   58  238  435    0   28    3    3    1     749
    2    1   59  239  413    1   26    3    3    1     607
    2    1   60  240   94    0    6    1    1    1     843
    2    1   61  241   95    0    6    1    1    1     573
    2    1   62  242  294    0   19    2    2    1     554
    2    1   63  243  124    0    8    1    1    1     584
    2    1   64  244  286    0   18    2    1    0    3681
    2    1   65  245  369    0   24    3    1    0    2557
    2    1   66  246  434    0   28    3    1    0    2360
    2    1   67  247  379    0   24    3    3    1    1143
    2    1   68  248  472    0   30    3    3    1    4150
    2    1   69  249   46    0    3    1    1    1    3570
    2    1   70  250    9    0    1    1    1    1     815
    2    1   71  251  363    0   23    3    1    0    1604
    2    1   72  252  101    0    7    1    1    1     669
    2    1   73  253  222    0   14    2    2    1     723
    2    1   74  254  178    0   12    2    3    0     488
    2    1   75  255  461    0   29    3    3    1     677
    2    1   76  256  460    0   29    3    3    1     457
    2    1   77  257  167    0   11    2    1    0     626
    2    1   78  258  324    0   21    3    1    0     647
    2    1   79  259    1    0    1    1    2    0     463
    2    1   80  260  196    0   13    2    2    1     614
    2    1   81  261  141    0    9    1    3    0     661
    2    1   82  262  225    0   15    2    1    0     599
    2    1   83  263  302    0   19    2    2    1    5065
    2    1   84  264   24    0    2    1    2    0     537
    2    1   85  265  309    0   20    2    3    0     752
    2    1   86  266    6    0    1    1    1    1     680
    2    1   87  267   53    0    4    1    1    1     536
    2    1   88  268  373    0   24    3    1    0     458
    2    1   89  269  285    0   18    2    1    0     713
    2    1   90  270  287    0   18    2    2    1     455
    2    1   91  271  142    0    9    1    3    0     872
    2    1   92  272  358    0   23    3    3    1     711
    2    1   93  273  250    1   16    2    2    1     693
    2    1   94  274  143    0    9    1    3    0     577
    2    1   95  275   92    0    6    1    1    1     727
    2    1   96  276  293    1   19    2    1    0     815
    2    1   97  277  382    0   24    3    3    1    2076
    2    1   98  278  398    0   25    3    2    0     610
    2    1   99  279  205    0   13    2    3    0    1698
    2    1  100  280  263    0   17    2    2    1    2387
    2    1  101  281  351    0   22    3    3    1    2831
    2    1  102  282  328    0   21    3    1    0     674
    2    1  103  283  266    0   17    2    2    1     533
    2    1  104  284   54    0    4    1    2    0     506
    2    1  105  285  340    0   22    3    1    0    2239
    2    1  106  286  390    0   25    3    2    0     621
    2    1  107  287  354    0   23    3    3    1     519
    2    1  108  288  438    0   28    3    1    0     611
    2    1  109  289  410    0   26    3    2    0     634
    2    1  110  290  212    0   14    2    2    1     652
    2    1  111  291   78    0    5    1    1    1     663
    2    1  112  292  323    0   21    3    1    0    1292
    2    1  113  293  368    0   23    3    1    0    2572
    2    1  114  294   31    1    2    1    3    0    1079
    2    1  115  295  303    0   19    2    3    0    1290
    2    1  116  296   49    0    4    1    1    1     805
    2    1  117  297  408    0   26    3    2    0    1206
    2    1  118  298   84    0    6    1    1    1     747
    2    1  119  299   48    0    3    1    1    1     652
    2    1  120  300  224    1   14    2    2    1     644
    2    1  121  301  135    1    9    1    2    0     650
    2    1  122  302  386    0   25    3    2    0    1844
    2    1  123  303  458    0   29    3    1    0    1122
    2    1  124  304  387    0   25    3    2    0    2115
    2    1  125  305  202    0   13    2    1    0     667
    2    1  126  306  200    0   13    2    2    1    1667
    2    1  127  307  214    0   14    2    2    1    1242
    2    1  128  308  292    0   19    2    2    1     761
    2    1  129  309  325    0   21    3    2    0    1002
    2    1  130  310  217    0   14    2    2    1     622
    2    1  131  311  347    0   22    3    3    1    2232
    2    1  132  312  164    0   11    2    2    1    2736
    2    1  133  313  219    0   14    2    2    1     522
    2    1  134  314   15    0    1    1    1    1     481
    2    1  135  315   75    0    5    1    1    1     468
    2    1  136  316  307    0   20    2    2    1    1077
    2    1  137  317  228    0   15    2    2    1    2428
    2    1  138  318   99    0    7    1    1    1     482
    2    1  139  319   30    0    2    1    1    1     533
    2    1  140  320  170    1   11    2    1    0     545
    2    1  141  321  385    0   25    3    2    0     621
    2    1  142  322  330    1   21    3    3    1    2654
    2    1  143  323   32    0    2    1    2    0     756
    2    1  144  324  364    0   23    3    2    0    1441
    2    1  145  325  339    1   22    3    1    0     454
    2    1  146  326  260    0   17    2    2    1     721
    2    1  147  327   28    0    2    1    1    1    2529
    2    1  148  328   17    1    2    1    2    0    4207
    2    1  149  329   59    0    4    1    2    0     703
    2    1  150  330  154    0   10    1    1    1     735
    2    1  151  331  242    0   16    2    1    0     767
    2    1  152  332   98    0    7    1    1    1     873
    2    1  153  333   40    1    3    1    1    1     503
    2    1  154  334  317    0   20    2    2    1     593
    2    1  155  335  118    0    8    1    1    1     617
    2    1  156  336  271    0   17    2    2    1     614
    2    1  157  337  276    0   18    2    2    1     696
    2    1  158  338  449    0   29    3    3    1     996
    2    1  159  339   56    0    4    1    1    1     930
    2    1  160  340  183    0   12    2    1    0    1865
    2    1  161  341  130    0    9    1    1    1     444
    2    1  162  342  468    0   30    3    2    0     446
    2    1  163  343   80    0    5    1    1    1     637
    2    1  164  344   57    0    4    1    1    1     719
    2    1  165  345   18    0    2    1    2    0     476
    2    1  166  346  193    0   13    2    3    0     878
    2    1  167  347  470    0   30    3    3    1     561
    2    1  168  348  423    1   27    3    3    1    2368
    2    1  169  349  319    0   20    2    2    1    2693
    2    1  170  350  175    0   11    2    3    0    1557
    2    1  171  351  112    0    7    1    3    0    1724
    2    1  172  352  345    0   22    3    1    0    1931
    2    1  173  353  355    1   23    3    3    1     665
    2    1  174  354  148    1   10    1    2    0     779
    2    1  175  355  169    0   11    2    1    0     656
    2    1  176  356  456    1   29    3    2    0     616
    2    1  177  357  232    0   15    2    2    1     586
    2    1  178  358  177    0   12    2    2    1     548
    2    1  179  359  463    0   29    3    3    1    1703
    2    1  180  360  106    1    7    1    1    1    1564
    2    1  181  361  153    0   10    1    1    1     797
    2    1  182  362   70    0    5    1    1    1     448
    2    1  183  363   87    0    6    1    2    0     557
    2    1  184  364  436    0   28    3    3    1    3887
    2    1  185  365  198    0   13    2    2    1     542
    2    1  186  366   58    0    4    1    1    1     715
    2    1  187  367  290    0   19    2    1    0     511
    2    1  188  368   38    0    3    1    1    1     526
    2    1  189  369  389    0   25    3    3    1     871
    2    1  190  370   35    0    3    1    1    1     535
    2    1  191  371   20    0    2    1    2    0     562
    2    1  192  372   96    1    6    1    1    1     610
    2    1  193  373  381    1   24    3    3    1     718
    2    1  194  374   16    1    1    1    1    1     540
    2    1  195  375  393    0   25    3    2    0     490
    2    1  196  376   10    0    1    1    1    1    1110
    2    1  197  377  226    0   15    2    1    0     884
    2    1  198  378  204    0   13    2    1    0     726
    2    1  199  379  213    0   14    2    1    0     588
    2    1  200  380  278    1   18    2    2    1    3383
    2    1  201  381   29    0    2    1    1    1    3181
    2    1  202  382  315    0   20    2    2    1     737
    2    1  203  383  457    0   29    3    3    1    1324
    2    1  204  384  383    0   24    3    3    1    6511
    2    1  205  385  125    1    8    1    1    1    1897
    2    1  206  386  333    0   21    3    2    0    1782
    2    1  207  387   26    0    2    1    2    0    1578
    2    1  208  388  145    0   10    1    1    1     646
    2    1  209  389  430    0   27    3    2    0     882
    2    1  210  390  419    0   27    3    2    0     516
    2    1  211  391  433    0   28    3    3    1     805
    2    1  212  392   27    0    2    1    1    1    1163
    2    1  213  393  176    0   11    2    1    0     763
    2    1  214  394  454    0   29    3    3    1     921
    2    1  215  395  230    0   15    2    2    1    1825
    2    1  216  396  341    0   22    3    1    0     795
    2    1  217  397  342    0   22    3    1    0     428
    2    1  218  398  304    0   19    2    1    0     751
    2    1  219  399  388    0   25    3    2    0     387
    2    1  220  400  375    0   24    3    1    0     579
    2    1  221  401  365    0   23    3    2    0    2669
    2    1  222  402  105    0    7    1    1    1     523
    2    1  223  403  277    0   18    2    2    1     928
    2    1  224  404  138    0    9    1    1    1     622
    2    1  225  405  455    1   29    3    3    1     736
    2    1  226  406  150    0   10    1    2    0    1023
    2    1  227  407  313    0   20    2    2    1     632
    2    1  228  408   52    0    4    1    2    0     171
    2    1  229  409  179    0   12    2    1    0    2114
    2    1  230  410  258    0   17    2    1    0      68
    2    1  231  411  110    0    7    1    1    1    1084
    2    1  232  412  288    0   18    2    1    0    2005
    2    1  233  413  209    0   14    2    2    1     523
    2    1  234  414  314    0   20    2    2    1     535
    2    1  235  415   69    0    5    1    1    1     640
    2    1  236  416   90    0    6    1    1    1     642
    2    1  237  417    7    1    1    1    1    1     606
    2    1  238  418   36    0    3    1    1    1     883
    2    1  239  419  402    0   26    3    2    0    2044
    2    1  240  420  396    0   25    3    2    0    4479
    2    1  241  421  117    0    8    1    1    1     919
    2    1  242  422  399    0   25    3    2    0    1931
    2    1  243  423  131    0    9    1    1    1     823
    2    1  244  424  336    0   21    3    1    0     856
    2    1  245  425  406    0   26    3    2    0    1197
    2    1  246  426  480    0   30    3    2    0    1289
    2    1  247  427  384    0   24    3    1    0     637
    2    1  248  428  171    0   11    2    1    0     640
    2    1  249  429  349    0   22    3    1    0     685
    2    1  250  430   85    1    6    1    1    1     690
    2    1  251  431  432    0   27    3    2    0     701
    2    1  252  432  391    0   25    3    2    0     671
    2    1  253  433  251    0   16    2    1    0    1104
    2    1  254  434  400    0   25    3    2    0     714
    2    1  255  435  201    0   13    2    2    1    1085
    2    1  256  436  326    0   21    3    2    0    1546
    2    1  257  437  350    0   22    3    1    0    1196
    2    1  258  438  372    0   24    3    1    0    1144
    2    1  259  439  335    0   21    3    2    0     615
    2    1  260  440  166    0   11    2    2    1    2005
    2    1  261  441  262    0   17    2    2    1     647
    2    1  262  442  367    0   23    3    2    0    1128
    2    1  263  443  334    0   21    3    2    0    1032
    2    1  264  444  448    0   28    3    1    0    1021
    2    1  265  445  331    0   21    3    2    0    2030
    2    1  266  446   39    0    3    1    1    1     697
    2    1  267  447  471    1   30    3    2    0    1150
    2    1  268  448  474    0   30    3    2    0     893
    2    1  269  449  298    0   19    2    1    0     828
    2    1  270  450  129    0    9    1    1    1     625
    2    1  271  451  322    0   21    3    1    0     741
    2    1  272  452  233    0   15    2    2    1    1464
    2    1  273  453  421    0   27    3    2    0    1888
    2    1  274  454  211    0   14    2    2    1    1169
    2    1  275  455  248    0   16    2    2    1     666
    2    1  276  456  360    0   23    3    1    0     646
    2    1  277  457  123    0    8    1    1    1     862
    2    1  278  458  126    0    8    1    1    1     519
    2    1  279  459  121    0    8    1    1    1     491
    2    1  280  460    5    0    1    1    1    1     692
    2    1  281  461   65    0    5    1    1    1     513
    2    1  282  462  216    0   14    2    2    1     626
    2    1  283  463  280    0   18    2    2    1     631
    2    1  284  464  173    0   11    2    2    1     783
    2    1  285  465  152    0   10    1    3    0    1907
    2    1  286  466  316    0   20    2    2    1    1021
    2    1  287  467   89    0    6    1    1    1     628
    2    1  288  468  109    0    7    1    1    1     823
    2    1  289  469  312    0   20    2    2    1    1069
    2    1  290  470  431    0   27    3    2    0    1353
    2    1  291  471  238    1   15    2    2    1     479
    2    1  292  472   23    0    2    1    1    1    1065
    2    1  293  473  235    0   15    2    1    0     850
    2    1  294  474  243    0   16    2    2    1     565
    2    1  295  475  429    0   27    3    2    0     891
    2    1  296  476   83    0    6    1    1    1    1297
    2    1  297  477  477    0   30    3    2    0    1312
    2    1  298  478  437    0   28    3    2    0    1241
    2    1  299  479  462    0   29    3    3    1    1796
    2    1  300  480  376    1   24    3    3    1    1307
