    1    1    1    1  406    1   26    3    3    1    6711
    1    1    2    2  280    1   18    2    1    0    1906
    1    1    3    3    6    1    1    1    1    1    3046
    1    1    4    4  216    1   14    2    2    1    4733
    1    1    5    5  269    1   17    2    3    0    2865
    1    1    6    6  326    1   21    3    3    1    5237
    1    1    7    7  250    1   16    2    1    0    4435
    1    1    8    8  121    1    8    1    1    1    2273
    1    1    9    9   15    1    1    1    3    0    2640
    1    1   10   10   35    1    3    1    3    0    4447
    1    1   11   11   71    1    5    1    1    1    2555
    1    1   12   12  201    1   13    2    2    1    1992
    1    1   13   13  120    1    8    1    1    1    2389
    1    1   14   14  266    1   17    2    3    0    2012
    1    1   15   15  212    1   14    2    3    0    2088
    1    1   16   16  360    1   23    3    3    1    2397
    1    1   17   17  465    1   30    3    3    1    1645
    1    1   18   18  267    1   17    2    2    1    2122
    1    1   19   19   33    1    3    1    1    1    2701
    1    1   20   20   66    1    5    1    1    1     890
    1    1   21   21  448    1   28    3    3    1    1930
    1    1   22   22    4    1    1    1    1    1    2479
    1    1   23   23  217    1   14    2    2    1    2348
    1    1   24   24  289    1   19    2    3    0    2407
    1    1   25   25  380    1   24    3    2    0    3235
    1    1   26   26  182    1   12    2    3    0    2206
    1    1   27   27   80    1    5    1    1    1    1401
    1    1   28   28  356    1   23    3    3    1    1412
    1    1   29   29  117    1    8    1    1    1    2471
    1    1   30   30   58    1    4    1    2    0    1655
    1    1   31   31  245    1   16    2    3    0    3151
    1    1   32   32  479    1   30    3    3    1    2603
    1    1   33   33  471    1   30    3    3    1     907
    1    1   34   34  387    1   25    3    2    0    2296
    1    1   35   35   49    1    4    1    1    1    3421
    1    1   36   36  271    1   17    2    1    0     486
    1    1   37   37  290    1   19    2    1    0    1541
    1    1   38   38  473    1   30    3    3    1    1490
    1    1   39   39   36    1    3    1    1    1    1181
    1    1   40   40  272    1   17    2    2    1    1393
    1    1   41   41   37    1    3    1    1    1    1118
    1    1   42   42  424    1   27    3    3    1    1743
    1    1   43   43  408    1   26    3    2    0    1207
    1    1   44   44  409    1   26    3    2    0    2647
    1    1   45   45  353    1   23    3    3    1    1334
    1    1   46   46  276    1   18    2    2    1    1597
    1    1   47   47  411    1   26    3    2    0    3522
    1    1   48   48   52    1    4    1    1    1    1489
    1    1   49   49   56    1    4    1    1    1     727
    1    1   50   50  396    1   25    3    2    0    3107
    1    1   51   51  476    1   30    3    2    0    1587
    1    1   52   52  252    1   16    2    2    1    1165
    1    1   53   53  340    1   22    3    2    0    1271
    1    1   54   54   38    1    3    1    1    1    1284
    1    1   55   55   16    1    1    1    1    1     884
    1    1   56   56  359    1   23    3    2    0    1921
    1    1   57   57  240    1   15    2    1    0    1241
    1    1   58   58   53    1    4    1    1    1     552
    1    1   59   59  164    1   11    2    1    0     950
    1    1   60   60  219    1   14    2    3    0    5522
    1    2    1   61  380    1   24    3    2    0    1311
    1    2    2   62    4    1    1    1    1    1    1168
    1    2    3   63   53    1    4    1    2    0    2279
    1    2    4   64  476    1   30    3    3    1    1830
    1    2    5   65  276    1   18    2    1    0     908
    1    2    6   66  406    1   26    3    2    0    1788
    1    2    7   67   15    1    1    1    1    1     756
    1    2    8   68  245    1   16    2    3    0    4081
    1    2    9   69  359    1   23    3    3    1    1133
    1    2   10   70    6    1    1    1    1    1     850
    1    2   11   71  266    1   17    2    2    1    1169
    1    2   12   72   35    1    3    1    1    1     717
    1    2   13   73   52    1    4    1    2    0    2625
    1    2   14   74   58    1    4    1    2    0    1612
    1    2   15   75  182    1   12    2    3    0    1432
    1    2   16   76  479    1   30    3    3    1    1497
    1    2   17   77  252    1   16    2    2    1    1172
    1    2   18   78  340    1   22    3    3    1    1994
    1    2   19   79  424    1   27    3    3    1     849
    1    2   20   80  448    1   28    3    3    1    2070
    1    2   21   81  117    1    8    1    1    1    1203
    1    2   22   82  217    1   14    2    2    1    2466
    1    2   23   83  471    1   30    3    3    1    1067
    1    2   24   84   66    1    5    1    1    1     783
    1    2   25   85   38    1    3    1    1    1     567
    1    2   26   86   33    1    3    1    1    1     826
    1    2   27   87  290    1   19    2    1    0    1046
    1    2   28   88  121    1    8    1    3    0    2378
    1    2   29   89   56    1    4    1    2    0    1159
    1    2   30   90  219    1   14    2    2    1    1404
    1    2   31   91  387    1   25    3    3    1    1966
    1    2   32   92  409    1   26    3    2    0    1448
    1    2   33   93   80    1    5    1    1    1     864
    1    2   34   94  271    1   17    2    3    0    2394
    1    2   35   95  250    1   16    2    2    1    1339
    1    2   36   96   49    1    4    1    3    0    2201
    1    2   37   97  216    1   14    2    2    1    1201
    1    2   38   98  353    1   23    3    3    1     911
    1    2   39   99   37    1    3    1    1    1    1094
    1    2   40  100  272    1   17    2    2    1    1418
    1    2   41  101  240    1   15    2    3    0    2383
    1    2   42  102  289    1   19    2    3    0    1333
    1    2   43  103   16    1    1    1    1    1     620
    1    2   44  104  269    1   17    2    2    1    1579
    1    2   45  105  212    1   14    2    2    1     952
    1    2   46  106  411    1   26    3    2    0     965
    1    2   47  107  356    1   23    3    3    1    1319
    1    2   48  108  201    1   13    2    2    1    3162
    1    2   49  109  408    1   26    3    2    0    2523
    1    2   50  110  267    1   17    2    2    1    1474
    1    2   51  111   36    1    3    1    1    1    1073
    1    2   52  112  120    1    8    1    1    1     746
    1    2   53  113   71    1    5    1    1    1     562
    1    2   54  114  164    1   11    2    1    0     848
    1    2   55  115  396    1   25    3    3    1    1407
    1    2   56  116  473    1   30    3    2    0    1146
    1    2   57  117  326    1   21    3    2    0    1447
    1    2   58  118  280    1   18    2    3    0    1146
    1    2   59  119  360    1   23    3    3    1    1317
    1    2   60  120  465    1   30    3    3    1    1181
    1    3    1  121  387    1   25    3    2    0    1314
    1    3    2  122   71    1    5    1    1    1     699
    1    3    3  123  448    1   28    3    3    1    1922
    1    3    4  124   80    1    5    1    1    1    1559
    1    3    5  125  353    1   23    3    3    1     818
    1    3    6  126  465    1   30    3    3    1     847
    1    3    7  127  250    1   16    2    2    1    1303
    1    3    8  128   66    1    5    1    1    1     708
    1    3    9  129  271    1   17    2    3    0     949
    1    3   10  130   37    1    3    1    1    1     642
    1    3   11  131  276    1   18    2    3    0    1988
    1    3   12  132  359    1   23    3    3    1     778
    1    3   13  133    4    1    1    1    1    1     875
    1    3   14  134  356    1   23    3    3    1     800
    1    3   15  135   33    1    3    1    1    1     825
    1    3   16  136  164    1   11    2    1    0     849
    1    3   17  137  471    1   30    3    3    1     738
    1    3   18  138  360    1   23    3    3    1     658
    1    3   19  139  476    1   30    3    3    1    2670
    1    3   20  140  245    1   16    2    2    1    1562
    1    3   21  141  212    1   14    2    2    1    1049
    1    3   22  142  411    1   26    3    2    0    1587
    1    3   23  143   16    1    1    1    1    1     709
    1    3   24  144  479    1   30    3    3    1    1050
    1    3   25  145  280    1   18    2    3    0     754
    1    3   26  146  267    1   17    2    1    0    1497
    1    3   27  147  269    1   17    2    3    0    1025
    1    3   28  148  473    1   30    3    3    1     873
    1    3   29  149  217    1   14    2    2    1    1889
    1    3   30  150   49    1    4    1    1    1     434
    1    3   31  151   58    1    4    1    1    1     906
    1    3   32  152  380    1   24    3    2    0    1390
    1    3   33  153  290    1   19    2    2    1    2182
    1    3   34  154  240    1   15    2    3    0    1233
    1    3   35  155  252    1   16    2    2    1    2017
    1    3   36  156    6    1    1    1    1    1     847
    1    3   37  157   15    1    1    1    1    1     626
    1    3   38  158  408    1   26    3    3    1    1578
    1    3   39  159  216    1   14    2    2    1    1743
    1    3   40  160  289    1   19    2    3    0    1183
    1    3   41  161  266    1   17    2    2    1     949
    1    3   42  162  201    1   13    2    2    1    1414
    1    3   43  163  117    1    8    1    1    1     767
    1    3   44  164  182    1   12    2    3    0    1420
    1    3   45  165  409    1   26    3    3    1    1232
    1    3   46  166  219    1   14    2    2    1    1006
    1    3   47  167  326    1   21    3    2    0    1724
    1    3   48  168   35    1    3    1    1    1     950
    1    3   49  169   52    1    4    1    1    1     732
    1    3   50  170  340    1   22    3    3    1    1499
    1    3   51  171  396    1   25    3    3    1     759
    1    3   52  172  424    1   27    3    3    1     710
    1    3   53  173  120    1    8    1    1    1     682
    1    3   54  174   36    1    3    1    1    1     567
    1    3   55  175   38    1    3    1    1    1     496
    1    3   56  176  121    1    8    1    1    1     932
    1    3   57  177  272    1   17    2    2    1    1347
    1    3   58  178   53    1    4    1    1    1    1647
    1    3   59  179  406    1   26    3    3    1    1755
    1    3   60  180   56    1    4    1    1    1    1556
    2    1    1  181  155    0   10    1    3    0    1887
    2    1    2  182  293    0   19    2    2    1    4181
    2    1    3  183  144    0    9    1    2    0    6903
    2    1    4  184   60    0    4    1    1    1    6398
    2    1    5  185  111    0    7    1    3    0    3092
    2    1    6  186  158    0   10    1    1    1     955
    2    1    7  187  149    0   10    1    3    0    1431
    2    1    8  188  150    0   10    1    1    1    1694
    2    1    9  189  133    0    9    1    1    1    3005
    2    1   10  190  453    0   29    3    3    1    1751
    2    1   11  191  444    0   28    3    3    1     783
    2    1   12  192  354    0   23    3    3    1     868
    2    1   13  193  284    0   18    2    3    0    2404
    2    1   14  194   44    0    3    1    1    1     802
    2    1   15  195  295    0   19    2    1    0     463
    2    1   16  196  410    0   26    3    3    1     802
    2    1   17  197  303    0   19    2    2    1    2177
    2    1   18  198   26    0    2    1    3    0    1941
    2    1   19  199  301    0   19    2    2    1    1722
    2    1   20  200  469    0   30    3    3    1    1402
    2    1   21  201  315    0   20    2    3    0     566
    2    1   22  202  115    0    8    1    1    1    1077
    2    1   23  203  367    0   23    3    2    0     916
    2    1   24  204  427    0   27    3    3    1     913
    2    1   25  205  417    0   27    3    3    1    2247
    2    1   26  206  222    0   14    2    3    0    1660
    2    1   27  207   35    1    3    1    1    1     737
    2    1   28  208   40    0    3    1    1    1     475
    2    1   29  209  205    0   13    2    2    1    2247
    2    1   30  210  331    0   21    3    2    0     725
    2    1   31  211  112    0    7    1    2    0    1407
    2    1   32  212  179    0   12    2    2    1    1134
    2    1   33  213  156    0   10    1    1    1     725
    2    1   34  214  153    0   10    1    1    1     640
    2    1   35  215  438    0   28    3    1    0     518
    2    1   36  216  333    0   21    3    2    0    1095
    2    1   37  217  396    1   25    3    3    1     679
    2    1   38  218  476    1   30    3    2    0    1720
    2    1   39  219  240    1   15    2    2    1    3000
    2    1   40  220   86    0    6    1    3    0    1760
    2    1   41  221  426    0   27    3    3    1     581
    2    1   42  222  318    0   20    2    2    1    2871
    2    1   43  223   65    0    5    1    1    1     745
    2    1   44  224   27    0    2    1    2    0    1904
    2    1   45  225  125    0    8    1    1    1     857
    2    1   46  226  122    0    8    1    1    1     495
    2    1   47  227  359    1   23    3    3    1    1017
    2    1   48  228  433    0   28    3    3    1    1551
    2    1   49  229  429    0   27    3    3    1     595
    2    1   50  230  276    1   18    2    3    0    3031
    2    1   51  231    3    0    1    1    1    1     997
    2    1   52  232  382    0   24    3    1    0    1848
    2    1   53  233   74    0    5    1    1    1     595
    2    1   54  234  401    0   26    3    3    1    1721
    2    1   55  235  286    0   18    2    3    0    1151
    2    1   56  236  328    0   21    3    2    0     803
    2    1   57  237  130    0    9    1    2    0    1424
    2    1   58  238  163    0   11    2    3    0    1196
    2    1   59  239  283    0   18    2    3    0    1106
    2    1   60  240  408    1   26    3    2    0    1082
    2    1   61  241  478    0   30    3    2    0    1163
    2    1   62  242  288    0   18    2    3    0    2819
    2    1   63  243  230    0   15    2    3    0     662
    2    1   64  244  160    0   10    1    1    1    1378
    2    1   65  245  206    0   13    2    3    0    2981
    2    1   66  246   37    1    3    1    1    1     721
    2    1   67  247  175    0   11    2    3    0    1208
    2    1   68  248  308    0   20    2    2    1    1463
    2    1   69  249  181    0   12    2    2    1     871
    2    1   70  250   99    0    7    1    2    0    1811
    2    1   71  251  366    0   23    3    3    1     815
    2    1   72  252  127    0    8    1    1    1    1961
    2    1   73  253  235    0   15    2    2    1    3456
    2    1   74  254  442    0   28    3    3    1     984
    2    1   75  255  169    0   11    2    1    0    1003
    2    1   76  256  182    1   12    2    2    1     797
    2    1   77  257  450    0   29    3    3    1     974
    2    1   78  258   80    1    5    1    1    1     675
    2    1   79  259  434    0   28    3    1    0     631
    2    1   80  260  393    0   25    3    2    0     908
    2    1   81  261  178    0   12    2    2    1     829
    2    1   82  262  244    0   16    2    3    0    1685
    2    1   83  263  459    0   29    3    2    0    1068
    2    1   84  264   24    0    2    1    2    0    1428
    2    1   85  265  198    0   13    2    3    0    1575
    2    1   86  266   39    0    3    1    1    1     693
    2    1   87  267   72    0    5    1    1    1     579
    2    1   88  268   29    0    2    1    3    0    1403
    2    1   89  269  187    0   12    2    2    1    1235
    2    1   90  270  406    1   26    3    3    1     974
    2    1   91  271  339    0   22    3    1    0    2457
    2    1   92  272  475    0   30    3    3    1    2131
    2    1   93  273    8    0    1    1    1    1    1836
    2    1   94  274   83    0    6    1    2    0     654
    2    1   95  275  236    0   15    2    3    0    1139
    2    1   96  276  141    0    9    1    2    0    2785
    2    1   97  277  138    0    9    1    1    1    1070
    2    1   98  278  117    1    8    1    1    1     855
    2    1   99  279  273    0   18    2    2    1    1385
    2    1  100  280  362    0   23    3    3    1     522
    2    1  101  281  322    0   21    3    2    0     657
    2    1  102  282  358    0   23    3    2    0    1037
    2    1  103  283  381    0   24    3    1    0    1103
    2    1  104  284  351    0   22    3    1    0    1979
    2    1  105  285  221    0   14    2    2    1     987
    2    1  106  286   22    0    2    1    3    0    1392
    2    1  107  287  387    1   25    3    2    0    1011
    2    1  108  288  316    0   20    2    3    0    1683
    2    1  109  289  202    0   13    2    2    1    3330
    2    1  110  290  463    0   29    3    3    1     946
    2    1  111  291  265    0   17    2    3    0    2742
    2    1  112  292  209    0   14    2    2    1    1005
    2    1  113  293   58    1    4    1    2    0     962
    2    1  114  294  116    0    8    1    1    1     721
    2    1  115  295  143    0    9    1    2    0     929
    2    1  116  296   97    0    7    1    1    1     618
    2    1  117  297  306    0   20    2    2    1    1007
    2    1  118  298  174    0   11    2    1    0     874
    2    1  119  299  275    0   18    2    1    0     490
    2    1  120  300  261    0   17    2    3    0     823
    2    1  121  301  432    0   27    3    3    1     564
    2    1  122  302  298    0   19    2    1    0     964
    2    1  123  303  197    0   13    2    1    0     909
    2    1  124  304  190    0   12    2    2    1     705
    2    1  125  305  248    0   16    2    2    1    3537
    2    1  126  306  223    0   14    2    3    0    1092
    2    1  127  307  291    0   19    2    3    0    3314
    2    1  128  308  465    1   30    3    3    1    1219
    2    1  129  309  452    0   29    3    2    0    1289
    2    1  130  310   51    0    4    1    1    1     576
    2    1  131  311  437    0   28    3    3    1    1182
    2    1  132  312   54    0    4    1    1    1    3907
    2    1  133  313   21    0    2    1    3    0     848
    2    1  134  314   42    0    3    1    1    1     900
    2    1  135  315  364    0   23    3    3    1    6555
    2    1  136  316   10    0    1    1    1    1    5312
    2    1  137  317  377    0   24    3    1    0     637
    2    1  138  318  260    0   17    2    1    0    1882
    2    1  139  319  199    0   13    2    3    0    1298
    2    1  140  320  172    0   11    2    1    0     891
    2    1  141  321  189    0   12    2    2    1    1700
    2    1  142  322  269    1   17    2    2    1    1914
    2    1  143  323  380    1   24    3    2    0     939
    2    1  144  324  312    0   20    2    3    0    1047
    2    1  145  325   78    0    5    1    1    1     665
    2    1  146  326  386    0   25    3    2    0    4821
    2    1  147  327  421    0   27    3    3    1     994
    2    1  148  328  365    0   23    3    3    1     682
    2    1  149  329  470    0   30    3    3    1    5746
    2    1  150  330   68    0    5    1    1    1     673
    2    1  151  331   49    1    4    1    1    1     690
    2    1  152  332  337    0   22    3    2    0    4527
    2    1  153  333  462    0   29    3    3    1     676
    2    1  154  334  170    0   11    2    1    0     719
    2    1  155  335  176    0   11    2    1    0     906
    2    1  156  336   98    0    7    1    2    0    3646
    2    1  157  337   56    1    4    1    1    1    1898
    2    1  158  338   88    0    6    1    3    0     608
    2    1  159  339  195    0   13    2    2    1    1221
    2    1  160  340  384    0   24    3    1    0    2019
    2    1  161  341  436    0   28    3    3    1    1059
    2    1  162  342  246    0   16    2    3    0    1918
    2    1  163  343  139    0    9    1    2    0     898
    2    1  164  344  363    0   23    3    3    1     724
    2    1  165  345  211    0   14    2    2    1    1088
    2    1  166  346  159    0   10    1    3    0    1131
    2    1  167  347  237    0   15    2    3    0     645
    2    1  168  348  466    0   30    3    2    0    1120
    2    1  169  349    1    0    1    1    1    1     692
    2    1  170  350  114    0    8    1    1    1     856
    2    1  171  351  309    0   20    2    3    0     849
    2    1  172  352  126    0    8    1    1    1     739
    2    1  173  353  370    0   24    3    1    0    3332
    2    1  174  354  296    0   19    2    3    0    1266
    2    1  175  355  418    0   27    3    3    1     673
    2    1  176  356   61    0    4    1    1    1    1668
    2    1  177  357  372    0   24    3    1    0     809
    2    1  178  358   89    0    6    1    3    0     734
    2    1  179  359  451    0   29    3    3    1     890
    2    1  180  360  412    0   26    3    3    1    1839
    2    1  181  361  185    0   12    2    2    1     706
    2    1  182  362  201    1   13    2    1    0     776
    2    1  183  363  290    1   19    2    1    0     788
    2    1  184  364  249    0   16    2    2    1    1257
    2    1  185  365  317    0   20    2    3    0     716
    2    1  186  366  186    0   12    2    2    1     736
    2    1  187  367  257    0   17    2    1    0     886
    2    1  188  368  305    0   20    2    3    0     638
    2    1  189  369  342    0   22    3    1    0    3589
    2    1  190  370  166    0   11    2    2    1    1505
    2    1  191  371  120    1    8    1    1    1     651
    2    1  192  372  136    0    9    1    2    0    1107
    2    1  193  373   12    0    1    1    1    1    1848
    2    1  194  374  239    0   15    2    3    0     681
    2    1  195  375  224    0   14    2    2    1    1080
    2    1  196  376  414    0   26    3    3    1     685
    2    1  197  377  345    0   22    3    3    1     661
    2    1  198  378  188    0   12    2    2    1     907
    2    1  199  379   96    0    6    1    2    0    1734
    2    1  200  380  216    1   14    2    2    1     744
    2    1  201  381  378    0   24    3    1    0     700
    2    1  202  382  254    0   16    2    2    1     789
    2    1  203  383  194    0   13    2    2    1    1075
    2    1  204  384  145    0   10    1    2    0    1074
    2    1  205  385  395    0   25    3    2    0    1459
    2    1  206  386  204    0   13    2    3    0    1837
    2    1  207  387  346    0   22    3    2    0     782
    2    1  208  388  313    0   20    2    3    0     848
    2    1  209  389  154    0   10    1    1    1     627
    2    1  210  390  411    1   26    3    3    1     756
    2    1  211  391  203    0   13    2    2    1     735
    2    1  212  392   93    0    6    1    2    0     711
    2    1  213  393  173    0   11    2    2    1     747
    2    1  214  394  464    0   29    3    1    0    1776
    2    1  215  395  226    0   15    2    3    0     659
    2    1  216  396   55    0    4    1    1    1    1352
    2    1  217  397  409    1   26    3    3    1    1212
    2    1  218  398    6    1    1    1    1    1     659
    2    1  219  399  241    0   16    2    2    1     928
    2    1  220  400   87    0    6    1    3    0     649
    2    1  221  401  314    0   20    2    3    0     821
    2    1  222  402  416    0   26    3    2    0     966
    2    1  223  403  243    0   16    2    3    0     930
    2    1  224  404  425    0   27    3    3    1     687
    2    1  225  405  324    0   21    3    3    1    1604
    2    1  226  406  323    0   21    3    2    0     985
    2    1  227  407  446    0   28    3    3    1     623
    2    1  228  408  266    1   17    2    3    0    2233
    2    1  229  409  344    0   22    3    2    0    1464
    2    1  230  410  435    0   28    3    1    0     746
    2    1  231  411   19    0    2    1    1    1     378
    2    1  232  412   59    0    4    1    2    0    1310
    2    1  233  413   52    1    4    1    1    1     637
    2    1  234  414  356    1   23    3    3    1     611
    2    1  235  415   71    1    5    1    1    1     604
    2    1  236  416   75    0    5    1    1    1     736
    2    1  237  417   45    0    3    1    1    1    1634
    2    1  238  418  403    0   26    3    3    1    2561
    2    1  239  419  102    0    7    1    1    1    1195
    2    1  240  420   32    0    2    1    3    0    1469
    2    1  241  421  352    0   22    3    2    0    2785
    2    1  242  422  157    0   10    1    1    1    1404
    2    1  243  423  250    1   16    2    1    0     555
    2    1  244  424  443    0   28    3    3    1     601
    2    1  245  425   31    0    2    1    2    0     924
    2    1  246  426  420    0   27    3    3    1     662
    2    1  247  427  320    0   20    2    3    0    1436
    2    1  248  428  217    1   14    2    3    0    1303
    2    1  249  429   13    0    1    1    1    1     662
    2    1  250  430  335    0   21    3    2    0    1007
    2    1  251  431   63    0    4    1    1    1     845
    2    1  252  432  277    0   18    2    1    0    1350
    2    1  253  433  109    0    7    1    1    1     576
    2    1  254  434  340    1   22    3    1    0     779
    2    1  255  435  376    0   24    3    1    0     618
    2    1  256  436  137    0    9    1    2    0    1282
    2    1  257  437  177    0   12    2    3    0    1108
    2    1  258  438  415    0   26    3    2    0    2389
    2    1  259  439  373    0   24    3    1    0     733
    2    1  260  440   30    0    2    1    2    0    2257
    2    1  261  441  304    0   19    2    2    1    1104
    2    1  262  442  113    0    8    1    3    0     956
    2    1  263  443  454    0   29    3    3    1     721
    2    1  264  444  477    0   30    3    3    1     640
    2    1  265  445   81    0    6    1    3    0     612
    2    1  266  446  388    0   25    3    3    1     598
    2    1  267  447   14    0    1    1    1    1     504
    2    1  268  448   91    0    6    1    3    0    1043
    2    1  269  449   16    1    1    1    1    1     585
    2    1  270  450  473    1   30    3    2    0    1119
    2    1  271  451  210    0   14    2    2    1    2790
    2    1  272  452    2    0    1    1    1    1     653
    2    1  273  453  297    0   19    2    3    0     788
    2    1  274  454    9    0    1    1    3    0    1116
    2    1  275  455  326    1   21    3    3    1     797
    2    1  276  456  281    0   18    2    1    0     544
    2    1  277  457   20    0    2    1    3    0    1438
    2    1  278  458  279    0   18    2    3    0    1321
    2    1  279  459  430    0   27    3    3    1     611
    2    1  280  460  399    0   25    3    2    0    1092
    2    1  281  461  258    0   17    2    2    1    1550
    2    1  282  462  270    0   17    2    2    1    1020
    2    1  283  463  247    0   16    2    2    1    1632
    2    1  284  464  441    0   28    3    3    1     610
    2    1  285  465  132    0    9    1    1    1    1659
    2    1  286  466  355    0   23    3    3    1    2275
    2    1  287  467   85    0    6    1    1    1    1376
    2    1  288  468  334    0   21    3    2    0     934
    2    1  289  469   43    0    3    1    1    1     624
    2    1  290  470  368    0   23    3    1    0     949
    2    1  291  471  121    1    8    1    1    1     549
    2    1  292  472  289    1   19    2    2    1    1038
    2    1  293  473  445    0   28    3    3    1     965
    2    1  294  474  253    0   16    2    1    0     894
    2    1  295  475  474    0   30    3    3    1    1157
    2    1  296  476  140    0    9    1    1    1    1057
    2    1  297  477  440    0   28    3    3    1     983
    2    1  298  478   73    0    5    1    1    1    2265
    2    1  299  479  348    0   22    3    1    0     767
    2    1  300  480  104    0    7    1    2    0    2665
