    1    1    1    1   38    1    3    1    1    1    1495
    1    1    2    2  271    1   17    2    1    0    1402
    1    1    3    3  359    1   23    3    3    1    1765
    1    1    4    4   33    1    3    1    2    0    1503
    1    1    5    5  473    1   30    3    2    0    1976
    1    1    6    6  353    1   23    3    1    0    1689
    1    1    7    7  272    1   17    2    1    0     966
    1    1    8    8  280    1   18    2    1    0     888
    1    1    9    9  266    1   17    2    2    1    2059
    1    1   10   10    4    1    1    1    2    0    1159
    1    1   11   11  409    1   26    3    3    1    1797
    1    1   12   12  182    1   12    2    1    0    1307
    1    1   13   13  219    1   14    2    1    0    2592
    1    1   14   14  290    1   19    2    1    0    1971
    1    1   15   15  289    1   19    2    2    1    3891
    1    1   16   16  164    1   11    2    2    1    1052
    1    1   17   17  117    1    8    1    1    1    2928
    1    1   18   18  448    1   28    3    3    1    1447
    1    1   19   19  201    1   13    2    1    0   14306
    1    1   20   20   15    1    1    1    2    0    1831
    1    1   21   21  408    1   26    3    3    1    1354
    1    1   22   22   49    1    4    1    2    0    2171
    1    1   23   23  121    1    8    1    1    1     982
    1    1   24   24   53    1    4    1    2    0    1112
    1    1   25   25   80    1    5    1    1    1    1037
    1    1   26   26  476    1   30    3    3    1    1529
    1    1   27   27  252    1   16    2    3    0    1770
    1    1   28   28   35    1    3    1    1    1    2779
    1    1   29   29   37    1    3    1    1    1     849
    1    1   30   30   36    1    3    1    1    1     632
    1    1   31   31  217    1   14    2    2    1    1717
    1    1   32   32  406    1   26    3    3    1    1296
    1    1   33   33   58    1    4    1    1    1    1866
    1    1   34   34  471    1   30    3    3    1     982
    1    1   35   35  245    1   16    2    2    1    2148
    1    1   36   36  212    1   14    2    2    1    2081
    1    1   37   37  340    1   22    3    2    0    1509
    1    1   38   38  269    1   17    2    1    0   13740
    1    1   39   39   52    1    4    1    2    0    1023
    1    1   40   40  396    1   25    3    3    1     732
    1    1   41   41  250    1   16    2    2    1    1070
    1    1   42   42  267    1   17    2    2    1     892
    1    1   43   43  360    1   23    3    3    1    1243
    1    1   44   44   71    1    5    1    1    1    1605
    1    1   45   45   66    1    5    1    1    1     933
    1    1   46   46  380    1   24    3    2    0    1234
    1    1   47   47  465    1   30    3    2    0    1875
    1    1   48   48  326    1   21    3    2    0    3420
    1    1   49   49  276    1   18    2    2    1    1103
    1    1   50   50  424    1   27    3    3    1    2025
    1    1   51   51   56    1    4    1    1    1     923
    1    1   52   52  240    1   15    2    3    0    1757
    1    1   53   53  356    1   23    3    2    0    1706
    1    1   54   54   16    1    1    1    2    0    6434
    1    1   55   55  216    1   14    2    2    1     982
    1    1   56   56  387    1   25    3    2    0    3920
    1    1   57   57  411    1   26    3    3    1    8291
    1    1   58   58    6    1    1    1    1    1    1163
    1    1   59   59  120    1    8    1    2    0     823
    1    1   60   60  479    1   30    3    2    0    4990
    1    2    1   61  266    1   17    2    2    1    1083
    1    2    2   62  219    1   14    2    2    1    1096
    1    2    3   63   52    1    4    1    1    1    1444
    1    2    4   64  411    1   26    3    3    1    1137
    1    2    5   65   36    1    3    1    1    1    1543
    1    2    6   66  380    1   24    3    2    0    2163
    1    2    7   67  465    1   30    3    3    1    1650
    1    2    8   68  272    1   17    2    1    0    3300
    1    2    9   69   53    1    4    1    2    0    1637
    1    2   10   70  408    1   26    3    3    1    1079
    1    2   11   71    4    1    1    1    3    0    1060
    1    2   12   72  276    1   18    2    1    0    1680
    1    2   13   73  216    1   14    2    2    1     920
    1    2   14   74  289    1   19    2    2    1    2149
    1    2   15   75   71    1    5    1    1    1     937
    1    2   16   76  359    1   23    3    3    1    1179
    1    2   17   77  117    1    8    1    1    1    4352
    1    2   18   78   33    1    3    1    1    1     947
    1    2   19   79   35    1    3    1    1    1     999
    1    2   20   80  406    1   26    3    3    1     937
    1    2   21   81  271    1   17    2    2    1    1053
    1    2   22   82  201    1   13    2    2    1    1138
    1    2   23   83    6    1    1    1    2    0    1163
    1    2   24   84  387    1   25    3    1    0    1622
    1    2   25   85  252    1   16    2    3    0    1106
    1    2   26   86  290    1   19    2    2    1     996
    1    2   27   87  164    1   11    2    2    1    1025
    1    2   28   88   66    1    5    1    1    1    1036
    1    2   29   89  245    1   16    2    1    0    2863
    1    2   30   90  476    1   30    3    3    1     943
    1    2   31   91   80    1    5    1    1    1    1041
    1    2   32   92   38    1    3    1    1    1    1031
    1    2   33   93  473    1   30    3    2    0    1313
    1    2   34   94  269    1   17    2    2    1    1569
    1    2   35   95  479    1   30    3    2    0     896
    1    2   36   96  182    1   12    2    2    1    1050
    1    2   37   97  409    1   26    3    3    1    1084
    1    2   38   98  120    1    8    1    1    1    1172
    1    2   39   99  340    1   22    3    2    0    2771
    1    2   40  100  217    1   14    2    2    1    1062
    1    2   41  101  424    1   27    3    3    1    1380
    1    2   42  102   58    1    4    1    1    1    1163
    1    2   43  103  353    1   23    3    3    1    1234
    1    2   44  104   37    1    3    1    1    1    1506
    1    2   45  105  448    1   28    3    2    0    2862
    1    2   46  106  240    1   15    2    3    0    1500
    1    2   47  107  250    1   16    2    2    1    1274
    1    2   48  108  267    1   17    2    2    1    1218
    1    2   49  109  356    1   23    3    3    1    1795
    1    2   50  110  326    1   21    3    2    0    1630
    1    2   51  111   15    1    1    1    1    1    1816
    1    2   52  112  280    1   18    2    2    1    1384
    1    2   53  113  360    1   23    3    3    1    1220
    1    2   54  114  471    1   30    3    3    1    1531
    1    2   55  115   56    1    4    1    1    1    1511
    1    2   56  116  121    1    8    1    1    1    1583
    1    2   57  117   49    1    4    1    1    1    1081
    1    2   58  118  396    1   25    3    3    1     926
    1    2   59  119   16    1    1    1    1    1    1079
    1    2   60  120  212    1   14    2    2    1    1080
    1    3    1  121  471    1   30    3    3    1    1256
    1    3    2  122  269    1   17    2    2    1     941
    1    3    3  123   35    1    3    1    1    1    1140
    1    3    4  124  117    1    8    1    2    0    1456
    1    3    5  125   49    1    4    1    1    1    1038
    1    3    6  126  280    1   18    2    3    0    2496
    1    3    7  127   71    1    5    1    1    1    1010
    1    3    8  128  411    1   26    3    3    1    1457
    1    3    9  129   56    1    4    1    1    1    1127
    1    3   10  130  212    1   14    2    2    1    1315
    1    3   11  131  219    1   14    2    2    1     824
    1    3   12  132  409    1   26    3    3    1    1073
    1    3   13  133  340    1   22    3    3    1    1754
    1    3   14  134  380    1   24    3    2    0    2009
    1    3   15  135  408    1   26    3    3    1    1031
    1    3   16  136  465    1   30    3    3    1    1353
    1    3   17  137  476    1   30    3    3    1    1216
    1    3   18  138  290    1   19    2    1    0    1268
    1    3   19  139  201    1   13    2    1    0    1007
    1    3   20  140  353    1   23    3    3    1    1227
    1    3   21  141   16    1    1    1    1    1    1494
    1    3   22  142  387    1   25    3    2    0    2051
    1    3   23  143  121    1    8    1    1    1    2965
    1    3   24  144  424    1   27    3    3    1    1651
    1    3   25  145  406    1   26    3    3    1    1080
    1    3   26  146  276    1   18    2    2    1    2758
    1    3   27  147  182    1   12    2    2    1    3453
    1    3   28  148   33    1    3    1    1    1     724
    1    3   29  149  448    1   28    3    3    1    1265
    1    3   30  150  120    1    8    1    1    1    1364
    1    3   31  151  271    1   17    2    2    1    2024
    1    3   32  152   37    1    3    1    1    1     922
    1    3   33  153  245    1   16    2    2    1    1086
    1    3   34  154  266    1   17    2    2    1    6478
    1    3   35  155   58    1    4    1    1    1     837
    1    3   36  156  289    1   19    2    2    1    1868
    1    3   37  157   80    1    5    1    1    1     896
    1    3   38  158    6    1    1    1    1    1     838
    1    3   39  159   38    1    3    1    1    1    1018
    1    3   40  160  359    1   23    3    3    1    1053
    1    3   41  161    4    1    1    1    1    1    1107
    1    3   42  162   53    1    4    1    1    1     710
    1    3   43  163   66    1    5    1    1    1     843
    1    3   44  164  240    1   15    2    3    0    1237
    1    3   45  165  473    1   30    3    2    0    1385
    1    3   46  166  217    1   14    2    2    1    3120
    1    3   47  167  356    1   23    3    3    1    1073
    1    3   48  168  272    1   17    2    2    1     846
    1    3   49  169   15    1    1    1    1    1    1114
    1    3   50  170  164    1   11    2    1    0    1022
    1    3   51  171  479    1   30    3    2    0     984
    1    3   52  172   36    1    3    1    1    1     894
    1    3   53  173  267    1   17    2    1    0    1213
    1    3   54  174  326    1   21    3    2    0     927
    1    3   55  175  250    1   16    2    2    1    1614
    1    3   56  176  252    1   16    2    2    1    1252
    1    3   57  177  396    1   25    3    3    1    1255
    1    3   58  178  216    1   14    2    2    1    6608
    1    3   59  179  360    1   23    3    3    1    1081
    1    3   60  180   52    1    4    1    1    1    1291
    2    1    1  181    1    0    1    1    1    1    1952
    2    1    2  182  181    0   12    2    2    1    1351
    2    1    3  183  236    0   15    2    3    0    1498
    2    1    4  184   73    0    5    1    1    1    1347
    2    1    5  185  206    0   13    2    3    0     893
    2    1    6  186  413    0   26    3    3    1     647
    2    1    7  187    5    0    1    1    1    1     753
    2    1    8  188  138    0    9    1    1    1    1039
    2    1    9  189   34    0    3    1    1    1     715
    2    1   10  190  267    1   17    2    2    1    1035
    2    1   11  191  472    0   30    3    3    1     644
    2    1   12  192  253    0   16    2    1    0    1279
    2    1   13  193    9    0    1    1    1    1     669
    2    1   14  194  420    0   27    3    3    1    1049
    2    1   15  195  377    0   24    3    1    0    1196
    2    1   16  196  276    1   18    2    2    1    1140
    2    1   17  197  284    0   18    2    3    0     689
    2    1   18  198  412    0   26    3    3    1     918
    2    1   19  199  440    0   28    3    3    1     552
    2    1   20  200  386    0   25    3    2    0    1781
    2    1   21  201  362    0   23    3    3    1     904
    2    1   22  202  427    0   27    3    3    1     527
    2    1   23  203  258    0   17    2    2    1     624
    2    1   24  204  459    0   29    3    3    1     940
    2    1   25  205  158    0   10    1    3    0   20872
    2    1   26  206  396    1   25    3    3    1    1144
    2    1   27  207  217    1   14    2    1    0    1701
    2    1   28  208  202    0   13    2    2    1    1063
    2    1   29  209  387    1   25    3    2    0    2175
    2    1   30  210  389    0   25    3    3    1    1088
    2    1   31  211  107    0    7    1    2    0    1962
    2    1   32  212  243    0   16    2    2    1    1613
    2    1   33  213  340    1   22    3    2    0    1602
    2    1   34  214  167    0   11    2    1    0    1088
    2    1   35  215  346    0   22    3    1    0     860
    2    1   36  216  277    0   18    2    2    1    1041
    2    1   37  217  423    0   27    3    3    1     891
    2    1   38  218   48    0    3    1    1    1     893
    2    1   39  219  164    1   11    2    1    0     642
    2    1   40  220  179    0   12    2    1    0     960
    2    1   41  221  102    0    7    1    1    1     519
    2    1   42  222  374    0   24    3    2    0     794
    2    1   43  223  244    0   16    2    2    1     564
    2    1   44  224  248    0   16    2    1    0     724
    2    1   45  225  291    0   19    2    2    1     598
    2    1   46  226  137    0    9    1    1    1     972
    2    1   47  227  424    1   27    3    3    1     487
    2    1   48  228   77    0    5    1    2    0     639
    2    1   49  229  155    0   10    1    2    0     918
    2    1   50  230  249    0   16    2    2    1     721
    2    1   51  231  305    0   20    2    2    1     635
    2    1   52  232  369    0   24    3    2    0    1940
    2    1   53  233  414    0   26    3    3    1    1418
    2    1   54  234   28    0    2    1    2    0    1757
    2    1   55  235  100    0    7    1    2    0    2237
    2    1   56  236   66    1    5    1    2    0    4538
    2    1   57  237   50    0    4    1    2    0    1755
    2    1   58  238  184    0   12    2    2    1     797
    2    1   59  239  348    0   22    3    1    0     915
    2    1   60  240   82    0    6    1    2    0     659
    2    1   61  241  404    0   26    3    2    0     983
    2    1   62  242  161    0   11    2    2    1     742
    2    1   63  243  441    0   28    3    3    1    1047
    2    1   64  244  336    0   21    3    2    0     676
    2    1   65  245   85    0    6    1    1    1     829
    2    1   66  246  334    0   21    3    2    0     667
    2    1   67  247  251    0   16    2    2    1     705
    2    1   68  248  442    0   28    3    3    1     556
    2    1   69  249   54    0    4    1    2    0     557
    2    1   70  250  117    1    8    1    1    1     881
    2    1   71  251  210    0   14    2    3    0     600
    2    1   72  252  429    0   27    3    3    1     650
    2    1   73  253   83    0    6    1    2    0     507
    2    1   74  254  265    0   17    2    2    1     478
    2    1   75  255  436    0   28    3    2    0     519
    2    1   76  256  321    0   21    3    2    0     819
    2    1   77  257  280    1   18    2    2    1     945
    2    1   78  258  143    0    9    1    3    0    1569
    2    1   79  259   49    1    4    1    2    0     858
    2    1   80  260  306    0   20    2    3    0    1057
    2    1   81  261  208    0   13    2    2    1     844
    2    1   82  262   94    0    6    1    2    0     790
    2    1   83  263  463    0   29    3    3    1     874
    2    1   84  264  103    0    7    1    1    1    1107
    2    1   85  265  453    0   29    3    3    1     897
    2    1   86  266   27    0    2    1    2    0     847
    2    1   87  267  406    1   26    3    3    1     997
    2    1   88  268  212    1   14    2    2    1     852
    2    1   89  269   65    0    5    1    1    1     999
    2    1   90  270  268    0   17    2    2    1    1007
    2    1   91  271  434    0   28    3    1    0    2066
    2    1   92  272  392    0   25    3    3    1     942
    2    1   93  273  220    0   14    2    2    1     879
    2    1   94  274  376    0   24    3    1    0    1049
    2    1   95  275  106    0    7    1    1    1    1075
    2    1   96  276  229    0   15    2    2    1     949
    2    1   97  277  195    0   13    2    1    0    1923
    2    1   98  278  337    0   22    3    1    0    1105
    2    1   99  279  456    0   29    3    3    1    1056
    2    1  100  280  252    1   16    2    2    1    2202
    2    1  101  281   92    0    6    1    2    0    1686
    2    1  102  282  162    0   11    2    2    1    2094
    2    1  103  283  128    0    8    1    1    1    2535
    2    1  104  284  339    0   22    3    1    0     826
    2    1  105  285  426    0   27    3    3    1     727
    2    1  106  286  101    0    7    1    1    1     824
    2    1  107  287  379    0   24    3    1    0     635
    2    1  108  288  299    0   19    2    1    0     969
    2    1  109  289   44    0    3    1    1    1    1001
    2    1  110  290  357    0   23    3    3    1    1066
    2    1  111  291  382    0   24    3    1    0     978
    2    1  112  292  407    0   26    3    3    1    1099
    2    1  113  293  454    0   29    3    3    1    1055
    2    1  114  294  464    0   29    3    3    1     959
    2    1  115  295  304    0   19    2    2    1    1033
    2    1  116  296  218    0   14    2    2    1    1115
    2    1  117  297  323    0   21    3    2    0     912
    2    1  118  298  123    0    8    1    2    0     823
    2    1  119  299  363    0   23    3    2    0     891
    2    1  120  300  313    0   20    2    2    1     863
    2    1  121  301  447    0   28    3    1    0    1373
    2    1  122  302   86    0    6    1    2    0     915
    2    1  123  303  120    1    8    1    1    1     856
    2    1  124  304  114    0    8    1    1    1     735
    2    1  125  305   11    0    1    1    2    0     668
    2    1  126  306  449    0   29    3    3    1    1259
    2    1  127  307  466    0   30    3    2    0     798
    2    1  128  308  349    0   22    3    1    0     876
    2    1  129  309  380    1   24    3    2    0    1270
    2    1  130  310  192    0   12    2    2    1     879
    2    1  131  311  355    0   23    3    3    1     904
    2    1  132  312  469    0   30    3    2    0     938
    2    1  133  313  132    0    9    1    1    1    1171
    2    1  134  314  432    0   27    3    3    1     682
    2    1  135  315  159    0   10    1    1    1     602
    2    1  136  316  286    0   18    2    2    1     775
    2    1  137  317  324    0   21    3    2    0     683
    2    1  138  318  272    1   17    2    2    1     699
    2    1  139  319  287    0   18    2    2    1    1038
    2    1  140  320  216    1   14    2    2    1     688
    2    1  141  321  168    0   11    2    2    1     580
    2    1  142  322   53    1    4    1    1    1     679
    2    1  143  323  477    0   30    3    3    1     752
    2    1  144  324  125    0    8    1    1    1     534
    2    1  145  325  395    0   25    3    2    0     888
    2    1  146  326   45    0    3    1    1    1     680
    2    1  147  327  448    1   28    3    1    0     708
    2    1  148  328  214    0   14    2    3    0     799
    2    1  149  329   13    0    1    1    2    0     674
    2    1  150  330  275    0   18    2    2    1     571
    2    1  151  331  480    0   30    3    3    1     774
    2    1  152  332  209    0   14    2    2    1     838
    2    1  153  333  322    0   21    3    2    0     743
    2    1  154  334  176    0   11    2    2    1    1000
    2    1  155  335  154    0   10    1    2    0     877
    2    1  156  336   22    0    2    1    2    0     420
    2    1  157  337   58    1    4    1    1    1     764
    2    1  158  338  310    0   20    2    3    0     563
    2    1  159  339   84    0    6    1    2    0     494
    2    1  160  340  383    0   24    3    1    0     669
    2    1  161  341  144    0    9    1    1    1     614
    2    1  162  342    7    0    1    1    1    1     684
    2    1  163  343  314    0   20    2    3    0     570
    2    1  164  344   26    0    2    1    3    0     982
    2    1  165  345  256    0   16    2    2    1     459
    2    1  166  346   29    0    2    1    2    0     426
    2    1  167  347   21    0    2    1    2    0     290
    2    1  168  348  211    0   14    2    2    1     268
    2    1  169  349  113    0    8    1    2    0      59
    2    1  170  350   93    0    6    1    2    0     425
    2    1  171  351   15    1    1    1    2    0     354
    2    1  172  352  378    0   24    3    1    0    1311
    2    1  173  353  393    0   25    3    3    1     870
    2    1  174  354  242    0   16    2    2    1     450
    2    1  175  355  381    0   24    3    1    0     868
    2    1  176  356  318    0   20    2    3    0    1048
    2    1  177  357   43    0    3    1    2    0     281
    2    1  178  358  150    0   10    1    2    0     250
    2    1  179  359  172    0   11    2    2    1     424
    2    1  180  360  262    0   17    2    2    1     358
    2    1  181  361  311    0   20    2    2    1     476
    2    1  182  362   98    0    7    1    2    0     998
    2    1  183  363  476    1   30    3    3    1     975
    2    1  184  364  295    0   19    2    1    0    1983
    2    1  185  365   52    1    4    1    1    1    1103
    2    1  186  366   70    0    5    1    1    1    2457
    2    1  187  367  207    0   13    2    2    1    2080
    2    1  188  368  169    0   11    2    1    0     792
    2    1  189  369   40    0    3    1    1    1    2682
    2    1  190  370  422    0   27    3    2    0    1723
    2    1  191  371  352    0   22    3    1    0     838
    2    1  192  372   72    0    5    1    1    1     805
    2    1  193  373  231    0   15    2    2    1     881
    2    1  194  374   91    0    6    1    2    0     873
    2    1  195  375  250    1   16    2    2    1    1012
    2    1  196  376  124    0    8    1    1    1     936
    2    1  197  377  178    0   12    2    2    1     982
    2    1  198  378   60    0    4    1    1    1    1082
    2    1  199  379   18    0    2    1    2    0    1044
    2    1  200  380  166    0   11    2    1    0     671
    2    1  201  381   33    1    3    1    2    0     937
    2    1  202  382  282    0   18    2    1    0    1848
    2    1  203  383  437    0   28    3    2    0    1176
    2    1  204  384  474    0   30    3    2    0    1114
    2    1  205  385  104    0    7    1    2    0    1296
    2    1  206  386    3    0    1    1    2    0     897
    2    1  207  387  408    1   26    3    1    0     946
    2    1  208  388   88    0    6    1    2    0     815
    2    1  209  389  317    0   20    2    2    1    1044
    2    1  210  390  445    0   28    3    2    0    1939
    2    1  211  391  364    0   23    3    2    0     603
    2    1  212  392  270    0   17    2    2    1    1827
    2    1  213  393  410    0   26    3    2    0    1139
    2    1  214  394  365    0   23    3    2    0     575
    2    1  215  395  356    1   23    3    2    0     603
    2    1  216  396   81    0    6    1    2    0     914
    2    1  217  397  112    0    7    1    2    0     953
    2    1  218  398  115    0    8    1    2    0     599
    2    1  219  399   12    0    1    1    2    0     426
    2    1  220  400  119    0    8    1    2    0     740
    2    1  221  401   25    0    2    1    2    0     748
    2    1  222  402   64    0    4    1    2    0     839
    2    1  223  403  201    1   13    2    2    1     948
    2    1  224  404  319    0   20    2    2    1     603
    2    1  225  405   67    0    5    1    2    0    1383
    2    1  226  406   95    0    6    1    2    0     853
    2    1  227  407  402    0   26    3    2    0    1567
    2    1  228  408  163    0   11    2    2    1    1648
    2    1  229  409  228    0   15    2    2    1     538
    2    1  230  410   55    0    4    1    2    0    1126
    2    1  231  411   37    1    3    1    2    0     819
    2    1  232  412   10    0    1    1    2    0     929
    2    1  233  413  458    0   29    3    2    0      77
    2    1  234  414  205    0   13    2    2    1    1057
    2    1  235  415   47    0    3    1    2    0    1769
    2    1  236  416  358    0   23    3    2    0    3949
    2    1  237  417  180    0   12    2    2    1     946
    2    1  238  418   51    0    4    1    1    1    2365
    2    1  239  419  288    0   18    2    2    1     861
    2    1  240  420  186    0   12    2    2    1    1175
    2    1  241  421  151    0   10    1    2    0     546
    2    1  242  422   87    0    6    1    2    0    2228
    2    1  243  423  439    0   28    3    2    0    2473
    2    1  244  424  473    1   30    3    2    0     494
    2    1  245  425  285    0   18    2    2    1     693
    2    1  246  426  330    0   21    3    2    0     659
    2    1  247  427   63    0    4    1    2    0    1570
    2    1  248  428  403    0   26    3    2    0    3146
    2    1  249  429   39    0    3    1    2    0    1155
    2    1  250  430  230    0   15    2    2    1     519
    2    1  251  431  390    0   25    3    2    0     489
    2    1  252  432  388    0   25    3    2    0     766
    2    1  253  433  237    0   15    2    2    1     668
    2    1  254  434  225    0   15    2    2    1     828
    2    1  255  435   59    0    4    1    2    0     448
    2    1  256  436  133    0    9    1    2    0    1343
    2    1  257  437  433    0   28    3    2    0     646
    2    1  258  438  325    0   21    3    2    0     509
    2    1  259  439   35    1    3    1    2    0     609
    2    1  260  440  294    0   19    2    2    1     782
    2    1  261  441  193    0   13    2    2    1    1196
    2    1  262  442  196    0   13    2    2    1     704
    2    1  263  443   32    0    2    1    2    0     510
    2    1  264  444  331    0   21    3    2    0    1122
    2    1  265  445  479    1   30    3    2    0     492
    2    1  266  446  332    0   21    3    2    0     519
    2    1  267  447  145    0   10    1    2    0     795
    2    1  268  448  400    0   25    3    2    0     627
    2    1  269  449  372    0   24    3    2    0    3019
    2    1  270  450  360    1   23    3    2    0    1884
    2    1  271  451  450    0   29    3    3    1     478
    2    1  272  452   68    0    5    1    1    1     836
    2    1  273  453  122    0    8    1    1    1     939
    2    1  274  454  146    0   10    1    1    1    1044
    2    1  275  455  446    0   28    3    1    0    1052
    2    1  276  456  175    0   11    2    3    0    1127
    2    1  277  457  471    1   30    3    3    1     550
    2    1  278  458  461    0   29    3    3    1     395
    2    1  279  459  320    0   20    2    2    1     780
    2    1  280  460  170    0   11    2    1    0     954
    2    1  281  461  105    0    7    1    1    1     795
    2    1  282  462  266    1   17    2    2    1     781
    2    1  283  463   46    0    3    1    1    1     919
    2    1  284  464  373    0   24    3    1    0    7285
    2    1  285  465   62    0    4    1    2    0     864
    2    1  286  466  333    0   21    3    2    0     743
    2    1  287  467  263    0   17    2    2    1     770
    2    1  288  468  335    0   21    3    2    0     628
    2    1  289  469  222    0   14    2    2    1     533
    2    1  290  470  394    0   25    3    2    0    1824
    2    1  291  471  398    0   25    3    3    1    1166
    2    1  292  472  397    0   25    3    2    0    2095
    2    1  293  473  391    0   25    3    2    0     670
    2    1  294  474  366    0   23    3    3    1    1123
    2    1  295  475  428    0   27    3    2    0     969
    2    1  296  476  467    0   30    3    2    0    1390
    2    1  297  477  118    0    8    1    1    1     673
    2    1  298  478  200    0   13    2    2    1     608
    2    1  299  479  345    0   22    3    2    0     823
    2    1  300  480  189    0   12    2    2    1    1069
