    1    1    1    1   36    1    3    1    3    0    5917
    1    1    2    2  360    1   23    3    2    0    2818
    1    1    3    3  387    1   25    3    1    0    4226
    1    1    4    4   38    1    3    1    3    0    1662
    1    1    5    5  353    1   23    3    3    1    3583
    1    1    6    6  245    1   16    2    1    0    3116
    1    1    7    7  164    1   11    2    2    1    4769
    1    1    8    8   53    1    4    1    2    0    1054
    1    1    9    9  479    1   30    3    1    0    1384
    1    1   10   10   15    1    1    1    1    1    2353
    1    1   11   11  340    1   22    3    3    1     932
    1    1   12   12   80    1    5    1    2    0    2350
    1    1   13   13  252    1   16    2    3    0    1872
    1    1   14   14  476    1   30    3    3    1    4041
    1    1   15   15  326    1   21    3    1    0    2807
    1    1   16   16    6    1    1    1    2    0    2980
    1    1   17   17  473    1   30    3    2    0    1974
    1    1   18   18  409    1   26    3    2    0    3284
    1    1   19   19  471    1   30    3    3    1    4585
    1    1   20   20  117    1    8    1    1    1    2149
    1    1   21   21  411    1   26    3    2    0    1340
    1    1   22   22  271    1   17    2    2    1    1573
    1    1   23   23  217    1   14    2    1    0    3402
    1    1   24   24  396    1   25    3    3    1    1424
    1    1   25   25  212    1   14    2    2    1    2921
    1    1   26   26  408    1   26    3    3    1     915
    1    1   27   27  424    1   27    3    1    0    4851
    1    1   28   28  201    1   13    2    3    0    2278
    1    1   29   29   71    1    5    1    1    1    3881
    1    1   30   30  219    1   14    2    2    1    1607
    1    1   31   31  280    1   18    2    3    0    1066
    1    1   32   32  250    1   16    2    2    1    2213
    1    1   33   33  266    1   17    2    3    0    1151
    1    1   34   34   33    1    3    1    1    1    1121
    1    1   35   35  359    1   23    3    3    1    2339
    1    1   36   36   49    1    4    1    1    1    1676
    1    1   37   37   37    1    3    1    1    1    1705
    1    1   38   38  120    1    8    1    3    0    3361
    1    1   39   39  406    1   26    3    3    1    1499
    1    1   40   40  276    1   18    2    2    1    1556
    1    1   41   41   56    1    4    1    2    0    3348
    1    1   42   42   16    1    1    1    1    1     989
    1    1   43   43   52    1    4    1    1    1    1920
    1    1   44   44   35    1    3    1    1    1     823
    1    1   45   45  216    1   14    2    2    1    2067
    1    1   46   46  240    1   15    2    3    0    3260
    1    1   47   47  356    1   23    3    3    1     803
    1    1   48   48  290    1   19    2    1    0    1491
    1    1   49   49  289    1   19    2    2    1    1975
    1    1   50   50  269    1   17    2    2    1    2400
    1    1   51   51   58    1    4    1    3    0    1859
    1    1   52   52  272    1   17    2    2    1    1959
    1    1   53   53  380    1   24    3    3    1   10903
    1    1   54   54  182    1   12    2    2    1    1533
    1    1   55   55  465    1   30    3    2    0    1617
    1    1   56   56  121    1    8    1    1    1    1042
    1    1   57   57  448    1   28    3    2    0    2618
    1    1   58   58  267    1   17    2    1    0    2984
    1    1   59   59   66    1    5    1    1    1     866
    1    1   60   60    4    1    1    1    1    1    1860
    1    2    1   61  448    1   28    3    3    1    2516
    1    2    2   62   38    1    3    1    1    1    1282
    1    2    3   63  212    1   14    2    2    1    1550
    1    2    4   64   33    1    3    1    1    1     889
    1    2    5   65  290    1   19    2    3    0    1701
    1    2    6   66  409    1   26    3    3    1    3591
    1    2    7   67   58    1    4    1    3    0    4136
    1    2    8   68    4    1    1    1    1    1     760
    1    2    9   69   15    1    1    1    1    1     809
    1    2   10   70  276    1   18    2    1    0    1595
    1    2   11   71  326    1   21    3    2    0    1618
    1    2   12   72  424    1   27    3    3    1     748
    1    2   13   73  356    1   23    3    3    1    1001
    1    2   14   74  219    1   14    2    1    0    1695
    1    2   15   75  272    1   17    2    3    0    3459
    1    2   16   76   52    1    4    1    2    0    1465
    1    2   17   77  476    1   30    3    3    1    3181
    1    2   18   78  120    1    8    1    1    1    2199
    1    2   19   79   56    1    4    1    2    0    1890
    1    2   20   80  380    1   24    3    3    1    1213
    1    2   21   81  396    1   25    3    3    1     754
    1    2   22   82  269    1   17    2    2    1    1512
    1    2   23   83  465    1   30    3    3    1    1678
    1    2   24   84  117    1    8    1    1    1    1811
    1    2   25   85  473    1   30    3    3    1     868
    1    2   26   86  266    1   17    2    3    0    2131
    1    2   27   87  250    1   16    2    1    0    1774
    1    2   28   88  289    1   19    2    2    1    5963
    1    2   29   89  217    1   14    2    2    1   11757
    1    2   30   90   36    1    3    1    1    1   40793
    1    2   31   91   16    1    1    1    1    1     837
    1    2   32   92  182    1   12    2    3    0    1275
    1    2   33   93  245    1   16    2    2    1    1706
    1    2   34   94  340    1   22    3    3    1    1962
    1    2   35   95   66    1    5    1    1    1    1092
    1    2   36   96  252    1   16    2    2    1    2269
    1    2   37   97   35    1    3    1    1    1     703
    1    2   38   98  267    1   17    2    2    1    3679
    1    2   39   99   53    1    4    1    2    0    2152
    1    2   40  100  280    1   18    2    2    1    1770
    1    2   41  101  121    1    8    1    1    1    2374
    1    2   42  102  201    1   13    2    2    1    1981
    1    2   43  103  406    1   26    3    3    1    2625
    1    2   44  104   71    1    5    1    1    1     897
    1    2   45  105  216    1   14    2    2    1    1663
    1    2   46  106  359    1   23    3    3    1    3016
    1    2   47  107   49    1    4    1    1    1    1753
    1    2   48  108  411    1   26    3    2    0    7827
    1    2   49  109  408    1   26    3    3    1    5855
    1    2   50  110    6    1    1    1    1    1     867
    1    2   51  111  471    1   30    3    3    1    2026
    1    2   52  112  479    1   30    3    2    0    1106
    1    2   53  113  353    1   23    3    3    1     873
    1    2   54  114  271    1   17    2    2    1     973
    1    2   55  115  240    1   15    2    2    1    1243
    1    2   56  116   80    1    5    1    2    0    2056
    1    2   57  117  164    1   11    2    2    1    1331
    1    2   58  118  387    1   25    3    3    1    1512
    1    2   59  119   37    1    3    1    1    1    1076
    1    2   60  120  360    1   23    3    3    1    1348
    1    3    1  121    6    1    1    1    1    1     893
    1    3    2  122  269    1   17    2    3    0    2915
    1    3    3  123  217    1   14    2    3    0    1676
    1    3    4  124   56    1    4    1    2    0    4947
    1    3    5  125  164    1   11    2    2    1    1278
    1    3    6  126  476    1   30    3    3    1    1985
    1    3    7  127   66    1    5    1    1    1     911
    1    3    8  128   58    1    4    1    3    0    2234
    1    3    9  129  117    1    8    1    2    0    1171
    1    3   10  130  216    1   14    2    2    1    1998
    1    3   11  131  252    1   16    2    2    1    1719
    1    3   12  132   52    1    4    1    3    0    1786
    1    3   13  133  396    1   25    3    3    1     834
    1    3   14  134   53    1    4    1    2    0    4170
    1    3   15  135  121    1    8    1    1    1     996
    1    3   16  136  471    1   30    3    3    1    1853
    1    3   17  137  289    1   19    2    2    1    3046
    1    3   18  138   38    1    3    1    1    1     989
    1    3   19  139  245    1   16    2    2    1    1763
    1    3   20  140   35    1    3    1    1    1     760
    1    3   21  141  276    1   18    2    3    0    2304
    1    3   22  142  219    1   14    2    2    1    2675
    1    3   23  143  267    1   17    2    2    1    1716
    1    3   24  144   16    1    1    1    1    1    1498
    1    3   25  145  360    1   23    3    3    1     688
    1    3   26  146  408    1   26    3    3    1    1683
    1    3   27  147  473    1   30    3    3    1    2807
    1    3   28  148  201    1   13    2    2    1    1071
    1    3   29  149   37    1    3    1    1    1     779
    1    3   30  150  411    1   26    3    2    0    2484
    1    3   31  151   33    1    3    1    1    1     708
    1    3   32  152  290    1   19    2    3    0     876
    1    3   33  153  448    1   28    3    3    1    1352
    1    3   34  154  353    1   23    3    3    1     785
    1    3   35  155  280    1   18    2    2    1     909
    1    3   36  156  182    1   12    2    2    1    2039
    1    3   37  157  409    1   26    3    2    0    2096
    1    3   38  158  212    1   14    2    2    1    1607
    1    3   39  159  356    1   23    3    3    1    1158
    1    3   40  160  272    1   17    2    3    0    1079
    1    3   41  161   49    1    4    1    1    1    1975
    1    3   42  162  406    1   26    3    1    0    1703
    1    3   43  163  266    1   17    2    3    0    1139
    1    3   44  164  465    1   30    3    3    1    1753
    1    3   45  165   80    1    5    1    1    1    2848
    1    3   46  166  250    1   16    2    2    1    3157
    1    3   47  167  340    1   22    3    3    1     918
    1    3   48  168   71    1    5    1    1    1     739
    1    3   49  169  271    1   17    2    2    1    2361
    1    3   50  170  359    1   23    3    3    1    2582
    1    3   51  171  240    1   15    2    2    1    2839
    1    3   52  172  326    1   21    3    3    1     998
    1    3   53  173  387    1   25    3    3    1    1460
    1    3   54  174   15    1    1    1    1    1    1093
    1    3   55  175  424    1   27    3    3    1    1481
    1    3   56  176    4    1    1    1    1    1    1093
    1    3   57  177  380    1   24    3    3    1    2271
    1    3   58  178  479    1   30    3    3    1    3920
    1    3   59  179   36    1    3    1    1    1     882
    1    3   60  180  120    1    8    1    1    1    3153
    2    1    1  181  293    0   19    2    3    0    1365
    2    1    2  182  131    0    9    1    1    1    6302
    2    1    3  183  476    1   30    3    3    1    1229
    2    1    4  184  229    0   15    2    3    0     759
    2    1    5  185  383    0   24    3    1    0     893
    2    1    6  186  474    0   30    3    3    1    1071
    2    1    7  187  338    0   22    3    1    0     628
    2    1    8  188   25    0    2    1    2    0    1483
    2    1    9  189  190    0   12    2    3    0     691
    2    1   10  190  241    0   16    2    2    1    1585
    2    1   11  191   31    0    2    1    1    1    2810
    2    1   12  192  322    0   21    3    3    1     647
    2    1   13  193  121    1    8    1    1    1     937
    2    1   14  194  254    0   16    2    2    1    1857
    2    1   15  195   92    0    6    1    3    0     631
    2    1   16  196  442    0   28    3    3    1    1473
    2    1   17  197   85    0    6    1    1    1     794
    2    1   18  198  369    0   24    3    1    0    1163
    2    1   19  199  471    1   30    3    3    1    1245
    2    1   20  200   84    0    6    1    3    0     613
    2    1   21  201   12    0    1    1    1    1    1118
    2    1   22  202  365    0   23    3    3    1     599
    2    1   23  203  361    0   23    3    3    1     572
    2    1   24  204  315    0   20    2    3    0     821
    2    1   25  205  167    0   11    2    1    0    1490
    2    1   26  206  227    0   15    2    2    1    1639
    2    1   27  207   20    0    2    1    3    0    2938
    2    1   28  208   19    0    2    1    2    0    2644
    2    1   29  209  223    0   14    2    2    1    1458
    2    1   30  210  328    0   21    3    3    1     998
    2    1   31  211  205    0   13    2    2    1    1088
    2    1   32  212   93    0    6    1    3    0     720
    2    1   33  213  136    0    9    1    1    1    2283
    2    1   34  214  382    0   24    3    1    0    1338
    2    1   35  215  292    0   19    2    2    1    1581
    2    1   36  216  240    1   15    2    2    1    3389
    2    1   37  217  297    0   19    2    1    0    1836
    2    1   38  218    7    0    1    1    1    1     743
    2    1   39  219  318    0   20    2    3    0     719
    2    1   40  220  191    0   12    2    3    0    1328
    2    1   41  221  230    0   15    2    1    0    1929
    2    1   42  222  213    0   14    2    3    0    1323
    2    1   43  223  194    0   13    2    2    1     796
    2    1   44  224  264    0   17    2    3    0    1089
    2    1   45  225  169    0   11    2    1    0    2448
    2    1   46  226  257    0   17    2    1    0    1094
    2    1   47  227  352    0   22    3    1    0     738
    2    1   48  228  304    0   19    2    3    0    4263
    2    1   49  229   10    0    1    1    1    1    1538
    2    1   50  230  444    0   28    3    3    1     598
    2    1   51  231  139    0    9    1    1    1    1720
    2    1   52  232   59    0    4    1    2    0    1224
    2    1   53  233   57    0    4    1    2    0    3978
    2    1   54  234  245    1   16    2    2    1    3513
    2    1   55  235  415    0   26    3    3    1    1227
    2    1   56  236   73    0    5    1    1    1     829
    2    1   57  237  380    1   24    3    3    1     704
    2    1   58  238  222    0   14    2    3    0    1781
    2    1   59  239   51    0    4    1    1    1     756
    2    1   60  240  401    0   26    3    2    0    7918
    2    1   61  241  188    0   12    2    3    0     627
    2    1   62  242  419    0   27    3    3    1     898
    2    1   63  243  381    0   24    3    1    0     661
    2    1   64  244   32    0    2    1    2    0    3247
    2    1   65  245  450    0   29    3    3    1     632
    2    1   66  246  377    0   24    3    1    0     753
    2    1   67  247  197    0   13    2    2    1     812
    2    1   68  248  119    0    8    1    1    1    1250
    2    1   69  249  291    0   19    2    3    0     631
    2    1   70  250  100    0    7    1    1    1    2188
    2    1   71  251  179    0   12    2    3    0    2006
    2    1   72  252   99    0    7    1    1    1    1150
    2    1   73  253  236    0   15    2    2    1    1735
    2    1   74  254  150    0   10    1    2    0     517
    2    1   75  255  479    1   30    3    3    1    1071
    2    1   76  256   42    0    3    1    1    1    1189
    2    1   77  257   45    0    3    1    1    1     963
    2    1   78  258  305    0   20    2    3    0     907
    2    1   79  259  308    0   20    2    3    0     765
    2    1   80  260  203    0   13    2    2    1     843
    2    1   81  261  165    0   11    2    1    0     574
    2    1   82  262  138    0    9    1    1    1     689
    2    1   83  263   52    1    4    1    1    1    1564
    2    1   84  264  217    1   14    2    2    1    2673
    2    1   85  265  286    0   18    2    2    1    2925
    2    1   86  266  417    0   27    3    2    0    2825
    2    1   87  267  435    0   28    3    3    1    2152
    2    1   88  268   24    0    2    1    3    0    2426
    2    1   89  269  320    0   20    2    3    0     683
    2    1   90  270  303    0   19    2    3    0    1059
    2    1   91  271  333    0   21    3    3    1    3777
    2    1   92  272  105    0    7    1    1    1    3249
    2    1   93  273   43    0    3    1    1    1     878
    2    1   94  274  432    0   27    3    3    1     580
    2    1   95  275  454    0   29    3    2    0    1162
    2    1   96  276  146    0   10    1    1    1     914
    2    1   97  277  184    0   12    2    3    0     714
    2    1   98  278  306    0   20    2    3    0     646
    2    1   99  279   16    1    1    1    1    1    1028
    2    1  100  280  424    1   27    3    3    1     648
    2    1  101  281  389    0   25    3    3    1    1911
    2    1  102  282  343    0   22    3    1    0    1894
    2    1  103  283  122    0    8    1    1    1    1486
    2    1  104  284  267    1   17    2    3    0    4009
    2    1  105  285  376    0   24    3    1    0     733
    2    1  106  286    8    0    1    1    2    0    2064
    2    1  107  287  149    0   10    1    2    0    1998
    2    1  108  288  440    0   28    3    3    1     681
    2    1  109  289  196    0   13    2    2    1     637
    2    1  110  290    1    0    1    1    1    1    2283
    2    1  111  291  462    0   29    3    2    0    1612
    2    1  112  292  178    0   12    2    3    0     890
    2    1  113  293  153    0   10    1    1    1     900
    2    1  114  294   79    0    5    1    1    1    1049
    2    1  115  295   76    0    5    1    2    0    2185
    2    1  116  296  253    0   16    2    1    0    1507
    2    1  117  297  124    0    8    1    1    1    1499
    2    1  118  298  103    0    7    1    1    1    1308
    2    1  119  299  379    0   24    3    1    0     666
    2    1  120  300  243    0   16    2    3    0    3585
    2    1  121  301  175    0   11    2    3    0    2397
    2    1  122  302  221    0   14    2    3    0    2183
    2    1  123  303  151    0   10    1    2    0    1075
    2    1  124  304  451    0   29    3    2    0     883
    2    1  125  305   39    0    3    1    1    1    1226
    2    1  126  306  114    0    8    1    1    1     891
    2    1  127  307  102    0    7    1    2    0    1269
    2    1  128  308  390    0   25    3    2    0    1477
    2    1  129  309  226    0   15    2    2    1    1193
    2    1  130  310  434    0   28    3    1    0    2108
    2    1  131  311  266    1   17    2    3    0    1014
    2    1  132  312  234    0   15    2    2    1    4295
    2    1  133  313  277    0   18    2    2    1    1031
    2    1  134  314  455    0   29    3    2    0     994
    2    1  135  315  311    0   20    2    3    0    1193
    2    1  136  316  430    0   27    3    3    1     869
    2    1  137  317  346    0   22    3    1    0     899
    2    1  138  318  200    0   13    2    2    1     756
    2    1  139  319  321    0   21    3    3    1    1515
    2    1  140  320  181    0   12    2    3    0    1031
    2    1  141  321   61    0    4    1    2    0    1751
    2    1  142  322  403    0   26    3    3    1    1419
    2    1  143  323  171    0   11    2    1    0     612
    2    1  144  324   95    0    6    1    3    0    1623
    2    1  145  325  337    0   22    3    1    0    3102
    2    1  146  326  270    0   17    2    3    0     817
    2    1  147  327  155    0   10    1    2    0    1072
    2    1  148  328   14    0    1    1    1    1    1038
    2    1  149  329  140    0    9    1    2    0    1089
    2    1  150  330  423    0   27    3    3    1     844
    2    1  151  331   44    0    3    1    2    0     953
    2    1  152  332  408    1   26    3    3    1    1897
    2    1  153  333   90    0    6    1    3    0     734
    2    1  154  334  351    0   22    3    1    0     884
    2    1  155  335  433    0   28    3    3    1    3455
    2    1  156  336  271    1   17    2    3    0    1455
    2    1  157  337  156    0   10    1    1    1     698
    2    1  158  338  393    0   25    3    3    1    2646
    2    1  159  339   40    0    3    1    1    1     602
    2    1  160  340  202    0   13    2    2    1     737
    2    1  161  341  118    0    8    1    1    1    1153
    2    1  162  342  172    0   11    2    1    0    2114
    2    1  163  343  313    0   20    2    3    0     754
    2    1  164  344  400    0   25    3    3    1    1983
    2    1  165  345    3    0    1    1    1    1    1297
    2    1  166  346   80    1    5    1    2    0    2399
    2    1  167  347   81    0    6    1    3    0     806
    2    1  168  348  106    0    7    1    3    0    1051
    2    1  169  349  111    0    7    1    2    0    1457
    2    1  170  350  123    0    8    1    1    1    2485
    2    1  171  351  296    0   19    2    2    1    1316
    2    1  172  352  396    1   25    3    3    1    1187
    2    1  173  353  268    0   17    2    2    1    1195
    2    1  174  354  436    0   28    3    1    0    1375
    2    1  175  355  280    1   18    2    2    1    1248
    2    1  176  356  260    0   17    2    2    1     696
    2    1  177  357  232    0   15    2    2    1    1169
    2    1  178  358   37    1    3    1    1    1    1188
    2    1  179  359   88    0    6    1    3    0     990
    2    1  180  360  411    1   26    3    3    1     939
    2    1  181  361  310    0   20    2    2    1    2311
    2    1  182  362  445    0   28    3    1    0     774
    2    1  183  363  134    0    9    1    1    1    1043
    2    1  184  364   36    1    3    1    1    1     746
    2    1  185  365  248    0   16    2    2    1    1129
    2    1  186  366  239    0   15    2    2    1     683
    2    1  187  367   27    0    2    1    1    1     871
    2    1  188  368   91    0    6    1    3    0     596
    2    1  189  369  394    0   25    3    3    1    3373
    2    1  190  370  464    0   29    3    2    0     824
    2    1  191  371   87    0    6    1    3    0    1669
    2    1  192  372   63    0    4    1    1    1    1152
    2    1  193  373  284    0   18    2    2    1     942
    2    1  194  374  132    0    9    1    1    1     922
    2    1  195  375  461    0   29    3    2    0    2555
    2    1  196  376  371    0   24    3    1    0     607
    2    1  197  377  406    1   26    3    2    0     961
    2    1  198  378  349    0   22    3    1    0     721
    2    1  199  379  120    1    8    1    1    1     827
    2    1  200  380  347    0   22    3    1    0     612
    2    1  201  381  113    0    8    1    2    0    1532
    2    1  202  382  449    0   29    3    2    0     683
    2    1  203  383  273    0   18    2    1    0    3075
    2    1  204  384  187    0   12    2    3    0     729
    2    1  205  385  452    0   29    3    2    0    1500
    2    1  206  386  288    0   18    2    1    0    1870
    2    1  207  387  475    0   30    3    3    1    3899
    2    1  208  388  101    0    7    1    1    1    2102
    2    1  209  389  135    0    9    1    1    1     718
    2    1  210  390  325    0   21    3    2    0    1393
    2    1  211  391  418    0   27    3    3    1     906
    2    1  212  392  323    0   21    3    2    0    2061
    2    1  213  393   66    1    5    1    1    1     678
    2    1  214  394  276    1   18    2    1    0    1515
    2    1  215  395  281    0   18    2    1    0     951
    2    1  216  396  162    0   11    2    2    1    1422
    2    1  217  397  412    0   26    3    2    0    3001
    2    1  218  398  467    0   30    3    1    0    1420
    2    1  219  399  208    0   13    2    2    1     733
    2    1  220  400  263    0   17    2    2    1    2041
    2    1  221  401  329    0   21    3    3    1     659
    2    1  222  402  453    0   29    3    1    0    1088
    2    1  223  403  112    0    7    1    1    1     585
    2    1  224  404  206    0   13    2    1    0     581
    2    1  225  405  345    0   22    3    3    1     736
    2    1  226  406   34    0    3    1    1    1     792
    2    1  227  407   50    0    4    1    2    0    1258
    2    1  228  408  332    0   21    3    2    0    1418
    2    1  229  409  117    1    8    1    1    1    1084
    2    1  230  410  161    0   11    2    1    0     762
    2    1  231  411   35    1    3    1    1    1     928
    2    1  232  412  272    1   17    2    3    0    1298
    2    1  233  413   82    0    6    1    3    0     633
    2    1  234  414  425    0   27    3    3    1     918
    2    1  235  415  212    1   14    2    3    0    2544
    2    1  236  416  416    0   26    3    3    1    1414
    2    1  237  417  317    0   20    2    3    0     712
    2    1  238  418  275    0   18    2    1    0    1291
    2    1  239  419  428    0   27    3    3    1     914
    2    1  240  420  439    0   28    3    3    1     616
    2    1  241  421   77    0    5    1    1    1     815
    2    1  242  422   71    1    5    1    1    1     690
    2    1  243  423  246    0   16    2    2    1     826
    2    1  244  424  158    0   10    1    1    1     745
    2    1  245  425  373    0   24    3    1    0     637
    2    1  246  426  350    0   22    3    1    0     743
    2    1  247  427  173    0   11    2    1    0     866
    2    1  248  428  170    0   11    2    1    0     717
    2    1  249  429  422    0   27    3    3    1    1170
    2    1  250  430  192    0   12    2    3    0     611
    2    1  251  431  397    0   25    3    3    1    1491
    2    1  252  432  431    0   27    3    3    1     589
    2    1  253  433  299    0   19    2    1    0     742
    2    1  254  434  238    0   15    2    3    0     649
    2    1  255  435  130    0    9    1    2    0    1411
    2    1  256  436  460    0   29    3    2    0    2190
    2    1  257  437  160    0   10    1    2    0     881
    2    1  258  438  210    0   14    2    2    1    3091
    2    1  259  439  127    0    8    1    1    1     605
    2    1  260  440  261    0   17    2    3    0     633
    2    1  261  441  316    0   20    2    3    0     518
    2    1  262  442  242    0   16    2    2    1    1001
    2    1  263  443   98    0    7    1    1    1    1268
    2    1  264  444  218    0   14    2    2    1    3475
    2    1  265  445  480    0   30    3    3    1    1040
    2    1  266  446  339    0   22    3    1    0     589
    2    1  267  447  133    0    9    1    2    0     722
    2    1  268  448   48    0    3    1    1    1     580
    2    1  269  449  326    1   21    3    3    1     674
    2    1  270  450  116    0    8    1    1    1     673
    2    1  271  451  224    0   14    2    2    1    1302
    2    1  272  452   86    0    6    1    3    0     942
    2    1  273  453  392    0   25    3    2    0    1232
    2    1  274  454  478    0   30    3    3    1    1507
    2    1  275  455  250    1   16    2    2    1    1105
    2    1  276  456   47    0    3    1    1    1     920
    2    1  277  457    9    0    1    1    2    0     783
    2    1  278  458   21    0    2    1    3    0    1978
    2    1  279  459  366    0   23    3    3    1     699
    2    1  280  460  282    0   18    2    2    1    1838
    2    1  281  461  168    0   11    2    3    0     844
    2    1  282  462   33    1    3    1    1    1     686
    2    1  283  463  262    0   17    2    3    0    1276
    2    1  284  464  247    0   16    2    2    1    1205
    2    1  285  465  360    1   23    3    3    1     598
    2    1  286  466  157    0   10    1    1    1     761
    2    1  287  467  342    0   22    3    3    1    2072
    2    1  288  468   78    0    5    1    1    1     715
    2    1  289  469  312    0   20    2    3    0    1006
    2    1  290  470   15    1    1    1    1    1    1328
    2    1  291  471  244    0   16    2    2    1     881
    2    1  292  472   38    1    3    1    1    1     635
    2    1  293  473  363    0   23    3    3    1     654
    2    1  294  474  231    0   15    2    1    0     710
    2    1  295  475  143    0    9    1    2    0     995
    2    1  296  476  429    0   27    3    3    1    1818
    2    1  297  477  438    0   28    3    3    1    4073
    2    1  298  478  180    0   12    2    3    0     707
    2    1  299  479  104    0    7    1    3    0     938
    2    1  300  480  309    0   20    2    2    1    1471
