    1    1    1    1  136    1    9    1    1    1    7224
    1    1    2    2  330    1   21    3    2    0    2662
    1    1    3    3   85    1    6    1    2    0    1153
    1    1    4    4  376    1   24    3    2    0     359
    1    1    5    5  306    1   20    2    2    1     414
    1    1    6    6  241    1   16    2    3    0    2002
    1    1    7    7  250    1   16    2    3    0     310
    1    1    8    8   62    1    4    1    3    0    2143
    1    1    9    9  327    1   21    3    2    0    1549
    1    1   10   10  443    1   28    3    1    0    3476
    1    1   11   11  337    1   22    3    3    1     974
    1    1   12   12  308    1   20    2    2    1     299
    1    1   13   13  471    1   30    3    1    0     611
    1    1   14   14  395    1   25    3    3    1     208
    1    1   15   15  423    1   27    3    2    0     749
    1    1   16   16   96    1    6    1    1    1     307
    1    1   17   17  224    1   14    2    1    0     524
    1    1   18   18  279    1   18    2    3    0     460
    1    1   19   19  190    1   12    2    1    0     302
    1    1   20   20  293    1   19    2    3    0     279
    1    1   21   21   72    1    5    1    1    1     241
    1    1   22   22  203    1   13    2    3    0     172
    1    1   23   23   55    1    4    1    2    0     170
    1    1   24   24   17    1    2    1    1    1     200
    1    1   25   25  163    1   11    2    3    0     243
    1    1   26   26  465    1   30    3    1    0     224
    1    1   27   27  456    1   29    3    2    0     235
    1    1   28   28  115    1    8    1    1    1     231
    1    1   29   29  170    1   11    2    3    0     258
    1    1   30   30  148    1   10    1    3    0     204
    1    1   31   31   34    1    3    1    1    1     153
    1    1   32   32  125    1    8    1    2    0     312
    1    1   33   33  135    1    9    1    3    0     304
    1    1   34   34  238    1   15    2    1    0     265
    1    1   35   35  359    1   23    3    2    0     227
    1    1   36   36  455    1   29    3    1    0     223
    1    1   37   37  146    1   10    1    3    0     219
    1    1   38   38  413    1   26    3    2    0     230
    1    1   39   39  106    1    7    1    1    1     178
    1    1   40   40  405    1   26    3    3    1     257
    1    1   41   41  186    1   12    2    1    0     201
    1    1   42   42  446    1   28    3    2    0     246
    1    1   43   43   73    1    5    1    3    0     273
    1    1   44   44   31    1    2    1    1    1     282
    1    1   45   45  229    1   15    2    2    1     276
    1    1   46   46  195    1   13    2    3    0     206
    1    1   47   47  278    1   18    2    1    0     251
    1    1   48   48  272    1   17    2    2    1     213
    1    1   49   49   40    1    3    1    3    0     241
    1    1   50   50  420    1   27    3    1    0       0
    1    1   51   51  381    1   24    3    3    1     609
    1    1   52   52    7    1    1    1    1    1     222
    1    1   53   53  215    1   14    2    3    0     201
    1    1   54   54  397    1   25    3    1    0     326
    1    1   55   55   16    1    1    1    2    0     238
    1    1   56   56  355    1   23    3    3    1     234
    1    1   57   57  267    1   17    2    1    0     228
    1    1   58   58  111    1    7    1    3    0     192
    1    1   59   59  339    1   22    3    2    0     173
    1    1   60   60  297    1   19    2    1    0     202
    1    2    1   61  339    1   22    3    3    1      56
    1    2    2   62  238    1   15    2    1    0     378
    1    2    3   63  163    1   11    2    2    1     207
    1    2    4   64   72    1    5    1    1    1     380
    1    2    5   65   73    1    5    1    3    0     257
    1    2    6   66  337    1   22    3    2    0     299
    1    2    7   67   96    1    6    1    1    1     260
    1    2    8   68   62    1    4    1    2    0     206
    1    2    9   69  397    1   25    3    3    1     332
    1    2   10   70   34    1    3    1    3    0     243
    1    2   11   71  455    1   29    3    2    0     270
    1    2   12   72  267    1   17    2    1    0     584
    1    2   13   73  106    1    7    1    3    0     294
    1    2   14   74  135    1    9    1    2    0     495
    1    2   15   75  136    1    9    1    1    1     369
    1    2   16   76  381    1   24    3    3    1     198
    1    2   17   77  186    1   12    2    1    0     323
    1    2   18   78  405    1   26    3    1    0     570
    1    2   19   79  203    1   13    2    2    1     185
    1    2   20   80  413    1   26    3    1    0     230
    1    2   21   81  443    1   28    3    3    1     225
    1    2   22   82  423    1   27    3    2    0     126
    1    2   23   83  279    1   18    2    1    0     238
    1    2   24   84  241    1   16    2    3    0     266
    1    2   25   85  229    1   15    2    1    0     211
    1    2   26   86  297    1   19    2    2    1     272
    1    2   27   87  195    1   13    2    1    0     201
    1    2   28   88  420    1   27    3    3    1     246
    1    2   29   89   16    1    1    1    1    1     257
    1    2   30   90  359    1   23    3    1    0     460
    1    2   31   91  456    1   29    3    2    0     207
    1    2   32   92   17    1    2    1    1    1     235
    1    2   33   93  224    1   14    2    3    0     199
    1    2   34   94  306    1   20    2    1    0     165
    1    2   35   95  471    1   30    3    2    0     210
    1    2   36   96   40    1    3    1    3    0     239
    1    2   37   97  355    1   23    3    1    0     267
    1    2   38   98  446    1   28    3    1    0     357
    1    2   39   99   85    1    6    1    3    0     251
    1    2   40  100  115    1    8    1    2    0     230
    1    2   41  101  330    1   21    3    1    0     194
    1    2   42  102  327    1   21    3    3    1     111
    1    2   43  103  146    1   10    1    1    1     223
    1    2   44  104  376    1   24    3    3    1     203
    1    2   45  105  215    1   14    2    1    0      40
    1    2   46  106  293    1   19    2    2    1     171
    1    2   47  107  395    1   25    3    3    1     201
    1    2   48  108  170    1   11    2    1    0     231
    1    2   49  109  465    1   30    3    2    0     321
    1    2   50  110  125    1    8    1    1    1     218
    1    2   51  111    7    1    1    1    2    0     230
    1    2   52  112  308    1   20    2    1    0     225
    1    2   53  113   55    1    4    1    2    0     189
    1    2   54  114  111    1    7    1    1    1     187
    1    2   55  115  250    1   16    2    2    1     184
    1    2   56  116  190    1   12    2    1    0     214
    1    2   57  117  148    1   10    1    2    0     290
    1    2   58  118  278    1   18    2    1    0     155
    1    2   59  119  272    1   17    2    1    0     570
    1    2   60  120   31    1    2    1    2    0     248
    1    3    1  121  163    1   11    2    1    0     626
    1    3    2  122  413    1   26    3    1    0     527
    1    3    3  123  203    1   13    2    2    1     303
    1    3    4  124  186    1   12    2    1    0     231
    1    3    5  125  456    1   29    3    2    0     258
    1    3    6  126  195    1   13    2    1    0     142
    1    3    7  127   17    1    2    1    2    0     269
    1    3    8  128  330    1   21    3    1    0     247
    1    3    9  129  306    1   20    2    2    1     227
    1    3   10  130   40    1    3    1    3    0     302
    1    3   11  131  170    1   11    2    1    0     182
    1    3   12  132  297    1   19    2    2    1       0
    1    3   13  133  190    1   12    2    1    0     153
    1    3   14  134  148    1   10    1    3    0     231
    1    3   15  135  229    1   15    2    1    0     227
    1    3   16  136  279    1   18    2    2    1     239
    1    3   17  137  397    1   25    3    3    1     251
    1    3   18  138  115    1    8    1    1    1      22
    1    3   19  139   16    1    1    1    2    0      42
    1    3   20  140  111    1    7    1    3    0      77
    1    3   21  141  278    1   18    2    1    0       0
    1    3   22  142  376    1   24    3    2    0       0
    1    3   23  143  241    1   16    2    3    0       0
    1    3   24  144  106    1    7    1    1    1       0
    1    3   25  145  337    1   22    3    2    0     258
    1    3   26  146   55    1    4    1    3    0     301
    1    3   27  147  224    1   14    2    2    1     198
    1    3   28  148  238    1   15    2    2    1     226
    1    3   29  149  423    1   27    3    2    0     400
    1    3   30  150  267    1   17    2    2    1     243
    1    3   31  151  339    1   22    3    1    0     336
    1    3   32  152  136    1    9    1    2    0     247
    1    3   33  153  250    1   16    2    2    1     418
    1    3   34  154  471    1   30    3    1    0     437
    1    3   35  155  359    1   23    3    1    0     808
    1    3   36  156  405    1   26    3    2    0     237
    1    3   37  157  355    1   23    3    3    1     665
    1    3   38  158   34    1    3    1    1    1     979
    1    3   39  159   31    1    2    1    2    0    1264
    1    3   40  160  146    1   10    1    1    1    1138
    1    3   41  161  381    1   24    3    1    0     393
    1    3   42  162    7    1    1    1    2    0     287
    1    3   43  163  395    1   25    3    3    1     264
    1    3   44  164  135    1    9    1    3    0     594
    1    3   45  165  446    1   28    3    1    0     367
    1    3   46  166  455    1   29    3    2    0     294
    1    3   47  167  465    1   30    3    1    0     382
    1    3   48  168  420    1   27    3    3    1     676
    1    3   49  169  308    1   20    2    1    0     334
    1    3   50  170   73    1    5    1    2    0     614
    1    3   51  171  327    1   21    3    2    0     946
    1    3   52  172   96    1    6    1    1    1     192
    1    3   53  173  125    1    8    1    1    1     622
    1    3   54  174  443    1   28    3    2    0     265
    1    3   55  175   62    1    4    1    1    1     884
    1    3   56  176  215    1   14    2    1    0    1127
    1    3   57  177   72    1    5    1    2    0     206
    1    3   58  178  272    1   17    2    1    0     363
    1    3   59  179   85    1    6    1    1    1     609
    1    3   60  180  293    1   19    2    2    1     254
    2    1    1  181  273    0   18    2    1    0    2333
    2    1    2  182  104    0    7    1    3    0    1952
    2    1    3  183   73    1    5    1    2    0       0
    2    1    4  184  407    0   26    3    2    0    1303
    2    1    5  185   19    0    2    1    1    1     818
    2    1    6  186  137    0    9    1    3    0     675
    2    1    7  187  458    0   29    3    1    0     521
    2    1    8  188  355    1   23    3    2    0     341
    2    1    9  189  287    0   18    2    3    0     455
    2    1   10  190  141    0    9    1    1    1     341
    2    1   11  191  336    0   21    3    2    0     311
    2    1   12  192  382    0   24    3    3    1     299
    2    1   13  193  218    0   14    2    2    1     288
    2    1   14  194  244    0   16    2    1    0     308
    2    1   15  195  375    0   24    3    2    0     376
    2    1   16  196  326    0   21    3    3    1     409
    2    1   17  197  121    0    8    1    1    1     299
    2    1   18  198  274    0   18    2    2    1     272
    2    1   19  199  374    0   24    3    3    1     277
    2    1   20  200   98    0    7    1    2    0     298
    2    1   21  201  415    0   26    3    1    0     271
    2    1   22  202  330    1   21    3    2    0     228
    2    1   23  203  201    0   13    2    3    0     671
    2    1   24  204  417    0   27    3    2    0     821
    2    1   25  205  461    0   29    3    3    1     596
    2    1   26  206   95    0    6    1    2    0     445
    2    1   27  207   59    0    4    1    3    0     492
    2    1   28  208  476    0   30    3    2    0     552
    2    1   29  209  306    1   20    2    3    0     707
    2    1   30  210  453    0   29    3    2    0     551
    2    1   31  211  289    0   19    2    1    0     549
    2    1   32  212  208    0   13    2    1    0     684
    2    1   33  213   85    1    6    1    1    1     578
    2    1   34  214  311    0   20    2    2    1     411
    2    1   35  215  230    0   15    2    2    1     588
    2    1   36  216  255    0   16    2    3    0     452
    2    1   37  217  454    0   29    3    2    0     516
    2    1   38  218  112    0    7    1    1    1     335
    2    1   39  219   57    0    4    1    3    0     914
    2    1   40  220  405    1   26    3    1    0     430
    2    1   41  221  192    0   12    2    2    1     492
    2    1   42  222  401    0   26    3    3    1     361
    2    1   43  223  185    0   12    2    2    1     235
    2    1   44  224  472    0   30    3    1    0     455
    2    1   45  225  321    0   21    3    2    0     805
    2    1   46  226  298    0   19    2    3    0     597
    2    1   47  227  288    0   18    2    2    1     590
    2    1   48  228  421    0   27    3    1    0     791
    2    1   49  229  267    1   17    2    2    1     616
    2    1   50  230  277    0   18    2    3    0     433
    2    1   51  231  265    0   17    2    2    1     463
    2    1   52  232  284    0   18    2    1    0     413
    2    1   53  233  124    0    8    1    3    0     525
    2    1   54  234  105    0    7    1    1    1     394
    2    1   55  235  132    0    9    1    3    0     428
    2    1   56  236  196    0   13    2    1    0     698
    2    1   57  237  154    0   10    1    2    0     638
    2    1   58  238   45    0    3    1    2    0     854
    2    1   59  239  257    0   17    2    3    0     500
    2    1   60  240  223    0   14    2    1    0     384
    2    1   61  241  211    0   14    2    2    1     722
    2    1   62  242   61    0    4    1    3    0     549
    2    1   63  243  263    0   17    2    2    1     496
    2    1   64  244  307    0   20    2    3    0     573
    2    1   65  245  333    0   21    3    1    0     454
    2    1   66  246  353    0   23    3    3    1     389
    2    1   67  247   90    0    6    1    2    0     549
    2    1   68  248  174    0   11    2    1    0     671
    2    1   69  249  264    0   17    2    3    0     597
    2    1   70  250  335    0   21    3    2    0     573
    2    1   71  251  147    0   10    1    1    1     696
    2    1   72  252  268    0   17    2    2    1     716
    2    1   73  253  359    1   23    3    1    0     656
    2    1   74  254  247    0   16    2    1    0    1030
    2    1   75  255  232    0   15    2    2    1     397
    2    1   76  256  320    0   20    2    3    0     381
    2    1   77  257  473    0   30    3    1    0     927
    2    1   78  258  446    1   28    3    1    0    1178
    2    1   79  259  171    0   11    2    2    1     476
    2    1   80  260  142    0    9    1    3    0     633
    2    1   81  261  278    1   18    2    1    0     480
    2    1   82  262  459    0   29    3    1    0     734
    2    1   83  263  395    1   25    3    2    0     944
    2    1   84  264  166    0   11    2    1    0     876
    2    1   85  265   81    0    6    1    2    0    1434
    2    1   86  266   40    1    3    1    3    0     369
    2    1   87  267  422    0   27    3    1    0     355
    2    1   88  268  390    0   25    3    1    0     755
    2    1   89  269   99    0    7    1    2    0     518
    2    1   90  270  173    0   11    2    3    0     370
    2    1   91  271  110    0    7    1    1    1     692
    2    1   92  272   27    0    2    1    2    0     521
    2    1   93  273  409    0   26    3    1    0     854
    2    1   94  274   38    0    3    1    2    0     851
    2    1   95  275  262    0   17    2    1    0     371
    2    1   96  276  462    0   29    3    2    0     308
    2    1   97  277  392    0   25    3    2    0     632
    2    1   98  278  445    0   28    3    1    0    1279
    2    1   99  279   30    0    2    1    3    0    1181
    2    1  100  280  404    0   26    3    2    0    1565
    2    1  101  281  102    0    7    1    1    1    2496
    2    1  102  282  371    0   24    3    2    0     444
    2    1  103  283  381    1   24    3    1    0    4602
    2    1  104  284  293    1   19    2    2    1    1075
    2    1  105  285   67    0    5    1    2    0     712
    2    1  106  286  136    1    9    1    1    1     509
    2    1  107  287   80    0    5    1    3    0     408
    2    1  108  288  388    0   25    3    2    0     376
    2    1  109  289  362    0   23    3    1    0     570
    2    1  110  290  116    0    8    1    2    0     372
    2    1  111  291   31    1    2    1    3    0     422
    2    1  112  292  361    0   23    3    1    0     438
    2    1  113  293   22    0    2    1    3    0     645
    2    1  114  294  467    0   30    3    1    0     908
    2    1  115  295  396    0   25    3    2    0     345
    2    1  116  296  164    0   11    2    3    0     346
    2    1  117  297  258    0   17    2    1    0     333
    2    1  118  298  317    0   20    2    2    1     383
    2    1  119  299  416    0   26    3    3    1     337
    2    1  120  300  408    0   26    3    1    0     339
    2    1  121  301   49    0    4    1    3    0     343
    2    1  122  302  296    0   19    2    2    1     346
    2    1  123  303  331    0   21    3    3    1     414
    2    1  124  304  301    0   19    2    1    0     492
    2    1  125  305  128    0    8    1    2    0     378
    2    1  126  306  181    0   12    2    3    0     716
    2    1  127  307  113    0    8    1    2    0     574
    2    1  128  308  281    0   18    2    3    0     297
    2    1  129  309   56    0    4    1    2    0     350
    2    1  130  310    4    0    1    1    1    1     320
    2    1  131  311  444    0   28    3    2    0     484
    2    1  132  312  162    0   11    2    3    0     548
    2    1  133  313  474    0   30    3    2    0     428
    2    1  134  314  160    0   10    1    1    1     378
    2    1  135  315  167    0   11    2    2    1     380
    2    1  136  316   87    0    6    1    3    0     494
    2    1  137  317  266    0   17    2    1    0     362
    2    1  138  318   33    0    3    1    3    0     380
    2    1  139  319  159    0   10    1    1    1     365
    2    1  140  320  190    1   12    2    2    1     398
    2    1  141  321   26    0    2    1    1    1     383
    2    1  142  322   18    0    2    1    3    0     561
    2    1  143  323  254    0   16    2    2    1     619
    2    1  144  324  176    0   11    2    1    0     627
    2    1  145  325  363    0   23    3    2    0     954
    2    1  146  326  341    0   22    3    3    1     404
    2    1  147  327  203    1   13    2    1    0     454
    2    1  148  328  436    0   28    3    2    0     739
    2    1  149  329  165    0   11    2    1    0     742
    2    1  150  330  329    0   21    3    3    1     505
    2    1  151  331  125    1    8    1    1    1     438
    2    1  152  332  354    0   23    3    2    0     453
    2    1  153  333  148    1   10    1    1    1     692
    2    1  154  334  369    0   24    3    3    1     377
    2    1  155  335  172    0   11    2    2    1     282
    2    1  156  336  161    0   11    2    1    0     400
    2    1  157  337  424    0   27    3    2    0     720
    2    1  158  338  106    1    7    1    3    0     739
    2    1  159  339  431    0   27    3    2    0     583
    2    1  160  340  398    0   25    3    3    1     384
    2    1  161  341  243    0   16    2    2    1     466
    2    1  162  342  426    0   27    3    1    0     639
    2    1  163  343  451    0   29    3    3    1     584
    2    1  164  344  308    1   20    2    2    1     547
    2    1  165  345  169    0   11    2    2    1     683
    2    1  166  346    1    0    1    1    2    0     864
    2    1  167  347  114    0    8    1    1    1     862
    2    1  168  348  351    0   22    3    2    0    1132
    2    1  169  349  155    0   10    1    1    1    1119
    2    1  170  350  234    0   15    2    1    0     835
    2    1  171  351   35    0    3    1    2    0     449
    2    1  172  352  270    0   17    2    3    0     656
    2    1  173  353   92    0    6    1    2    0     758
    2    1  174  354  239    0   15    2    3    0     377
    2    1  175  355  420    1   27    3    1    0     682
    2    1  176  356  352    0   22    3    3    1     688
    2    1  177  357   17    1    2    1    2    0     884
    2    1  178  358  282    0   18    2    1    0     977
    2    1  179  359  368    0   23    3    2    0     923
    2    1  180  360  384    0   24    3    1    0     567
    2    1  181  361   79    0    5    1    3    0     800
    2    1  182  362  210    0   14    2    2    1     784
    2    1  183  363  419    0   27    3    1    0     689
    2    1  184  364  280    0   18    2    2    1     631
    2    1  185  365  470    0   30    3    3    1    1103
    2    1  186  366   21    0    2    1    2    0     930
    2    1  187  367  202    0   13    2    1    0     461
    2    1  188  368  300    0   19    2    1    0    1131
    2    1  189  369  364    0   23    3    2    0     928
    2    1  190  370   94    0    6    1    2    0    1434
    2    1  191  371  441    0   28    3    1    0     432
    2    1  192  372   97    0    7    1    2    0     496
    2    1  193  373  394    0   25    3    3    1     509
    2    1  194  374  150    0   10    1    1    1     473
    2    1  195  375  437    0   28    3    2    0     391
    2    1  196  376  313    0   20    2    3    0     392
    2    1  197  377  220    0   14    2    1    0     409
    2    1  198  378   53    0    4    1    2    0     522
    2    1  199  379  297    1   19    2    3    0     774
    2    1  200  380  418    0   27    3    1    0     423
    2    1  201  381  457    0   29    3    2    0     824
    2    1  202  382   82    0    6    1    3    0    1512
    2    1  203  383  464    0   29    3    1    0    4076
    2    1  204  384  122    0    8    1    2    0     298
    2    1  205  385  380    0   24    3    3    1     366
    2    1  206  386  339    1   22    3    1    0     384
    2    1  207  387  400    0   25    3    2    0     689
    2    1  208  388  304    0   19    2    1    0     598
    2    1  209  389  309    0   20    2    3    0     544
    2    1  210  390  378    0   24    3    2    0     553
    2    1  211  391  189    0   12    2    1    0     420
    2    1  212  392  199    0   13    2    2    1     579
    2    1  213  393  175    0   11    2    3    0     366
    2    1  214  394  337    1   22    3    1    0     303
    2    1  215  395   69    0    5    1    2    0     277
    2    1  216  396  324    0   21    3    1    0     329
    2    1  217  397   46    0    3    1    3    0     428
    2    1  218  398   77    0    5    1    2    0     364
    2    1  219  399  349    0   22    3    1    0     414
    2    1  220  400  249    0   16    2    2    1     366
    2    1  221  401   43    0    3    1    3    0     384
    2    1  222  402  480    0   30    3    1    0     401
    2    1  223  403  366    0   23    3    2    0     353
    2    1  224  404  439    0   28    3    3    1     340
    2    1  225  405  213    0   14    2    2    1     391
    2    1  226  406  403    0   26    3    1    0     343
    2    1  227  407   93    0    6    1    3    0     315
    2    1  228  408  435    0   28    3    2    0     287
    2    1  229  409  156    0   10    1    1    1     388
    2    1  230  410  117    0    8    1    3    0     469
    2    1  231  411  448    0   28    3    2    0     675
    2    1  232  412  432    0   27    3    3    1     489
    2    1  233  413    9    0    1    1    1    1     390
    2    1  234  414  227    0   15    2    2    1    5063
    2    1  235  415  153    0   10    1    3    0    1086
    2    1  236  416   88    0    6    1    1    1     658
    2    1  237  417  315    0   20    2    1    0    6697
    2    1  238  418  373    0   24    3    2    0    1086
    2    1  239  419  428    0   27    3    2    0    2003
    2    1  240  420  221    0   14    2    1    0    5764
    2    1  241  421  238    1   15    2    3    0     301
    2    1  242  422  357    0   23    3    2    0     339
    2    1  243  423  149    0   10    1    2    0     453
    2    1  244  424   28    0    2    1    1    1     468
    2    1  245  425  236    0   15    2    2    1     738
    2    1  246  426  389    0   25    3    1    0     901
    2    1  247  427  204    0   13    2    3    0     353
    2    1  248  428  440    0   28    3    2    0     261
    2    1  249  429   16    1    1    1    1    1     346
    2    1  250  430  120    0    8    1    3    0     412
    2    1  251  431  370    0   24    3    2    0     413
    2    1  252  432  226    0   15    2    1    0     365
    2    1  253  433   91    0    6    1    3    0     399
    2    1  254  434  250    1   16    2    2    1     545
    2    1  255  435   70    0    5    1    1    1     299
    2    1  256  436  387    0   25    3    2    0     416
    2    1  257  437  170    1   11    2    3    0     399
    2    1  258  438  479    0   30    3    1    0     656
    2    1  259  439  328    0   21    3    2    0     822
    2    1  260  440  214    0   14    2    3    0     342
    2    1  261  441  399    0   25    3    1    0     443
    2    1  262  442    2    0    1    1    2    0     585
    2    1  263  443  222    0   14    2    3    0     450
    2    1  264  444  184    0   12    2    2    1     177
    2    1  265  445   41    0    3    1    2    0     718
    2    1  266  446  119    0    8    1    1    1     594
    2    1  267  447  465    1   30    3    1    0    1196
    2    1  268  448  138    0    9    1    2    0     412
    2    1  269  449  471    1   30    3    3    1     779
    2    1  270  450   78    0    5    1    2    0     461
    2    1  271  451   15    0    1    1    1    1     812
    2    1  272  452  151    0   10    1    3    0     363
    2    1  273  453  144    0    9    1    1    1     412
    2    1  274  454  348    0   22    3    2    0     332
    2    1  275  455  285    0   18    2    1    0     848
    2    1  276  456  290    0   19    2    1    0     590
    2    1  277  457  126    0    8    1    2    0     632
    2    1  278  458   86    0    6    1    3    0     335
    2    1  279  459   29    0    2    1    2    0     737
    2    1  280  460  216    0   14    2    2    1     516
    2    1  281  461  135    1    9    1    3    0     961
    2    1  282  462  314    0   20    2    2    1    1323
    2    1  283  463  312    0   20    2    1    0     358
    2    1  284  464  242    0   16    2    3    0     602
    2    1  285  465  452    0   29    3    2    0     884
    2    1  286  466  256    0   16    2    3    0     704
    2    1  287  467   60    0    4    1    2    0     755
    2    1  288  468  466    0   30    3    1    0     502
    2    1  289  469  469    0   30    3    3    1     674
    2    1  290  470  115    1    8    1    2    0     745
    2    1  291  471   24    0    2    1    1    1     618
    2    1  292  472  197    0   13    2    3    0     610
    2    1  293  473  219    0   14    2    2    1     651
    2    1  294  474  358    0   23    3    1    0     641
    2    1  295  475  186    1   12    2    3    0     504
    2    1  296  476  294    0   19    2    2    1     596
    2    1  297  477   68    0    5    1    1    1     797
    2    1  298  478  460    0   29    3    3    1     909
    2    1  299  479  438    0   28    3    1    0     762
    2    1  300  480  224    1   14    2    2    1    1004
