    1    1    1    1  111    1    7    1    3    0    7077
    1    1    2    2  170    1   11    2    2    1    5077
    1    1    3    3  413    1   26    3    1    0    2032
    1    1    4    4  308    1   20    2    1    0    2835
    1    1    5    5   73    1    5    1    3    0    2245
    1    1    6    6  297    1   19    2    2    1    3072
    1    1    7    7   55    1    4    1    1    1    1786
    1    1    8    8  443    1   28    3    2    0    1800
    1    1    9    9  229    1   15    2    3    0    2068
    1    1   10   10  224    1   14    2    1    0    2694
    1    1   11   11  327    1   21    3    1    0    5647
    1    1   12   12   34    1    3    1    1    1    2194
    1    1   13   13  420    1   27    3    3    1    2463
    1    1   14   14   85    1    6    1    3    0    1586
    1    1   15   15  446    1   28    3    1    0    1975
    1    1   16   16  279    1   18    2    2    1    1773
    1    1   17   17   62    1    4    1    3    0    3755
    1    1   18   18  272    1   17    2    1    0    3834
    1    1   19   19  456    1   29    3    2    0    2357
    1    1   20   20  397    1   25    3    1    0    4172
    1    1   21   21   40    1    3    1    1    1    1913
    1    1   22   22  293    1   19    2    2    1    1538
    1    1   23   23  190    1   12    2    3    0    4857
    1    1   24   24  395    1   25    3    1    0    4044
    1    1   25   25  203    1   13    2    2    1    1567
    1    1   26   26   31    1    2    1    3    0    1606
    1    1   27   27  471    1   30    3    2    0    1546
    1    1   28   28   96    1    6    1    2    0    4816
    1    1   29   29  135    1    9    1    3    0    3764
    1    1   30   30  267    1   17    2    3    0    2547
    1    1   31   31  186    1   12    2    1    0    1649
    1    1   32   32   17    1    2    1    2    0    1587
    1    1   33   33  339    1   22    3    2    0     153
    1    1   34   34  355    1   23    3    2    0    8888
    1    1   35   35  238    1   15    2    1    0    2057
    1    1   36   36  405    1   26    3    2    0    2795
    1    1   37   37  306    1   20    2    1    0    1984
    1    1   38   38  241    1   16    2    3    0    2567
    1    1   39   39   16    1    1    1    2    0    1348
    1    1   40   40    7    1    1    1    3    0    2467
    1    1   41   41  376    1   24    3    1    0    1125
    1    1   42   42  455    1   29    3    3    1    1934
    1    1   43   43  148    1   10    1    2    0    2309
    1    1   44   44  136    1    9    1    2    0    2141
    1    1   45   45  381    1   24    3    1    0    3997
    1    1   46   46   72    1    5    1    2    0    2400
    1    1   47   47  359    1   23    3    3    1    1734
    1    1   48   48  250    1   16    2    2    1    1477
    1    1   49   49  115    1    8    1    3    0    4272
    1    1   50   50  215    1   14    2    2    1    2153
    1    1   51   51  330    1   21    3    1    0    5033
    1    1   52   52  163    1   11    2    3    0    2116
    1    1   53   53  195    1   13    2    1    0    3491
    1    1   54   54  423    1   27    3    3    1    1453
    1    1   55   55  125    1    8    1    1    1    1415
    1    1   56   56  106    1    7    1    3    0    2692
    1    1   57   57  465    1   30    3    3    1    2109
    1    1   58   58  146    1   10    1    1    1    2574
    1    1   59   59  278    1   18    2    2    1    1612
    1    1   60   60  337    1   22    3    1    0    1985
    1    2    1   61    7    1    1    1    1    1    1590
    1    2    2   62  308    1   20    2    3    0    1563
    1    2    3   63  359    1   23    3    3    1    1537
    1    2    4   64   40    1    3    1    3    0    2233
    1    2    5   65  229    1   15    2    2    1    1508
    1    2    6   66   73    1    5    1    1    1    1773
    1    2    7   67  135    1    9    1    2    0    1258
    1    2    8   68  455    1   29    3    3    1    1261
    1    2    9   69   17    1    2    1    1    1    3137
    1    2   10   70  337    1   22    3    1    0    5576
    1    2   11   71  330    1   21    3    2    0    4126
    1    2   12   72  136    1    9    1    1    1    3278
    1    2   13   73  395    1   25    3    3    1    2448
    1    2   14   74  224    1   14    2    1    0    1555
    1    2   15   75  446    1   28    3    1    0    1545
    1    2   16   76  190    1   12    2    2    1    1841
    1    2   17   77  186    1   12    2    3    0    3020
    1    2   18   78  306    1   20    2    2    1    1784
    1    2   19   79   16    1    1    1    3    0    7510
    1    2   20   80  293    1   19    2    2    1    1631
    1    2   21   81   72    1    5    1    1    1     770
    1    2   22   82  405    1   26    3    2    0    1512
    1    2   23   83  279    1   18    2    2    1    1152
    1    2   24   84  423    1   27    3    2    0    1351
    1    2   25   85  297    1   19    2    1    0     870
    1    2   26   86  397    1   25    3    2    0    1432
    1    2   27   87  203    1   13    2    1    0    2436
    1    2   28   88  278    1   18    2    3    0    1671
    1    2   29   89   85    1    6    1    1    1    1817
    1    2   30   90  456    1   29    3    2    0    2103
    1    2   31   91   34    1    3    1    1    1    1302
    1    2   32   92  420    1   27    3    3    1    2375
    1    2   33   93  465    1   30    3    2    0    2909
    1    2   34   94  376    1   24    3    1    0    1278
    1    2   35   95  125    1    8    1    3    0    2480
    1    2   36   96  115    1    8    1    1    1    1585
    1    2   37   97  195    1   13    2    3    0    2615
    1    2   38   98  355    1   23    3    3    1    2259
    1    2   39   99  215    1   14    2    2    1    3405
    1    2   40  100  471    1   30    3    1    0    3594
    1    2   41  101  339    1   22    3    3    1    2192
    1    2   42  102  170    1   11    2    1    0    3388
    1    2   43  103  106    1    7    1    3    0    2761
    1    2   44  104  267    1   17    2    2    1    2209
    1    2   45  105  250    1   16    2    1    0    3806
    1    2   46  106  443    1   28    3    2    0    2026
    1    2   47  107   62    1    4    1    3    0    1406
    1    2   48  108  381    1   24    3    1    0    5019
    1    2   49  109   96    1    6    1    2    0    1335
    1    2   50  110  146    1   10    1    1    1    1974
    1    2   51  111  163    1   11    2    2    1   13196
    1    2   52  112  111    1    7    1    1    1    1842
    1    2   53  113  272    1   17    2    2    1    2380
    1    2   54  114   31    1    2    1    3    0    1618
    1    2   55  115  327    1   21    3    2    0    1606
    1    2   56  116  148    1   10    1    2    0    2683
    1    2   57  117  241    1   16    2    1    0    2276
    1    2   58  118  238    1   15    2    2    1    1982
    1    2   59  119   55    1    4    1    1    1    1540
    1    2   60  120  413    1   26    3    3    1    2683
    1    3    1  121  443    1   28    3    1    0    1700
    1    3    2  122  405    1   26    3    3    1    3173
    1    3    3  123  267    1   17    2    2    1    3803
    1    3    4  124   16    1    1    1    1    1    1688
    1    3    5  125   55    1    4    1    1    1    2265
    1    3    6  126   85    1    6    1    1    1    2067
    1    3    7  127  146    1   10    1    1    1    1653
    1    3    8  128  279    1   18    2    3    0    1832
    1    3    9  129   34    1    3    1    1    1    1298
    1    3   10  130  423    1   27    3    2    0    1364
    1    3   11  131  203    1   13    2    2    1    3506
    1    3   12  132  190    1   12    2    3    0    2843
    1    3   13  133  229    1   15    2    3    0    2606
    1    3   14  134  106    1    7    1    2    0    1243
    1    3   15  135  111    1    7    1    1    1    1022
    1    3   16  136  456    1   29    3    3    1    2441
    1    3   17  137  125    1    8    1    1    1    2398
    1    3   18  138  339    1   22    3    3    1    3650
    1    3   19  139  330    1   21    3    1    0    2085
    1    3   20  140  170    1   11    2    1    0    1862
    1    3   21  141  115    1    8    1    1    1    1745
    1    3   22  142   31    1    2    1    3    0    2000
    1    3   23  143  376    1   24    3    3    1    1413
    1    3   24  144  355    1   23    3    1    0    3681
    1    3   25  145  420    1   27    3    3    1    3234
    1    3   26  146   17    1    2    1    2    0    2886
    1    3   27  147   72    1    5    1    1    1    2439
    1    3   28  148  186    1   12    2    3    0    1610
    1    3   29  149  413    1   26    3    3    1    1262
    1    3   30  150  195    1   13    2    1    0    1361
    1    3   31  151  135    1    9    1    3    0    1744
    1    3   32  152  293    1   19    2    2    1    1183
    1    3   33  153  250    1   16    2    2    1    1221
    1    3   34  154  359    1   23    3    3    1    1689
    1    3   35  155  238    1   15    2    2    1    1786
    1    3   36  156  163    1   11    2    3    0    1815
    1    3   37  157  381    1   24    3    1    0    1316
    1    3   38  158   73    1    5    1    3    0    4036
    1    3   39  159  471    1   30    3    2    0    1320
    1    3   40  160  224    1   14    2    3    0    1576
    1    3   41  161  148    1   10    1    3    0       0
    1    3   42  162  327    1   21    3    2    0    4530
    1    3   43  163  397    1   25    3    2    0    1746
    1    3   44  164    7    1    1    1    1    1    1121
    1    3   45  165  465    1   30    3    3    1    1321
    1    3   46  166  306    1   20    2    3    0    1914
    1    3   47  167  308    1   20    2    3    0    2786
    1    3   48  168  272    1   17    2    2    1    1416
    1    3   49  169  215    1   14    2    2    1    2132
    1    3   50  170   40    1    3    1    1    1    1700
    1    3   51  171  297    1   19    2    3    0    2596
    1    3   52  172  241    1   16    2    1    0    2065
    1    3   53  173  395    1   25    3    3    1    1475
    1    3   54  174  446    1   28    3    1    0    1230
    1    3   55  175  278    1   18    2    2    1    1953
    1    3   56  176  455    1   29    3    2    0    6776
    1    3   57  177   96    1    6    1    1    1    2269
    1    3   58  178   62    1    4    1    3    0    2040
    1    3   59  179  136    1    9    1    3    0    2443
    1    3   60  180  337    1   22    3    3    1    1566
    2    1    1  181  446    1   28    3    1    0    7975
    2    1    2  182  194    0   13    2    2    1    2413
    2    1    3  183  108    0    7    1    3    0    2621
    2    1    4  184   12    0    1    1    2    0    3238
    2    1    5  185  466    0   30    3    2    0    1269
    2    1    6  186  476    0   30    3    2    0     979
    2    1    7  187  128    0    8    1    3    0    1453
    2    1    8  188   85    1    6    1    1    1    1171
    2    1    9  189  160    0   10    1    2    0    1445
    2    1   10  190  374    0   24    3    3    1    3309
    2    1   11  191    1    0    1    1    1    1    1289
    2    1   12  192  318    0   20    2    3    0    1080
    2    1   13  193  409    0   26    3    2    0    1229
    2    1   14  194  321    0   21    3    3    1    2077
    2    1   15  195   44    0    3    1    1    1    1356
    2    1   16  196  327    1   21    3    3    1    2790
    2    1   17  197   62    1    4    1    1    1    2440
    2    1   18  198  143    0    9    1    3    0    2822
    2    1   19  199  311    0   20    2    2    1    1335
    2    1   20  200  211    0   14    2    2    1    1299
    2    1   21  201  298    0   19    2    1    0    2144
    2    1   22  202  403    0   26    3    3    1    1211
    2    1   23  203  253    0   16    2    1    0    2044
    2    1   24  204  266    0   17    2    2    1    1787
    2    1   25  205  216    0   14    2    2    1    1524
    2    1   26  206  180    0   12    2    1    0    1321
    2    1   27  207  329    0   21    3    2    0    1812
    2    1   28  208  202    0   13    2    1    0    1437
    2    1   29  209  121    0    8    1    1    1    1349
    2    1   30  210  419    0   27    3    2    0    1216
    2    1   31  211  198    0   13    2    3    0    1728
    2    1   32  212  184    0   12    2    1    0    1307
    2    1   33  213  233    0   15    2    1    0    2312
    2    1   34  214  218    0   14    2    2    1    2317
    2    1   35  215   67    0    5    1    3    0    1185
    2    1   36  216   82    0    6    1    3    0    1522
    2    1   37  217   45    0    3    1    1    1    1590
    2    1   38  218  130    0    9    1    1    1    2055
    2    1   39  219  454    0   29    3    2    0    1462
    2    1   40  220  212    0   14    2    2    1    1757
    2    1   41  221  347    0   22    3    1    0    1383
    2    1   42  222  283    0   18    2    2    1    1249
    2    1   43  223  372    0   24    3    1    0    1120
    2    1   44  224  245    0   16    2    2    1    1299
    2    1   45  225  208    0   13    2    3    0    2224
    2    1   46  226  148    1   10    1    1    1    1272
    2    1   47  227  168    0   11    2    1    0    2342
    2    1   48  228  346    0   22    3    1    0    1466
    2    1   49  229  469    0   30    3    2    0    1584
    2    1   50  230  334    0   21    3    2    0    1521
    2    1   51  231  326    0   21    3    3    1    1973
    2    1   52  232  323    0   21    3    3    1    1895
    2    1   53  233   33    0    3    1    2    0    1453
    2    1   54  234  470    0   30    3    1    0    1555
    2    1   55  235  427    0   27    3    3    1    1733
    2    1   56  236   18    0    2    1    2    0    1904
    2    1   57  237  369    0   24    3    1    0    1269
    2    1   58  238  131    0    9    1    3    0    2323
    2    1   59  239  398    0   25    3    2    0     775
    2    1   60  240  259    0   17    2    2    1    1034
    2    1   61  241  169    0   11    2    2    1    1009
    2    1   62  242  254    0   16    2    3    0    1513
    2    1   63  243  293    1   19    2    2    1    1005
    2    1   64  244  296    0   19    2    3    0    1350
    2    1   65  245  364    0   23    3    2    0     897
    2    1   66  246  355    1   23    3    3    1     830
    2    1   67  247  464    0   29    3    2    0    1229
    2    1   68  248  306    1   20    2    2    1    2046
    2    1   69  249   94    0    6    1    3    0    1437
    2    1   70  250  177    0   12    2    2    1    1669
    2    1   71  251  428    0   27    3    1    0    1475
    2    1   72  252  397    1   25    3    2    0     729
    2    1   73  253  313    0   20    2    2    1     765
    2    1   74  254   89    0    6    1    3    0     862
    2    1   75  255   66    0    5    1    1    1     797
    2    1   76  256  115    1    8    1    1    1     766
    2    1   77  257  353    0   23    3    2    0    1040
    2    1   78  258  109    0    7    1    1    1    1718
    2    1   79  259   83    0    6    1    3    0    1619
    2    1   80  260  338    0   22    3    1    0     739
    2    1   81  261  137    0    9    1    2    0     998
    2    1   82  262  408    0   26    3    2    0    1167
    2    1   83  263  363    0   23    3    3    1    1617
    2    1   84  264  319    0   20    2    2    1    2098
    2    1   85  265  261    0   17    2    2    1    1103
    2    1   86  266  201    0   13    2    1    0     995
    2    1   87  267  243    0   16    2    2    1    1068
    2    1   88  268  375    0   24    3    1    0    1202
    2    1   89  269  370    0   24    3    1    0     771
    2    1   90  270  118    0    8    1    1    1     630
    2    1   91  271  426    0   27    3    2    0     813
    2    1   92  272  352    0   22    3    1    0    1085
    2    1   93  273  103    0    7    1    1    1     675
    2    1   94  274  205    0   13    2    2    1     728
    2    1   95  275    8    0    1    1    2    0    1645
    2    1   96  276  344    0   22    3    1    0    1260
    2    1   97  277   27    0    2    1    3    0     891
    2    1   98  278   34    1    3    1    1    1     808
    2    1   99  279   28    0    2    1    3    0     968
    2    1  100  280   90    0    6    1    3    0    2642
    2    1  101  281    3    0    1    1    1    1    1033
    2    1  102  282  420    1   27    3    3    1    3345
    2    1  103  283   80    0    5    1    1    1    1404
    2    1  104  284  405    1   26    3    3    1     340
    2    1  105  285  450    0   29    3    2    0     264
    2    1  106  286   31    1    2    1    1    1     414
    2    1  107  287  330    1   21    3    2    0     526
    2    1  108  288   35    0    3    1    1    1     827
    2    1  109  289  255    0   16    2    3    0     682
    2    1  110  290  429    0   27    3    3    1     944
    2    1  111  291  307    0   20    2    2    1    1979
    2    1  112  292  447    0   28    3    3    1     925
    2    1  113  293   55    1    4    1    1    1     969
    2    1  114  294  325    0   21    3    2    0    1363
    2    1  115  295  185    0   12    2    3    0     862
    2    1  116  296  402    0   26    3    3    1     924
    2    1  117  297  189    0   12    2    2    1     824
    2    1  118  298  455    1   29    3    2    0    1081
    2    1  119  299  406    0   26    3    3    1     877
    2    1  120  300  163    1   11    2    2    1    1259
    2    1  121  301  411    0   26    3    3    1     857
    2    1  122  302  152    0   10    1    2    0     616
    2    1  123  303  456    1   29    3    1    0     416
    2    1  124  304  270    0   17    2    2    1     338
    2    1  125  305   70    0    5    1    3    0     245
    2    1  126  306  449    0   29    3    2    0     895
    2    1  127  307  365    0   23    3    3    1    1373
    2    1  128  308  133    0    9    1    1    1    1032
    2    1  129  309  303    0   19    2    2    1    1167
    2    1  130  310  225    0   15    2    1    0     849
    2    1  131  311  116    0    8    1    1    1     768
    2    1  132  312   79    0    5    1    1    1     994
    2    1  133  313  139    0    9    1    3    0     875
    2    1  134  314   11    0    1    1    1    1    1001
    2    1  135  315  119    0    8    1    3    0     897
    2    1  136  316  367    0   23    3    3    1    1055
    2    1  137  317  282    0   18    2    2    1     837
    2    1  138  318  358    0   23    3    3    1    1780
    2    1  139  319   10    0    1    1    3    0     333
    2    1  140  320  124    0    8    1    1    1    1619
    2    1  141  321  393    0   25    3    2    0    1490
    2    1  142  322  396    0   25    3    2    0    1047
    2    1  143  323  302    0   19    2    2    1     766
    2    1  144  324  234    0   15    2    3    0     960
    2    1  145  325  207    0   13    2    2    1    1242
    2    1  146  326   56    0    4    1    2    0    1049
    2    1  147  327   25    0    2    1    3    0     880
    2    1  148  328  226    0   15    2    3    0    1134
    2    1  149  329  394    0   25    3    2    0     945
    2    1  150  330  104    0    7    1    3    0    1148
    2    1  151  331   88    0    6    1    1    1    1519
    2    1  152  332  237    0   15    2    2    1    1747
    2    1  153  333  164    0   11    2    2    1    1005
    2    1  154  334   42    0    3    1    1    1    1190
    2    1  155  335    5    0    1    1    3    0     888
    2    1  156  336  401    0   26    3    2    0     853
    2    1  157  337  477    0   30    3    2    0     869
    2    1  158  338  157    0   10    1    1    1    1042
    2    1  159  339  354    0   23    3    2    0    3914
    2    1  160  340   37    0    3    1    3    0    1374
    2    1  161  341  362    0   23    3    3    1    1384
    2    1  162  342   21    0    2    1    2    0     705
    2    1  163  343  106    1    7    1    2    0    1765
    2    1  164  344  413    1   26    3    2    0     752
    2    1  165  345   75    0    5    1    1    1     835
    2    1  166  346  315    0   20    2    2    1     865
    2    1  167  347  295    0   19    2    1    0    1136
    2    1  168  348  467    0   30    3    2    0    2291
    2    1  169  349  170    1   11    2    1    0    1545
    2    1  170  350   99    0    7    1    3    0     956
    2    1  171  351  262    0   17    2    2    1     919
    2    1  172  352  400    0   25    3    1    0     322
    2    1  173  353  458    0   29    3    2    0     295
    2    1  174  354  341    0   22    3    1    0    1356
    2    1  175  355  248    0   16    2    1    0    1431
    2    1  176  356  188    0   12    2    3    0     959
    2    1  177  357   63    0    4    1    2    0    1033
    2    1  178  358  342    0   22    3    1    0    1025
    2    1  179  359   20    0    2    1    1    1    3465
    2    1  180  360   39    0    3    1    3    0     415
    2    1  181  361  314    0   20    2    2    1     622
    2    1  182  362  473    0   30    3    1    0     886
    2    1  183  363   91    0    6    1    1    1     484
    2    1  184  364  172    0   11    2    3    0     401
    2    1  185  365    6    0    1    1    3    0     306
    2    1  186  366  452    0   29    3    1    0     375
    2    1  187  367  186    1   12    2    3    0     985
    2    1  188  368   52    0    4    1    2    0     562
    2    1  189  369  443    1   28    3    3    1    1564
    2    1  190  370  339    1   22    3    1    0    1038
    2    1  191  371  141    0    9    1    1    1     982
    2    1  192  372  134    0    9    1    3    0    1423
    2    1  193  373  474    0   30    3    2    0     615
    2    1  194  374  345    0   22    3    1    0     879
    2    1  195  375  219    0   14    2    2    1    1069
    2    1  196  376  140    0    9    1    3    0     755
    2    1  197  377  236    0   15    2    2    1    1589
    2    1  198  378  435    0   28    3    1    0     711
    2    1  199  379   76    0    5    1    3    0     908
    2    1  200  380  257    0   17    2    1    0     728
    2    1  201  381  349    0   22    3    1    0     956
    2    1  202  382  368    0   23    3    3    1     951
    2    1  203  383  360    0   23    3    3    1    1266
    2    1  204  384  461    0   29    3    2    0    1152
    2    1  205  385  421    0   27    3    1    0    1027
    2    1  206  386   53    0    4    1    2    0    2411
    2    1  207  387  154    0   10    1    2    0     668
    2    1  208  388  105    0    7    1    1    1     722
    2    1  209  389  182    0   12    2    2    1    2342
    2    1  210  390  251    0   16    2    1    0     553
    2    1  211  391  112    0    7    1    1    1     676
    2    1  212  392  222    0   14    2    2    1     746
    2    1  213  393   13    0    1    1    3    0    1005
    2    1  214  394  425    0   27    3    3    1    1222
    2    1  215  395  480    0   30    3    2    0     901
    2    1  216  396  290    0   19    2    3    0     322
    2    1  217  397  127    0    8    1    1    1     310
    2    1  218  398  335    0   21    3    2    0     219
    2    1  219  399  217    0   14    2    2    1    1638
    2    1  220  400  388    0   25    3    2    0    2086
    2    1  221  401   61    0    4    1    1    1     899
    2    1  222  402  356    0   23    3    2    0    1232
    2    1  223  403   68    0    5    1    3    0    1519
    2    1  224  404   84    0    6    1    3    0    1395
    2    1  225  405  181    0   12    2    2    1     909
    2    1  226  406  340    0   22    3    2    0     825
    2    1  227  407  371    0   24    3    1    0     873
    2    1  228  408  120    0    8    1    3    0    1624
    2    1  229  409  459    0   29    3    2    0    2280
    2    1  230  410  391    0   25    3    2    0     797
    2    1  231  411  395    1   25    3    2    0     141
    2    1  232  412  415    0   26    3    2    0    1118
    2    1  233  413  122    0    8    1    1    1    2289
    2    1  234  414  228    0   15    2    2    1     758
    2    1  235  415  387    0   25    3    2    0    1994
    2    1  236  416  132    0    9    1    3    0    1403
    2    1  237  417  274    0   18    2    2    1    1011
    2    1  238  418  206    0   13    2    2    1    2316
    2    1  239  419   26    0    2    1    2    0    1488
    2    1  240  420  101    0    7    1    1    1    1654
    2    1  241  421  213    0   14    2    3    0    2405
    2    1  242  422  381    1   24    3    1    0    1190
    2    1  243  423  113    0    8    1    2    0     855
    2    1  244  424    7    1    1    1    1    1    1477
    2    1  245  425   86    0    6    1    3    0    1819
    2    1  246  426  199    0   13    2    3    0     963
    2    1  247  427  260    0   17    2    2    1     685
    2    1  248  428  215    1   14    2    2    1    1410
    2    1  249  429  310    0   20    2    2    1    3435
    2    1  250  430  383    0   24    3    1    0     996
    2    1  251  431  138    0    9    1    3    0     957
    2    1  252  432  209    0   14    2    1    0    1575
    2    1  253  433   96    1    6    1    3    0    1706
    2    1  254  434  416    0   26    3    2    0     726
    2    1  255  435  142    0    9    1    2    0    1658
    2    1  256  436  288    0   18    2    3    0    1272
    2    1  257  437  146    1   10    1    1    1     727
    2    1  258  438  269    0   17    2    2    1     731
    2    1  259  439  289    0   19    2    2    1     861
    2    1  260  440  350    0   22    3    1    0    1676
    2    1  261  441   81    0    6    1    3    0    1818
    2    1  262  442   19    0    2    1    2    0    1282
    2    1  263  443  304    0   19    2    3    0    1152
    2    1  264  444  241    1   16    2    1    0    3378
    2    1  265  445   43    0    3    1    1    1    1164
    2    1  266  446  382    0   24    3    1    0     798
    2    1  267  447  407    0   26    3    2    0    1854
    2    1  268  448  238    1   15    2    3    0    1861
    2    1  269  449  144    0    9    1    3    0    1404
    2    1  270  450  279    1   18    2    2    1    1460
    2    1  271  451    4    0    1    1    1    1     699
    2    1  272  452  126    0    8    1    3    0    1231
    2    1  273  453   59    0    4    1    2    0     671
    2    1  274  454   30    0    2    1    3    0     773
    2    1  275  455  145    0   10    1    1    1     775
    2    1  276  456  244    0   16    2    3    0     889
    2    1  277  457  292    0   19    2    2    1     966
    2    1  278  458  433    0   28    3    1    0    4529
    2    1  279  459  328    0   21    3    3    1    1325
    2    1  280  460   41    0    3    1    1    1    1065
    2    1  281  461  123    0    8    1    1    1    2063
    2    1  282  462  150    0   10    1    2    0     655
    2    1  283  463  297    1   19    2    1    0    1205
    2    1  284  464  384    0   24    3    1    0     790
    2    1  285  465  389    0   25    3    3    1    1431
    2    1  286  466  277    0   18    2    2    1     958
    2    1  287  467   24    0    2    1    2    0     921
    2    1  288  468  272    1   17    2    2    1    1589
    2    1  289  469  390    0   25    3    2    0    1718
    2    1  290  470  444    0   28    3    1    0    3202
    2    1  291  471  299    0   19    2    1    0    1298
    2    1  292  472  333    0   21    3    2    0     896
    2    1  293  473  275    0   18    2    3    0     829
    2    1  294  474  239    0   15    2    2    1    2653
    2    1  295  475  457    0   29    3    3    1    2452
    2    1  296  476   71    0    5    1    2    0    3314
    2    1  297  477  203    1   13    2    2    1     718
    2    1  298  478  246    0   16    2    2    1    1204
    2    1  299  479  232    0   15    2    3    0    3411
    2    1  300  480  317    0   20    2    3    0    4334
