    1    1    1    1  229    1   15    2    1    0    5571
    1    1    2    2  279    1   18    2    1    0    2976
    1    1    3    3  443    1   28    3    2    0    3870
    1    1    4    4  423    1   27    3    3    1    2568
    1    1    5    5  395    1   25    3    1    0    4022
    1    1    6    6  455    1   29    3    3    1    7721
    1    1    7    7   96    1    6    1    1    1    1514
    1    1    8    8  308    1   20    2    3    0    4242
    1    1    9    9   17    1    2    1    3    0    3054
    1    1   10   10  465    1   30    3    2    0    3848
    1    1   11   11  224    1   14    2    3    0    4931
    1    1   12   12  267    1   17    2    2    1    2946
    1    1   13   13   62    1    4    1    1    1   10320
    1    1   14   14  381    1   24    3    3    1    4681
    1    1   15   15  456    1   29    3    3    1    4210
    1    1   16   16  163    1   11    2    1    0    2495
    1    1   17   17  136    1    9    1    3    0    5424
    1    1   18   18  359    1   23    3    3    1    4572
    1    1   19   19  413    1   26    3    2    0    2315
    1    1   20   20  471    1   30    3    3    1    1907
    1    1   21   21   72    1    5    1    3    0    1515
    1    1   22   22  337    1   22    3    3    1    3267
    1    1   23   23   34    1    3    1    3    0     869
    1    1   24   24  170    1   11    2    1    0    1463
    1    1   25   25  111    1    7    1    3    0    2705
    1    1   26   26  297    1   19    2    3    0    2425
    1    1   27   27   31    1    2    1    2    0    6110
    1    1   28   28  306    1   20    2    2    1    3119
    1    1   29   29  397    1   25    3    3    1    1704
    1    1   30   30  376    1   24    3    3    1    1144
    1    1   31   31  327    1   21    3    3    1    3008
    1    1   32   32   40    1    3    1    3    0     941
    1    1   33   33  146    1   10    1    3    0    1036
    1    1   34   34  405    1   26    3    2    0    2583
    1    1   35   35  215    1   14    2    1    0    1716
    1    1   36   36   85    1    6    1    3    0    4612
    1    1   37   37  278    1   18    2    1    0    2593
    1    1   38   38   16    1    1    1    3    0    1519
    1    1   39   39  115    1    8    1    3    0    1862
    1    1   40   40  272    1   17    2    2    1    5025
    1    1   41   41   73    1    5    1    3    0    3837
    1    1   42   42  203    1   13    2    2    1    1800
    1    1   43   43  106    1    7    1    2    0    2103
    1    1   44   44  125    1    8    1    1    1    1462
    1    1   45   45   55    1    4    1    3    0    2000
    1    1   46   46  195    1   13    2    2    1    1845
    1    1   47   47  446    1   28    3    1    0    2832
    1    1   48   48  330    1   21    3    2    0    4484
    1    1   49   49  135    1    9    1    1    1    1157
    1    1   50   50  186    1   12    2    1    0    2171
    1    1   51   51  238    1   15    2    1    0    5818
    1    1   52   52  339    1   22    3    3    1    2229
    1    1   53   53  250    1   16    2    2    1    5121
    1    1   54   54  241    1   16    2    2    1    1241
    1    1   55   55  148    1   10    1    3    0    2940
    1    1   56   56  355    1   23    3    1    0    1307
    1    1   57   57  420    1   27    3    1    0    1468
    1    1   58   58  293    1   19    2    2    1    2086
    1    1   59   59  190    1   12    2    2    1     936
    1    1   60   60    7    1    1    1    3    0    1574
    1    2    1   61  381    1   24    3    3    1    1822
    1    2    2   62   17    1    2    1    2    0    1897
    1    2    3   63  293    1   19    2    2    1    1106
    1    2    4   64  395    1   25    3    1    0    1179
    1    2    5   65   72    1    5    1    1    1    1536
    1    2    6   66  148    1   10    1    1    1    3464
    1    2    7   67  376    1   24    3    3    1    1122
    1    2    8   68  111    1    7    1    2    0    3898
    1    2    9   69   73    1    5    1    1    1    1666
    1    2   10   70  190    1   12    2    2    1    1429
    1    2   11   71  115    1    8    1    1    1    1456
    1    2   12   72  306    1   20    2    2    1    1244
    1    2   13   73   96    1    6    1    1    1    2399
    1    2   14   74  455    1   29    3    2    0     996
    1    2   15   75  330    1   21    3    2    0     817
    1    2   16   76  446    1   28    3    1    0    1525
    1    2   17   77  215    1   14    2    2    1    1069
    1    2   18   78  456    1   29    3    3    1    1672
    1    2   19   79  337    1   22    3    3    1    2137
    1    2   20   80  163    1   11    2    2    1    1369
    1    2   21   81   62    1    4    1    1    1   11303
    1    2   22   82  125    1    8    1    1    1    1032
    1    2   23   83  106    1    7    1    2    0    2434
    1    2   24   84   40    1    3    1    1    1    1190
    1    2   25   85  443    1   28    3    3    1    2683
    1    2   26   86   55    1    4    1    3    0    2469
    1    2   27   87  238    1   15    2    3    0    6151
    1    2   28   88  465    1   30    3    2    0    2901
    1    2   29   89    7    1    1    1    1    1    1094
    1    2   30   90  224    1   14    2    3    0    5392
    1    2   31   91  339    1   22    3    1    0    2365
    1    2   32   92  397    1   25    3    3    1    1347
    1    2   33   93  272    1   17    2    3    0    2098
    1    2   34   94  471    1   30    3    2    0    1907
    1    2   35   95   85    1    6    1    1    1    1068
    1    2   36   96  327    1   21    3    2    0    3974
    1    2   37   97  136    1    9    1    1    1    1116
    1    2   38   98   31    1    2    1    1    1     804
    1    2   39   99  308    1   20    2    2    1    1752
    1    2   40  100  229    1   15    2    3    0    2840
    1    2   41  101  278    1   18    2    2    1    2651
    1    2   42  102  170    1   11    2    1    0    1062
    1    2   43  103  297    1   19    2    2    1    2048
    1    2   44  104   16    1    1    1    1    1    2531
    1    2   45  105   34    1    3    1    1    1    2546
    1    2   46  106  203    1   13    2    2    1    1153
    1    2   47  107  279    1   18    2    2    1    7016
    1    2   48  108  423    1   27    3    3    1    2339
    1    2   49  109  241    1   16    2    2    1    1258
    1    2   50  110  146    1   10    1    1    1    1102
    1    2   51  111  250    1   16    2    2    1    2918
    1    2   52  112  405    1   26    3    1    0    1351
    1    2   53  113  355    1   23    3    2    0    3109
    1    2   54  114  267    1   17    2    2    1    1950
    1    2   55  115  359    1   23    3    3    1    2660
    1    2   56  116  420    1   27    3    1    0    2848
    1    2   57  117  413    1   26    3    2    0    3410
    1    2   58  118  186    1   12    2    2    1    1903
    1    2   59  119  195    1   13    2    3    0    1799
    1    2   60  120  135    1    9    1    1    1    1204
    1    3    1  121   85    1    6    1    1    1    1385
    1    3    2  122  339    1   22    3    3    1    1574
    1    3    3  123  397    1   25    3    2    0     892
    1    3    4  124   72    1    5    1    1    1     989
    1    3    5  125  443    1   28    3    1    0    2171
    1    3    6  126  186    1   12    2    2    1     841
    1    3    7  127  381    1   24    3    3    1    1308
    1    3    8  128  278    1   18    2    2    1     989
    1    3    9  129  190    1   12    2    2    1    1530
    1    3   10  130  420    1   27    3    3    1    1858
    1    3   11  131  229    1   15    2    3    0    1613
    1    3   12  132  355    1   23    3    3    1    1985
    1    3   13  133  135    1    9    1    2    0     823
    1    3   14  134   17    1    2    1    3    0    1595
    1    3   15  135  115    1    8    1    1    1     928
    1    3   16  136  456    1   29    3    3    1    1632
    1    3   17  137  136    1    9    1    1    1     884
    1    3   18  138  395    1   25    3    2    0    2308
    1    3   19  139  297    1   19    2    2    1    1613
    1    3   20  140  203    1   13    2    2    1    1298
    1    3   21  141  376    1   24    3    3    1    1329
    1    3   22  142   55    1    4    1    3    0    1665
    1    3   23  143  423    1   27    3    3    1    3379
    1    3   24  144  293    1   19    2    2    1    1809
    1    3   25  145   73    1    5    1    1    1    1214
    1    3   26  146  337    1   22    3    3    1    1618
    1    3   27  147  471    1   30    3    2    0    1350
    1    3   28  148   16    1    1    1    1    1    1141
    1    3   29  149  241    1   16    2    2    1     956
    1    3   30  150  465    1   30    3    3    1    1131
    1    3   31  151  413    1   26    3    3    1    1506
    1    3   32  152  267    1   17    2    2    1    1067
    1    3   33  153   34    1    3    1    1    1     789
    1    3   34  154  224    1   14    2    3    0    1210
    1    3   35  155  405    1   26    3    3    1    2288
    1    3   36  156  272    1   17    2    3    0    3513
    1    3   37  157  106    1    7    1    3    0    1443
    1    3   38  158  163    1   11    2    2    1    2397
    1    3   39  159    7    1    1    1    1    1     994
    1    3   40  160  250    1   16    2    2    1    1487
    1    3   41  161  238    1   15    2    2    1    3497
    1    3   42  162  170    1   11    2    1    0     929
    1    3   43  163  308    1   20    2    2    1    1682
    1    3   44  164  455    1   29    3    3    1    2131
    1    3   45  165  215    1   14    2    2    1    1458
    1    3   46  166  148    1   10    1    3    0    1117
    1    3   47  167  279    1   18    2    2    1    1460
    1    3   48  168   31    1    2    1    3    0    1456
    1    3   49  169   40    1    3    1    1    1    1019
    1    3   50  170  327    1   21    3    2    0     886
    1    3   51  171  446    1   28    3    1    0    2008
    1    3   52  172   96    1    6    1    1    1    1069
    1    3   53  173  125    1    8    1    1    1    1239
    1    3   54  174   62    1    4    1    3    0    2218
    1    3   55  175  146    1   10    1    1    1    1046
    1    3   56  176  195    1   13    2    3    0    2513
    1    3   57  177  330    1   21    3    2    0     833
    1    3   58  178  111    1    7    1    1    1    2021
    1    3   59  179  306    1   20    2    2    1     938
    1    3   60  180  359    1   23    3    3    1    1929
    2    1    1  181  151    0   10    1    2    0    1847
    2    1    2  182   73    1    5    1    1    1    2141
    2    1    3  183   97    0    7    1    1    1    3641
    2    1    4  184  328    0   21    3    2    0    1016
    2    1    5  185  229    1   15    2    2    1    3904
    2    1    6  186  141    0    9    1    1    1    1173
    2    1    7  187  158    0   10    1    1    1    1815
    2    1    8  188   96    1    6    1    1    1     703
    2    1    9  189   66    0    5    1    1    1    2516
    2    1   10  190  473    0   30    3    2    0     992
    2    1   11  191  333    0   21    3    2    0    1689
    2    1   12  192  416    0   26    3    3    1     935
    2    1   13  193  166    0   11    2    3    0    1409
    2    1   14  194  143    0    9    1    1    1     907
    2    1   15  195  246    0   16    2    2    1    1303
    2    1   16  196  299    0   19    2    1    0    2179
    2    1   17  197  478    0   30    3    3    1    1037
    2    1   18  198  213    0   14    2    2    1     708
    2    1   19  199  316    0   20    2    2    1     697
    2    1   20  200  101    0    7    1    1    1     735
    2    1   21  201  124    0    8    1    1    1     785
    2    1   22  202  266    0   17    2    2    1     611
    2    1   23  203  232    0   15    2    1    0    1116
    2    1   24  204  205    0   13    2    3    0    1327
    2    1   25  205  140    0    9    1    3    0     668
    2    1   26  206  215    1   14    2    2    1     850
    2    1   27  207   70    0    5    1    1    1    1649
    2    1   28  208  392    0   25    3    1    0     735
    2    1   29  209  318    0   20    2    2    1     675
    2    1   30  210    2    0    1    1    1    1     778
    2    1   31  211   20    0    2    1    3    0    1082
    2    1   32  212  183    0   12    2    2    1     881
    2    1   33  213  438    0   28    3    3    1    1758
    2    1   34  214  118    0    8    1    1    1    1721
    2    1   35  215  359    1   23    3    3    1     756
    2    1   36  216  464    0   29    3    3    1     744
    2    1   37  217  298    0   19    2    3    0     573
    2    1   38  218   35    0    3    1    1    1     550
    2    1   39  219  270    0   17    2    2    1     544
    2    1   40  220  113    0    8    1    1    1     668
    2    1   41  221  468    0   30    3    3    1     754
    2    1   42  222  134    0    9    1    1    1     725
    2    1   43  223  454    0   29    3    2    0     873
    2    1   44  224  397    1   25    3    2    0     679
    2    1   45  225  312    0   20    2    2    1     621
    2    1   46  226   47    0    3    1    1    1     613
    2    1   47  227  315    0   20    2    2    1     653
    2    1   48  228   64    0    4    1    3    0     867
    2    1   49  229  389    0   25    3    2    0     738
    2    1   50  230  275    0   18    2    1    0     549
    2    1   51  231  373    0   24    3    1    0    1311
    2    1   52  232   36    0    3    1    1    1     797
    2    1   53  233  265    0   17    2    2    1     781
    2    1   54  234  264    0   17    2    2    1     767
    2    1   55  235  458    0   29    3    3    1    1089
    2    1   56  236  428    0   27    3    2    0     822
    2    1   57  237  199    0   13    2    2    1     662
    2    1   58  238  239    0   15    2    2    1     685
    2    1   59  239   93    0    6    1    1    1     642
    2    1   60  240  139    0    9    1    1    1     665
    2    1   61  241   53    0    4    1    3    0     687
    2    1   62  242  448    0   28    3    1    0    1604
    2    1   63  243  190    1   12    2    2    1     678
    2    1   64  244  358    0   23    3    3    1    1195
    2    1   65  245  164    0   11    2    2    1    1244
    2    1   66  246  130    0    9    1    1    1     620
    2    1   67  247  435    0   28    3    1    0    1124
    2    1   68  248    3    0    1    1    1    1     728
    2    1   69  249  282    0   18    2    1    0     588
    2    1   70  250  419    0   27    3    2    0     502
    2    1   71  251  345    0   22    3    1    0     642
    2    1   72  252  453    0   29    3    1    0     633
    2    1   73  253  254    0   16    2    2    1     848
    2    1   74  254  147    0   10    1    2    0     576
    2    1   75  255  245    0   16    2    2    1     585
    2    1   76  256  301    0   19    2    2    1     883
    2    1   77  257  114    0    8    1    1    1     736
    2    1   78  258  354    0   23    3    3    1     916
    2    1   79  259  175    0   11    2    2    1     672
    2    1   80  260  267    1   17    2    2    1     710
    2    1   81  261   89    0    6    1    1    1    1227
    2    1   82  262  471    1   30    3    3    1    4970
    2    1   83  263  449    0   29    3    2    0     645
    2    1   84  264  400    0   25    3    1    0     651
    2    1   85  265  297    1   19    2    1    0    1187
    2    1   86  266  450    0   29    3    3    1     852
    2    1   87  267  255    0   16    2    2    1     660
    2    1   88  268  241    1   16    2    2    1     635
    2    1   89  269   23    0    2    1    1    1    1170
    2    1   90  270   83    0    6    1    1    1     691
    2    1   91  271  439    0   28    3    1    0    1209
    2    1   92  272  127    0    8    1    1    1     713
    2    1   93  273   12    0    1    1    1    1    1085
    2    1   94  274  357    0   23    3    3    1    1123
    2    1   95  275  137    0    9    1    1    1     567
    2    1   96  276  226    0   15    2    3    0     673
    2    1   97  277   88    0    6    1    1    1    1256
    2    1   98  278  203    1   13    2    2    1     806
    2    1   99  279  284    0   18    2    2    1    1174
    2    1  100  280   62    1    4    1    1    1     873
    2    1  101  281  292    0   19    2    1    0     935
    2    1  102  282  220    0   14    2    2    1     465
    2    1  103  283  237    0   15    2    2    1     480
    2    1  104  284   68    0    5    1    1    1     622
    2    1  105  285  223    0   14    2    3    0     629
    2    1  106  286  230    0   15    2    2    1     621
    2    1  107  287  173    0   11    2    3    0    1092
    2    1  108  288  125    1    8    1    1    1     730
    2    1  109  289  262    0   17    2    2    1    1006
    2    1  110  290  144    0    9    1    1    1     630
    2    1  111  291  271    0   17    2    2    1     909
    2    1  112  292   50    0    4    1    1    1     761
    2    1  113  293  122    0    8    1    1    1     620
    2    1  114  294  103    0    7    1    1    1     611
    2    1  115  295  387    0   25    3    2    0     588
    2    1  116  296  170    1   11    2    1    0     694
    2    1  117  297  154    0   10    1    1    1     459
    2    1  118  298  228    0   15    2    1    0     537
    2    1  119  299  353    0   23    3    1    0     597
    2    1  120  300  191    0   12    2    1    0     701
    2    1  121  301   98    0    7    1    1    1     513
    2    1  122  302  178    0   12    2    1    0     718
    2    1  123  303  182    0   12    2    2    1     546
    2    1  124  304  120    0    8    1    1    1     845
    2    1  125  305  136    1    9    1    1    1    1116
    2    1  126  306  278    1   18    2    2    1     624
    2    1  127  307  337    1   22    3    1    0     697
    2    1  128  308  423    1   27    3    3    1    2429
    2    1  129  309  244    0   16    2    2    1     717
    2    1  130  310   69    0    5    1    1    1     897
    2    1  131  311   91    0    6    1    1    1     638
    2    1  132  312   55    1    4    1    3    0     997
    2    1  133  313  327    1   21    3    2    0     510
    2    1  134  314  250    1   16    2    2    1    1098
    2    1  135  315  149    0   10    1    2    0     863
    2    1  136  316  187    0   12    2    2    1     781
    2    1  137  317  104    0    7    1    1    1    1118
    2    1  138  318  201    0   13    2    2    1     706
    2    1  139  319  470    0   30    3    2    0     967
    2    1  140  320  461    0   29    3    2    0     850
    2    1  141  321  261    0   17    2    2    1     592
    2    1  142  322   76    0    5    1    1    1     857
    2    1  143  323  251    0   16    2    2    1     888
    2    1  144  324   26    0    2    1    3    0    1526
    2    1  145  325  219    0   14    2    3    0    1881
    2    1  146  326  296    0   19    2    1    0    2174
    2    1  147  327  413    1   26    3    2    0    2777
    2    1  148  328  339    1   22    3    3    1    1243
    2    1  149  329  116    0    8    1    1    1    2234
    2    1  150  330  159    0   10    1    1    1     898
    2    1  151  331  372    0   24    3    3    1    1598
    2    1  152  332  395    1   25    3    3    1     959
    2    1  153  333  360    0   23    3    1    0     570
    2    1  154  334  317    0   20    2    2    1     565
    2    1  155  335   48    0    3    1    1    1     606
    2    1  156  336  224    1   14    2    2    1     599
    2    1  157  337  289    0   19    2    2    1     512
    2    1  158  338  430    0   27    3    1    0     732
    2    1  159  339   14    0    1    1    1    1    1183
    2    1  160  340  128    0    8    1    1    1     673
    2    1  161  341  186    1   12    2    2    1     583
    2    1  162  342   34    1    3    1    1    1     577
    2    1  163  343  184    0   12    2    1    0     891
    2    1  164  344  272    1   17    2    2    1    1048
    2    1  165  345  350    0   22    3    2    0     686
    2    1  166  346  332    0   21    3    2    0     803
    2    1  167  347  420    1   27    3    3    1     964
    2    1  168  348   74    0    5    1    3    0    1263
    2    1  169  349  321    0   21    3    2    0     573
    2    1  170  350   95    0    6    1    1    1     599
    2    1  171  351  325    0   21    3    2    0    1183
    2    1  172  352  212    0   14    2    1    0     865
    2    1  173  353   25    0    2    1    3    0     943
    2    1  174  354  181    0   12    2    1    0     619
    2    1  175  355  385    0   25    3    3    1     819
    2    1  176  356    5    0    1    1    1    1    1859
    2    1  177  357  163    1   11    2    2    1     793
    2    1  178  358  157    0   10    1    1    1    1275
    2    1  179  359   59    0    4    1    2    0     698
    2    1  180  360  361    0   23    3    1    0     734
    2    1  181  361   19    0    2    1    1    1     737
    2    1  182  362  304    0   19    2    2    1     997
    2    1  183  363  314    0   20    2    2    1     623
    2    1  184  364  356    0   23    3    1    0     806
    2    1  185  365  106    1    7    1    1    1    1720
    2    1  186  366  171    0   11    2    1    0     531
    2    1  187  367  177    0   12    2    3    0     671
    2    1  188  368  472    0   30    3    3    1     901
    2    1  189  369  399    0   25    3    3    1     819
    2    1  190  370  401    0   26    3    3    1    1570
    2    1  191  371  211    0   14    2    3    0    1013
    2    1  192  372  138    0    9    1    1    1     717
    2    1  193  373   92    0    6    1    1    1     706
    2    1  194  374  209    0   14    2    3    0     998
    2    1  195  375  195    1   13    2    2    1    1439
    2    1  196  376   31    1    2    1    1    1     694
    2    1  197  377  405    1   26    3    3    1    1388
    2    1  198  378  402    0   26    3    2    0     950
    2    1  199  379  349    0   22    3    1    0     737
    2    1  200  380   49    0    4    1    1    1     708
    2    1  201  381   21    0    2    1    3    0     712
    2    1  202  382  155    0   10    1    3    0    1133
    2    1  203  383  169    0   11    2    3    0    3137
    2    1  204  384  110    0    7    1    1    1     948
    2    1  205  385  417    0   27    3    1    0     638
    2    1  206  386  221    0   14    2    2    1     949
    2    1  207  387  432    0   27    3    1    0     607
    2    1  208  388  188    0   12    2    1    0     537
    2    1  209  389  309    0   20    2    3    0     725
    2    1  210  390   17    1    2    1    3    0     585
    2    1  211  391  406    0   26    3    3    1     593
    2    1  212  392  185    0   12    2    1    0     619
    2    1  213  393  441    0   28    3    3    1    1923
    2    1  214  394   33    0    3    1    1    1     647
    2    1  215  395  135    1    9    1    1    1     654
    2    1  216  396  363    0   23    3    1    0     965
    2    1  217  397   29    0    2    1    3    0    1087
    2    1  218  398  152    0   10    1    3    0     868
    2    1  219  399  334    0   21    3    1    0     594
    2    1  220  400  407    0   26    3    3    1    1099
    2    1  221  401  367    0   23    3    2    0     800
    2    1  222  402  424    0   27    3    1    0    1121
    2    1  223  403  216    0   14    2    3    0    3044
    2    1  224  404  431    0   27    3    1    0     781
    2    1  225  405  446    1   28    3    3    1     718
    2    1  226  406  269    0   17    2    2    1    2564
    2    1  227  407  121    0    8    1    1    1     717
    2    1  228  408  256    0   16    2    2    1     657
    2    1  229  409  168    0   11    2    1    0     616
    2    1  230  410  319    0   20    2    2    1    1008
    2    1  231  411  347    0   22    3    1    0     617
    2    1  232  412  394    0   25    3    3    1    3184
    2    1  233  413   99    0    7    1    1    1     594
    2    1  234  414  457    0   29    3    2    0     604
    2    1  235  415  418    0   27    3    1    0     917
    2    1  236  416  444    0   28    3    1    0     593
    2    1  237  417  384    0   24    3    3    1     730
    2    1  238  418  340    0   22    3    1    0     718
    2    1  239  419  126    0    8    1    3    0     898
    2    1  240  420  388    0   25    3    3    1     798
    2    1  241  421  252    0   16    2    2    1     463
    2    1  242  422  336    0   21    3    1    0    1069
    2    1  243  423  263    0   17    2    2    1    1859
    2    1  244  424  305    0   20    2    3    0     571
    2    1  245  425  393    0   25    3    1    0     933
    2    1  246  426  480    0   30    3    3    1     705
    2    1  247  427  131    0    9    1    1    1    1141
    2    1  248  428  179    0   12    2    1    0     632
    2    1  249  429  379    0   24    3    3    1     799
    2    1  250  430  258    0   17    2    2    1     769
    2    1  251  431  323    0   21    3    2    0     898
    2    1  252  432  479    0   30    3    3    1     879
    2    1  253  433  257    0   17    2    1    0     958
    2    1  254  434  408    0   26    3    1    0    1080
    2    1  255  435  391    0   25    3    3    1     477
    2    1  256  436   79    0    5    1    1    1     716
    2    1  257  437   43    0    3    1    1    1     543
    2    1  258  438  307    0   20    2    2    1    1595
    2    1  259  439  303    0   19    2    3    0     891
    2    1  260  440  214    0   14    2    3    0     697
    2    1  261  441  460    0   29    3    3    1    1214
    2    1  262  442   28    0    2    1    1    1     638
    2    1  263  443  378    0   24    3    3    1     741
    2    1  264  444  456    1   29    3    3    1    1208
    2    1  265  445  369    0   24    3    1    0     618
    2    1  266  446  111    1    7    1    1    1    1761
    2    1  267  447  231    0   15    2    2    1     732
    2    1  268  448  320    0   20    2    2    1    1151
    2    1  269  449  442    0   28    3    1    0     866
    2    1  270  450  196    0   13    2    2    1     656
    2    1  271  451  433    0   28    3    1    0     887
    2    1  272  452   44    0    3    1    1    1    1540
    2    1  273  453  277    0   18    2    3    0     712
    2    1  274  454   90    0    6    1    1    1    1021
    2    1  275  455   45    0    3    1    1    1     628
    2    1  276  456   13    0    1    1    1    1    1053
    2    1  277  457  288    0   18    2    1    0    2787
    2    1  278  458  167    0   11    2    1    0    1268
    2    1  279  459  300    0   19    2    1    0    1250
    2    1  280  460  476    0   30    3    3    1     657
    2    1  281  461    4    0    1    1    1    1     551
    2    1  282  462  160    0   10    1    1    1    1091
    2    1  283  463  180    0   12    2    1    0    1496
    2    1  284  464   46    0    3    1    1    1     605
    2    1  285  465  475    0   30    3    2    0     806
    2    1  286  466  463    0   29    3    3    1     775
    2    1  287  467  200    0   13    2    2    1     664
    2    1  288  468  259    0   17    2    3    0    1935
    2    1  289  469  235    0   15    2    1    0     753
    2    1  290  470  411    0   26    3    3    1    1492
    2    1  291  471  426    0   27    3    1    0     666
    2    1  292  472  249    0   16    2    3    0     769
    2    1  293  473  192    0   12    2    1    0     531
    2    1  294  474   81    0    6    1    1    1     494
    2    1  295  475  194    0   13    2    2    1     604
    2    1  296  476  443    1   28    3    1    0     819
    2    1  297  477  108    0    7    1    1    1    1076
    2    1  298  478   84    0    6    1    1    1     538
    2    1  299  479  247    0   16    2    2    1     789
    2    1  300  480   85    1    6    1    1    1    1558
