    1    1    1    1  380    1   24    3    2    0    4391
    1    1    2    2  201    1   13    2    2    1    3004
    1    1    3    3  216    1   14    2    3    0    1926
    1    1    4    4  219    1   14    2    2    1    2094
    1    1    5    5  252    1   16    2    3    0    1673
    1    1    6    6  121    1    8    1    1    1    2290
    1    1    7    7  476    1   30    3    2    0    1501
    1    1    8    8   66    1    5    1    1    1    2053
    1    1    9    9  120    1    8    1    1    1    2343
    1    1   10   10  471    1   30    3    3    1    2401
    1    1   11   11   58    1    4    1    1    1    2699
    1    1   12   12   71    1    5    1    1    1    1712
    1    1   13   13  448    1   28    3    1    0    3292
    1    1   14   14  396    1   25    3    3    1    2280
    1    1   15   15  424    1   27    3    2    0    2585
    1    1   16   16  245    1   16    2    2    1    1233
    1    1   17   17   37    1    3    1    1    1    1377
    1    1   18   18    4    1    1    1    1    1    1645
    1    1   19   19   56    1    4    1    3    0    3548
    1    1   20   20  465    1   30    3    3    1    4417
    1    1   21   21  164    1   11    2    2    1    1881
    1    1   22   22  271    1   17    2    3    0    1297
    1    1   23   23  240    1   15    2    2    1    2642
    1    1   24   24  473    1   30    3    2    0    1767
    1    1   25   25  360    1   23    3    2    0    3247
    1    1   26   26  266    1   17    2    3    0    2237
    1    1   27   27  269    1   17    2    2    1    1883
    1    1   28   28  250    1   16    2    2    1    1937
    1    1   29   29  406    1   26    3    3    1    1535
    1    1   30   30   53    1    4    1    1    1    1193
    1    1   31   31  272    1   17    2    2    1    2440
    1    1   32   32   16    1    1    1    1    1    2000
    1    1   33   33   49    1    4    1    1    1    1812
    1    1   34   34  359    1   23    3    3    1    1898
    1    1   35   35  356    1   23    3    2    0    3102
    1    1   36   36  217    1   14    2    2    1    1059
    1    1   37   37  212    1   14    2    3    0    1631
    1    1   38   38   36    1    3    1    1    1    2479
    1    1   39   39  326    1   21    3    2    0    3056
    1    1   40   40  387    1   25    3    2    0    1653
    1    1   41   41   35    1    3    1    1    1    1563
    1    1   42   42  289    1   19    2    2    1    2788
    1    1   43   43   52    1    4    1    1    1    1640
    1    1   44   44  117    1    8    1    1    1    4805
    1    1   45   45  409    1   26    3    3    1    1768
    1    1   46   46   33    1    3    1    1    1    1528
    1    1   47   47   80    1    5    1    2    0    2760
    1    1   48   48    6    1    1    1    1    1    1281
    1    1   49   49  276    1   18    2    2    1    1783
    1    1   50   50  267    1   17    2    2    1    1328
    1    1   51   51  280    1   18    2    3    0    2048
    1    1   52   52  182    1   12    2    2    1    3394
    1    1   53   53  290    1   19    2    1    0    1612
    1    1   54   54  479    1   30    3    3    1    1367
    1    1   55   55  408    1   26    3    2    0    1271
    1    1   56   56  411    1   26    3    3    1    2314
    1    1   57   57  353    1   23    3    2    0     952
    1    1   58   58  340    1   22    3    2    0    2109
    1    1   59   59   15    1    1    1    1    1    1695
    1    1   60   60   38    1    3    1    1    1    1111
    1    2    1   61  290    1   19    2    2    1    1475
    1    2    2   62  117    1    8    1    1    1    2389
    1    2    3   63   36    1    3    1    1    1    1083
    1    2    4   64   37    1    3    1    1    1    1165
    1    2    5   65   38    1    3    1    1    1     599
    1    2    6   66  387    1   25    3    3    1    2169
    1    2    7   67  409    1   26    3    3    1    1088
    1    2    8   68  479    1   30    3    3    1    1255
    1    2    9   69   52    1    4    1    1    1    1394
    1    2   10   70  356    1   23    3    3    1     816
    1    2   11   71  266    1   17    2    3    0    3199
    1    2   12   72  448    1   28    3    1    0    2116
    1    2   13   73  276    1   18    2    2    1    2059
    1    2   14   74  219    1   14    2    2    1    1335
    1    2   15   75   53    1    4    1    1    1    1540
    1    2   16   76  240    1   15    2    3    0    3062
    1    2   17   77   49    1    4    1    1    1    1397
    1    2   18   78    4    1    1    1    1    1    1306
    1    2   19   79  380    1   24    3    2    0    3387
    1    2   20   80  252    1   16    2    2    1    1990
    1    2   21   81   80    1    5    1    1    1    1161
    1    2   22   82   58    1    4    1    1    1    1410
    1    2   23   83   71    1    5    1    1    1     984
    1    2   24   84  396    1   25    3    3    1    2262
    1    2   25   85  280    1   18    2    2    1    1851
    1    2   26   86  182    1   12    2    2    1    1670
    1    2   27   87  201    1   13    2    2    1    1247
    1    2   28   88  269    1   17    2    2    1    1036
    1    2   29   89  212    1   14    2    3    0    1184
    1    2   30   90  473    1   30    3    3    1     951
    1    2   31   91  216    1   14    2    3    0    2183
    1    2   32   92   15    1    1    1    1    1    1409
    1    2   33   93    6    1    1    1    1    1     869
    1    2   34   94  471    1   30    3    2    0    2300
    1    2   35   95  359    1   23    3    3    1    1256
    1    2   36   96  121    1    8    1    1    1    1467
    1    2   37   97   56    1    4    1    1    1    1627
    1    2   38   98  271    1   17    2    2    1    1398
    1    2   39   99  411    1   26    3    3    1    1174
    1    2   40  100  272    1   17    2    2    1    2075
    1    2   41  101  408    1   26    3    3    1    2463
    1    2   42  102  476    1   30    3    2    0    1690
    1    2   43  103   16    1    1    1    1    1     843
    1    2   44  104   33    1    3    1    1    1     852
    1    2   45  105   66    1    5    1    1    1     847
    1    2   46  106  360    1   23    3    3    1    1559
    1    2   47  107  326    1   21    3    3    1    2220
    1    2   48  108  267    1   17    2    2    1    2146
    1    2   49  109  340    1   22    3    2    0    2899
    1    2   50  110  289    1   19    2    2    1    1322
    1    2   51  111  424    1   27    3    2    0    1076
    1    2   52  112  353    1   23    3    2    0    1734
    1    2   53  113  164    1   11    2    2    1    2060
    1    2   54  114   35    1    3    1    1    1    1243
    1    2   55  115  406    1   26    3    3    1    1673
    1    2   56  116  465    1   30    3    2    0    1794
    1    2   57  117  120    1    8    1    1    1     889
    1    2   58  118  245    1   16    2    2    1     890
    1    2   59  119  250    1   16    2    2    1     647
    1    2   60  120  217    1   14    2    2    1     723
    1    3    1  121  340    1   22    3    3    1    1148
    1    3    2  122  271    1   17    2    2    1     984
    1    3    3  123  267    1   17    2    2    1     883
    1    3    4  124  245    1   16    2    2    1    1322
    1    3    5  125  164    1   11    2    2    1     772
    1    3    6  126   58    1    4    1    1    1    2191
    1    3    7  127   71    1    5    1    1    1     906
    1    3    8  128  120    1    8    1    1    1    1187
    1    3    9  129    4    1    1    1    1    1    1736
    1    3   10  130   52    1    4    1    2    0    1875
    1    3   11  131  217    1   14    2    2    1     829
    1    3   12  132   36    1    3    1    2    0    2228
    1    3   13  133  216    1   14    2    2    1    1274
    1    3   14  134   66    1    5    1    1    1     882
    1    3   15  135   80    1    5    1    1    1    1422
    1    3   16  136   33    1    3    1    1    1    1052
    1    3   17  137  406    1   26    3    3    1    1700
    1    3   18  138  219    1   14    2    3    0    1698
    1    3   19  139   37    1    3    1    1    1    1189
    1    3   20  140  409    1   26    3    3    1     996
    1    3   21  141  252    1   16    2    2    1    1748
    1    3   22  142  240    1   15    2    2    1     916
    1    3   23  143  408    1   26    3    3    1     763
    1    3   24  144    6    1    1    1    1    1    1154
    1    3   25  145  353    1   23    3    3    1    1645
    1    3   26  146  276    1   18    2    1    0    3847
    1    3   27  147  465    1   30    3    3    1    1373
    1    3   28  148  290    1   19    2    1    0    1770
    1    3   29  149  117    1    8    1    1    1    1163
    1    3   30  150  359    1   23    3    3    1     961
    1    3   31  151  387    1   25    3    2    0    1263
    1    3   32  152  280    1   18    2    2    1     851
    1    3   33  153  289    1   19    2    2    1     729
    1    3   34  154  201    1   13    2    2    1     535
    1    3   35  155  360    1   23    3    3    1     817
    1    3   36  156  411    1   26    3    3    1     990
    1    3   37  157   15    1    1    1    1    1    1638
    1    3   38  158  326    1   21    3    3    1    1568
    1    3   39  159  476    1   30    3    3    1     793
    1    3   40  160   53    1    4    1    1    1     919
    1    3   41  161   38    1    3    1    1    1    1768
    1    3   42  162  250    1   16    2    2    1    1319
    1    3   43  163  396    1   25    3    3    1     882
    1    3   44  164   16    1    1    1    1    1     995
    1    3   45  165  269    1   17    2    2    1    1447
    1    3   46  166  356    1   23    3    3    1     911
    1    3   47  167   35    1    3    1    1    1     826
    1    3   48  168  473    1   30    3    3    1    1506
    1    3   49  169  266    1   17    2    2    1    1199
    1    3   50  170  479    1   30    3    3    1    2028
    1    3   51  171  424    1   27    3    3    1    1207
    1    3   52  172   56    1    4    1    1    1    1637
    1    3   53  173  212    1   14    2    3    0    2263
    1    3   54  174   49    1    4    1    1    1    2230
    1    3   55  175  121    1    8    1    1    1    1300
    1    3   56  176  471    1   30    3    3    1    2417
    1    3   57  177  380    1   24    3    3    1    1299
    1    3   58  178  182    1   12    2    2    1    1144
    1    3   59  179  448    1   28    3    1    0    1107
    1    3   60  180  272    1   17    2    2    1    1022
    2    1    1  181  108    0    7    1    1    1    5163
    2    1    2  182  195    0   13    2    2    1    1086
    2    1    3  183  125    0    8    1    1    1    2836
    2    1    4  184  218    0   14    2    2    1    5771
    2    1    5  185  140    0    9    1    3    0    2973
    2    1    6  186  172    0   11    2    1    0    4899
    2    1    7  187  367    0   23    3    3    1    1471
    2    1    8  188   35    1    3    1    1    1     775
    2    1    9  189  425    0   27    3    3    1     858
    2    1   10  190  231    0   15    2    2    1    1041
    2    1   11  191  376    0   24    3    1    0     813
    2    1   12  192  407    0   26    3    3    1    1084
    2    1   13  193  466    0   30    3    2    0    2843
    2    1   14  194   37    1    3    1    1    1    1766
    2    1   15  195   45    0    3    1    1    1     704
    2    1   16  196   27    0    2    1    1    1     730
    2    1   17  197  368    0   23    3    3    1     925
    2    1   18  198   42    0    3    1    1    1     878
    2    1   19  199  363    0   23    3    3    1     847
    2    1   20  200   11    0    1    1    1    1    1137
    2    1   21  201  424    1   27    3    3    1     869
    2    1   22  202  278    0   18    2    2    1    1409
    2    1   23  203  255    0   16    2    2    1    1092
    2    1   24  204  132    0    9    1    1    1     650
    2    1   25  205  123    0    8    1    1    1     514
    2    1   26  206  326    1   21    3    3    1    1375
    2    1   27  207  369    0   24    3    1    0     769
    2    1   28  208   86    0    6    1    2    0    1344
    2    1   29  209   94    0    6    1    3    0     847
    2    1   30  210  124    0    8    1    1    1     623
    2    1   31  211   38    1    3    1    1    1     526
    2    1   32  212  358    0   23    3    3    1    1376
    2    1   33  213   20    0    2    1    3    0    1387
    2    1   34  214  148    0   10    1    1    1     942
    2    1   35  215  254    0   16    2    2    1    1031
    2    1   36  216  445    0   28    3    3    1     719
    2    1   37  217  411    1   26    3    3    1     693
    2    1   38  218   79    0    5    1    1    1     713
    2    1   39  219  480    0   30    3    3    1     765
    2    1   40  220  122    0    8    1    1    1     612
    2    1   41  221  192    0   12    2    3    0     819
    2    1   42  222   91    0    6    1    3    0     614
    2    1   43  223  381    0   24    3    1    0     669
    2    1   44  224  337    0   22    3    1    0     980
    2    1   45  225  193    0   13    2    2    1     696
    2    1   46  226  382    0   24    3    1    0     699
    2    1   47  227   98    0    7    1    2    0    3782
    2    1   48  228  185    0   12    2    3    0     615
    2    1   49  229  165    0   11    2    1    0     507
    2    1   50  230  343    0   22    3    1    0     805
    2    1   51  231   10    0    1    1    1    1     854
    2    1   52  232   30    0    2    1    1    1     674
    2    1   53  233  352    0   22    3    1    0     623
    2    1   54  234  395    0   25    3    1    0     541
    2    1   55  235  154    0   10    1    1    1     443
    2    1   56  236   77    0    5    1    1    1     843
    2    1   57  237   25    0    2    1    3    0     688
    2    1   58  238  153    0   10    1    1    1     568
    2    1   59  239  292    0   19    2    1    0    7610
    2    1   60  240  314    0   20    2    3    0     617
    2    1   61  241  121    1    8    1    1    1     741
    2    1   62  242   44    0    3    1    1    1     354
    2    1   63  243  325    0   21    3    3    1    1428
    2    1   64  244   60    0    4    1    1    1    2467
    2    1   65  245  436    0   28    3    3    1     673
    2    1   66  246  214    0   14    2    3    0     579
    2    1   67  247    2    0    1    1    1    1     478
    2    1   68  248  245    1   16    2    2    1     667
    2    1   69  249  356    1   23    3    2    0    1353
    2    1   70  250  318    0   20    2    3    0     993
    2    1   71  251  329    0   21    3    3    1     677
    2    1   72  252   16    1    1    1    1    1     618
    2    1   73  253   95    0    6    1    3    0     678
    2    1   74  254  111    0    7    1    3    0     869
    2    1   75  255  234    0   15    2    1    0    4788
    2    1   76  256   29    0    2    1    3    0     843
    2    1   77  257  248    0   16    2    1    0     846
    2    1   78  258  243    0   16    2    2    1    2331
    2    1   79  259   92    0    6    1    3    0     844
    2    1   80  260  223    0   14    2    1    0     870
    2    1   81  261   36    1    3    1    1    1     631
    2    1   82  262  155    0   10    1    3    0    1059
    2    1   83  263  467    0   30    3    3    1    1740
    2    1   84  264   57    0    4    1    3    0     833
    2    1   85  265  203    0   13    2    2    1     891
    2    1   86  266   51    0    4    1    1    1     922
    2    1   87  267  175    0   11    2    3    0     930
    2    1   88  268  186    0   12    2    1    0     868
    2    1   89  269  476    1   30    3    3    1     680
    2    1   90  270  302    0   19    2    3    0    2067
    2    1   91  271  100    0    7    1    1    1    1207
    2    1   92  272    6    1    1    1    1    1     706
    2    1   93  273  151    0   10    1    2    0    1067
    2    1   94  274  182    1   12    2    2    1     643
    2    1   95  275   19    0    2    1    1    1     545
    2    1   96  276  209    0   14    2    3    0     828
    2    1   97  277  321    0   21    3    1    0     971
    2    1   98  278  419    0   27    3    2    0    1400
    2    1   99  279  383    0   24    3    1    0     601
    2    1  100  280  438    0   28    3    1    0     777
    2    1  101  281  225    0   15    2    1    0     651
    2    1  102  282  351    0   22    3    3    1    2124
    2    1  103  283  346    0   22    3    1    0     681
    2    1  104  284  361    0   23    3    3    1    1139
    2    1  105  285  216    1   14    2    1    0    1168
    2    1  106  286  220    0   14    2    3    0    1775
    2    1  107  287  448    1   28    3    1    0     527
    2    1  108  288  384    0   24    3    1    0     658
    2    1  109  289   17    0    2    1    3    0     685
    2    1  110  290  247    0   16    2    2    1     827
    2    1  111  291   24    0    2    1    3    0     914
    2    1  112  292  391    0   25    3    3    1    1063
    2    1  113  293  249    0   16    2    1    0     568
    2    1  114  294  339    0   22    3    1    0     631
    2    1  115  295  240    1   15    2    2    1    1355
    2    1  116  296  287    0   18    2    3    0    1684
    2    1  117  297  435    0   28    3    1    0     549
    2    1  118  298   68    0    5    1    1    1     496
    2    1  119  299   70    0    5    1    1    1     653
    2    1  120  300  291    0   19    2    1    0    1014
    2    1  121  301  116    0    8    1    1    1     570
    2    1  122  302  275    0   18    2    1    0     460
    2    1  123  303  280    1   18    2    3    0     568
    2    1  124  304  385    0   25    3    3    1     630
    2    1  125  305  408    1   26    3    3    1    1357
    2    1  126  306  288    0   18    2    1    0     720
    2    1  127  307  389    0   25    3    3    1    1105
    2    1  128  308  119    0    8    1    1    1     638
    2    1  129  309  441    0   28    3    3    1     947
    2    1  130  310  468    0   30    3    3    1     780
    2    1  131  311  322    0   21    3    3    1    1159
    2    1  132  312   75    0    5    1    1    1     601
    2    1  133  313   96    0    6    1    3    0     661
    2    1  134  314  461    0   29    3    2    0    1337
    2    1  135  315  230    0   15    2    3    0     667
    2    1  136  316   93    0    6    1    3    0     711
    2    1  137  317  142    0    9    1    1    1     697
    2    1  138  318  283    0   18    2    3    0    1464
    2    1  139  319  201    1   13    2    2    1     792
    2    1  140  320   73    0    5    1    1    1    1052
    2    1  141  321   64    0    4    1    3    0     664
    2    1  142  322  208    0   13    2    2    1     905
    2    1  143  323  323    0   21    3    3    1    1312
    2    1  144  324  460    0   29    3    3    1    1568
    2    1  145  325  284    0   18    2    2    1    2235
    2    1  146  326  301    0   19    2    3    0    1260
    2    1  147  327  120    1    8    1    1    1     688
    2    1  148  328  267    1   17    2    2    1    1172
    2    1  149  329  159    0   10    1    1    1     752
    2    1  150  330  403    0   26    3    3    1    1056
    2    1  151  331  474    0   30    3    3    1    1206
    2    1  152  332  355    0   23    3    3    1     923
    2    1  153  333  194    0   13    2    2    1     796
    2    1  154  334  418    0   27    3    3    1     802
    2    1  155  335   41    0    3    1    1    1     675
    2    1  156  336   99    0    7    1    3    0    1199
    2    1  157  337  463    0   29    3    3    1    1402
    2    1  158  338  458    0   29    3    1    0    1098
    2    1  159  339  362    0   23    3    3    1    1217
    2    1  160  340   74    0    5    1    1    1     854
    2    1  161  341  433    0   28    3    3    1     885
    2    1  162  342  457    0   29    3    2    0    1221
    2    1  163  343  405    0   26    3    3    1     887
    2    1  164  344  315    0   20    2    3    0     767
    2    1  165  345   90    0    6    1    3    0     737
    2    1  166  346  211    0   14    2    3    0     691
    2    1  167  347  380    1   24    3    3    1     830
    2    1  168  348  300    0   19    2    1    0    1027
    2    1  169  349  259    0   17    2    3    0    1148
    2    1  170  350    7    0    1    1    1    1    1668
    2    1  171  351  431    0   27    3    3    1     775
    2    1  172  352  443    0   28    3    3    1     892
    2    1  173  353   48    0    3    1    1    1     602
    2    1  174  354  261    0   17    2    2    1    3145
    2    1  175  355  210    0   14    2    3    0     620
    2    1  176  356  453    0   29    3    3    1    1404
    2    1  177  357  127    0    8    1    1    1     700
    2    1  178  358  237    0   15    2    2    1     988
    2    1  179  359   65    0    5    1    1    1     664
    2    1  180  360   63    0    4    1    3    0    1240
    2    1  181  361  428    0   27    3    3    1    1967
    2    1  182  362   76    0    5    1    1    1     644
    2    1  183  363   54    0    4    1    3    0    1539
    2    1  184  364  271    1   17    2    2    1    1594
    2    1  185  365  135    0    9    1    1    1     869
    2    1  186  366  104    0    7    1    3    0     711
    2    1  187  367  420    0   27    3    3    1    1116
    2    1  188  368  426    0   27    3    3    1     974
    2    1  189  369  156    0   10    1    1    1     603
    2    1  190  370  112    0    7    1    3    0     836
    2    1  191  371  342    0   22    3    3    1    1015
    2    1  192  372  365    0   23    3    3    1     688
    2    1  193  373  396    1   25    3    3    1     543
    2    1  194  374  239    0   15    2    2    1     661
    2    1  195  375  178    0   12    2    3    0     765
    2    1  196  376  115    0    8    1    1    1     452
    2    1  197  377  160    0   10    1    3    0     770
    2    1  198  378  145    0   10    1    1    1     924
    2    1  199  379  270    0   17    2    3    0    1706
    2    1  200  380   46    0    3    1    3    0    3443
    2    1  201  381  341    0   22    3    3    1     814
    2    1  202  382   55    0    4    1    1    1    1157
    2    1  203  383  366    0   23    3    2    0    1058
    2    1  204  384  450    0   29    3    2    0     777
    2    1  205  385   28    0    2    1    1    1     748
    2    1  206  386  143    0    9    1    1    1     533
    2    1  207  387  114    0    8    1    1    1     704
    2    1  208  388  299    0   19    2    1    0     493
    2    1  209  389  416    0   26    3    3    1     992
    2    1  210  390  238    0   15    2    3    0    1378
    2    1  211  391  150    0   10    1    2    0    2229
    2    1  212  392  348    0   22    3    1    0     770
    2    1  213  393  324    0   21    3    3    1    1128
    2    1  214  394  207    0   13    2    2    1     783
    2    1  215  395  256    0   16    2    2    1     929
    2    1  216  396  109    0    7    1    1    1     577
    2    1  217  397  189    0   12    2    3    0    1016
    2    1  218  398  183    0   12    2    3    0     711
    2    1  219  399  250    1   16    2    2    1     631
    2    1  220  400  233    0   15    2    1    0     892
    2    1  221  401  309    0   20    2    3    0     814
    2    1  222  402  204    0   13    2    2    1     760
    2    1  223  403  166    0   11    2    1    0    3450
    2    1  224  404  296    0   19    2    3    0    1073
    2    1  225  405  465    1   30    3    2    0    1798
    2    1  226  406  371    0   24    3    1    0     627
    2    1  227  407  316    0   20    2    3    0     800
    2    1  228  408  478    0   30    3    3    1     608
    2    1  229  409  190    0   12    2    3    0     672
    2    1  230  410  421    0   27    3    2    0    1136
    2    1  231  411   52    1    4    1    1    1     845
    2    1  232  412  452    0   29    3    3    1     945
    2    1  233  413  168    0   11    2    3    0     804
    2    1  234  414  462    0   29    3    3    1     809
    2    1  235  415  242    0   16    2    2    1    3655
    2    1  236  416   88    0    6    1    3    0     680
    2    1  237  417  181    0   12    2    3    0     601
    2    1  238  418  260    0   17    2    3    0    1711
    2    1  239  419  298    0   19    2    3    0    1039
    2    1  240  420  134    0    9    1    1    1    1048
    2    1  241  421  332    0   21    3    3    1     728
    2    1  242  422  228    0   15    2    3    0    1426
    2    1  243  423  317    0   20    2    3    0     957
    2    1  244  424  364    0   23    3    2    0    1452
    2    1  245  425  101    0    7    1    1    1    1501
    2    1  246  426  459    0   29    3    3    1     940
    2    1  247  427  269    1   17    2    2    1     909
    2    1  248  428  128    0    8    1    3    0    2342
    2    1  249  429  191    0   12    2    3    0     656
    2    1  250  430  333    0   21    3    3    1    2013
    2    1  251  431  392    0   25    3    3    1     875
    2    1  252  432   47    0    3    1    1    1    1015
    2    1  253  433  331    0   21    3    3    1     850
    2    1  254  434   71    1    5    1    1    1     572
    2    1  255  435  414    0   26    3    3    1     933
    2    1  256  436  167    0   11    2    1    0     555
    2    1  257  437   26    0    2    1    3    0     860
    2    1  258  438   31    0    2    1    1    1    1045
    2    1  259  439  386    0   25    3    2    0    2669
    2    1  260  440  409    1   26    3    3    1     724
    2    1  261  441  138    0    9    1    1    1     565
    2    1  262  442   33    1    3    1    1    1     565
    2    1  263  443  137    0    9    1    1    1     464
    2    1  264  444  330    0   21    3    3    1     701
    2    1  265  445  477    0   30    3    3    1    1469
    2    1  266  446   58    1    4    1    1    1     964
    2    1  267  447  180    0   12    2    3    0     957
    2    1  268  448  295    0   19    2    3    0    2278
    2    1  269  449  246    0   16    2    2    1     799
    2    1  270  450  345    0   22    3    3    1    1466
    2    1  271  451  422    0   27    3    3    1    1298
    2    1  272  452  241    0   16    2    2    1    1103
    2    1  273  453   43    0    3    1    1    1     598
    2    1  274  454  222    0   14    2    3    0     804
    2    1  275  455  144    0    9    1    1    1     703
    2    1  276  456  221    0   14    2    3    0    2740
    2    1  277  457  387    1   25    3    2    0     711
    2    1  278  458  205    0   13    2    2    1     626
    2    1  279  459  472    0   30    3    3    1    1587
    2    1  280  460  305    0   20    2    3    0    1081
    2    1  281  461  133    0    9    1    1    1     691
    2    1  282  462  202    0   13    2    2    1     779
    2    1  283  463  171    0   11    2    3    0     917
    2    1  284  464  397    0   25    3    3    1     824
    2    1  285  465  404    0   26    3    3    1     732
    2    1  286  466  334    0   21    3    3    1     898
    2    1  287  467  131    0    9    1    1    1    1125
    2    1  288  468   12    0    1    1    1    1     695
    2    1  289  469  170    0   11    2    1    0     931
    2    1  290  470  401    0   26    3    3    1    1423
    2    1  291  471   62    0    4    1    1    1    2821
    2    1  292  472   32    0    2    1    1    1    1104
    2    1  293  473  375    0   24    3    1    0    1121
    2    1  294  474  406    1   26    3    1    0     865
    2    1  295  475  390    0   25    3    1    0    3006
    2    1  296  476  359    1   23    3    1    0     950
    2    1  297  477  281    0   18    2    3    0    1894
    2    1  298  478  276    1   18    2    3    0    1010
    2    1  299  479  236    0   15    2    3    0     748
    2    1  300  480    3    0    1    1    3    0    2020
