    1    1    1    1   58    1    4    1    1    1    4228
    1    1    2    2  359    1   23    3    3    1    2455
    1    1    3    3  396    1   25    3    1    0    2905
    1    1    4    4  409    1   26    3    2    0    2778
    1    1    5    5  250    1   16    2    2    1    1743
    1    1    6    6   15    1    1    1    2    0    1167
    1    1    7    7   33    1    3    1    3    0    1925
    1    1    8    8  473    1   30    3    3    1    2381
    1    1    9    9  267    1   17    2    2    1    1362
    1    1   10   10   37    1    3    1    1    1    1104
    1    1   11   11  182    1   12    2    2    1    1337
    1    1   12   12  117    1    8    1    2    0    2200
    1    1   13   13  387    1   25    3    3    1    1397
    1    1   14   14  448    1   28    3    3    1    3073
    1    1   15   15  340    1   22    3    3    1    2555
    1    1   16   16  272    1   17    2    1    0    2090
    1    1   17   17  240    1   15    2    3    0    2891
    1    1   18   18    4    1    1    1    1    1    1709
    1    1   19   19  271    1   17    2    2    1    1437
    1    1   20   20  326    1   21    3    3    1    1593
    1    1   21   21  120    1    8    1    1    1    2094
    1    1   22   22   38    1    3    1    1    1    2111
    1    1   23   23  121    1    8    1    3    0    1423
    1    1   24   24  219    1   14    2    3    0    1435
    1    1   25   25  212    1   14    2    3    0    1622
    1    1   26   26  201    1   13    2    2    1    1498
    1    1   27   27  276    1   18    2    2    1    2514
    1    1   28   28    6    1    1    1    1    1    1651
    1    1   29   29  164    1   11    2    2    1    2070
    1    1   30   30  356    1   23    3    3    1    1640
    1    1   31   31   16    1    1    1    1    1    1275
    1    1   32   32  406    1   26    3    3    1    1261
    1    1   33   33  269    1   17    2    2    1    1471
    1    1   34   34  411    1   26    3    3    1    1754
    1    1   35   35  476    1   30    3    3    1    2040
    1    1   36   36   52    1    4    1    1    1    1916
    1    1   37   37  289    1   19    2    2    1    1475
    1    1   38   38   80    1    5    1    1    1    1485
    1    1   39   39  465    1   30    3    3    1    1366
    1    1   40   40  360    1   23    3    3    1    1332
    1    1   41   41   49    1    4    1    1    1    1252
    1    1   42   42   71    1    5    1    1    1    1367
    1    1   43   43  290    1   19    2    2    1    1621
    1    1   44   44  353    1   23    3    3    1    1256
    1    1   45   45  252    1   16    2    2    1    2187
    1    1   46   46   35    1    3    1    1    1    1449
    1    1   47   47   56    1    4    1    1    1    2756
    1    1   48   48  216    1   14    2    2    1    2586
    1    1   49   49   53    1    4    1    1    1    1543
    1    1   50   50   36    1    3    1    1    1    1503
    1    1   51   51  380    1   24    3    3    1    1272
    1    1   52   52  280    1   18    2    3    0    1994
    1    1   53   53  266    1   17    2    2    1    1294
    1    1   54   54  471    1   30    3    3    1    1424
    1    1   55   55  424    1   27    3    3    1    2732
    1    1   56   56   66    1    5    1    1    1    1252
    1    1   57   57  479    1   30    3    3    1    1974
    1    1   58   58  245    1   16    2    2    1    2108
    1    1   59   59  217    1   14    2    2    1    3581
    1    1   60   60  408    1   26    3    3    1    1202
    1    2    1   61    6    1    1    1    1    1    1367
    1    2    2   62  182    1   12    2    2    1    1253
    1    2    3   63  409    1   26    3    3    1    1128
    1    2    4   64  217    1   14    2    2    1    1151
    1    2    5   65   15    1    1    1    1    1     982
    1    2    6   66   52    1    4    1    1    1    1571
    1    2    7   67  276    1   18    2    2    1    3433
    1    2    8   68   71    1    5    1    1    1    1044
    1    2    9   69  216    1   14    2    2    1    2623
    1    2   10   70  359    1   23    3    3    1    1066
    1    2   11   71  252    1   16    2    2    1     981
    1    2   12   72  448    1   28    3    3    1    1042
    1    2   13   73   80    1    5    1    1    1    1774
    1    2   14   74  380    1   24    3    3    1    1596
    1    2   15   75   16    1    1    1    1    1    1056
    1    2   16   76  267    1   17    2    2    1    1148
    1    2   17   77  326    1   21    3    2    0    3858
    1    2   18   78  411    1   26    3    3    1    1100
    1    2   19   79  280    1   18    2    2    1    1702
    1    2   20   80  272    1   17    2    2    1    1239
    1    2   21   81  240    1   15    2    2    1    1978
    1    2   22   82   33    1    3    1    1    1    1248
    1    2   23   83  473    1   30    3    3    1    1762
    1    2   24   84  271    1   17    2    2    1    1104
    1    2   25   85  212    1   14    2    3    0    1305
    1    2   26   86  353    1   23    3    3    1    1450
    1    2   27   87  266    1   17    2    2    1    1061
    1    2   28   88  340    1   22    3    3    1    1583
    1    2   29   89   37    1    3    1    1    1    1508
    1    2   30   90  479    1   30    3    1    0     557
    1    2   31   91   49    1    4    1    1    1    1308
    1    2   32   92   56    1    4    1    2    0    5293
    1    2   33   93   66    1    5    1    1    1    1118
    1    2   34   94  396    1   25    3    3    1    1719
    1    2   35   95   58    1    4    1    3    0    3110
    1    2   36   96  121    1    8    1    1    1    1535
    1    2   37   97  406    1   26    3    3    1    1718
    1    2   38   98  408    1   26    3    3    1    1207
    1    2   39   99  387    1   25    3    3    1    1707
    1    2   40  100  424    1   27    3    3    1    1388
    1    2   41  101   38    1    3    1    1    1    1513
    1    2   42  102  471    1   30    3    3    1    1665
    1    2   43  103  164    1   11    2    2    1    1763
    1    2   44  104  117    1    8    1    1    1    2401
    1    2   45  105   36    1    3    1    1    1    1142
    1    2   46  106  289    1   19    2    2    1    1181
    1    2   47  107  290    1   19    2    1    0    2290
    1    2   48  108  476    1   30    3    3    1    1260
    1    2   49  109   35    1    3    1    1    1    1342
    1    2   50  110   53    1    4    1    1    1    2797
    1    2   51  111  250    1   16    2    2    1    1506
    1    2   52  112  120    1    8    1    1    1    1355
    1    2   53  113  360    1   23    3    3    1    1273
    1    2   54  114  269    1   17    2    2    1    1852
    1    2   55  115  201    1   13    2    2    1    1079
    1    2   56  116  245    1   16    2    2    1     928
    1    2   57  117  219    1   14    2    3    0    1807
    1    2   58  118  465    1   30    3    3    1    1148
    1    2   59  119  356    1   23    3    3    1    1202
    1    2   60  120    4    1    1    1    1    1    1815
    1    3    1  121  120    1    8    1    1    1    1123
    1    3    2  122  266    1   17    2    2    1    1227
    1    3    3  123   56    1    4    1    1    1    1471
    1    3    4  124  276    1   18    2    2    1    2713
    1    3    5  125  289    1   19    2    2    1    1249
    1    3    6  126   71    1    5    1    1    1     932
    1    3    7  127  271    1   17    2    2    1    1779
    1    3    8  128  340    1   22    3    3    1    1216
    1    3    9  129  250    1   16    2    2    1    1076
    1    3   10  130   37    1    3    1    1    1    1230
    1    3   11  131   49    1    4    1    2    0    1730
    1    3   12  132  267    1   17    2    2    1    1089
    1    3   13  133  408    1   26    3    3    1    1099
    1    3   14  134  465    1   30    3    3    1    1428
    1    3   15  135  245    1   16    2    2    1    1567
    1    3   16  136   33    1    3    1    1    1    1173
    1    3   17  137   16    1    1    1    1    1    1147
    1    3   18  138  471    1   30    3    3    1    1475
    1    3   19  139  240    1   15    2    2    1    1677
    1    3   20  140  217    1   14    2    2    1    1759
    1    3   21  141  396    1   25    3    3    1    2366
    1    3   22  142   80    1    5    1    1    1    1795
    1    3   23  143  409    1   26    3    3    1    2176
    1    3   24  144  212    1   14    2    2    1    2206
    1    3   25  145   53    1    4    1    1    1    1210
    1    3   26  146  387    1   25    3    1    0    1471
    1    3   27  147  411    1   26    3    3    1    1753
    1    3   28  148  219    1   14    2    3    0    1752
    1    3   29  149  380    1   24    3    3    1    2550
    1    3   30  150  182    1   12    2    2    1    1301
    1    3   31  151  359    1   23    3    3    1    1126
    1    3   32  152  479    1   30    3    3    1    1821
    1    3   33  153  356    1   23    3    3    1    1146
    1    3   34  154  476    1   30    3    3    1    1664
    1    3   35  155  269    1   17    2    2    1    2018
    1    3   36  156  164    1   11    2    1    0    1991
    1    3   37  157   15    1    1    1    1    1    1068
    1    3   38  158  117    1    8    1    1    1    2502
    1    3   39  159  280    1   18    2    2    1    1191
    1    3   40  160  326    1   21    3    3    1    2380
    1    3   41  161  272    1   17    2    2    1    1602
    1    3   42  162   58    1    4    1    1    1    1174
    1    3   43  163  448    1   28    3    3    1    1180
    1    3   44  164  424    1   27    3    3    1    1170
    1    3   45  165  290    1   19    2    1    0    1815
    1    3   46  166   36    1    3    1    1    1    1059
    1    3   47  167    6    1    1    1    1    1    1246
    1    3   48  168  353    1   23    3    3    1    1217
    1    3   49  169  252    1   16    2    2    1    1173
    1    3   50  170   35    1    3    1    1    1     939
    1    3   51  171   38    1    3    1    1    1    1098
    1    3   52  172  360    1   23    3    3    1    1522
    1    3   53  173    4    1    1    1    1    1    1179
    1    3   54  174   52    1    4    1    2    0    1584
    1    3   55  175  201    1   13    2    2    1    1382
    1    3   56  176  216    1   14    2    2    1    1507
    1    3   57  177  121    1    8    1    1    1    1164
    1    3   58  178  473    1   30    3    3    1    1250
    1    3   59  179  406    1   26    3    3    1    2773
    1    3   60  180   66    1    5    1    1    1    1419
    2    1    1  181  291    0   19    2    2    1    2273
    2    1    2  182   63    0    4    1    1    1    1815
    2    1    3  183   80    1    5    1    1    1    3342
    2    1    4  184  161    0   11    2    1    0    1225
    2    1    5  185  460    0   29    3    3    1    1177
    2    1    6  186  115    0    8    1    1    1    1017
    2    1    7  187  106    0    7    1    3    0    3090
    2    1    8  188  227    0   15    2    3    0    1015
    2    1    9  189  215    0   14    2    1    0    1535
    2    1   10  190  377    0   24    3    1    0     691
    2    1   11  191  382    0   24    3    1    0    1016
    2    1   12  192   86    0    6    1    3    0    1056
    2    1   13  193   32    0    2    1    3    0    1303
    2    1   14  194  434    0   28    3    1    0    1251
    2    1   15  195  301    0   19    2    1    0    2690
    2    1   16  196  263    0   17    2    2    1     919
    2    1   17  197  241    0   16    2    2    1    1235
    2    1   18  198  236    0   15    2    2    1     643
    2    1   19  199   98    0    7    1    3    0    1930
    2    1   20  200   83    0    6    1    3    0    1037
    2    1   21  201  305    0   20    2    3    0    3317
    2    1   22  202    1    0    1    1    1    1    1473
    2    1   23  203  288    0   18    2    1    0    1846
    2    1   24  204  439    0   28    3    3    1    2126
    2    1   25  205  459    0   29    3    3    1    1289
    2    1   26  206  370    0   24    3    1    0     982
    2    1   27  207  260    0   17    2    2    1    1454
    2    1   28  208  113    0    8    1    3    0    1316
    2    1   29  209  280    1   18    2    2    1    1265
    2    1   30  210  110    0    7    1    3    0    1918
    2    1   31  211  349    0   22    3    3    1    2163
    2    1   32  212  168    0   11    2    1    0    1148
    2    1   33  213   93    0    6    1    1    1    1361
    2    1   34  214  105    0    7    1    3    0    1179
    2    1   35  215   37    1    3    1    1    1    1164
    2    1   36  216  417    0   27    3    3    1    1102
    2    1   37  217  228    0   15    2    3    0    2355
    2    1   38  218  222    0   14    2    2    1    3493
    2    1   39  219  390    0   25    3    3    1    1161
    2    1   40  220  332    0   21    3    2    0    1499
    2    1   41  221  398    0   25    3    3    1    1663
    2    1   42  222   47    0    3    1    1    1    1293
    2    1   43  223  127    0    8    1    1    1    1434
    2    1   44  224   24    0    2    1    3    0    1569
    2    1   45  225  205    0   13    2    2    1    1123
    2    1   46  226  294    0   19    2    3    0    1943
    2    1   47  227  314    0   20    2    3    0    1802
    2    1   48  228  171    0   11    2    1    0    1139
    2    1   49  229  310    0   20    2    3    0    1670
    2    1   50  230  397    0   25    3    3    1    1604
    2    1   51  231  138    0    9    1    1    1    1637
    2    1   52  232  476    1   30    3    3    1    2276
    2    1   53  233  266    1   17    2    2    1    1162
    2    1   54  234   38    1    3    1    1    1    1452
    2    1   55  235  183    0   12    2    3    0    2626
    2    1   56  236  337    0   22    3    1    0    3707
    2    1   57  237  275    0   18    2    1    0    1447
    2    1   58  238   67    0    5    1    1    1    1422
    2    1   59  239   39    0    3    1    1    1     790
    2    1   60  240   75    0    5    1    1    1    1110
    2    1   61  241  190    0   12    2    3    0    1706
    2    1   62  242  447    0   28    3    3    1    1543
    2    1   63  243  442    0   28    3    3    1     796
    2    1   64  244  466    0   30    3    2    0    1418
    2    1   65  245  182    1   12    2    2    1    1635
    2    1   66  246  298    0   19    2    1    0    2819
    2    1   67  247  396    1   25    3    3    1    1379
    2    1   68  248  100    0    7    1    1    1    3739
    2    1   69  249  328    0   21    3    3    1    2102
    2    1   70  250  213    0   14    2    3    0    1171
    2    1   71  251   31    0    2    1    3    0    1990
    2    1   72  252  384    0   24    3    1    0    1478
    2    1   73  253  217    1   14    2    2    1    1467
    2    1   74  254  454    0   29    3    2    0    3042
    2    1   75  255  383    0   24    3    1    0    2088
    2    1   76  256   22    0    2    1    3    0    1702
    2    1   77  257   69    0    5    1    1    1    1347
    2    1   78  258  239    0   15    2    2    1    1421
    2    1   79  259  306    0   20    2    3    0    4279
    2    1   80  260  343    0   22    3    1    0    1131
    2    1   81  261  139    0    9    1    1    1    3710
    2    1   82  262  287    0   18    2    1    0    1162
    2    1   83  263   84    0    6    1    3    0    1165
    2    1   84  264  471    1   30    3    3    1    2958
    2    1   85  265  292    0   19    2    1    0    1370
    2    1   86  266  214    0   14    2    3    0    1203
    2    1   87  267  181    0   12    2    3    0    3588
    2    1   88  268  126    0    8    1    1    1    1077
    2    1   89  269  448    1   28    3    3    1    1930
    2    1   90  270  124    0    8    1    1    1    1070
    2    1   91  271  424    1   27    3    3    1    1076
    2    1   92  272  375    0   24    3    1    0     905
    2    1   93  273  186    0   12    2    2    1    1526
    2    1   94  274  151    0   10    1    2    0     970
    2    1   95  275   96    0    6    1    3    0    1444
    2    1   96  276  395    0   25    3    1    0    2089
    2    1   97  277    4    1    1    1    1    1    1431
    2    1   98  278  103    0    7    1    1    1    2431
    2    1   99  279   68    0    5    1    1    1    1070
    2    1  100  280  121    1    8    1    1    1    1043
    2    1  101  281  437    0   28    3    3    1    1274
    2    1  102  282   82    0    6    1    3    0     680
    2    1  103  283  465    1   30    3    3    1    1421
    2    1  104  284  202    0   13    2    2    1     980
    2    1  105  285  203    0   13    2    2    1     638
    2    1  106  286  435    0   28    3    1    0    1270
    2    1  107  287  387    1   25    3    1    0    3316
    2    1  108  288  226    0   15    2    3    0    1359
    2    1  109  289  319    0   20    2    3    0    1467
    2    1  110  290  134    0    9    1    2    0    3713
    2    1  111  291  394    0   25    3    3    1    1405
    2    1  112  292  368    0   23    3    3    1    3574
    2    1  113  293  256    0   16    2    3    0    1303
    2    1  114  294  402    0   26    3    2    0    1267
    2    1  115  295  464    0   29    3    3    1    2065
    2    1  116  296  345    0   22    3    3    1    1103
    2    1  117  297  132    0    9    1    2    0    1252
    2    1  118  298  187    0   12    2    3    0    1522
    2    1  119  299   97    0    7    1    1    1    2134
    2    1  120  300  351    0   22    3    1    0     753
    2    1  121  301  145    0   10    1    1    1    2004
    2    1  122  302  321    0   21    3    3    1    1557
    2    1  123  303  412    0   26    3    3    1    2023
    2    1  124  304  261    0   17    2    2    1    1942
    2    1  125  305  347    0   22    3    1    0    1161
    2    1  126  306  276    1   18    2    2    1    1739
    2    1  127  307  136    0    9    1    1    1    1254
    2    1  128  308  469    0   30    3    3    1    4292
    2    1  129  309  123    0    8    1    1    1    2475
    2    1  130  310   52    1    4    1    1    1    1736
    2    1  131  311  327    0   21    3    3    1    2019
    2    1  132  312  246    0   16    2    2    1    1843
    2    1  133  313  218    0   14    2    2    1    1979
    2    1  134  314  371    0   24    3    1    0    2075
    2    1  135  315   72    0    5    1    1    1    1113
    2    1  136  316  431    0   27    3    2    0    1181
    2    1  137  317  443    0   28    3    2    0    1167
    2    1  138  318  221    0   14    2    2    1     625
    2    1  139  319   95    0    6    1    3    0    1177
    2    1  140  320  188    0   12    2    3    0    2619
    2    1  141  321  423    0   27    3    3    1    1747
    2    1  142  322  148    0   10    1    3    0    1854
    2    1  143  323  389    0   25    3    3    1    1027
    2    1  144  324  144    0    9    1    1    1    1163
    2    1  145  325  355    0   23    3    3    1    2237
    2    1  146  326   18    0    2    1    2    0    1763
    2    1  147  327  374    0   24    3    1    0    2414
    2    1  148  328  274    0   18    2    2    1    1183
    2    1  149  329  325    0   21    3    3    1    3007
    2    1  150  330   58    1    4    1    1    1    1224
    2    1  151  331   78    0    5    1    1    1    1399
    2    1  152  332   45    0    3    1    1    1    1265
    2    1  153  333  243    0   16    2    2    1    1054
    2    1  154  334  225    0   15    2    1    0    2149
    2    1  155  335  362    0   23    3    3    1    1264
    2    1  156  336  184    0   12    2    3    0    1165
    2    1  157  337  242    0   16    2    3    0    2783
    2    1  158  338  425    0   27    3    3    1    2401
    2    1  159  339  380    1   24    3    1    0    1569
    2    1  160  340  224    0   14    2    1    0    2196
    2    1  161  341  461    0   29    3    2    0    1836
    2    1  162  342   89    0    6    1    3    0    1539
    2    1  163  343  264    0   17    2    2    1    1478
    2    1  164  344  393    0   25    3    3    1    1772
    2    1  165  345  381    0   24    3    1    0    1205
    2    1  166  346  462    0   29    3    3    1    4629
    2    1  167  347  456    0   29    3    3    1    1869
    2    1  168  348   90    0    6    1    3    0    1122
    2    1  169  349  322    0   21    3    3    1    1046
    2    1  170  350  233    0   15    2    1    0    1422
    2    1  171  351  373    0   24    3    1    0    1204
    2    1  172  352  120    1    8    1    1    1    1110
    2    1  173  353  240    1   15    2    1    0    1146
    2    1  174  354  455    0   29    3    2    0     989
    2    1  175  355  174    0   11    2    1    0    1318
    2    1  176  356  268    0   17    2    2    1    2033
    2    1  177  357  270    0   17    2    1    0    2320
    2    1  178  358  313    0   20    2    2    1    2741
    2    1  179  359  316    0   20    2    3    0    1689
    2    1  180  360  170    0   11    2    1    0    1158
    2    1  181  361   42    0    3    1    1    1    1081
    2    1  182  362  271    1   17    2    2    1    1757
    2    1  183  363  338    0   22    3    1    0    1161
    2    1  184  364  249    0   16    2    1    0    2731
    2    1  185  365  253    0   16    2    2    1    1182
    2    1  186  366   73    0    5    1    1    1    1568
    2    1  187  367  250    1   16    2    2    1    2274
    2    1  188  368   25    0    2    1    3    0    1591
    2    1  189  369   65    0    5    1    2    0    1944
    2    1  190  370  252    1   16    2    2    1    1083
    2    1  191  371  427    0   27    3    3    1    1264
    2    1  192  372  114    0    8    1    1    1    1214
    2    1  193  373   27    0    2    1    1    1    1646
    2    1  194  374  479    1   30    3    3    1    1501
    2    1  195  375  137    0    9    1    1    1    1762
    2    1  196  376  150    0   10    1    2    0    1803
    2    1  197  377  419    0   27    3    3    1    2260
    2    1  198  378  143    0    9    1    1    1    1418
    2    1  199  379  432    0   27    3    3    1    1778
    2    1  200  380  173    0   11    2    1    0    1227
    2    1  201  381  160    0   10    1    1    1    3739
    2    1  202  382  334    0   21    3    3    1    1286
    2    1  203  383  212    1   14    2    1    0    2196
    2    1  204  384  216    1   14    2    2    1    1645
    2    1  205  385   87    0    6    1    2    0    2075
    2    1  206  386  140    0    9    1    3    0    1656
    2    1  207  387  178    0   12    2    3    0    1223
    2    1  208  388  179    0   12    2    3    0    1175
    2    1  209  389  211    0   14    2    3    0    1193
    2    1  210  390   28    0    2    1    1    1    1643
    2    1  211  391  162    0   11    2    1    0     874
    2    1  212  392   23    0    2    1    1    1     600
    2    1  213  393   48    0    3    1    1    1     689
    2    1  214  394  198    0   13    2    2    1    1126
    2    1  215  395  189    0   12    2    3    0    1320
    2    1  216  396   62    0    4    1    1    1    1236
    2    1  217  397  128    0    8    1    1    1    1476
    2    1  218  398  418    0   27    3    3    1    1433
    2    1  219  399  478    0   30    3    3    1    1056
    2    1  220  400  295    0   19    2    1    0    1528
    2    1  221  401  467    0   30    3    3    1    2251
    2    1  222  402  311    0   20    2    3    0    1633
    2    1  223  403  422    0   27    3    3    1    1552
    2    1  224  404  436    0   28    3    3    1    1523
    2    1  225  405  449    0   29    3    2    0    1079
    2    1  226  406  472    0   30    3    3    1    3164
    2    1  227  407  248    0   16    2    2    1    2045
    2    1  228  408  117    1    8    1    1    1    1228
    2    1  229  409   12    0    1    1    1    1    1579
    2    1  230  410  408    1   26    3    3    1    3213
    2    1  231  411  329    0   21    3    3    1    3533
    2    1  232  412  302    0   19    2    3    0    4273
    2    1  233  413  407    0   26    3    3    1    2758
    2    1  234  414  169    0   11    2    1    0    1192
    2    1  235  415   53    1    4    1    1    1    2825
    2    1  236  416  272    1   17    2    2    1    3082
    2    1  237  417  237    0   15    2    3    0    4447
    2    1  238  418  406    1   26    3    3    1    1308
    2    1  239  419  244    0   16    2    2    1    1642
    2    1  240  420   54    0    4    1    1    1    1865
    2    1  241  421  299    0   19    2    3    0    1872
    2    1  242  422  257    0   17    2    1    0    2516
    2    1  243  423  200    0   13    2    2    1    1345
    2    1  244  424  107    0    7    1    3    0    1628
    2    1  245  425  414    0   26    3    3    1    1163
    2    1  246  426  309    0   20    2    3    0     876
    2    1  247  427   59    0    4    1    1    1    1211
    2    1  248  428  358    0   23    3    3    1    2731
    2    1  249  429  315    0   20    2    3    0    1535
    2    1  250  430  176    0   11    2    1    0    1506
    2    1  251  431  312    0   20    2    3    0    1254
    2    1  252  432  285    0   18    2    1    0    2197
    2    1  253  433  356    1   23    3    3    1    1438
    2    1  254  434  433    0   28    3    3    1    4022
    2    1  255  435  480    0   30    3    3    1    1029
    2    1  256  436  367    0   23    3    3    1    2204
    2    1  257  437  413    0   26    3    3    1    1173
    2    1  258  438  341    0   22    3    3    1    1335
    2    1  259  439  255    0   16    2    1    0    2243
    2    1  260  440  108    0    7    1    1    1    2843
    2    1  261  441  297    0   19    2    1    0    2713
    2    1  262  442  282    0   18    2    1    0    1485
    2    1  263  443   50    0    4    1    1    1    1155
    2    1  264  444  451    0   29    3    2    0    1078
    2    1  265  445  399    0   25    3    3    1    2346
    2    1  266  446  135    0    9    1    1    1    1405
    2    1  267  447  284    0   18    2    2    1    2038
    2    1  268  448  350    0   22    3    2    0    5061
    2    1  269  449   15    1    1    1    1    1    1115
    2    1  270  450   79    0    5    1    1    1    1151
    2    1  271  451  235    0   15    2    1    0    2194
    2    1  272  452  133    0    9    1    1    1    1291
    2    1  273  453  208    0   13    2    2    1    1176
    2    1  274  454  122    0    8    1    1    1    1098
    2    1  275  455  209    0   14    2    3    0    1326
    2    1  276  456  229    0   15    2    3    0    1194
    2    1  277  457  130    0    9    1    1    1    1323
    2    1  278  458  428    0   27    3    3    1    1559
    2    1  279  459  220    0   14    2    1    0    2265
    2    1  280  460  204    0   13    2    2    1    1679
    2    1  281  461   49    1    4    1    1    1    2733
    2    1  282  462  149    0   10    1    3    0    2111
    2    1  283  463  156    0   10    1    1    1    1484
    2    1  284  464   77    0    5    1    1    1    1569
    2    1  285  465  119    0    8    1    1    1    2772
    2    1  286  466  125    0    8    1    1    1    1941
    2    1  287  467  247    0   16    2    2    1    1337
    2    1  288  468  361    0   23    3    3    1    1251
    2    1  289  469  195    0   13    2    2    1    1280
    2    1  290  470  303    0   19    2    1    0    2095
    2    1  291  471  340    1   22    3    3    1    1708
    2    1  292  472  104    0    7    1    3    0    1288
    2    1  293  473  336    0   21    3    3    1     692
    2    1  294  474  146    0   10    1    1    1    1064
    2    1  295  475   74    0    5    1    1    1     654
    2    1  296  476  308    0   20    2    3    0    1523
    2    1  297  477   13    0    1    1    1    1    2168
    2    1  298  478  379    0   24    3    1    0    1314
    2    1  299  479  344    0   22    3    1    0    1151
    2    1  300  480  348    0   22    3    1    0    1568
