    1    1    1    1  117    1    8    1    2    0    3913
    1    1    2    2  340    1   22    3    2    0    7149
    1    1    3    3   80    1    5    1    3    0    2324
    1    1    4    4  272    1   17    2    3    0    4237
    1    1    5    5   37    1    3    1    3    0    4586
    1    1    6    6  411    1   26    3    1    0    3575
    1    1    7    7   53    1    4    1    3    0    1105
    1    1    8    8  201    1   13    2    3    0    2899
    1    1    9    9    6    1    1    1    1    1    2139
    1    1   10   10   38    1    3    1    1    1    1220
    1    1   11   11  465    1   30    3    2    0    1025
    1    1   12   12   56    1    4    1    2    0    1606
    1    1   13   13   36    1    3    1    3    0    1106
    1    1   14   14  387    1   25    3    2    0    1138
    1    1   15   15  252    1   16    2    3    0     906
    1    1   16   16  406    1   26    3    1    0    1253
    1    1   17   17  326    1   21    3    2    0    1230
    1    1   18   18  473    1   30    3    3    1    1636
    1    1   19   19  182    1   12    2    3    0    4318
    1    1   20   20  359    1   23    3    3    1    1028
    1    1   21   21   49    1    4    1    1    1     904
    1    1   22   22  356    1   23    3    3    1    1160
    1    1   23   23  164    1   11    2    1    0     565
    1    1   24   24   66    1    5    1    1    1    1336
    1    1   25   25  120    1    8    1    1    1     678
    1    1   26   26  245    1   16    2    2    1    1378
    1    1   27   27  266    1   17    2    3    0    1542
    1    1   28   28   58    1    4    1    1    1     942
    1    1   29   29  269    1   17    2    3    0    1185
    1    1   30   30  408    1   26    3    2    0    2249
    1    1   31   31  276    1   18    2    1    0     996
    1    1   32   32   71    1    5    1    1    1     653
    1    1   33   33  476    1   30    3    3    1    2234
    1    1   34   34  396    1   25    3    3    1     792
    1    1   35   35   16    1    1    1    1    1     839
    1    1   36   36  240    1   15    2    2    1    1180
    1    1   37   37  219    1   14    2    1    0    2019
    1    1   38   38  424    1   27    3    2    0    1408
    1    1   39   39  380    1   24    3    1    0     911
    1    1   40   40  216    1   14    2    3    0     964
    1    1   41   41  448    1   28    3    1    0     977
    1    1   42   42  479    1   30    3    3    1    1433
    1    1   43   43  250    1   16    2    1    0    1057
    1    1   44   44  289    1   19    2    2    1    1040
    1    1   45   45   15    1    1    1    1    1     609
    1    1   46   46  121    1    8    1    1    1     746
    1    1   47   47    4    1    1    1    1    1    1147
    1    1   48   48  280    1   18    2    3    0     840
    1    1   49   49   35    1    3    1    1    1     805
    1    1   50   50  360    1   23    3    2    0    1864
    1    1   51   51  212    1   14    2    3    0    1432
    1    1   52   52  267    1   17    2    2    1     806
    1    1   53   53  217    1   14    2    2    1    1131
    1    1   54   54   52    1    4    1    1    1     681
    1    1   55   55  409    1   26    3    2    0    2143
    1    1   56   56   33    1    3    1    1    1    2314
    1    1   57   57  271    1   17    2    2    1    3351
    1    1   58   58  471    1   30    3    2    0    1579
    1    1   59   59  353    1   23    3    2    0    1356
    1    1   60   60  290    1   19    2    1    0    2409
    1    2    1   61  408    1   26    3    3    1    2931
    1    2    2   62  121    1    8    1    1    1     704
    1    2    3   63  267    1   17    2    2    1     999
    1    2    4   64  424    1   27    3    3    1    2951
    1    2    5   65   36    1    3    1    1    1     674
    1    2    6   66  479    1   30    3    3    1    1172
    1    2    7   67   80    1    5    1    1    1     955
    1    2    8   68  182    1   12    2    2    1     968
    1    2    9   69  266    1   17    2    2    1     740
    1    2   10   70  252    1   16    2    2    1     586
    1    2   11   71  471    1   30    3    3    1    1452
    1    2   12   72  219    1   14    2    1    0     964
    1    2   13   73  276    1   18    2    2    1    1611
    1    2   14   74    4    1    1    1    1    1    1882
    1    2   15   75  271    1   17    2    2    1     986
    1    2   16   76   52    1    4    1    1    1     618
    1    2   17   77  120    1    8    1    1    1     753
    1    2   18   78  117    1    8    1    1    1    1270
    1    2   19   79  212    1   14    2    2    1     966
    1    2   20   80  240    1   15    2    2    1     876
    1    2   21   81  280    1   18    2    3    0     787
    1    2   22   82  409    1   26    3    2    0    1338
    1    2   23   83   53    1    4    1    1    1     629
    1    2   24   84  201    1   13    2    2    1    1137
    1    2   25   85  216    1   14    2    3    0    1064
    1    2   26   86  387    1   25    3    2    0     928
    1    2   27   87   37    1    3    1    1    1     688
    1    2   28   88  359    1   23    3    3    1     759
    1    2   29   89  476    1   30    3    3    1     674
    1    2   30   90  272    1   17    2    2    1     763
    1    2   31   91  396    1   25    3    3    1    1493
    1    2   32   92    6    1    1    1    1    1     682
    1    2   33   93   33    1    3    1    1    1     614
    1    2   34   94  326    1   21    3    2    0    1318
    1    2   35   95  269    1   17    2    2    1    1139
    1    2   36   96  406    1   26    3    3    1     957
    1    2   37   97  448    1   28    3    1    0     733
    1    2   38   98   56    1    4    1    1    1     664
    1    2   39   99  340    1   22    3    1    0    1100
    1    2   40  100  289    1   19    2    2    1    1507
    1    2   41  101  353    1   23    3    2    0    3078
    1    2   42  102   16    1    1    1    1    1     710
    1    2   43  103  356    1   23    3    3    1    1612
    1    2   44  104  290    1   19    2    1    0     954
    1    2   45  105  465    1   30    3    3    1    1128
    1    2   46  106  245    1   16    2    2    1    1230
    1    2   47  107   58    1    4    1    1    1    1024
    1    2   48  108  380    1   24    3    2    0    1767
    1    2   49  109  473    1   30    3    3    1    1212
    1    2   50  110   15    1    1    1    1    1     721
    1    2   51  111   49    1    4    1    1    1     540
    1    2   52  112  217    1   14    2    2    1    1379
    1    2   53  113   71    1    5    1    1    1     772
    1    2   54  114  250    1   16    2    1    0     794
    1    2   55  115  411    1   26    3    3    1    1115
    1    2   56  116   66    1    5    1    1    1     897
    1    2   57  117   35    1    3    1    1    1     726
    1    2   58  118  164    1   11    2    2    1    1276
    1    2   59  119  360    1   23    3    3    1    1017
    1    2   60  120   38    1    3    1    1    1     625
    1    3    1  121  216    1   14    2    2    1    2438
    1    3    2  122  280    1   18    2    3    0    1126
    1    3    3  123  212    1   14    2    2    1    1094
    1    3    4  124   80    1    5    1    1    1     644
    1    3    5  125   33    1    3    1    1    1     776
    1    3    6  126   15    1    1    1    1    1     560
    1    3    7  127  201    1   13    2    1    0     511
    1    3    8  128  356    1   23    3    3    1    1004
    1    3    9  129  164    1   11    2    1    0    1160
    1    3   10  130   16    1    1    1    1    1     866
    1    3   11  131   58    1    4    1    1    1     623
    1    3   12  132   37    1    3    1    1    1     782
    1    3   13  133  217    1   14    2    2    1     761
    1    3   14  134  476    1   30    3    3    1    1720
    1    3   15  135   52    1    4    1    1    1     718
    1    3   16  136  120    1    8    1    1    1     919
    1    3   17  137   35    1    3    1    1    1     661
    1    3   18  138  219    1   14    2    2    1    1666
    1    3   19  139  326    1   21    3    3    1    1737
    1    3   20  140  340    1   22    3    3    1     986
    1    3   21  141  408    1   26    3    3    1     915
    1    3   22  142  182    1   12    2    2    1    1792
    1    3   23  143  289    1   19    2    2    1     821
    1    3   24  144  245    1   16    2    2    1     976
    1    3   25  145  473    1   30    3    3    1    1176
    1    3   26  146  267    1   17    2    2    1    2226
    1    3   27  147  252    1   16    2    2    1       5
    1    3   28  148  406    1   26    3    3    1     772
    1    3   29  149  409    1   26    3    3    1    1654
    1    3   30  150  250    1   16    2    2    1     873
    1    3   31  151  448    1   28    3    3    1    1303
    1    3   32  152   71    1    5    1    1    1    1218
    1    3   33  153  359    1   23    3    3    1    1062
    1    3   34  154  380    1   24    3    2    0    1237
    1    3   35  155   36    1    3    1    1    1     857
    1    3   36  156  269    1   17    2    2    1     935
    1    3   37  157  396    1   25    3    3    1    1510
    1    3   38  158   56    1    4    1    1    1     727
    1    3   39  159  266    1   17    2    2    1    1057
    1    3   40  160  360    1   23    3    3    1    1036
    1    3   41  161  272    1   17    2    2    1    1352
    1    3   42  162   66    1    5    1    1    1     717
    1    3   43  163    6    1    1    1    1    1     741
    1    3   44  164  240    1   15    2    2    1    1324
    1    3   45  165   49    1    4    1    1    1    4101
    1    3   46  166  424    1   27    3    3    1     705
    1    3   47  167    4    1    1    1    1    1    1302
    1    3   48  168  479    1   30    3    3    1     971
    1    3   49  169  465    1   30    3    3    1     768
    1    3   50  170  117    1    8    1    2    0    1430
    1    3   51  171  276    1   18    2    1    0    1030
    1    3   52  172  121    1    8    1    1    1     934
    1    3   53  173  471    1   30    3    3    1    1190
    1    3   54  174  271    1   17    2    2    1    1510
    1    3   55  175   53    1    4    1    1    1     869
    1    3   56  176  387    1   25    3    1    0    1407
    1    3   57  177  353    1   23    3    3    1     716
    1    3   58  178  290    1   19    2    1    0     865
    1    3   59  179   38    1    3    1    1    1     850
    1    3   60  180  411    1   26    3    3    1     632
    2    1    1  181  139    0    9    1    1    1    8000
    2    1    2  182  463    0   29    3    3    1    1604
    2    1    3  183  155    0   10    1    3    0    1457
    2    1    4  184  160    0   10    1    1    1    2150
    2    1    5  185  324    0   21    3    3    1    1504
    2    1    6  186  205    0   13    2    2    1    2043
    2    1    7  187  401    0   26    3    2    0    1835
    2    1    8  188  102    0    7    1    2    0    1650
    2    1    9  189  243    0   16    2    2    1    1420
    2    1   10  190  357    0   23    3    3    1    1317
    2    1   11  191  476    1   30    3    3    1    1261
    2    1   12  192  225    0   15    2    2    1    2423
    2    1   13  193   13    0    1    1    1    1    1636
    2    1   14  194  414    0   26    3    3    1    1210
    2    1   15  195  454    0   29    3    2    0    1087
    2    1   16  196  189    0   12    2    3    0    1526
    2    1   17  197  191    0   12    2    2    1    1619
    2    1   18  198  228    0   15    2    3    0    1974
    2    1   19  199  317    0   20    2    3    0    1989
    2    1   20  200  388    0   25    3    3    1    2016
    2    1   21  201  307    0   20    2    3    0    1669
    2    1   22  202  218    0   14    2    3    0    1894
    2    1   23  203   29    0    2    1    2    0    1981
    2    1   24  204   54    0    4    1    2    0    1609
    2    1   25  205  406    1   26    3    3    1    1278
    2    1   26  206  100    0    7    1    1    1    1081
    2    1   27  207  358    0   23    3    2    0    1584
    2    1   28  208  226    0   15    2    3    0    1328
    2    1   29  209  302    0   19    2    2    1    1787
    2    1   30  210  329    0   21    3    3    1    1419
    2    1   31  211  154    0   10    1    1    1    1322
    2    1   32  212  166    0   11    2    1    0    1527
    2    1   33  213  227    0   15    2    3    0    1413
    2    1   34  214  111    0    7    1    2    0    1207
    2    1   35  215  361    0   23    3    3    1    1038
    2    1   36  216  171    0   11    2    1    0    1129
    2    1   37  217   89    0    6    1    3    0     981
    2    1   38  218   78    0    5    1    1    1     916
    2    1   39  219  373    0   24    3    1    0    1053
    2    1   40  220  268    0   17    2    2    1    1582
    2    1   41  221  273    0   18    2    2    1    1215
    2    1   42  222   23    0    2    1    1    1    2188
    2    1   43  223  150    0   10    1    2    0    1266
    2    1   44  224   45    0    3    1    1    1     997
    2    1   45  225  215    0   14    2    3    0    1287
    2    1   46  226  186    0   12    2    2    1    1988
    2    1   47  227  315    0   20    2    3    0    1242
    2    1   48  228  362    0   23    3    3    1    1196
    2    1   49  229  118    0    8    1    1    1    1105
    2    1   50  230  192    0   12    2    3    0    1466
    2    1   51  231  245    1   16    2    2    1    1216
    2    1   52  232  178    0   12    2    3    0    1374
    2    1   53  233  339    0   22    3    1    0    1073
    2    1   54  234  372    0   24    3    1    0    1017
    2    1   55  235  474    0   30    3    3    1     981
    2    1   56  236  390    0   25    3    3    1    1125
    2    1   57  237  283    0   18    2    3    0     988
    2    1   58  238  436    0   28    3    2    0    1401
    2    1   59  239  289    1   19    2    3    0    1325
    2    1   60  240  386    0   25    3    2    0    4032
    2    1   61  241   32    0    2    1    3    0    1029
    2    1   62  242  117    1    8    1    3    0    3320
    2    1   63  243   95    0    6    1    3    0    1447
    2    1   64  244   88    0    6    1    3    0    1124
    2    1   65  245  159    0   10    1    1    1    1144
    2    1   66  246  349    0   22    3    1    0    1075
    2    1   67  247  321    0   21    3    3    1    2345
    2    1   68  248   36    1    3    1    1    1    1178
    2    1   69  249   52    1    4    1    1    1    1069
    2    1   70  250  287    0   18    2    1    0    1049
    2    1   71  251  375    0   24    3    1    0     995
    2    1   72  252  343    0   22    3    1    0     867
    2    1   73  253  134    0    9    1    2    0    3111
    2    1   74  254  351    0   22    3    1    0    1086
    2    1   75  255  389    0   25    3    2    0    1787
    2    1   76  256  140    0    9    1    1    1    2576
    2    1   77  257  352    0   22    3    1    0    1247
    2    1   78  258  255    0   16    2    2    1    1132
    2    1   79  259  435    0   28    3    1    0     906
    2    1   80  260  394    0   25    3    3    1    1162
    2    1   81  261  432    0   27    3    3    1     999
    2    1   82  262  207    0   13    2    3    0    1115
    2    1   83  263   18    0    2    1    3    0    1758
    2    1   84  264   46    0    3    1    1    1     957
    2    1   85  265   90    0    6    1    3    0    1442
    2    1   86  266  164    1   11    2    1    0    1663
    2    1   87  267  121    1    8    1    1    1    1015
    2    1   88  268   70    0    5    1    1    1    1283
    2    1   89  269  157    0   10    1    1    1     872
    2    1   90  270  267    1   17    2    2    1    1088
    2    1   91  271  415    0   26    3    3    1     946
    2    1   92  272  403    0   26    3    3    1    1183
    2    1   93  273   34    0    3    1    1    1     947
    2    1   94  274  344    0   22    3    1    0    1019
    2    1   95  275  223    0   14    2    3    0     998
    2    1   96  276   57    0    4    1    1    1    1079
    2    1   97  277   56    1    4    1    2    0    1847
    2    1   98  278   59    0    4    1    3    0    1170
    2    1   99  279  332    0   21    3    2    0    1641
    2    1  100  280  180    0   12    2    2    1     999
    2    1  101  281  423    0   27    3    3    1    1223
    2    1  102  282  301    0   19    2    2    1    2183
    2    1  103  283  426    0   27    3    3    1    1200
    2    1  104  284  312    0   20    2    3    0    1061
    2    1  105  285   39    0    3    1    1    1     915
    2    1  106  286  465    1   30    3    3    1    1376
    2    1  107  287  419    0   27    3    3    1    1187
    2    1  108  288  441    0   28    3    3    1    1098
    2    1  109  289  424    1   27    3    3    1     993
    2    1  110  290  374    0   24    3    1    0    1311
    2    1  111  291   24    0    2    1    3    0    1358
    2    1  112  292  151    0   10    1    2    0    1688
    2    1  113  293  252    1   16    2    2    1     834
    2    1  114  294  142    0    9    1    3    0    2061
    2    1  115  295    9    0    1    1    1    1    1120
    2    1  116  296  472    0   30    3    3    1    3026
    2    1  117  297  316    0   20    2    3    0    1259
    2    1  118  298  427    0   27    3    3    1    1061
    2    1  119  299  425    0   27    3    3    1     879
    2    1  120  300  469    0   30    3    3    1    1116
    2    1  121  301  162    0   11    2    2    1    2102
    2    1  122  302  275    0   18    2    1    0    1021
    2    1  123  303  108    0    7    1    2    0    2467
    2    1  124  304  446    0   28    3    3    1    1707
    2    1  125  305  181    0   12    2    3    0    1508
    2    1  126  306  434    0   28    3    3    1     627
    2    1  127  307  212    1   14    2    2    1     970
    2    1  128  308  398    0   25    3    3    1     656
    2    1  129  309  187    0   12    2    3    0    1230
    2    1  130  310  145    0   10    1    1    1    1273
    2    1  131  311  447    0   28    3    3    1     762
    2    1  132  312   97    0    7    1    3    0     960
    2    1  133  313   62    0    4    1    1    1     789
    2    1  134  314    4    1    1    1    1    1     542
    2    1  135  315  294    0   19    2    1    0     475
    2    1  136  316  320    0   20    2    3    0     721
    2    1  137  317  326    1   21    3    3    1    2142
    2    1  138  318  148    0   10    1    3    0     748
    2    1  139  319  443    0   28    3    3    1     981
    2    1  140  320  325    0   21    3    3    1     608
    2    1  141  321  323    0   21    3    3    1     795
    2    1  142  322  387    1   25    3    2    0    1176
    2    1  143  323  365    0   23    3    3    1     600
    2    1  144  324   74    0    5    1    1    1     653
    2    1  145  325  392    0   25    3    3    1     794
    2    1  146  326  308    0   20    2    3    0     554
    2    1  147  327  356    1   23    3    2    0     854
    2    1  148  328   84    0    6    1    3    0     716
    2    1  149  329   58    1    4    1    1    1     640
    2    1  150  330  345    0   22    3    3    1     553
    2    1  151  331  286    0   18    2    3    0    2805
    2    1  152  332  222    0   14    2    3    0     580
    2    1  153  333  109    0    7    1    1    1     814
    2    1  154  334  253    0   16    2    1    0     617
    2    1  155  335  416    0   26    3    3    1     731
    2    1  156  336  101    0    7    1    1    1     684
    2    1  157  337    2    0    1    1    1    1    1038
    2    1  158  338  405    0   26    3    3    1    1005
    2    1  159  339   31    0    2    1    3    0     742
    2    1  160  340   75    0    5    1    1    1     721
    2    1  161  341  363    0   23    3    3    1     627
    2    1  162  342  333    0   21    3    3    1     852
    2    1  163  343  246    0   16    2    2    1    1037
    2    1  164  344   71    1    5    1    1    1     629
    2    1  165  345  278    0   18    2    2    1     794
    2    1  166  346  198    0   13    2    2    1     802
    2    1  167  347  285    0   18    2    3    0     736
    2    1  168  348  395    0   25    3    1    0     787
    2    1  169  349  337    0   22    3    3    1     832
    2    1  170  350  197    0   13    2    1    0     629
    2    1  171  351  230    0   15    2    1    0     863
    2    1  172  352  235    0   15    2    3    0     882
    2    1  173  353  328    0   21    3    3    1     791
    2    1  174  354  318    0   20    2    3    0    1089
    2    1  175  355  173    0   11    2    1    0     832
    2    1  176  356   28    0    2    1    3    0    2192
    2    1  177  357  457    0   29    3    2    0     771
    2    1  178  358  455    0   29    3    2    0     544
    2    1  179  359  430    0   27    3    3    1     718
    2    1  180  360  274    0   18    2    2    1     707
    2    1  181  361   83    0    6    1    3    0     719
    2    1  182  362  458    0   29    3    3    1    1594
    2    1  183  363  256    0   16    2    2    1     699
    2    1  184  364  309    0   20    2    3    0     645
    2    1  185  365  367    0   23    3    3    1     836
    2    1  186  366  460    0   29    3    2    0     851
    2    1  187  367  259    0   17    2    2    1     967
    2    1  188  368  473    1   30    3    3    1     838
    2    1  189  369  271    1   17    2    3    0    1120
    2    1  190  370  322    0   21    3    3    1    2992
    2    1  191  371   63    0    4    1    1    1     934
    2    1  192  372  210    0   14    2    3    0    1020
    2    1  193  373  103    0    7    1    1    1     750
    2    1  194  374  303    0   19    2    2    1    1127
    2    1  195  375  369    0   24    3    1    0     899
    2    1  196  376  280    1   18    2    2    1     901
    2    1  197  377  429    0   27    3    3    1     705
    2    1  198  378  422    0   27    3    3    1     534
    2    1  199  379  204    0   13    2    2    1     859
    2    1  200  380  224    0   14    2    2    1    1257
    2    1  201  381  478    0   30    3    3    1     621
    2    1  202  382  263    0   17    2    2    1     762
    2    1  203  383  347    0   22    3    1    0    2805
    2    1  204  384   98    0    7    1    1    1     760
    2    1  205  385  334    0   21    3    3    1     715
    2    1  206  386   11    0    1    1    1    1    1198
    2    1  207  387  195    0   13    2    2    1     662
    2    1  208  388   81    0    6    1    3    0     569
    2    1  209  389   43    0    3    1    1    1     704
    2    1  210  390   44    0    3    1    1    1     524
    2    1  211  391  354    0   23    3    3    1     999
    2    1  212  392  105    0    7    1    2    0    1300
    2    1  213  393  175    0   11    2    3    0    1891
    2    1  214  394  265    0   17    2    2    1    2005
    2    1  215  395  132    0    9    1    3    0     738
    2    1  216  396  152    0   10    1    3    0     787
    2    1  217  397  176    0   11    2    2    1     778
    2    1  218  398  247    0   16    2    2    1     844
    2    1  219  399  266    1   17    2    2    1     929
    2    1  220  400   40    0    3    1    1    1     728
    2    1  221  401   26    0    2    1    3    0    1086
    2    1  222  402   38    1    3    1    1    1     470
    2    1  223  403   12    0    1    1    1    1     708
    2    1  224  404  231    0   15    2    2    1     613
    2    1  225  405   87    0    6    1    1    1     514
    2    1  226  406  453    0   29    3    2    0    1040
    2    1  227  407   86    0    6    1    2    0     647
    2    1  228  408  194    0   13    2    2    1     585
    2    1  229  409   76    0    5    1    1    1     563
    2    1  230  410   51    0    4    1    1    1     681
    2    1  231  411   47    0    3    1    1    1     504
    2    1  232  412  115    0    8    1    1    1     792
    2    1  233  413  380    1   24    3    2    0    1001
    2    1  234  414  158    0   10    1    1    1     692
    2    1  235  415  475    0   30    3    2    0     829
    2    1  236  416   19    0    2    1    1    1    1776
    2    1  237  417  295    0   19    2    2    1    1228
    2    1  238  418  355    0   23    3    3    1     679
    2    1  239  419  370    0   24    3    1    0     813
    2    1  240  420    8    0    1    1    2    0    1869
    2    1  241  421  451    0   29    3    2    0     766
    2    1  242  422  234    0   15    2    3    0     940
    2    1  243  423   33    1    3    1    1    1     667
    2    1  244  424  368    0   23    3    2    0     819
    2    1  245  425  444    0   28    3    3    1    1077
    2    1  246  426   20    0    2    1    3    0     752
    2    1  247  427  193    0   13    2    2    1     563
    2    1  248  428  229    0   15    2    2    1     952
    2    1  249  429  466    0   30    3    2    0     627
    2    1  250  430   50    0    4    1    3    0    1048
    2    1  251  431  141    0    9    1    3    0     718
    2    1  252  432  236    0   15    2    2    1     632
    2    1  253  433  353    1   23    3    2    0     714
    2    1  254  434  206    0   13    2    2    1     525
    2    1  255  435  135    0    9    1    3    0    1042
    2    1  256  436  376    0   24    3    1    0     596
    2    1  257  437  128    0    8    1    2    0    1266
    2    1  258  438  408    1   26    3    2    0     938
    2    1  259  439  241    0   16    2    2    1     694
    2    1  260  440  298    0   19    2    3    0    1194
    2    1  261  441  202    0   13    2    2    1     656
    2    1  262  442  468    0   30    3    3    1     677
    2    1  263  443  136    0    9    1    3    0     824
    2    1  264  444  257    0   17    2    1    0    1308
    2    1  265  445  217    1   14    2    2    1    3889
    2    1  266  446  319    0   20    2    3    0     573
    2    1  267  447  161    0   11    2    1    0     768
    2    1  268  448  440    0   28    3    3    1     726
    2    1  269  449  172    0   11    2    1    0     782
    2    1  270  450  209    0   14    2    3    0     648
    2    1  271  451  262    0   17    2    2    1     822
    2    1  272  452  300    0   19    2    1    0    1126
    2    1  273  453  124    0    8    1    1    1     572
    2    1  274  454  240    1   15    2    2    1     675
    2    1  275  455  137    0    9    1    3    0     658
    2    1  276  456  420    0   27    3    2    0     693
    2    1  277  457  407    0   26    3    3    1     954
    2    1  278  458  168    0   11    2    1    0    1424
    2    1  279  459  242    0   16    2    2    1     849
    2    1  280  460  452    0   29    3    3    1     603
    2    1  281  461  125    0    8    1    2    0    1403
    2    1  282  462  297    0   19    2    2    1     833
    2    1  283  463  346    0   22    3    1    0     493
    2    1  284  464  445    0   28    3    3    1     845
    2    1  285  465  106    0    7    1    2    0     736
    2    1  286  466   73    0    5    1    1    1     743
    2    1  287  467  360    1   23    3    3    1     821
    2    1  288  468  411    1   26    3    3    1     797
    2    1  289  469  284    0   18    2    3    0     582
    2    1  290  470   16    1    1    1    1    1     749
    2    1  291  471    3    0    1    1    1    1     995
    2    1  292  472  471    1   30    3    3    1     589
    2    1  293  473   69    0    5    1    1    1     642
    2    1  294  474   66    1    5    1    1    1     478
    2    1  295  475  272    1   17    2    2    1    1160
    2    1  296  476  461    0   29    3    2    0     671
    2    1  297  477  428    0   27    3    3    1     708
    2    1  298  478  391    0   25    3    3    1     672
    2    1  299  479  213    0   14    2    3    0     639
    2    1  300  480  438    0   28    3    3    1    1814
