    1    1    1    1  471    1   30    3    3    1    4568
    1    1    2    2  330    1   21    3    1    0    2658
    1    1    3    3  278    1   18    2    3    0    2490
    1    1    4    4  190    1   12    2    1    0    2340
    1    1    5    5  395    1   25    3    3    1    5258
    1    1    6    6  355    1   23    3    2    0    2015
    1    1    7    7  456    1   29    3    2    0    1784
    1    1    8    8  146    1   10    1    2    0    1963
    1    1    9    9  293    1   19    2    2    1    1668
    1    1   10   10  163    1   11    2    3    0    2940
    1    1   11   11  306    1   20    2    3    0    2318
    1    1   12   12  272    1   17    2    3    0    2614
    1    1   13   13  359    1   23    3    2    0    1803
    1    1   14   14  381    1   24    3    1    0    1501
    1    1   15   15  446    1   28    3    1    0    2461
    1    1   16   16  111    1    7    1    1    1    1454
    1    1   17   17  136    1    9    1    2    0    1081
    1    1   18   18  327    1   21    3    2    0     944
    1    1   19   19  203    1   13    2    3    0    1642
    1    1   20   20  250    1   16    2    3    0    1196
    1    1   21   21  308    1   20    2    3    0    1245
    1    1   22   22  443    1   28    3    2    0    1250
    1    1   23   23    7    1    1    1    1    1    1196
    1    1   24   24  297    1   19    2    2    1    2232
    1    1   25   25   40    1    3    1    2    0    1244
    1    1   26   26  195    1   13    2    3    0    1315
    1    1   27   27   72    1    5    1    2    0    1218
    1    1   28   28  186    1   12    2    3    0    1364
    1    1   29   29  229    1   15    2    1    0     973
    1    1   30   30  115    1    8    1    2    0     541
    1    1   31   31  279    1   18    2    3    0    1215
    1    1   32   32  238    1   15    2    2    1    1460
    1    1   33   33  420    1   27    3    1    0    1548
    1    1   34   34  413    1   26    3    3    1    2573
    1    1   35   35   55    1    4    1    2    0    2936
    1    1   36   36  397    1   25    3    2    0    1258
    1    1   37   37   16    1    1    1    1    1    1490
    1    1   38   38   31    1    2    1    3    0    4132
    1    1   39   39  465    1   30    3    3    1      88
    1    1   40   40  337    1   22    3    1    0       0
    1    1   41   41  267    1   17    2    2    1       0
    1    1   42   42  224    1   14    2    2    1     108
    1    1   43   43  376    1   24    3    3    1      24
    1    1   44   44   96    1    6    1    1    1    1864
    1    1   45   45  455    1   29    3    2    0      74
    1    1   46   46  215    1   14    2    1    0      59
    1    1   47   47  405    1   26    3    1    0     390
    1    1   48   48   62    1    4    1    2    0      51
    1    1   49   49   17    1    2    1    2    0     185
    1    1   50   50  241    1   16    2    1    0       0
    1    1   51   51  125    1    8    1    2    0     114
    1    1   52   52  148    1   10    1    1    1       0
    1    1   53   53  170    1   11    2    2    1    3999
    1    1   54   54  135    1    9    1    3    0    1171
    1    1   55   55  106    1    7    1    2    0    2603
    1    1   56   56  423    1   27    3    2    0    1550
    1    1   57   57   85    1    6    1    2    0     913
    1    1   58   58   34    1    3    1    3    0    2863
    1    1   59   59   73    1    5    1    2    0     972
    1    1   60   60  339    1   22    3    1    0    1098
    1    2    1   61  306    1   20    2    3    0    3236
    1    2    2   62    7    1    1    1    1    1    1535
    1    2    3   63  359    1   23    3    3    1    1589
    1    2    4   64   17    1    2    1    3    0    2730
    1    2    5   65  381    1   24    3    2    0    1491
    1    2    6   66  170    1   11    2    2    1    3209
    1    2    7   67  195    1   13    2    1    0    4242
    1    2    8   68  327    1   21    3    3    1    1251
    1    2    9   69  297    1   19    2    2    1    1418
    1    2   10   70  186    1   12    2    2    1    1193
    1    2   11   71   16    1    1    1    2    0    3868
    1    2   12   72  267    1   17    2    1    0    2410
    1    2   13   73  443    1   28    3    2    0    1231
    1    2   14   74  293    1   19    2    2    1    1744
    1    2   15   75  397    1   25    3    3    1    2289
    1    2   16   76  423    1   27    3    3    1    2159
    1    2   17   77  395    1   25    3    1    0    1699
    1    2   18   78  229    1   15    2    3    0    2458
    1    2   19   79  163    1   11    2    2    1    3906
    1    2   20   80  456    1   29    3    3    1    3428
    1    2   21   81  111    1    7    1    1    1    2131
    1    2   22   82  224    1   14    2    2    1    1781
    1    2   23   83  125    1    8    1    1    1    1945
    1    2   24   84  337    1   22    3    1    0    1174
    1    2   25   85  148    1   10    1    3    0    1825
    1    2   26   86   55    1    4    1    2    0    2017
    1    2   27   87  203    1   13    2    2    1    1798
    1    2   28   88  471    1   30    3    3    1    1763
    1    2   29   89  308    1   20    2    3    0     784
    1    2   30   90  465    1   30    3    2    0    1834
    1    2   31   91   34    1    3    1    2    0    1149
    1    2   32   92  135    1    9    1    2    0    2539
    1    2   33   93  238    1   15    2    2    1    4083
    1    2   34   94  136    1    9    1    1    1    1770
    1    2   35   95  339    1   22    3    1    0    1347
    1    2   36   96  250    1   16    2    2    1    1754
    1    2   37   97  241    1   16    2    2    1    3104
    1    2   38   98  215    1   14    2    3    0    2279
    1    2   39   99   85    1    6    1    1    1    1327
    1    2   40  100  420    1   27    3    2    0    1633
    1    2   41  101  413    1   26    3    3    1    1551
    1    2   42  102  272    1   17    2    2    1    1962
    1    2   43  103   62    1    4    1    2    0    1725
    1    2   44  104  106    1    7    1    1    1    1589
    1    2   45  105  278    1   18    2    2    1    2775
    1    2   46  106  146    1   10    1    1    1    1381
    1    2   47  107  190    1   12    2    2    1    1422
    1    2   48  108  446    1   28    3    1    0    2062
    1    2   49  109   31    1    2    1    2    0    1634
    1    2   50  110  115    1    8    1    1    1     877
    1    2   51  111  455    1   29    3    2    0    1457
    1    2   52  112  279    1   18    2    3    0    1547
    1    2   53  113  355    1   23    3    2    0    2024
    1    2   54  114  330    1   21    3    2    0    1308
    1    2   55  115   73    1    5    1    3    0    1669
    1    2   56  116  405    1   26    3    2    0    2021
    1    2   57  117  376    1   24    3    1    0    1714
    1    2   58  118   72    1    5    1    3    0    2315
    1    2   59  119   96    1    6    1    2    0    1626
    1    2   60  120   40    1    3    1    1    1    1007
    1    3    1  121   96    1    6    1    1    1     566
    1    3    2  122  272    1   17    2    2    1    1528
    1    3    3  123  327    1   21    3    2    0    1128
    1    3    4  124   40    1    3    1    1    1    1217
    1    3    5  125  397    1   25    3    2    0    1054
    1    3    6  126  456    1   29    3    3    1    1261
    1    3    7  127  267    1   17    2    1    0    1263
    1    3    8  128   72    1    5    1    1    1    1032
    1    3    9  129  376    1   24    3    1    0    1194
    1    3   10  130  229    1   15    2    2    1    1792
    1    3   11  131  241    1   16    2    2    1    1043
    1    3   12  132  293    1   19    2    2    1    1534
    1    3   13  133   62    1    4    1    2    0     713
    1    3   14  134  423    1   27    3    3    1    3343
    1    3   15  135  146    1   10    1    1    1    2040
    1    3   16  136  446    1   28    3    3    1    1341
    1    3   17  137  224    1   14    2    2    1    1549
    1    3   18  138  455    1   29    3    2    0    2033
    1    3   19  139  111    1    7    1    3    0    2182
    1    3   20  140  195    1   13    2    1    0    1886
    1    3   21  141  381    1   24    3    2    0    1133
    1    3   22  142  203    1   13    2    2    1    1769
    1    3   23  143  148    1   10    1    1    1    1683
    1    3   24  144  355    1   23    3    3    1    5005
    1    3   25  145  297    1   19    2    2    1    2254
    1    3   26  146  395    1   25    3    1    0    1915
    1    3   27  147   55    1    4    1    1    1    2031
    1    3   28  148  443    1   28    3    3    1    3644
    1    3   29  149  163    1   11    2    1    0    2804
    1    3   30  150  106    1    7    1    1    1    1262
    1    3   31  151  308    1   20    2    3    0    2369
    1    3   32  152    7    1    1    1    1    1     968
    1    3   33  153   31    1    2    1    2    0    1686
    1    3   34  154   85    1    6    1    1    1    1099
    1    3   35  155  186    1   12    2    2    1    1614
    1    3   36  156  170    1   11    2    1    0    1534
    1    3   37  157  125    1    8    1    1    1     771
    1    3   38  158   16    1    1    1    1    1     796
    1    3   39  159  136    1    9    1    1    1    1064
    1    3   40  160  339    1   22    3    1    0     805
    1    3   41  161  278    1   18    2    2    1    1311
    1    3   42  162   73    1    5    1    1    1     948
    1    3   43  163  420    1   27    3    1    0    5603
    1    3   44  164  279    1   18    2    2    1    1559
    1    3   45  165  413    1   26    3    3    1    1374
    1    3   46  166  359    1   23    3    3    1    1564
    1    3   47  167  115    1    8    1    1    1    1224
    1    3   48  168  405    1   26    3    1    0    2843
    1    3   49  169  190    1   12    2    2    1    1144
    1    3   50  170  465    1   30    3    3    1    2734
    1    3   51  171   17    1    2    1    3    0    1992
    1    3   52  172  337    1   22    3    3    1    2257
    1    3   53  173  330    1   21    3    2    0    1800
    1    3   54  174  135    1    9    1    1    1    1631
    1    3   55  175  238    1   15    2    3    0    1326
    1    3   56  176   34    1    3    1    1    1    1221
    1    3   57  177  215    1   14    2    2    1    1228
    1    3   58  178  471    1   30    3    3    1    1882
    1    3   59  179  250    1   16    2    2    1    3546
    1    3   60  180  306    1   20    2    2    1    2431
    2    1    1  181  153    0   10    1    1    1    4629
    2    1    2  182  342    0   22    3    1    0    3227
    2    1    3  183  291    0   19    2    2    1    2411
    2    1    4  184   45    0    3    1    1    1    1192
    2    1    5  185  200    0   13    2    2    1    1741
    2    1    6  186  123    0    8    1    1    1    1390
    2    1    7  187  189    0   12    2    2    1    1237
    2    1    8  188  332    0   21    3    2    0    1597
    2    1    9  189   89    0    6    1    3    0    1918
    2    1   10  190  237    0   15    2    2    1    1717
    2    1   11  191  249    0   16    2    1    0    1285
    2    1   12  192  382    0   24    3    1    0    1303
    2    1   13  193  324    0   21    3    2    0    1209
    2    1   14  194  187    0   12    2    2    1    1163
    2    1   15  195  361    0   23    3    2    0    2866
    2    1   16  196  195    1   13    2    1    0    2249
    2    1   17  197   86    0    6    1    2    0    2185
    2    1   18  198  259    0   17    2    3    0    2520
    2    1   19  199  334    0   21    3    3    1    1558
    2    1   20  200  156    0   10    1    1    1    1061
    2    1   21  201  420    1   27    3    3    1    4201
    2    1   22  202  303    0   19    2    2    1    1502
    2    1   23  203   39    0    3    1    1    1    1454
    2    1   24  204  394    0   25    3    3    1    1783
    2    1   25  205  227    0   15    2    3    0     786
    2    1   26  206  139    0    9    1    1    1    2353
    2    1   27  207   46    0    3    1    1    1    1148
    2    1   28  208  240    0   15    2    2    1    1318
    2    1   29  209  208    0   13    2    2    1    2318
    2    1   30  210   75    0    5    1    1    1    1350
    2    1   31  211   84    0    6    1    3    0    1333
    2    1   32  212  107    0    7    1    1    1    3348
    2    1   33  213  421    0   27    3    2    0    5701
    2    1   34  214  235    0   15    2    3    0    4083
    2    1   35  215  459    0   29    3    2    0    3065
    2    1   36  216  120    0    8    1    2    0    1353
    2    1   37  217  198    0   13    2    2    1     823
    2    1   38  218  471    1   30    3    3    1     687
    2    1   39  219   43    0    3    1    1    1     654
    2    1   40  220   18    0    2    1    3    0     885
    2    1   41  221  246    0   16    2    2    1    1120
    2    1   42  222  224    1   14    2    2    1     800
    2    1   43  223  262    0   17    2    3    0     682
    2    1   44  224  306    1   20    2    3    0     877
    2    1   45  225  204    0   13    2    1    0    2141
    2    1   46  226  102    0    7    1    1    1    1014
    2    1   47  227   79    0    5    1    1    1     605
    2    1   48  228  140    0    9    1    1    1    1312
    2    1   49  229  339    1   22    3    1    0     787
    2    1   50  230  418    0   27    3    2    0    1088
    2    1   51  231  286    0   18    2    3    0    1979
    2    1   52  232  388    0   25    3    3    1     773
    2    1   53  233   56    0    4    1    2    0    2255
    2    1   54  234  395    1   25    3    1    0    3468
    2    1   55  235    1    0    1    1    2    0    1411
    2    1   56  236   65    0    5    1    1    1     897
    2    1   57  237  336    0   21    3    3    1    1194
    2    1   58  238   34    1    3    1    1    1     629
    2    1   59  239  343    0   22    3    1    0     753
    2    1   60  240  128    0    8    1    2    0    1227
    2    1   61  241  181    0   12    2    2    1    1251
    2    1   62  242  449    0   29    3    2    0    1258
    2    1   63  243  179    0   12    2    2    1    1575
    2    1   64  244  293    1   19    2    2    1     940
    2    1   65  245   80    0    5    1    1    1     991
    2    1   66  246  266    0   17    2    3    0    1577
    2    1   67  247  433    0   28    3    2    0    1254
    2    1   68  248  338    0   22    3    1    0    3510
    2    1   69  249  229    1   15    2    2    1    2031
    2    1   70  250  454    0   29    3    2    0    2728
    2    1   71  251  247    0   16    2    2    1     769
    2    1   72  252  305    0   20    2    3    0    1148
    2    1   73  253  469    0   30    3    3    1     857
    2    1   74  254  267    1   17    2    2    1     810
    2    1   75  255  274    0   18    2    3    0     616
    2    1   76  256  296    0   19    2    2    1    2422
    2    1   77  257   88    0    6    1    2    0    1008
    2    1   78  258    4    0    1    1    1    1    1247
    2    1   79  259  428    0   27    3    2    0    1996
    2    1   80  260   96    1    6    1    2    0    1148
    2    1   81  261  228    0   15    2    3    0    1567
    2    1   82  262  157    0   10    1    1    1    2058
    2    1   83  263  294    0   19    2    1    0    1070
    2    1   84  264  452    0   29    3    3    1     978
    2    1   85  265  216    0   14    2    2    1    3055
    2    1   86  266  231    0   15    2    3    0    1876
    2    1   87  267  253    0   16    2    1    0    1335
    2    1   88  268  412    0   26    3    2    0    1815
    2    1   89  269  399    0   25    3    3    1     917
    2    1   90  270   72    1    5    1    1    1    1169
    2    1   91  271  416    0   26    3    3    1    1009
    2    1   92  272  221    0   14    2    2    1    2607
    2    1   93  273   17    1    2    1    3    0    1024
    2    1   94  274  137    0    9    1    1    1    2327
    2    1   95  275  309    0   20    2    3    0    3386
    2    1   96  276  261    0   17    2    3    0    1143
    2    1   97  277   11    0    1    1    1    1    1315
    2    1   98  278  457    0   29    3    2    0    1410
    2    1   99  279  116    0    8    1    1    1    1432
    2    1  100  280  349    0   22    3    1    0     881
    2    1  101  281   29    0    2    1    2    0    1071
    2    1  102  282  444    0   28    3    2    0    3207
    2    1  103  283  474    0   30    3    3    1    2043
    2    1  104  284  141    0    9    1    2    0    1462
    2    1  105  285   57    0    4    1    2    0    1278
    2    1  106  286  182    0   12    2    3    0    1733
    2    1  107  287  272    1   17    2    2    1    1688
    2    1  108  288  188    0   12    2    2    1     756
    2    1  109  289  125    1    8    1    1    1     627
    2    1  110  290  176    0   11    2    1    0     982
    2    1  111  291  281    0   18    2    2    1    1088
    2    1  112  292  167    0   11    2    1    0    1025
    2    1  113  293  232    0   15    2    3    0    3149
    2    1  114  294  308    1   20    2    3    0     954
    2    1  115  295   23    0    2    1    1    1    1108
    2    1  116  296   71    0    5    1    1    1     894
    2    1  117  297   67    0    5    1    1    1    2718
    2    1  118  298   55    1    4    1    1    1     861
    2    1  119  299  414    0   26    3    3    1    1196
    2    1  120  300  197    0   13    2    1    0    1478
    2    1  121  301  415    0   26    3    2    0    1528
    2    1  122  302  130    0    9    1    1    1    1114
    2    1  123  303   54    0    4    1    2    0    1424
    2    1  124  304  172    0   11    2    1    0    1023
    2    1  125  305  310    0   20    2    3    0    1740
    2    1  126  306   83    0    6    1    2    0    4147
    2    1  127  307  408    0   26    3    3    1    1005
    2    1  128  308  225    0   15    2    1    0    2127
    2    1  129  309  282    0   18    2    1    0    2071
    2    1  130  310   63    0    4    1    1    1     705
    2    1  131  311  169    0   11    2    1    0     699
    2    1  132  312  202    0   13    2    1    0     605
    2    1  133  313  341    0   22    3    1    0     500
    2    1  134  314  365    0   23    3    2    0    1543
    2    1  135  315  101    0    7    1    1    1     976
    2    1  136  316  209    0   14    2    3    0     975
    2    1  137  317  118    0    8    1    1    1     924
    2    1  138  318  297    1   19    2    2    1    4708
    2    1  139  319  298    0   19    2    2    1    1057
    2    1  140  320  220    0   14    2    3    0    1054
    2    1  141  321  384    0   24    3    1    0     739
    2    1  142  322   92    0    6    1    2    0     959
    2    1  143  323  242    0   16    2    2    1    1331
    2    1  144  324  337    1   22    3    3    1    2127
    2    1  145  325  370    0   24    3    1    0    1068
    2    1  146  326  464    0   29    3    2    0    1388
    2    1  147  327  335    0   21    3    2    0     945
    2    1  148  328  445    0   28    3    2    0     807
    2    1  149  329  159    0   10    1    1    1     619
    2    1  150  330  193    0   13    2    2    1    1215
    2    1  151  331  396    0   25    3    3    1     760
    2    1  152  332   82    0    6    1    2    0     901
    2    1  153  333  316    0   20    2    3    0     624
    2    1  154  334   78    0    5    1    1    1     599
    2    1  155  335  432    0   27    3    2    0    1492
    2    1  156  336  131    0    9    1    1    1     881
    2    1  157  337   99    0    7    1    1    1     922
    2    1  158  338  466    0   30    3    2    0    3972
    2    1  159  339  480    0   30    3    3    1    1578
    2    1  160  340  144    0    9    1    1    1    1187
    2    1  161  341  122    0    8    1    1    1    1457
    2    1  162  342  363    0   23    3    2    0    1157
    2    1  163  343  387    0   25    3    2    0    5450
    2    1  164  344  164    0   11    2    2    1     705
    2    1  165  345   16    1    1    1    1    1     783
    2    1  166  346  468    0   30    3    3    1     663
    2    1  167  347  177    0   12    2    3    0    1742
    2    1  168  348   30    0    2    1    1    1     749
    2    1  169  349   27    0    2    1    1    1    1114
    2    1  170  350  206    0   13    2    2    1     995
    2    1  171  351   87    0    6    1    2    0     917
    2    1  172  352  134    0    9    1    1    1    2274
    2    1  173  353  357    0   23    3    2    0    1622
    2    1  174  354  145    0   10    1    1    1    1769
    2    1  175  355  429    0   27    3    3    1    2151
    2    1  176  356  280    0   18    2    3    0     849
    2    1  177  357  196    0   13    2    2    1    2006
    2    1  178  358  461    0   29    3    2    0    6539
    2    1  179  359   66    0    5    1    1    1     934
    2    1  180  360  441    0   28    3    1    0    1065
    2    1  181  361  295    0   19    2    2    1    1382
    2    1  182  362  257    0   17    2    1    0    1117
    2    1  183  363   47    0    3    1    1    1     675
    2    1  184  364  268    0   17    2    2    1    1858
    2    1  185  365  283    0   18    2    2    1    1178
    2    1  186  366    3    0    1    1    1    1    1126
    2    1  187  367  124    0    8    1    1    1     798
    2    1  188  368  347    0   22    3    1    0     475
    2    1  189  369  376    1   24    3    1    0     502
    2    1  190  370  364    0   23    3    2    0    1005
    2    1  191  371  171    0   11    2    1    0    1034
    2    1  192  372  264    0   17    2    2    1    1334
    2    1  193  373  353    0   23    3    1    0    1765
    2    1  194  374  109    0    7    1    1    1     590
    2    1  195  375  362    0   23    3    2    0    1751
    2    1  196  376  194    0   13    2    1    0     522
    2    1  197  377  226    0   15    2    3    0    1365
    2    1  198  378  254    0   16    2    2    1     846
    2    1  199  379  133    0    9    1    1    1    1601
    2    1  200  380  437    0   28    3    2    0     955
    2    1  201  381   15    0    1    1    2    0     988
    2    1  202  382   40    1    3    1    1    1     910
    2    1  203  383  327    1   21    3    2    0     720
    2    1  204  384   90    0    6    1    2    0     773
    2    1  205  385  201    0   13    2    2    1     780
    2    1  206  386  435    0   28    3    2    0    1347
    2    1  207  387   62    1    4    1    2    0    1242
    2    1  208  388  325    0   21    3    2    0     663
    2    1  209  389  358    0   23    3    2    0     929
    2    1  210  390  355    1   23    3    2    0     981
    2    1  211  391  214    0   14    2    2    1     657
    2    1  212  392  168    0   11    2    2    1     761
    2    1  213  393  352    0   22    3    1    0    1389
    2    1  214  394  192    0   12    2    2    1     665
    2    1  215  395  148    1   10    1    1    1     882
    2    1  216  396   20    0    2    1    2    0     833
    2    1  217  397  321    0   21    3    2    0     736
    2    1  218  398  152    0   10    1    3    0    2171
    2    1  219  399  393    0   25    3    3    1     569
    2    1  220  400  378    0   24    3    1    0     784
    2    1  221  401  215    1   14    2    2    1    2205
    2    1  222  402  447    0   28    3    1    0    1235
    2    1  223  403  108    0    7    1    1    1    1081
    2    1  224  404  479    0   30    3    3    1     758
    2    1  225  405  419    0   27    3    3    1     601
    2    1  226  406  154    0   10    1    1    1    1087
    2    1  227  407    6    0    1    1    1    1     855
    2    1  228  408  411    0   26    3    3    1     820
    2    1  229  409  451    0   29    3    2    0    3202
    2    1  230  410  329    0   21    3    3    1    1580
    2    1  231  411   33    0    3    1    1    1    1353
    2    1  232  412   32    0    2    1    1    1    1318
    2    1  233  413   41    0    3    1    1    1     697
    2    1  234  414  344    0   22    3    1    0     674
    2    1  235  415   85    1    6    1    1    1     630
    2    1  236  416   73    1    5    1    1    1     713
    2    1  237  417   50    0    4    1    2    0     818
    2    1  238  418  477    0   30    3    2    0    1436
    2    1  239  419  285    0   18    2    2    1    1328
    2    1  240  420  345    0   22    3    2    0     782
    2    1  241  421    9    0    1    1    2    0     676
    2    1  242  422  470    0   30    3    2    0     903
    2    1  243  423   91    0    6    1    3    0    1303
    2    1  244  424   44    0    3    1    1    1    1104
    2    1  245  425  330    1   21    3    3    1    1368
    2    1  246  426  443    1   28    3    3    1    1090
    2    1  247  427  290    0   19    2    2    1    1362
    2    1  248  428  135    1    9    1    1    1    1059
    2    1  249  429  210    0   14    2    3    0    1449
    2    1  250  430  136    1    9    1    1    1    1448
    2    1  251  431  165    0   11    2    2    1    1414
    2    1  252  432   31    1    2    1    1    1    1145
    2    1  253  433  385    0   25    3    3    1    1729
    2    1  254  434  442    0   28    3    3    1     729
    2    1  255  435  151    0   10    1    2    0    1042
    2    1  256  436  417    0   27    3    2    0    1070
    2    1  257  437  340    0   22    3    1    0     826
    2    1  258  438  186    1   12    2    2    1    1220
    2    1  259  439  472    0   30    3    3    1     713
    2    1  260  440  199    0   13    2    2    1     889
    2    1  261  441  322    0   21    3    3    1     938
    2    1  262  442  448    0   28    3    1    0     620
    2    1  263  443   51    0    4    1    2    0    2119
    2    1  264  444  213    0   14    2    3    0     649
    2    1  265  445  438    0   28    3    1    0     716
    2    1  266  446  284    0   18    2    3    0     564
    2    1  267  447  476    0   30    3    3    1     582
    2    1  268  448  430    0   27    3    1    0     998
    2    1  269  449  456    1   29    3    3    1     843
    2    1  270  450  273    0   18    2    2    1    1004
    2    1  271  451  402    0   26    3    1    0     955
    2    1  272  452   24    0    2    1    2    0    1195
    2    1  273  453  121    0    8    1    1    1     846
    2    1  274  454  119    0    8    1    2    0    1844
    2    1  275  455   42    0    3    1    2    0    1272
    2    1  276  456  207    0   13    2    2    1    1815
    2    1  277  457  315    0   20    2    3    0     887
    2    1  278  458  269    0   17    2    2    1     836
    2    1  279  459   35    0    3    1    2    0     669
    2    1  280  460  288    0   18    2    2    1     935
    2    1  281  461  170    1   11    2    2    1     795
    2    1  282  462  271    0   17    2    3    0     715
    2    1  283  463  258    0   17    2    3    0    1592
    2    1  284  464  455    1   29    3    2    0    2740
    2    1  285  465  178    0   12    2    2    1     905
    2    1  286  466  425    0   27    3    1    0    1461
    2    1  287  467    2    0    1    1    1    1     720
    2    1  288  468   61    0    4    1    1    1     718
    2    1  289  469  147    0   10    1    2    0     781
    2    1  290  470  236    0   15    2    2    1    2038
    2    1  291  471   25    0    2    1    3    0     728
    2    1  292  472  462    0   29    3    3    1    3299
    2    1  293  473  184    0   12    2    3    0     887
    2    1  294  474  380    0   24    3    2    0    2719
    2    1  295  475  100    0    7    1    1    1     817
    2    1  296  476   70    0    5    1    1    1     730
    2    1  297  477  386    0   25    3    1    0     792
    2    1  298  478   94    0    6    1    3    0    1014
    2    1  299  479  105    0    7    1    1    1     978
    2    1  300  480   59    0    4    1    2    0     931
