    1    1    1    1  190    1   12    2    1    0   10321
    1    1    2    2  455    1   29    3    1    0    1453
    1    1    3    3  146    1   10    1    2    0    3664
    1    1    4    4  267    1   17    2    1    0    6120
    1    1    5    5  125    1    8    1    2    0    2004
    1    1    6    6  405    1   26    3    1    0    1823
    1    1    7    7  308    1   20    2    1    0    4536
    1    1    8    8  297    1   19    2    1    0    3370
    1    1    9    9   34    1    3    1    2    0    1639
    1    1   10   10    7    1    1    1    1    1    2318
    1    1   11   11  413    1   26    3    2    0    1405
    1    1   12   12  337    1   22    3    2    0    1831
    1    1   13   13  423    1   27    3    1    0    1825
    1    1   14   14  293    1   19    2    2    1    1637
    1    1   15   15  229    1   15    2    3    0    1770
    1    1   16   16  148    1   10    1    2    0   11059
    1    1   17   17   55    1    4    1    3    0    4204
    1    1   18   18  397    1   25    3    2    0    2409
    1    1   19   19  420    1   27    3    2    0    2160
    1    1   20   20  395    1   25    3    2    0    1479
    1    1   21   21  339    1   22    3    3    1     661
    1    1   22   22   72    1    5    1    2    0    4245
    1    1   23   23  465    1   30    3    1    0    1491
    1    1   24   24  279    1   18    2    3    0    2194
    1    1   25   25   16    1    1    1    3    0    1527
    1    1   26   26   17    1    2    1    1    1    1907
    1    1   27   27  238    1   15    2    3    0    1332
    1    1   28   28  359    1   23    3    1    0     800
    1    1   29   29  195    1   13    2    1    0     969
    1    1   30   30  170    1   11    2    2    1    1045
    1    1   31   31  306    1   20    2    2    1    1248
    1    1   32   32  327    1   21    3    1    0    3055
    1    1   33   33  203    1   13    2    3    0    1209
    1    1   34   34  278    1   18    2    3    0    1000
    1    1   35   35   73    1    5    1    1    1    2440
    1    1   36   36  446    1   28    3    1    0     909
    1    1   37   37  381    1   24    3    3    1    1413
    1    1   38   38  272    1   17    2    1    0    2790
    1    1   39   39  443    1   28    3    3    1    2214
    1    1   40   40  163    1   11    2    2    1    1754
    1    1   41   41  135    1    9    1    3    0    4201
    1    1   42   42  456    1   29    3    1    0    2037
    1    1   43   43   96    1    6    1    1    1    1039
    1    1   44   44  111    1    7    1    3    0     685
    1    1   45   45  215    1   14    2    2    1    1034
    1    1   46   46   85    1    6    1    1    1     474
    1    1   47   47  330    1   21    3    1    0    1859
    1    1   48   48  106    1    7    1    2    0     472
    1    1   49   49  186    1   12    2    1    0     456
    1    1   50   50  355    1   23    3    1    0     343
    1    1   51   51  471    1   30    3    3    1     400
    1    1   52   52  136    1    9    1    2    0     297
    1    1   53   53   40    1    3    1    2    0     429
    1    1   54   54   31    1    2    1    1    1     265
    1    1   55   55   62    1    4    1    1    1     232
    1    1   56   56  115    1    8    1    1    1    1718
    1    1   57   57  376    1   24    3    3    1     553
    1    1   58   58  241    1   16    2    3    0     539
    1    1   59   59  224    1   14    2    2    1     333
    1    1   60   60  250    1   16    2    2    1     240
    1    2    1   61  215    1   14    2    2    1     637
    1    2    2   62  465    1   30    3    2    0     331
    1    2    3   63  471    1   30    3    1    0     599
    1    2    4   64  111    1    7    1    2    0       0
    1    2    5   65   55    1    4    1    3    0     339
    1    2    6   66  170    1   11    2    3    0    1536
    1    2    7   67  241    1   16    2    2    1     279
    1    2    8   68    7    1    1    1    2    0     294
    1    2    9   69  395    1   25    3    1    0     421
    1    2   10   70  308    1   20    2    1    0     134
    1    2   11   71  420    1   27    3    2    0     925
    1    2   12   72   40    1    3    1    3    0     511
    1    2   13   73  135    1    9    1    3    0     211
    1    2   14   74  446    1   28    3    2    0       0
    1    2   15   75  115    1    8    1    2    0    1867
    1    2   16   76  455    1   29    3    2    0    1249
    1    2   17   77  337    1   22    3    1    0     368
    1    2   18   78   62    1    4    1    2    0     332
    1    2   19   79  443    1   28    3    2    0     313
    1    2   20   80   16    1    1    1    3    0     327
    1    2   21   81   17    1    2    1    1    1     285
    1    2   22   82   96    1    6    1    1    1     377
    1    2   23   83  125    1    8    1    3    0       0
    1    2   24   84  238    1   15    2    2    1     524
    1    2   25   85  203    1   13    2    2    1      60
    1    2   26   86   85    1    6    1    2    0     482
    1    2   27   87  456    1   29    3    3    1     260
    1    2   28   88  190    1   12    2    1    0     348
    1    2   29   89  148    1   10    1    1    1     416
    1    2   30   90  279    1   18    2    3    0     274
    1    2   31   91  297    1   19    2    2    1     323
    1    2   32   92  224    1   14    2    2    1     102
    1    2   33   93  267    1   17    2    3    0     288
    1    2   34   94  136    1    9    1    1    1     257
    1    2   35   95   34    1    3    1    1    1       0
    1    2   36   96   31    1    2    1    1    1     219
    1    2   37   97  106    1    7    1    2    0    1042
    1    2   38   98  272    1   17    2    3    0     446
    1    2   39   99   72    1    5    1    1    1    2237
    1    2   40  100  423    1   27    3    2    0    2148
    1    2   41  101  397    1   25    3    3    1     169
    1    2   42  102  413    1   26    3    1    0    1756
    1    2   43  103  229    1   15    2    1    0     859
    1    2   44  104  359    1   23    3    3    1   10161
    1    2   45  105  355    1   23    3    2    0     366
    1    2   46  106  339    1   22    3    1    0     894
    1    2   47  107  250    1   16    2    1    0     586
    1    2   48  108  278    1   18    2    1    0     390
    1    2   49  109  186    1   12    2    2    1     616
    1    2   50  110  195    1   13    2    3    0    2027
    1    2   51  111  376    1   24    3    3    1     484
    1    2   52  112  146    1   10    1    1    1    1083
    1    2   53  113  306    1   20    2    2    1     635
    1    2   54  114  405    1   26    3    2    0     616
    1    2   55  115  163    1   11    2    1    0     553
    1    2   56  116  381    1   24    3    2    0     476
    1    2   57  117  293    1   19    2    1    0     362
    1    2   58  118  330    1   21    3    3    1     295
    1    2   59  119  327    1   21    3    3    1     485
    1    2   60  120   73    1    5    1    3    0     792
    1    3    1  121   62    1    4    1    3    0    1443
    1    3    2  122  306    1   20    2    1    0    1729
    1    3    3  123  148    1   10    1    3    0    1004
    1    3    4  124  420    1   27    3    2    0    2652
    1    3    5  125  443    1   28    3    1    0    1284
    1    3    6  126  215    1   14    2    2    1    1419
    1    3    7  127  224    1   14    2    1    0    1208
    1    3    8  128  337    1   22    3    1    0     987
    1    3    9  129  359    1   23    3    3    1     501
    1    3   10  130  195    1   13    2    3    0     441
    1    3   11  131  267    1   17    2    1    0     422
    1    3   12  132  465    1   30    3    1    0    1093
    1    3   13  133  330    1   21    3    3    1     778
    1    3   14  134  413    1   26    3    1    0       0
    1    3   15  135  146    1   10    1    3    0     607
    1    3   16  136  170    1   11    2    3    0    1396
    1    3   17  137  355    1   23    3    1    0    3479
    1    3   18  138   40    1    3    1    3    0    3315
    1    3   19  139   96    1    6    1    2    0    1267
    1    3   20  140  397    1   25    3    2    0     720
    1    3   21  141  405    1   26    3    1    0    1041
    1    3   22  142  395    1   25    3    2    0    2132
    1    3   23  143  381    1   24    3    1    0    1790
    1    3   24  144  163    1   11    2    3    0     163
    1    3   25  145  455    1   29    3    2    0     227
    1    3   26  146  190    1   12    2    2    1     572
    1    3   27  147   16    1    1    1    1    1     222
    1    3   28  148  135    1    9    1    3    0     430
    1    3   29  149  339    1   22    3    1    0    1060
    1    3   30  150  186    1   12    2    1    0    3135
    1    3   31  151   17    1    2    1    1    1   10429
    1    3   32  152  376    1   24    3    1    0    2128
    1    3   33  153  446    1   28    3    1    0    5109
    1    3   34  154  111    1    7    1    1    1    5453
    1    3   35  155   72    1    5    1    1    1   10557
    1    3   36  156   85    1    6    1    1    1    2382
    1    3   37  157  241    1   16    2    1    0    1493
    1    3   38  158   55    1    4    1    3    0    1090
    1    3   39  159   31    1    2    1    3    0     404
    1    3   40  160  272    1   17    2    2    1     455
    1    3   41  161  279    1   18    2    1    0     416
    1    3   42  162  115    1    8    1    2    0     470
    1    3   43  163  278    1   18    2    3    0    1298
    1    3   44  164  250    1   16    2    1    0     337
    1    3   45  165  203    1   13    2    1    0       0
    1    3   46  166    7    1    1    1    1    1       0
    1    3   47  167  125    1    8    1    1    1     259
    1    3   48  168  238    1   15    2    1    0     309
    1    3   49  169  308    1   20    2    2    1       0
    1    3   50  170  327    1   21    3    3    1     204
    1    3   51  171  136    1    9    1    2    0     198
    1    3   52  172  229    1   15    2    3    0     251
    1    3   53  173  293    1   19    2    1    0     226
    1    3   54  174  471    1   30    3    2    0     559
    1    3   55  175  423    1   27    3    3    1     261
    1    3   56  176  106    1    7    1    3    0     244
    1    3   57  177   34    1    3    1    1    1     961
    1    3   58  178  297    1   19    2    2    1     509
    1    3   59  179   73    1    5    1    1    1     525
    1    3   60  180  456    1   29    3    1    0     307
    2    1    1  181  305    0   20    2    1    0     581
    2    1    2  182  192    0   12    2    2    1     252
    2    1    3  183   68    0    5    1    2    0     287
    2    1    4  184  422    0   27    3    2    0     275
    2    1    5  185  283    0   18    2    1    0     167
    2    1    6  186   62    1    4    1    3    0     494
    2    1    7  187  221    0   14    2    2    1     360
    2    1    8  188  238    1   15    2    1    0     361
    2    1    9  189  302    0   19    2    3    0     713
    2    1   10  190   56    0    4    1    3    0     383
    2    1   11  191  178    0   12    2    1    0    1310
    2    1   12  192  281    0   18    2    2    1     869
    2    1   13  193  267    1   17    2    2    1     343
    2    1   14  194  451    0   29    3    1    0     519
    2    1   15  195  291    0   19    2    2    1     846
    2    1   16  196  393    0   25    3    1    0     609
    2    1   17  197  208    0   13    2    3    0    1064
    2    1   18  198  466    0   30    3    2    0    1777
    2    1   19  199   88    0    6    1    1    1     517
    2    1   20  200  200    0   13    2    1    0     681
    2    1   21  201   67    0    5    1    1    1    1594
    2    1   22  202   49    0    4    1    2    0    1341
    2    1   23  203  431    0   27    3    3    1    1011
    2    1   24  204  159    0   10    1    1    1     381
    2    1   25  205   66    0    5    1    2    0     539
    2    1   26  206   96    1    6    1    2    0     281
    2    1   27  207  294    0   19    2    2    1     270
    2    1   28  208  180    0   12    2    1    0     289
    2    1   29  209  147    0   10    1    2    0     192
    2    1   30  210  385    0   25    3    3    1     480
    2    1   31  211  287    0   18    2    1    0     622
    2    1   32  212   36    0    3    1    2    0     463
    2    1   33  213   40    1    3    1    1    1     353
    2    1   34  214  301    0   19    2    1    0     774
    2    1   35  215  269    0   17    2    2    1     459
    2    1   36  216   93    0    6    1    3    0     416
    2    1   37  217  382    0   24    3    2    0    1348
    2    1   38  218  443    1   28    3    2    0    1047
    2    1   39  219  150    0   10    1    1    1     906
    2    1   40  220  400    0   25    3    2    0    1427
    2    1   41  221  254    0   16    2    1    0    1292
    2    1   42  222  295    0   19    2    2    1    1256
    2    1   43  223  202    0   13    2    3    0     934
    2    1   44  224   73    1    5    1    3    0     730
    2    1   45  225  225    0   15    2    3    0    2479
    2    1   46  226   99    0    7    1    1    1    1580
    2    1   47  227  440    0   28    3    1    0     982
    2    1   48  228  108    0    7    1    1    1    1600
    2    1   49  229  409    0   26    3    2    0    1191
    2    1   50  230  450    0   29    3    1    0    1253
    2    1   51  231  433    0   28    3    3    1    1034
    2    1   52  232  399    0   25    3    2    0    1340
    2    1   53  233  168    0   11    2    2    1     974
    2    1   54  234  184    0   12    2    1    0     728
    2    1   55  235  138    0    9    1    1    1     734
    2    1   56  236  181    0   12    2    3    0     786
    2    1   57  237  392    0   25    3    3    1     526
    2    1   58  238  472    0   30    3    3    1     530
    2    1   59  239   39    0    3    1    1    1     899
    2    1   60  240  318    0   20    2    1    0    1501
    2    1   61  241  231    0   15    2    1    0    1083
    2    1   62  242   84    0    6    1    3    0    3160
    2    1   63  243  252    0   16    2    2    1     874
    2    1   64  244  207    0   13    2    2    1     822
    2    1   65  245   42    0    3    1    2    0    1065
    2    1   66  246  415    0   26    3    3    1    1815
    2    1   67  247  333    0   21    3    2    0    1446
    2    1   68  248  137    0    9    1    3    0     581
    2    1   69  249  408    0   26    3    1    0     778
    2    1   70  250  173    0   11    2    3    0     598
    2    1   71  251  344    0   22    3    1    0     740
    2    1   72  252  186    1   12    2    2    1     670
    2    1   73  253  152    0   10    1    1    1    1373
    2    1   74  254  307    0   20    2    3    0    1126
    2    1   75  255  199    0   13    2    2    1    2012
    2    1   76  256  117    0    8    1    3    0    3056
    2    1   77  257   27    0    2    1    2    0    1189
    2    1   78  258  306    1   20    2    1    0    2116
    2    1   79  259  303    0   19    2    1    0    1150
    2    1   80  260   61    0    4    1    1    1    1660
    2    1   81  261  111    1    7    1    3    0    1427
    2    1   82  262  416    0   26    3    3    1     849
    2    1   83  263  276    0   18    2    2    1     739
    2    1   84  264    1    0    1    1    2    0    1582
    2    1   85  265  251    0   16    2    1    0     518
    2    1   86  266   17    1    2    1    3    0     635
    2    1   87  267  309    0   20    2    3    0    1704
    2    1   88  268   31    1    2    1    1    1    1683
    2    1   89  269  304    0   19    2    2    1    1020
    2    1   90  270  394    0   25    3    2    0    1016
    2    1   91  271   43    0    3    1    2    0     867
    2    1   92  272  275    0   18    2    1    0    1283
    2    1   93  273  366    0   23    3    3    1     734
    2    1   94  274  388    0   25    3    2    0    1866
    2    1   95  275   35    0    3    1    1    1     904
    2    1   96  276  456    1   29    3    3    1     813
    2    1   97  277  249    0   16    2    2    1    1175
    2    1   98  278  182    0   12    2    3    0    1925
    2    1   99  279  279    1   18    2    1    0    1665
    2    1  100  280   28    0    2    1    3    0    3768
    2    1  101  281  424    0   27    3    3    1     656
    2    1  102  282  339    1   22    3    2    0    1268
    2    1  103  283  361    0   23    3    2    0    1478
    2    1  104  284  469    0   30    3    1    0    1896
    2    1  105  285  347    0   22    3    1    0    1877
    2    1  106  286   41    0    3    1    1    1    1005
    2    1  107  287   18    0    2    1    1    1     980
    2    1  108  288  313    0   20    2    2    1    2455
    2    1  109  289  170    1   11    2    2    1    4922
    2    1  110  290  131    0    9    1    2    0     620
    2    1  111  291  223    0   14    2    1    0     493
    2    1  112  292   47    0    3    1    3    0     916
    2    1  113  293  194    0   13    2    1    0     930
    2    1  114  294  172    0   11    2    2    1    1383
    2    1  115  295  268    0   17    2    2    1     309
    2    1  116  296  296    0   19    2    2    1    1846
    2    1  117  297  465    1   30    3    3    1    1076
    2    1  118  298  128    0    8    1    1    1     517
    2    1  119  299   11    0    1    1    1    1    1393
    2    1  120  300  218    0   14    2    3    0     537
    2    1  121  301  277    0   18    2    3    0     688
    2    1  122  302  107    0    7    1    3    0    1007
    2    1  123  303  244    0   16    2    3    0    3264
    2    1  124  304   60    0    4    1    1    1     559
    2    1  125  305   80    0    5    1    2    0    2038
    2    1  126  306  390    0   25    3    3    1    2501
    2    1  127  307  191    0   12    2    3    0    2637
    2    1  128  308  395    1   25    3    2    0     932
    2    1  129  309  406    0   26    3    3    1     310
    2    1  130  310  250    1   16    2    1    0     535
    2    1  131  311  369    0   24    3    1    0    2076
    2    1  132  312   38    0    3    1    1    1     645
    2    1  133  313  425    0   27    3    1    0     545
    2    1  134  314  171    0   11    2    3    0     375
    2    1  135  315   13    0    1    1    2    0     505
    2    1  136  316  274    0   18    2    3    0     633
    2    1  137  317  219    0   14    2    1    0     532
    2    1  138  318  343    0   22    3    2    0     330
    2    1  139  319  478    0   30    3    1    0     310
    2    1  140  320   64    0    4    1    2    0     323
    2    1  141  321   89    0    6    1    3    0     816
    2    1  142  322  122    0    8    1    1    1     885
    2    1  143  323  155    0   10    1    1    1     697
    2    1  144  324  436    0   28    3    3    1    1034
    2    1  145  325  237    0   15    2    2    1     538
    2    1  146  326  253    0   16    2    3    0     592
    2    1  147  327  360    0   23    3    1    0     763
    2    1  148  328  426    0   27    3    2    0     529
    2    1  149  329  387    0   25    3    1    0     398
    2    1  150  330  236    0   15    2    1    0     317
    2    1  151  331  106    1    7    1    2    0     545
    2    1  152  332   85    1    6    1    3    0     656
    2    1  153  333   87    0    6    1    1    1     615
    2    1  154  334  141    0    9    1    2    0     999
    2    1  155  335  434    0   28    3    3    1     567
    2    1  156  336   29    0    2    1    3    0     701
    2    1  157  337  335    0   21    3    2    0     561
    2    1  158  338  411    0   26    3    1    0     563
    2    1  159  339  193    0   13    2    1    0     712
    2    1  160  340  125    1    8    1    3    0     686
    2    1  161  341   77    0    5    1    1    1     700
    2    1  162  342  452    0   29    3    1    0     889
    2    1  163  343   48    0    3    1    3    0     809
    2    1  164  344  163    1   11    2    3    0     876
    2    1  165  345    7    1    1    1    2    0    1894
    2    1  166  346  348    0   22    3    2    0    2251
    2    1  167  347  308    1   20    2    1    0    1320
    2    1  168  348  341    0   22    3    3    1    1868
    2    1  169  349  142    0    9    1    2    0    1002
    2    1  170  350  227    0   15    2    1    0    1583
    2    1  171  351  322    0   21    3    3    1    1440
    2    1  172  352  293    1   19    2    1    0     803
    2    1  173  353  288    0   18    2    1    0    1092
    2    1  174  354  430    0   27    3    2    0     775
    2    1  175  355  112    0    7    1    3    0     711
    2    1  176  356  183    0   12    2    1    0     577
    2    1  177  357  126    0    8    1    3    0     558
    2    1  178  358  405    1   26    3    2    0     320
    2    1  179  359  363    0   23    3    2    0     322
    2    1  180  360  134    0    9    1    3    0     305
    2    1  181  361  345    0   22    3    1    0     357
    2    1  182  362  130    0    9    1    2    0    1487
    2    1  183  363  364    0   23    3    1    0     439
    2    1  184  364  412    0   26    3    2    0    1441
    2    1  185  365  263    0   17    2    3    0     510
    2    1  186  366  204    0   13    2    1    0    1351
    2    1  187  367   69    0    5    1    3    0    1220
    2    1  188  368  246    0   16    2    1    0    1314
    2    1  189  369  383    0   24    3    1    0    2485
    2    1  190  370  143    0    9    1    3    0    1500
    2    1  191  371  103    0    7    1    2    0     399
    2    1  192  372  211    0   14    2    1    0     760
    2    1  193  373  113    0    8    1    3    0     537
    2    1  194  374  215    1   14    2    3    0    2462
    2    1  195  375  353    0   23    3    1    0     985
    2    1  196  376  371    0   24    3    1    0    1100
    2    1  197  377  479    0   30    3    1    0    4731
    2    1  198  378  375    0   24    3    3    1     660
    2    1  199  379  151    0   10    1    2    0     443
    2    1  200  380  380    0   24    3    1    0    1388
    2    1  201  381  455    1   29    3    3    1     980
    2    1  202  382  169    0   11    2    1    0     848
    2    1  203  383  232    0   15    2    1    0    2251
    2    1  204  384  319    0   20    2    1    0     865
    2    1  205  385  102    0    7    1    1    1    2044
    2    1  206  386  116    0    8    1    1    1    3243
    2    1  207  387   16    1    1    1    3    0     981
    2    1  208  388   19    0    2    1    3    0    2037
    2    1  209  389  290    0   19    2    2    1    3202
    2    1  210  390   12    0    1    1    2    0     893
    2    1  211  391  314    0   20    2    1    0    2314
    2    1  212  392  241    1   16    2    3    0    2669
    2    1  213  393  441    0   28    3    3    1    2819
    2    1  214  394  285    0   18    2    1    0     434
    2    1  215  395  477    0   30    3    3    1     386
    2    1  216  396  278    1   18    2    3    0     490
    2    1  217  397  354    0   23    3    2    0    1006
    2    1  218  398    6    0    1    1    2    0     595
    2    1  219  399  323    0   21    3    1    0     521
    2    1  220  400  401    0   26    3    2    0     704
    2    1  221  401  460    0   29    3    2    0     744
    2    1  222  402  158    0   10    1    3    0    2448
    2    1  223  403  447    0   28    3    3    1     653
    2    1  224  404  176    0   11    2    1    0     577
    2    1  225  405  110    0    7    1    1    1     321
    2    1  226  406  196    0   13    2    3    0     556
    2    1  227  407  144    0    9    1    3    0     704
    2    1  228  408  321    0   21    3    2    0     561
    2    1  229  409  179    0   12    2    1    0     522
    2    1  230  410  439    0   28    3    1    0     651
    2    1  231  411  417    0   27    3    3    1     666
    2    1  232  412  432    0   27    3    3    1     322
    2    1  233  413   86    0    6    1    2    0     461
    2    1  234  414  458    0   29    3    2    0    1064
    2    1  235  415  312    0   20    2    3    0    2553
    2    1  236  416  266    0   17    2    1    0     711
    2    1  237  417  407    0   26    3    3    1     528
    2    1  238  418  461    0   29    3    3    1     699
    2    1  239  419    3    0    1    1    2    0     675
    2    1  240  420  332    0   21    3    3    1    1068
    2    1  241  421  212    0   14    2    2    1     859
    2    1  242  422  233    0   15    2    2    1    1620
    2    1  243  423  187    0   12    2    1    0    1806
    2    1  244  424  177    0   12    2    3    0    1482
    2    1  245  425  397    1   25    3    1    0    1257
    2    1  246  426   63    0    4    1    2    0    3131
    2    1  247  427  164    0   11    2    1    0    3040
    2    1  248  428  373    0   24    3    3    1    1107
    2    1  249  429  133    0    9    1    1    1    2468
    2    1  250  430  217    0   14    2    3    0    1857
    2    1  251  431  389    0   25    3    3    1     433
    2    1  252  432   79    0    5    1    3    0    2237
    2    1  253  433   76    0    5    1    2    0     876
    2    1  254  434  381    1   24    3    1    0     712
    2    1  255  435  355    1   23    3    3    1     813
    2    1  256  436  216    0   14    2    2    1     427
    2    1  257  437   57    0    4    1    1    1     995
    2    1  258  438    8    0    1    1    1    1    4976
    2    1  259  439  195    1   13    2    2    1     518
    2    1  260  440  367    0   23    3    2    0     286
    2    1  261  441  351    0   22    3    3    1     997
    2    1  262  442  329    0   21    3    2    0    2202
    2    1  263  443   71    0    5    1    1    1     423
    2    1  264  444  239    0   15    2    1    0     487
    2    1  265  445   37    0    3    1    2    0     556
    2    1  266  446  280    0   18    2    3    0     401
    2    1  267  447  386    0   25    3    1    0     844
    2    1  268  448  414    0   26    3    3    1    2115
    2    1  269  449   95    0    6    1    3    0    5176
    2    1  270  450  139    0    9    1    3    0   10810
    2    1  271  451  448    0   28    3    1    0    1809
    2    1  272  452  100    0    7    1    2    0    3961
    2    1  273  453  165    0   11    2    2    1    1061
    2    1  274  454   92    0    6    1    3    0     998
    2    1  275  455  480    0   30    3    1    0    2803
    2    1  276  456  149    0   10    1    3    0    3944
    2    1  277  457   26    0    2    1    1    1    8451
    2    1  278  458   74    0    5    1    2    0   26313
    2    1  279  459   78    0    5    1    1    1    1506
    2    1  280  460  356    0   23    3    1    0    2463
    2    1  281  461  242    0   16    2    2    1    1711
    2    1  282  462  121    0    8    1    3    0     778
    2    1  283  463   82    0    6    1    1    1     714
    2    1  284  464  404    0   26    3    2    0    1287
    2    1  285  465  445    0   28    3    3    1    2040
    2    1  286  466  437    0   28    3    2    0    2693
    2    1  287  467  471    1   30    3    3    1    2565
    2    1  288  468  420    1   27    3    1    0    9781
    2    1  289  469  175    0   11    2    2    1    1159
    2    1  290  470  463    0   29    3    2    0    1992
    2    1  291  471  475    0   30    3    1    0    2590
    2    1  292  472   83    0    6    1    3    0     895
    2    1  293  473  118    0    8    1    3    0    2095
    2    1  294  474  136    1    9    1    1    1    1473
    2    1  295  475  115    1    8    1    2    0    1586
    2    1  296  476   25    0    2    1    3    0    2245
    2    1  297  477  459    0   29    3    1    0     713
    2    1  298  478  438    0   28    3    1    0    1010
    2    1  299  479  324    0   21    3    2    0    1278
    2    1  300  480  132    0    9    1    1    1    1907
