    1    1    1    1  423    1   27    3    3    1    6310
    1    1    2    2   72    1    5    1    2    0   19764
    1    1    3    3  297    1   19    2    2    1    3144
    1    1    4    4  397    1   25    3    3    1    4437
    1    1    5    5  455    1   29    3    3    1    3108
    1    1    6    6  381    1   24    3    2    0    3998
    1    1    7    7  355    1   23    3    2    0    3471
    1    1    8    8  136    1    9    1    2    0    3295
    1    1    9    9  278    1   18    2    3    0    2159
    1    1   10   10  224    1   14    2    1    0    7799
    1    1   11   11  250    1   16    2    2    1    2355
    1    1   12   12    7    1    1    1    3    0    2110
    1    1   13   13  241    1   16    2    3    0    3642
    1    1   14   14   40    1    3    1    2    0    4710
    1    1   15   15  106    1    7    1    3    0    1667
    1    1   16   16  330    1   21    3    2    0    1741
    1    1   17   17   16    1    1    1    3    0    3818
    1    1   18   18  327    1   21    3    3    1    2187
    1    1   19   19   31    1    2    1    1    1    2665
    1    1   20   20   55    1    4    1    3    0    1819
    1    1   21   21  267    1   17    2    3    0    1298
    1    1   22   22   73    1    5    1    1    1    2483
    1    1   23   23  405    1   26    3    3    1    2679
    1    1   24   24  115    1    8    1    1    1    3015
    1    1   25   25  337    1   22    3    3    1   20037
    1    1   26   26  148    1   10    1    2    0    2285
    1    1   27   27  306    1   20    2    3    0    1812
    1    1   28   28   17    1    2    1    1    1    2712
    1    1   29   29  163    1   11    2    3    0    3228
    1    1   30   30  195    1   13    2    2    1   20352
    1    1   31   31  111    1    7    1    3    0    1914
    1    1   32   32  170    1   11    2    1    0    2568
    1    1   33   33  146    1   10    1    1    1    1177
    1    1   34   34  272    1   17    2    3    0    2957
    1    1   35   35  186    1   12    2    2    1    5278
    1    1   36   36  413    1   26    3    3    1    2938
    1    1   37   37   96    1    6    1    1    1    2167
    1    1   38   38  443    1   28    3    2    0   10842
    1    1   39   39   85    1    6    1    2    0    5751
    1    1   40   40  279    1   18    2    1    0    4641
    1    1   41   41  471    1   30    3    2    0    1679
    1    1   42   42  293    1   19    2    1    0    4480
    1    1   43   43  359    1   23    3    3    1    2903
    1    1   44   44  229    1   15    2    1    0    4541
    1    1   45   45  203    1   13    2    3    0    3671
    1    1   46   46  420    1   27    3    1    0    3576
    1    1   47   47  456    1   29    3    1    0    2683
    1    1   48   48  190    1   12    2    1    0    1688
    1    1   49   49  376    1   24    3    1    0    1250
    1    1   50   50  125    1    8    1    2    0    2657
    1    1   51   51  339    1   22    3    1    0    3083
    1    1   52   52  395    1   25    3    3    1    7872
    1    1   53   53  465    1   30    3    3    1    3681
    1    1   54   54  446    1   28    3    1    0    1495
    1    1   55   55  238    1   15    2    1    0     990
    1    1   56   56   62    1    4    1    1    1    1379
    1    1   57   57   34    1    3    1    2    0    1641
    1    1   58   58  308    1   20    2    3    0    6055
    1    1   59   59  135    1    9    1    1    1     888
    1    1   60   60  215    1   14    2    2    1     975
    1    2    1   61  146    1   10    1    1    1    1332
    1    2    2   62  293    1   19    2    2    1    1285
    1    2    3   63  327    1   21    3    2    0     904
    1    2    4   64  241    1   16    2    2    1    1958
    1    2    5   65  272    1   17    2    2    1    1766
    1    2    6   66  405    1   26    3    3    1    2185
    1    2    7   67  250    1   16    2    3    0    4281
    1    2    8   68   85    1    6    1    1    1     608
    1    2    9   69   96    1    6    1    2    0    1454
    1    2   10   70  456    1   29    3    2    0    1677
    1    2   11   71   16    1    1    1    1    1    1280
    1    2   12   72   55    1    4    1    1    1     638
    1    2   13   73  238    1   15    2    2    1     882
    1    2   14   74  125    1    8    1    1    1    1566
    1    2   15   75   17    1    2    1    2    0    2668
    1    2   16   76  229    1   15    2    1    0    3461
    1    2   17   77  115    1    8    1    1    1     924
    1    2   18   78   72    1    5    1    1    1     767
    1    2   19   79  170    1   11    2    3    0    2329
    1    2   20   80  203    1   13    2    3    0     927
    1    2   21   81  195    1   13    2    2    1    1161
    1    2   22   82  423    1   27    3    3    1    3978
    1    2   23   83  339    1   22    3    1    0     807
    1    2   24   84  471    1   30    3    3    1    1051
    1    2   25   85  376    1   24    3    1    0    1723
    1    2   26   86  355    1   23    3    2    0    1868
    1    2   27   87  267    1   17    2    2    1    1572
    1    2   28   88  190    1   12    2    1    0    1587
    1    2   29   89  148    1   10    1    3    0     831
    1    2   30   90  306    1   20    2    2    1    2256
    1    2   31   91  224    1   14    2    1    0    2261
    1    2   32   92  330    1   21    3    1    0    1716
    1    2   33   93  308    1   20    2    2    1    3326
    1    2   34   94  465    1   30    3    2    0     848
    1    2   35   95  106    1    7    1    3    0     649
    1    2   36   96  337    1   22    3    3    1     896
    1    2   37   97    7    1    1    1    3    0    9149
    1    2   38   98  395    1   25    3    2    0    1423
    1    2   39   99  446    1   28    3    1    0    1162
    1    2   40  100  111    1    7    1    2    0    1798
    1    2   41  101  135    1    9    1    3    0     814
    1    2   42  102  359    1   23    3    3    1    2010
    1    2   43  103   40    1    3    1    1    1     813
    1    2   44  104  163    1   11    2    2    1    1414
    1    2   45  105  279    1   18    2    3    0    1200
    1    2   46  106  443    1   28    3    1    0    2216
    1    2   47  107  136    1    9    1    1    1    3240
    1    2   48  108  278    1   18    2    2    1    1625
    1    2   49  109  297    1   19    2    1    0    1287
    1    2   50  110  455    1   29    3    3    1     822
    1    2   51  111  413    1   26    3    2    0    1589
    1    2   52  112   62    1    4    1    1    1    1956
    1    2   53  113  381    1   24    3    3    1    1163
    1    2   54  114   34    1    3    1    1    1     660
    1    2   55  115  186    1   12    2    2    1     861
    1    2   56  116  215    1   14    2    2    1    1658
    1    2   57  117  420    1   27    3    3    1     846
    1    2   58  118  397    1   25    3    1    0    1753
    1    2   59  119   31    1    2    1    1    1    1363
    1    2   60  120   73    1    5    1    3    0     723
    1    3    1  121   17    1    2    1    2    0    1066
    1    3    2  122   34    1    3    1    2    0    1602
    1    3    3  123  337    1   22    3    3    1     645
    1    3    4  124  330    1   21    3    2    0     685
    1    3    5  125  136    1    9    1    1    1    1919
    1    3    6  126    7    1    1    1    1    1    1203
    1    3    7  127   40    1    3    1    1    1     609
    1    3    8  128  359    1   23    3    3    1     939
    1    3    9  129  215    1   14    2    1    0    1225
    1    3   10  130  278    1   18    2    2    1    3301
    1    3   11  131  443    1   28    3    1    0    3499
    1    3   12  132  306    1   20    2    2    1    7405
    1    3   13  133  308    1   20    2    3    0    7419
    1    3   14  134   85    1    6    1    1    1    1689
    1    3   15  135  413    1   26    3    3    1     764
    1    3   16  136  186    1   12    2    2    1     643
    1    3   17  137   96    1    6    1    2    0    2662
    1    3   18  138  148    1   10    1    3    0     784
    1    3   19  139  190    1   12    2    2    1    2081
    1    3   20  140  339    1   22    3    3    1    1414
    1    3   21  141   72    1    5    1    3    0     669
    1    3   22  142  241    1   16    2    2    1    1211
    1    3   23  143  203    1   13    2    3    0     701
    1    3   24  144  455    1   29    3    3    1    1309
    1    3   25  145  106    1    7    1    1    1    1004
    1    3   26  146   62    1    4    1    1    1    1801
    1    3   27  147  170    1   11    2    2    1    1546
    1    3   28  148  423    1   27    3    1    0    3728
    1    3   29  149  420    1   27    3    3    1     635
    1    3   30  150  456    1   29    3    3    1    1803
    1    3   31  151  355    1   23    3    1    0    1278
    1    3   32  152   31    1    2    1    1    1     852
    1    3   33  153  224    1   14    2    2    1    1099
    1    3   34  154  471    1   30    3    3    1    2243
    1    3   35  155  115    1    8    1    3    0    1028
    1    3   36  156   73    1    5    1    1    1    1650
    1    3   37  157  125    1    8    1    1    1    1814
    1    3   38  158  195    1   13    2    2    1     960
    1    3   39  159  279    1   18    2    3    0     864
    1    3   40  160  111    1    7    1    2    0    1466
    1    3   41  161  376    1   24    3    3    1     773
    1    3   42  162  135    1    9    1    1    1     883
    1    3   43  163  146    1   10    1    1    1    1164
    1    3   44  164  250    1   16    2    2    1    1130
    1    3   45  165  465    1   30    3    1    0    1906
    1    3   46  166   16    1    1    1    1    1     875
    1    3   47  167  238    1   15    2    2    1    2993
    1    3   48  168  381    1   24    3    3    1    1081
    1    3   49  169  397    1   25    3    3    1    3269
    1    3   50  170  446    1   28    3    3    1     606
    1    3   51  171  272    1   17    2    3    0     436
    1    3   52  172  163    1   11    2    2    1     619
    1    3   53  173  229    1   15    2    1    0    2627
    1    3   54  174  395    1   25    3    3    1     942
    1    3   55  175  297    1   19    2    1    0    1217
    1    3   56  176  293    1   19    2    2    1    4518
    1    3   57  177  405    1   26    3    3    1    1628
    1    3   58  178  327    1   21    3    1    0    1381
    1    3   59  179   55    1    4    1    1    1    2549
    1    3   60  180  267    1   17    2    3    0    2314
    2    1    1  181  447    0   28    3    3    1    6467
    2    1    2  182  375    0   24    3    3    1    1284
    2    1    3  183  339    1   22    3    1    0    1325
    2    1    4  184   20    0    2    1    3    0    2611
    2    1    5  185  475    0   30    3    2    0    1080
    2    1    6  186  140    0    9    1    1    1    2384
    2    1    7  187  161    0   11    2    1    0    1913
    2    1    8  188  105    0    7    1    2    0    2657
    2    1    9  189  245    0   16    2    2    1    1365
    2    1   10  190   48    0    3    1    1    1     597
    2    1   11  191  271    0   17    2    3    0    1332
    2    1   12  192    8    0    1    1    3    0    1844
    2    1   13  193  331    0   21    3    2    0     773
    2    1   14  194  115    1    8    1    1    1     415
    2    1   15  195  166    0   11    2    2    1    1406
    2    1   16  196  318    0   20    2    2    1    1746
    2    1   17  197  308    1   20    2    3    0    1000
    2    1   18  198  367    0   23    3    3    1    1753
    2    1   19  199  441    0   28    3    1    0    1586
    2    1   20  200  355    1   23    3    3    1    4958
    2    1   21  201  391    0   25    3    2    0    1130
    2    1   22  202   97    0    7    1    1    1    1507
    2    1   23  203  385    0   25    3    2    0     821
    2    1   24  204  430    0   27    3    2    0    1039
    2    1   25  205  239    0   15    2    3    0    1000
    2    1   26  206  444    0   28    3    2    0    2046
    2    1   27  207  401    0   26    3    3    1    2445
    2    1   28  208  283    0   18    2    2    1    1063
    2    1   29  209  258    0   17    2    3    0     763
    2    1   30  210  408    0   26    3    1    0     850
    2    1   31  211  380    0   24    3    2    0    2569
    2    1   32  212   86    0    6    1    2    0    1327
    2    1   33  213  383    0   24    3    1    0     558
    2    1   34  214   45    0    3    1    1    1     656
    2    1   35  215   78    0    5    1    1    1     553
    2    1   36  216  330    1   21    3    2    0    1592
    2    1   37  217  167    0   11    2    1    0    1464
    2    1   38  218   33    0    3    1    1    1     491
    2    1   39  219  208    0   13    2    2    1    1469
    2    1   40  220   42    0    3    1    1    1     540
    2    1   41  221   56    0    4    1    1    1     589
    2    1   42  222   29    0    2    1    2    0     999
    2    1   43  223    3    0    1    1    1    1     604
    2    1   44  224  175    0   11    2    1    0     805
    2    1   45  225  297    1   19    2    1    0    1107
    2    1   46  226  377    0   24    3    3    1     725
    2    1   47  227   57    0    4    1    2    0    1104
    2    1   48  228  337    1   22    3    3    1     792
    2    1   49  229  362    0   23    3    2    0     871
    2    1   50  230   68    0    5    1    1    1     555
    2    1   51  231   31    1    2    1    1    1    1182
    2    1   52  232  389    0   25    3    2    0     778
    2    1   53  233  186    1   12    2    2    1     649
    2    1   54  234  244    0   16    2    2    1    1019
    2    1   55  235  332    0   21    3    1    0    1105
    2    1   56  236  257    0   17    2    3    0    1847
    2    1   57  237  370    0   24    3    3    1     575
    2    1   58  238  119    0    8    1    1    1     617
    2    1   59  239  100    0    7    1    1    1     736
    2    1   60  240  225    0   15    2    2    1    2100
    2    1   61  241  151    0   10    1    3    0    2831
    2    1   62  242  187    0   12    2    2    1    2590
    2    1   63  243   21    0    2    1    3    0    2368
    2    1   64  244  150    0   10    1    3    0     859
    2    1   65  245  280    0   18    2    1    0     770
    2    1   66  246  333    0   21    3    2    0     401
    2    1   67  247  448    0   28    3    2    0     810
    2    1   68  248  174    0   11    2    1    0     766
    2    1   69  249  278    1   18    2    3    0    1005
    2    1   70  250  464    0   29    3    3    1    2437
    2    1   71  251  262    0   17    2    2    1    1154
    2    1   72  252  458    0   29    3    2    0     926
    2    1   73  253  399    0   25    3    2    0     877
    2    1   74  254  350    0   22    3    3    1     918
    2    1   75  255  398    0   25    3    3    1    1547
    2    1   76  256  194    0   13    2    1    0     946
    2    1   77  257   55    1    4    1    3    0     774
    2    1   78  258  165    0   11    2    1    0     692
    2    1   79  259  125    1    8    1    1    1    2802
    2    1   80  260  207    0   13    2    3    0     743
    2    1   81  261  395    1   25    3    3    1    3660
    2    1   82  262  313    0   20    2    3    0     761
    2    1   83  263  351    0   22    3    3    1     810
    2    1   84  264   62    1    4    1    2    0     763
    2    1   85  265  469    0   30    3    3    1     789
    2    1   86  266  414    0   26    3    3    1    1031
    2    1   87  267  147    0   10    1    1    1     560
    2    1   88  268  214    0   14    2    1    0    1545
    2    1   89  269  325    0   21    3    2    0    1340
    2    1   90  270  463    0   29    3    3    1     981
    2    1   91  271  235    0   15    2    2    1     970
    2    1   92  272  275    0   18    2    2    1     565
    2    1   93  273  409    0   26    3    2    0     684
    2    1   94  274  132    0    9    1    1    1     542
    2    1   95  275  439    0   28    3    1    0     628
    2    1   96  276  127    0    8    1    1    1     748
    2    1   97  277  345    0   22    3    2    0    1742
    2    1   98  278  449    0   29    3    3    1     874
    2    1   99  279   90    0    6    1    2    0     828
    2    1  100  280   25    0    2    1    3    0    1018
    2    1  101  281  354    0   23    3    3    1     943
    2    1  102  282  338    0   22    3    3    1     673
    2    1  103  283  335    0   21    3    1    0    2042
    2    1  104  284  455    1   29    3    3    1     732
    2    1  105  285  203    1   13    2    1    0     659
    2    1  106  286  453    0   29    3    3    1     680
    2    1  107  287  274    0   18    2    3    0     803
    2    1  108  288  139    0    9    1    2    0     622
    2    1  109  289  420    1   27    3    3    1     725
    2    1  110  290  361    0   23    3    2    0    1825
    2    1  111  291  357    0   23    3    3    1    1091
    2    1  112  292  358    0   23    3    3    1     851
    2    1  113  293  273    0   18    2    1    0     640
    2    1  114  294  445    0   28    3    2    0    1621
    2    1  115  295  413    1   26    3    3    1     672
    2    1  116  296   23    0    2    1    1    1    1652
    2    1  117  297  259    0   17    2    2    1     654
    2    1  118  298  479    0   30    3    2    0     741
    2    1  119  299  440    0   28    3    2    0     704
    2    1  120  300  429    0   27    3    2    0     705
    2    1  121  301  319    0   20    2    3    0    1338
    2    1  122  302   14    0    1    1    1    1     883
    2    1  123  303  269    0   17    2    3    0     606
    2    1  124  304  290    0   19    2    1    0     834
    2    1  125  305  188    0   12    2    2    1     943
    2    1  126  306  347    0   22    3    3    1     775
    2    1  127  307  478    0   30    3    3    1    1233
    2    1  128  308  376    1   24    3    3    1     609
    2    1  129  309  406    0   26    3    3    1     691
    2    1  130  310  265    0   17    2    2    1     809
    2    1  131  311   32    0    2    1    1    1    1000
    2    1  132  312  276    0   18    2    2    1    1010
    2    1  133  313  434    0   28    3    2    0    1105
    2    1  134  314   95    0    6    1    2    0     683
    2    1  135  315  211    0   14    2    2    1     562
    2    1  136  316  459    0   29    3    3    1     535
    2    1  137  317  371    0   24    3    3    1     563
    2    1  138  318   10    0    1    1    1    1     890
    2    1  139  319  104    0    7    1    1    1    1169
    2    1  140  320  315    0   20    2    3    0     694
    2    1  141  321   51    0    4    1    1    1     631
    2    1  142  322   81    0    6    1    2    0     575
    2    1  143  323   77    0    5    1    1    1    1762
    2    1  144  324  210    0   14    2    2    1    1517
    2    1  145  325  205    0   13    2    2    1     693
    2    1  146  326  177    0   12    2    2    1    1409
    2    1  147  327   63    0    4    1    1    1    1253
    2    1  148  328  324    0   21    3    2    0     609
    2    1  149  329   36    0    3    1    1    1     607
    2    1  150  330   35    0    3    1    1    1     726
    2    1  151  331  306    1   20    2    2    1     724
    2    1  152  332   98    0    7    1    1    1     580
    2    1  153  333   85    1    6    1    1    1     716
    2    1  154  334  171    0   11    2    3    0    1030
    2    1  155  335  146    1   10    1    1    1     718
    2    1  156  336  322    0   21    3    2    0     559
    2    1  157  337  240    0   15    2    2    1     949
    2    1  158  338   58    0    4    1    2    0     544
    2    1  159  339  317    0   20    2    2    1     727
    2    1  160  340  407    0   26    3    3    1     846
    2    1  161  341  241    1   16    2    2    1    2511
    2    1  162  342  236    0   15    2    2    1     874
    2    1  163  343   65    0    5    1    1    1     629
    2    1  164  344  474    0   30    3    2    0     720
    2    1  165  345  352    0   22    3    3    1     627
    2    1  166  346  279    1   18    2    3    0     767
    2    1  167  347  162    0   11    2    2    1     607
    2    1  168  348   79    0    5    1    1    1     599
    2    1  169  349  237    0   15    2    2    1     967
    2    1  170  350  286    0   18    2    2    1    1489
    2    1  171  351  336    0   21    3    1    0    3307
    2    1  172  352   93    0    6    1    2    0     529
    2    1  173  353  321    0   21    3    2    0     971
    2    1  174  354  366    0   23    3    2    0    3794
    2    1  175  355  136    1    9    1    1    1     770
    2    1  176  356   67    0    5    1    1    1     622
    2    1  177  357  263    0   17    2    1    0    1157
    2    1  178  358   94    0    6    1    2    0     696
    2    1  179  359  301    0   19    2    1    0     518
    2    1  180  360  326    0   21    3    2    0     560
    2    1  181  361  117    0    8    1    3    0     592
    2    1  182  362  359    1   23    3    3    1     686
    2    1  183  363  460    0   29    3    2    0    1161
    2    1  184  364    7    1    1    1    1    1     519
    2    1  185  365  101    0    7    1    3    0    1860
    2    1  186  366  199    0   13    2    2    1    1186
    2    1  187  367  397    1   25    3    2    0     940
    2    1  188  368  427    0   27    3    2    0     676
    2    1  189  369   75    0    5    1    1    1     640
    2    1  190  370  348    0   22    3    3    1     720
    2    1  191  371  123    0    8    1    3    0    1068
    2    1  192  372  323    0   21    3    2    0     560
    2    1  193  373  451    0   29    3    3    1     722
    2    1  194  374  341    0   22    3    3    1     853
    2    1  195  375  304    0   19    2    2    1     610
    2    1  196  376  373    0   24    3    1    0     499
    2    1  197  377  293    1   19    2    2    1     705
    2    1  198  378  381    1   24    3    3    1    1186
    2    1  199  379   11    0    1    1    1    1     536
    2    1  200  380  329    0   21    3    2    0     555
    2    1  201  381  365    0   23    3    1    0    1446
    2    1  202  382  378    0   24    3    3    1     561
    2    1  203  383  141    0    9    1    2    0    1110
    2    1  204  384  103    0    7    1    2    0    3085
    2    1  205  385  256    0   16    2    2    1     778
    2    1  206  386  457    0   29    3    3    1     706
    2    1  207  387  282    0   18    2    2    1     719
    2    1  208  388  253    0   16    2    3    0     999
    2    1  209  389  114    0    8    1    1    1    1217
    2    1  210  390  311    0   20    2    3    0    3401
    2    1  211  391  310    0   20    2    3    0     673
    2    1  212  392  268    0   17    2    2    1     502
    2    1  213  393  292    0   19    2    2    1     502
    2    1  214  394  247    0   16    2    2    1    1034
    2    1  215  395  344    0   22    3    3    1     895
    2    1  216  396  392    0   25    3    2    0     793
    2    1  217  397    4    0    1    1    3    0     962
    2    1  218  398  360    0   23    3    2    0     688
    2    1  219  399  133    0    9    1    1    1    1702
    2    1  220  400  289    0   19    2    3    0    1197
    2    1  221  401   18    0    2    1    2    0     715
    2    1  222  402   87    0    6    1    3    0     779
    2    1  223  403  424    0   27    3    2    0     694
    2    1  224  404  198    0   13    2    3    0     536
    2    1  225  405  138    0    9    1    1    1     565
    2    1  226  406  159    0   10    1    3    0     885
    2    1  227  407  432    0   27    3    2    0     554
    2    1  228  408  410    0   26    3    3    1     815
    2    1  229  409  431    0   27    3    2    0     887
    2    1  230  410  213    0   14    2    2    1     601
    2    1  231  411   96    1    6    1    2    0     565
    2    1  232  412  438    0   28    3    2    0     587
    2    1  233  413  296    0   19    2    3    0     903
    2    1  234  414   89    0    6    1    2    0     568
    2    1  235  415  384    0   24    3    1    0     505
    2    1  236  416   22    0    2    1    2    0     503
    2    1  237  417  294    0   19    2    2    1    1518
    2    1  238  418  173    0   11    2    1    0     524
    2    1  239  419  426    0   27    3    2    0     632
    2    1  240  420  364    0   23    3    2    0     608
    2    1  241  421  251    0   16    2    2    1    1157
    2    1  242  422  387    0   25    3    2    0     627
    2    1  243  423  356    0   23    3    2    0     594
    2    1  244  424  314    0   20    2    2    1     704
    2    1  245  425  170    1   11    2    1    0     392
    2    1  246  426  437    0   28    3    2    0     536
    2    1  247  427   52    0    4    1    1    1     820
    2    1  248  428  465    1   30    3    3    1     793
    2    1  249  429    2    0    1    1    3    0    1043
    2    1  250  430   15    0    1    1    1    1     602
    2    1  251  431  467    0   30    3    3    1     551
    2    1  252  432   92    0    6    1    2    0     534
    2    1  253  433  309    0   20    2    2    1     651
    2    1  254  434  238    1   15    2    2    1     616
    2    1  255  435  195    1   13    2    3    0     516
    2    1  256  436  419    0   27    3    2    0     611
    2    1  257  437  248    0   16    2    2    1     739
    2    1  258  438  216    0   14    2    2    1     410
    2    1  259  439  135    1    9    1    1    1     536
    2    1  260  440  307    0   20    2    2    1    1320
    2    1  261  441   64    0    4    1    2    0     623
    2    1  262  442  202    0   13    2    2    1     607
    2    1  263  443  215    1   14    2    2    1     740
    2    1  264  444  231    0   15    2    3    0    1194
    2    1  265  445  421    0   27    3    2    0     611
    2    1  266  446  197    0   13    2    1    0     756
    2    1  267  447  417    0   27    3    2    0     790
    2    1  268  448  154    0   10    1    1    1     587
    2    1  269  449  369    0   24    3    2    0    1368
    2    1  270  450  476    0   30    3    2    0     667
    2    1  271  451  405    1   26    3    3    1     593
    2    1  272  452  250    1   16    2    2    1     504
    2    1  273  453  163    1   11    2    1    0     488
    2    1  274  454  206    0   13    2    2    1     687
    2    1  275  455  295    0   19    2    2    1    2669
    2    1  276  456  254    0   16    2    2    1    1042
    2    1  277  457  462    0   29    3    2    0     676
    2    1  278  458  217    0   14    2    3    0     649
    2    1  279  459   26    0    2    1    2    0     789
    2    1  280  460  143    0    9    1    2    0     929
    2    1  281  461  121    0    8    1    2    0     506
    2    1  282  462  470    0   30    3    1    0     922
    2    1  283  463  243    0   16    2    3    0    1648
    2    1  284  464  404    0   26    3    1    0     668
    2    1  285  465  142    0    9    1    1    1     444
    2    1  286  466   76    0    5    1    1    1     715
    2    1  287  467  184    0   12    2    2    1     961
    2    1  288  468  212    0   14    2    3    0     395
    2    1  289  469  374    0   24    3    3    1     740
    2    1  290  470  108    0    7    1    1    1     974
    2    1  291  471   88    0    6    1    2    0     480
    2    1  292  472   61    0    4    1    1    1    1112
    2    1  293  473  298    0   19    2    1    0     676
    2    1  294  474  379    0   24    3    3    1     609
    2    1  295  475   47    0    3    1    1    1     437
    2    1  296  476  180    0   12    2    2    1     483
    2    1  297  477   16    1    1    1    1    1     564
    2    1  298  478  229    1   15    2    2    1    2066
    2    1  299  479   30    0    2    1    1    1     878
    2    1  300  480  130    0    9    1    1    1    1572
