    1    1    1    1   56    1    4    1    1    1    3994
    1    1    2    2  409    1   26    3    3    1    3289
    1    1    3    3  164    1   11    2    2    1    2050
    1    1    4    4   16    1    1    1    3    0    2969
    1    1    5    5  120    1    8    1    1    1    3351
    1    1    6    6   71    1    5    1    2    0    3603
    1    1    7    7  121    1    8    1    1    1    2879
    1    1    8    8  217    1   14    2    2    1    1722
    1    1    9    9   52    1    4    1    1    1    1959
    1    1   10   10  406    1   26    3    3    1    1374
    1    1   11   11   15    1    1    1    1    1    1799
    1    1   12   12  219    1   14    2    2    1    3541
    1    1   13   13  201    1   13    2    3    0    2315
    1    1   14   14  266    1   17    2    2    1    2024
    1    1   15   15  271    1   17    2    2    1    2552
    1    1   16   16  387    1   25    3    2    0    2902
    1    1   17   17  465    1   30    3    3    1    1579
    1    1   18   18  476    1   30    3    3    1    1210
    1    1   19   19   33    1    3    1    2    0    2221
    1    1   20   20   58    1    4    1    2    0    1399
    1    1   21   21  289    1   19    2    3    0    1608
    1    1   22   22  216    1   14    2    2    1    1505
    1    1   23   23  353    1   23    3    3    1    2098
    1    1   24   24  290    1   19    2    1    0    2168
    1    1   25   25  396    1   25    3    3    1    1287
    1    1   26   26  245    1   16    2    2    1    1895
    1    1   27   27  471    1   30    3    3    1    1163
    1    1   28   28   37    1    3    1    1    1    2334
    1    1   29   29  269    1   17    2    2    1    1149
    1    1   30   30  276    1   18    2    3    0    1370
    1    1   31   31   49    1    4    1    2    0    1123
    1    1   32   32   53    1    4    1    2    0    1178
    1    1   33   33  473    1   30    3    3    1    1373
    1    1   34   34    4    1    1    1    3    0    1371
    1    1   35   35   35    1    3    1    2    0    1394
    1    1   36   36  212    1   14    2    3    0    1116
    1    1   37   37  252    1   16    2    2    1    4830
    1    1   38   38  280    1   18    2    1    0    1830
    1    1   39   39  411    1   26    3    3    1    1418
    1    1   40   40  117    1    8    1    2    0    1580
    1    1   41   41  272    1   17    2    2    1    3686
    1    1   42   42    6    1    1    1    1    1    4278
    1    1   43   43   38    1    3    1    2    0    1477
    1    1   44   44  240    1   15    2    3    0    2195
    1    1   45   45  267    1   17    2    2    1    1313
    1    1   46   46  356    1   23    3    2    0    1523
    1    1   47   47   80    1    5    1    1    1    1446
    1    1   48   48  360    1   23    3    3    1    1266
    1    1   49   49  479    1   30    3    1    0    2398
    1    1   50   50  340    1   22    3    2    0    1620
    1    1   51   51  359    1   23    3    3    1    1442
    1    1   52   52   36    1    3    1    1    1    3677
    1    1   53   53  380    1   24    3    2    0    1495
    1    1   54   54  424    1   27    3    3    1    3674
    1    1   55   55  408    1   26    3    3    1    2817
    1    1   56   56  448    1   28    3    3    1    1513
    1    1   57   57  326    1   21    3    3    1    1851
    1    1   58   58   66    1    5    1    1    1    1003
    1    1   59   59  182    1   12    2    2    1    2453
    1    1   60   60  250    1   16    2    3    0    2201
    1    2    1   61   52    1    4    1    1    1    2663
    1    2    2   62  272    1   17    2    2    1    1305
    1    2    3   63  117    1    8    1    3    0    1909
    1    2    4   64  290    1   19    2    2    1    2783
    1    2    5   65   56    1    4    1    2    0    1053
    1    2    6   66  411    1   26    3    3    1    1207
    1    2    7   67  182    1   12    2    2    1     970
    1    2    8   68  276    1   18    2    3    0    2015
    1    2    9   69  476    1   30    3    3    1    1197
    1    2   10   70  219    1   14    2    2    1    1484
    1    2   11   71  473    1   30    3    2    0    1716
    1    2   12   72  360    1   23    3    3    1    1170
    1    2   13   73   15    1    1    1    1    1    1122
    1    2   14   74  201    1   13    2    2    1    1263
    1    2   15   75   35    1    3    1    1    1    1190
    1    2   16   76  340    1   22    3    3    1    1890
    1    2   17   77  471    1   30    3    3    1    1548
    1    2   18   78    6    1    1    1    1    1    1186
    1    2   19   79  240    1   15    2    2    1    2070
    1    2   20   80   58    1    4    1    1    1    1146
    1    2   21   81  120    1    8    1    1    1    2003
    1    2   22   82  356    1   23    3    3    1    1514
    1    2   23   83  164    1   11    2    1    0    1796
    1    2   24   84  406    1   26    3    3    1    1078
    1    2   25   85  250    1   16    2    2    1    1298
    1    2   26   86  359    1   23    3    3    1    1139
    1    2   27   87  280    1   18    2    3    0    1543
    1    2   28   88  121    1    8    1    3    0    2135
    1    2   29   89  212    1   14    2    3    0    1861
    1    2   30   90  289    1   19    2    2    1    1203
    1    2   31   91   33    1    3    1    1    1     802
    1    2   32   92  216    1   14    2    2    1    1520
    1    2   33   93   53    1    4    1    1    1    1323
    1    2   34   94    4    1    1    1    3    0     762
    1    2   35   95  409    1   26    3    3    1     812
    1    2   36   96  217    1   14    2    2    1    1279
    1    2   37   97  245    1   16    2    2    1    1546
    1    2   38   98  396    1   25    3    3    1     755
    1    2   39   99  424    1   27    3    3    1     950
    1    2   40  100   36    1    3    1    1    1     925
    1    2   41  101  380    1   24    3    2    0    2507
    1    2   42  102   37    1    3    1    1    1     930
    1    2   43  103  479    1   30    3    1    0    1643
    1    2   44  104  267    1   17    2    2    1     773
    1    2   45  105  408    1   26    3    3    1     902
    1    2   46  106  271    1   17    2    2    1    1064
    1    2   47  107  387    1   25    3    3    1    1061
    1    2   48  108   16    1    1    1    1    1     942
    1    2   49  109   71    1    5    1    1    1     949
    1    2   50  110  269    1   17    2    2    1    1460
    1    2   51  111  448    1   28    3    3    1    1453
    1    2   52  112   49    1    4    1    1    1     670
    1    2   53  113   80    1    5    1    1    1     929
    1    2   54  114  252    1   16    2    2    1     630
    1    2   55  115  266    1   17    2    2    1     889
    1    2   56  116  353    1   23    3    3    1    1717
    1    2   57  117  465    1   30    3    2    0    1225
    1    2   58  118   38    1    3    1    1    1     683
    1    2   59  119  326    1   21    3    3    1    1125
    1    2   60  120   66    1    5    1    1    1     638
    1    3    1  121  182    1   12    2    2    1     690
    1    3    2  122   33    1    3    1    1    1     709
    1    3    3  123  411    1   26    3    3    1     982
    1    3    4  124  121    1    8    1    1    1    2568
    1    3    5  125  267    1   17    2    2    1     723
    1    3    6  126  353    1   23    3    3    1     716
    1    3    7  127  117    1    8    1    1    1    1412
    1    3    8  128  201    1   13    2    2    1     498
    1    3    9  129  473    1   30    3    3    1     826
    1    3   10  130  448    1   28    3    3    1     683
    1    3   11  131  465    1   30    3    3    1     778
    1    3   12  132  408    1   26    3    3    1     909
    1    3   13  133  409    1   26    3    3    1     798
    1    3   14  134  219    1   14    2    1    0    1479
    1    3   15  135  471    1   30    3    3    1    1480
    1    3   16  136  252    1   16    2    2    1     796
    1    3   17  137  380    1   24    3    3    1    1807
    1    3   18  138  266    1   17    2    2    1     701
    1    3   19  139  276    1   18    2    3    0    2077
    1    3   20  140   80    1    5    1    1    1    2141
    1    3   21  141  424    1   27    3    3    1     722
    1    3   22  142   37    1    3    1    1    1     766
    1    3   23  143  360    1   23    3    3    1     755
    1    3   24  144    6    1    1    1    1    1     762
    1    3   25  145  164    1   11    2    1    0     754
    1    3   26  146  476    1   30    3    3    1     710
    1    3   27  147   66    1    5    1    1    1     719
    1    3   28  148   36    1    3    1    1    1     939
    1    3   29  149  272    1   17    2    2    1     722
    1    3   30  150  120    1    8    1    1    1     964
    1    3   31  151  216    1   14    2    2    1     649
    1    3   32  152  479    1   30    3    2    0     712
    1    3   33  153   56    1    4    1    1    1    2100
    1    3   34  154   53    1    4    1    1    1    1398
    1    3   35  155  271    1   17    2    2    1    6111
    1    3   36  156   16    1    1    1    1    1     708
    1    3   37  157  406    1   26    3    3    1     922
    1    3   38  158  340    1   22    3    3    1     890
    1    3   39  159  212    1   14    2    3    0     735
    1    3   40  160  240    1   15    2    2    1    1478
    1    3   41  161   58    1    4    1    1    1     833
    1    3   42  162   49    1    4    1    1    1     924
    1    3   43  163  359    1   23    3    3    1    1322
    1    3   44  164  250    1   16    2    1    0     908
    1    3   45  165  356    1   23    3    3    1    1057
    1    3   46  166  245    1   16    2    2    1    1271
    1    3   47  167  269    1   17    2    2    1     673
    1    3   48  168  280    1   18    2    2    1    1958
    1    3   49  169  217    1   14    2    2    1    1133
    1    3   50  170  387    1   25    3    3    1    1324
    1    3   51  171   71    1    5    1    1    1     672
    1    3   52  172  396    1   25    3    3    1    1305
    1    3   53  173  290    1   19    2    1    0     696
    1    3   54  174   35    1    3    1    1    1     658
    1    3   55  175  326    1   21    3    3    1     946
    1    3   56  176    4    1    1    1    3    0    1211
    1    3   57  177   15    1    1    1    1    1     727
    1    3   58  178   52    1    4    1    1    1    1202
    1    3   59  179  289    1   19    2    2    1    1607
    1    3   60  180   38    1    3    1    1    1    1002
    2    1    1  181  463    0   29    3    3    1    3299
    2    1    2  182  251    0   16    2    2    1    2586
    2    1    3  183   11    0    1    1    1    1    3255
    2    1    4  184  265    0   17    2    2    1    1799
    2    1    5  185  467    0   30    3    3    1    1222
    2    1    6  186  355    0   23    3    3    1    1497
    2    1    7  187  108    0    7    1    2    0    1912
    2    1    8  188  459    0   29    3    3    1     997
    2    1    9  189   58    1    4    1    1    1    1006
    2    1   10  190  126    0    8    1    3    0    1262
    2    1   11  191  185    0   12    2    1    0    3985
    2    1   12  192   46    0    3    1    1    1    1043
    2    1   13  193   88    0    6    1    2    0    2337
    2    1   14  194  161    0   11    2    1    0    1833
    2    1   15  195  298    0   19    2    1    0    1082
    2    1   16  196  347    0   22    3    1    0    1743
    2    1   17  197  414    0   26    3    3    1    1101
    2    1   18  198  130    0    9    1    1    1    1091
    2    1   19  199  253    0   16    2    1    0    1826
    2    1   20  200  213    0   14    2    1    0    2747
    2    1   21  201  290    1   19    2    1    0    1538
    2    1   22  202  440    0   28    3    3    1    1175
    2    1   23  203  321    0   21    3    1    0    1059
    2    1   24  204  263    0   17    2    3    0    1031
    2    1   25  205  266    1   17    2    2    1    3003
    2    1   26  206  141    0    9    1    3    0    1871
    2    1   27  207  386    0   25    3    2    0    3407
    2    1   28  208  190    0   12    2    2    1    1239
    2    1   29  209   19    0    2    1    3    0    1077
    2    1   30  210   85    0    6    1    1    1    1230
    2    1   31  211  159    0   10    1    1    1     940
    2    1   32  212  259    0   17    2    3    0    1022
    2    1   33  213    4    1    1    1    1    1    1375
    2    1   34  214  353    1   23    3    3    1    1243
    2    1   35  215  478    0   30    3    3    1    1968
    2    1   36  216  371    0   24    3    1    0    1362
    2    1   37  217   26    0    2    1    3    0    1049
    2    1   38  218   42    0    3    1    1    1     949
    2    1   39  219  160    0   10    1    3    0    2841
    2    1   40  220  330    0   21    3    2    0    1014
    2    1   41  221  344    0   22    3    1    0    1034
    2    1   42  222  473    1   30    3    3    1    1333
    2    1   43  223   90    0    6    1    2    0    1276
    2    1   44  224  406    1   26    3    3    1     998
    2    1   45  225  260    0   17    2    1    0    1291
    2    1   46  226  337    0   22    3    3    1    2196
    2    1   47  227  448    1   28    3    3    1    1092
    2    1   48  228  191    0   12    2    1    0    3965
    2    1   49  229  110    0    7    1    2    0    1630
    2    1   50  230  366    0   23    3    3    1    1256
    2    1   51  231  419    0   27    3    3    1    1005
    2    1   52  232  360    1   23    3    3    1    1069
    2    1   53  233  375    0   24    3    1    0    1253
    2    1   54  234   31    0    2    1    3    0    1253
    2    1   55  235   30    0    2    1    3    0    1701
    2    1   56  236  457    0   29    3    3    1     977
    2    1   57  237  236    0   15    2    2    1    1576
    2    1   58  238  217    1   14    2    2    1    1374
    2    1   59  239  264    0   17    2    2    1     980
    2    1   60  240   54    0    4    1    1    1    1621
    2    1   61  241  365    0   23    3    3    1    1099
    2    1   62  242  234    0   15    2    3    0    1170
    2    1   63  243  133    0    9    1    3    0    2743
    2    1   64  244  164    1   11    2    2    1    1711
    2    1   65  245  241    0   16    2    2    1    9121
    2    1   66  246  258    0   17    2    3    0    1799
    2    1   67  247  324    0   21    3    2    0    2170
    2    1   68  248   12    0    1    1    3    0    1166
    2    1   69  249  468    0   30    3    2    0    1057
    2    1   70  250  226    0   15    2    3    0    1016
    2    1   71  251  246    0   16    2    2    1    1033
    2    1   72  252  181    0   12    2    2    1    1001
    2    1   73  253  123    0    8    1    3    0    1297
    2    1   74  254  304    0   19    2    2    1    1585
    2    1   75  255  425    0   27    3    3    1     987
    2    1   76  256  311    0   20    2    3    0    1228
    2    1   77  257  462    0   29    3    3    1     938
    2    1   78  258  248    0   16    2    2    1    1100
    2    1   79  259  328    0   21    3    2    0     986
    2    1   80  260   81    0    6    1    1    1    2099
    2    1   81  261   49    1    4    1    1    1    1089
    2    1   82  262   83    0    6    1    2    0     900
    2    1   83  263  464    0   29    3    3    1     938
    2    1   84  264  289    1   19    2    3    0    1182
    2    1   85  265  127    0    8    1    1    1    1011
    2    1   86  266    9    0    1    1    3    0    1860
    2    1   87  267  183    0   12    2    2    1     933
    2    1   88  268  322    0   21    3    2    0    1194
    2    1   89  269  147    0   10    1    2    0    1202
    2    1   90  270   38    1    3    1    1    1    1198
    2    1   91  271  201    1   13    2    2    1    1037
    2    1   92  272  442    0   28    3    3    1     921
    2    1   93  273  256    0   16    2    2    1    1049
    2    1   94  274  339    0   22    3    1    0    1194
    2    1   95  275  150    0   10    1    2    0     814
    2    1   96  276  301    0   19    2    3    0    1580
    2    1   97  277  189    0   12    2    2    1     940
    2    1   98  278  280    1   18    2    3    0    1621
    2    1   99  279  427    0   27    3    3    1    1243
    2    1  100  280  203    0   13    2    2    1     932
    2    1  101  281  305    0   20    2    3    0    1067
    2    1  102  282  306    0   20    2    3    0    1016
    2    1  103  283  132    0    9    1    3    0     953
    2    1  104  284  288    0   18    2    3    0    1000
    2    1  105  285  441    0   28    3    3    1    1061
    2    1  106  286  268    0   17    2    2    1    1166
    2    1  107  287   66    1    5    1    1    1     939
    2    1  108  288  359    1   23    3    3    1     945
    2    1  109  289   93    0    6    1    2    0     915
    2    1  110  290   60    0    4    1    2    0    3977
    2    1  111  291  154    0   10    1    3    0    1274
    2    1  112  292  287    0   18    2    3    0    1161
    2    1  113  293  208    0   13    2    2    1    1170
    2    1  114  294   65    0    5    1    1    1     926
    2    1  115  295   86    0    6    1    2    0    1039
    2    1  116  296  476    1   30    3    3    1     919
    2    1  117  297  122    0    8    1    1    1     915
    2    1  118  298  470    0   30    3    2    0     935
    2    1  119  299  398    0   25    3    3    1    1491
    2    1  120  300  356    1   23    3    3    1    1065
    2    1  121  301  174    0   11    2    1    0     940
    2    1  122  302   28    0    2    1    1    1    1212
    2    1  123  303   21    0    2    1    2    0    1642
    2    1  124  304  120    1    8    1    1    1    1338
    2    1  125  305  180    0   12    2    2    1    1068
    2    1  126  306  475    0   30    3    3    1     962
    2    1  127  307   37    1    3    1    1    1     924
    2    1  128  308  385    0   25    3    3    1     982
    2    1  129  309   45    0    3    1    1    1     898
    2    1  130  310  358    0   23    3    3    1    1078
    2    1  131  311    6    1    1    1    1    1     917
    2    1  132  312  408    1   26    3    3    1    1147
    2    1  133  313  128    0    8    1    2    0    1492
    2    1  134  314   53    1    4    1    1    1     947
    2    1  135  315   67    0    5    1    1    1    1162
    2    1  136  316  153    0   10    1    3    0    1290
    2    1  137  317   47    0    3    1    1    1     979
    2    1  138  318  165    0   11    2    1    0     998
    2    1  139  319  104    0    7    1    2    0    1185
    2    1  140  320  393    0   25    3    3    1     986
    2    1  141  321  187    0   12    2    2    1    1430
    2    1  142  322  255    0   16    2    2    1    1051
    2    1  143  323  238    0   15    2    3    0    1014
    2    1  144  324  184    0   12    2    2    1     973
    2    1  145  325  214    0   14    2    3    0     876
    2    1  146  326  188    0   12    2    2    1     923
    2    1  147  327   23    0    2    1    3    0     903
    2    1  148  328  198    0   13    2    2    1     913
    2    1  149  329  281    0   18    2    3    0     918
    2    1  150  330  417    0   27    3    3    1    1006
    2    1  151  331   64    0    4    1    3    0    1131
    2    1  152  332   59    0    4    1    3    0    2159
    2    1  153  333   41    0    3    1    1    1     955
    2    1  154  334   40    0    3    1    1    1     866
    2    1  155  335   62    0    4    1    1    1    1555
    2    1  156  336  335    0   21    3    2    0    1021
    2    1  157  337  430    0   27    3    3    1    1105
    2    1  158  338   17    0    2    1    3    0     974
    2    1  159  339  409    1   26    3    3    1     942
    2    1  160  340  391    0   25    3    3    1     992
    2    1  161  341   56    1    4    1    1    1    4329
    2    1  162  342   80    1    5    1    3    0    1227
    2    1  163  343  341    0   22    3    1    0    1246
    2    1  164  344  369    0   24    3    3    1    2097
    2    1  165  345  173    0   11    2    3    0    1251
    2    1  166  346  215    0   14    2    2    1    2883
    2    1  167  347  396    1   25    3    3    1     907
    2    1  168  348  380    1   24    3    3    1    2235
    2    1  169  349   43    0    3    1    1    1     845
    2    1  170  350  436    0   28    3    2    0    1008
    2    1  171  351  149    0   10    1    3    0     933
    2    1  172  352  392    0   25    3    3    1     970
    2    1  173  353  323    0   21    3    2    0     919
    2    1  174  354  303    0   19    2    3    0     934
    2    1  175  355   52    1    4    1    1    1    1006
    2    1  176  356  479    1   30    3    3    1     902
    2    1  177  357   75    0    5    1    1    1     904
    2    1  178  358  376    0   24    3    3    1    1185
    2    1  179  359  231    0   15    2    2    1     997
    2    1  180  360  243    0   16    2    2    1     900
    2    1  181  361  381    0   24    3    1    0    3480
    2    1  182  362  411    1   26    3    3    1     904
    2    1  183  363  283    0   18    2    3    0     921
    2    1  184  364  329    0   21    3    2    0     992
    2    1  185  365  472    0   30    3    3    1    1022
    2    1  186  366  207    0   13    2    3    0    1081
    2    1  187  367  162    0   11    2    1    0    2571
    2    1  188  368  152    0   10    1    3    0     938
    2    1  189  369  286    0   18    2    3    0    1045
    2    1  190  370  400    0   25    3    3    1     894
    2    1  191  371  205    0   13    2    2    1    1153
    2    1  192  372   15    1    1    1    1    1    1245
    2    1  193  373  350    0   22    3    1    0    1617
    2    1  194  374  300    0   19    2    1    0     965
    2    1  195  375   39    0    3    1    1    1    1090
    2    1  196  376  404    0   26    3    2    0     906
    2    1  197  377  336    0   21    3    2    0    1059
    2    1  198  378  143    0    9    1    3    0     966
    2    1  199  379  225    0   15    2    1    0    4554
    2    1  200  380  139    0    9    1    3    0     961
    2    1  201  381  171    0   11    2    1    0    1204
    2    1  202  382  338    0   22    3    1    0    1964
    2    1  203  383  382    0   24    3    1    0    1356
    2    1  204  384   14    0    1    1    1    1    1119
    2    1  205  385  244    0   16    2    2    1     918
    2    1  206  386   27    0    2    1    3    0    1519
    2    1  207  387  140    0    9    1    2    0    1021
    2    1  208  388  433    0   28    3    2    0    1005
    2    1  209  389  107    0    7    1    2    0     896
    2    1  210  390   48    0    3    1    1    1     995
    2    1  211  391  421    0   27    3    2    0    1175
    2    1  212  392  297    0   19    2    2    1     865
    2    1  213  393  443    0   28    3    3    1    1042
    2    1  214  394   29    0    2    1    3    0    1327
    2    1  215  395  420    0   27    3    3    1     935
    2    1  216  396  444    0   28    3    3    1     864
    2    1  217  397  299    0   19    2    1    0    1046
    2    1  218  398  407    0   26    3    3    1    1102
    2    1  219  399  474    0   30    3    2    0    1624
    2    1  220  400   92    0    6    1    2    0     933
    2    1  221  401   96    0    6    1    2    0     894
    2    1  222  402  349    0   22    3    1    0    1244
    2    1  223  403  170    0   11    2    1    0     961
    2    1  224  404   95    0    6    1    2    0    1306
    2    1  225  405  148    0   10    1    3    0    1322
    2    1  226  406  452    0   29    3    3    1     918
    2    1  227  407  131    0    9    1    3    0    1364
    2    1  228  408  372    0   24    3    1    0    1309
    2    1  229  409  179    0   12    2    2    1     981
    2    1  230  410  447    0   28    3    3    1     939
    2    1  231  411  331    0   21    3    2    0     919
    2    1  232  412  333    0   21    3    2    0    1035
    2    1  233  413  138    0    9    1    3    0    1021
    2    1  234  414  435    0   28    3    3    1     934
    2    1  235  415  374    0   24    3    2    0    1233
    2    1  236  416   55    0    4    1    1    1     901
    2    1  237  417  415    0   26    3    3    1    1143
    2    1  238  418  158    0   10    1    1    1    2532
    2    1  239  419   24    0    2    1    2    0    1375
    2    1  240  420  315    0   20    2    3    0    1595
    2    1  241  421    2    0    1    1    1    1    1062
    2    1  242  422  428    0   27    3    3    1    1416
    2    1  243  423  155    0   10    1    2    0    1230
    2    1  244  424  446    0   28    3    3    1     988
    2    1  245  425  312    0   20    2    3    0    1113
    2    1  246  426  111    0    7    1    3    0    1519
    2    1  247  427  167    0   11    2    1    0    1212
    2    1  248  428  257    0   17    2    1    0     796
    2    1  249  429    7    0    1    1    1    1     968
    2    1  250  430  136    0    9    1    3    0    1214
    2    1  251  431   74    0    5    1    1    1    1261
    2    1  252  432  124    0    8    1    1    1    1144
    2    1  253  433  397    0   25    3    3    1    1280
    2    1  254  434  437    0   28    3    1    0    1570
    2    1  255  435  284    0   18    2    2    1     973
    2    1  256  436  105    0    7    1    2    0    1211
    2    1  257  437  193    0   13    2    2    1    1301
    2    1  258  438  319    0   20    2    3    0    1886
    2    1  259  439  431    0   27    3    2    0    1281
    2    1  260  440  212    1   14    2    3    0    1594
    2    1  261  441  295    0   19    2    2    1    2049
    2    1  262  442  401    0   26    3    3    1     851
    2    1  263  443  342    0   22    3    2    0    1083
    2    1  264  444  166    0   11    2    3    0     869
    2    1  265  445  220    0   14    2    3    0     961
    2    1  266  446  454    0   29    3    2    0     943
    2    1  267  447  176    0   11    2    1    0    1181
    2    1  268  448   33    1    3    1    1    1     854
    2    1  269  449  426    0   27    3    3    1    1306
    2    1  270  450   68    0    5    1    1    1    1269
    2    1  271  451  144    0    9    1    3    0    1929
    2    1  272  452  142    0    9    1    3    0     971
    2    1  273  453  364    0   23    3    2    0     842
    2    1  274  454  237    0   15    2    2    1    1845
    2    1  275  455   70    0    5    1    1    1     594
    2    1  276  456  384    0   24    3    1    0     637
    2    1  277  457  109    0    7    1    1    1     605
    2    1  278  458  418    0   27    3    2    0    1254
    2    1  279  459  480    0   30    3    3    1    1046
    2    1  280  460  325    0   21    3    3    1    2029
    2    1  281  461  471    1   30    3    2    0    2257
    2    1  282  462  219    1   14    2    2    1    1342
    2    1  283  463  313    0   20    2    2    1     642
    2    1  284  464  460    0   29    3    3    1    1195
    2    1  285  465  345    0   22    3    2    0    2571
    2    1  286  466  209    0   14    2    2    1     787
    2    1  287  467  416    0   26    3    3    1    1063
    2    1  288  468  182    1   12    2    2    1    1603
    2    1  289  469  456    0   29    3    3    1    1040
    2    1  290  470  318    0   20    2    3    0     945
    2    1  291  471   57    0    4    1    2    0    1716
    2    1  292  472   69    0    5    1    1    1    1244
    2    1  293  473  178    0   12    2    2    1     640
    2    1  294  474  275    0   18    2    1    0    2246
    2    1  295  475  192    0   12    2    2    1     676
    2    1  296  476  458    0   29    3    3    1     869
    2    1  297  477    1    0    1    1    1    1     907
    2    1  298  478   84    0    6    1    2    0    1092
    2    1  299  479  267    1   17    2    2    1    1184
    2    1  300  480  119    0    8    1    1    1    1181
