    1    1    1    1   55    1    4    1    2    0    5389
    1    1    2    2  405    1   26    3    2    0    3679
    1    1    3    3  203    1   13    2    2    1    2161
    1    1    4    4  279    1   18    2    2    1    4621
    1    1    5    5  471    1   30    3    1    0    4563
    1    1    6    6    7    1    1    1    1    1    1805
    1    1    7    7  146    1   10    1    1    1    2028
    1    1    8    8  327    1   21    3    2    0    5235
    1    1    9    9  272    1   17    2    2    1    2056
    1    1   10   10  250    1   16    2    1    0    3628
    1    1   11   11  339    1   22    3    1    0    2087
    1    1   12   12   73    1    5    1    1    1    2808
    1    1   13   13   96    1    6    1    2    0    3343
    1    1   14   14  355    1   23    3    2    0    2403
    1    1   15   15  186    1   12    2    2    1    2229
    1    1   16   16  241    1   16    2    1    0    1820
    1    1   17   17  125    1    8    1    3    0    3094
    1    1   18   18  413    1   26    3    1    0   12913
    1    1   19   19  381    1   24    3    1    0    1932
    1    1   20   20  443    1   28    3    2    0    3294
    1    1   21   21  224    1   14    2    2    1    2469
    1    1   22   22  148    1   10    1    1    1    2002
    1    1   23   23  238    1   15    2    3    0    1991
    1    1   24   24   34    1    3    1    1    1    1821
    1    1   25   25  337    1   22    3    3    1    2695
    1    1   26   26  306    1   20    2    2    1    2398
    1    1   27   27  135    1    9    1    1    1    1823
    1    1   28   28  293    1   19    2    2    1    1655
    1    1   29   29  190    1   12    2    3    0    2829
    1    1   30   30   62    1    4    1    1    1    2914
    1    1   31   31  278    1   18    2    2    1    3313
    1    1   32   32   85    1    6    1    3    0    1523
    1    1   33   33  195    1   13    2    3    0    2502
    1    1   34   34  397    1   25    3    1    0    4146
    1    1   35   35  420    1   27    3    2    0    2225
    1    1   36   36  215    1   14    2    1    0    2690
    1    1   37   37  136    1    9    1    1    1    1547
    1    1   38   38  106    1    7    1    2    0    3461
    1    1   39   39  446    1   28    3    3    1    1837
    1    1   40   40   31    1    2    1    1    1    2138
    1    1   41   41  115    1    8    1    2    0    6203
    1    1   42   42  111    1    7    1    3    0    2556
    1    1   43   43  465    1   30    3    1    0    3516
    1    1   44   44  163    1   11    2    3    0   10788
    1    1   45   45  455    1   29    3    2    0    1800
    1    1   46   46   16    1    1    1    1    1    1337
    1    1   47   47  308    1   20    2    1    0    2986
    1    1   48   48  376    1   24    3    1    0    1799
    1    1   49   49  229    1   15    2    3    0    2151
    1    1   50   50   72    1    5    1    1    1    2103
    1    1   51   51  330    1   21    3    2    0    1816
    1    1   52   52  423    1   27    3    1    0   17654
    1    1   53   53  359    1   23    3    1    0    2407
    1    1   54   54  267    1   17    2    2    1   12433
    1    1   55   55  395    1   25    3    1    0    2467
    1    1   56   56  170    1   11    2    1    0    1605
    1    1   57   57   17    1    2    1    1    1    3721
    1    1   58   58  297    1   19    2    2    1    1632
    1    1   59   59   40    1    3    1    1    1    1856
    1    1   60   60  456    1   29    3    3    1    2850
    1    2    1   61   73    1    5    1    2    0    2328
    1    2    2   62   62    1    4    1    1    1    1756
    1    2    3   63    7    1    1    1    2    0    1485
    1    2    4   64  241    1   16    2    2    1    1620
    1    2    5   65  420    1   27    3    3    1    4845
    1    2    6   66  355    1   23    3    3    1    1467
    1    2    7   67   16    1    1    1    1    1    1597
    1    2    8   68   31    1    2    1    2    0    3105
    1    2    9   69  125    1    8    1    3    0    2733
    1    2   10   70  381    1   24    3    2    0    1822
    1    2   11   71  238    1   15    2    3    0    2162
    1    2   12   72  405    1   26    3    3    1    1700
    1    2   13   73  359    1   23    3    1    0    2404
    1    2   14   74  146    1   10    1    1    1    3690
    1    2   15   75  327    1   21    3    2    0    1854
    1    2   16   76  443    1   28    3    2    0   13788
    1    2   17   77  106    1    7    1    3    0    2252
    1    2   18   78  337    1   22    3    3    1    1889
    1    2   19   79  279    1   18    2    2    1    1551
    1    2   20   80  330    1   21    3    2    0    1606
    1    2   21   81  186    1   12    2    2    1    1861
    1    2   22   82  224    1   14    2    1    0    1649
    1    2   23   83  163    1   11    2    2    1    1998
    1    2   24   84  203    1   13    2    1    0    1663
    1    2   25   85  115    1    8    1    3    0    3014
    1    2   26   86  339    1   22    3    3    1    1420
    1    2   27   87  395    1   25    3    1    0    1744
    1    2   28   88   85    1    6    1    2    0    2833
    1    2   29   89   40    1    3    1    1    1    1685
    1    2   30   90  306    1   20    2    2    1    1824
    1    2   31   91  456    1   29    3    3    1    2151
    1    2   32   92   17    1    2    1    1    1    2244
    1    2   33   93  465    1   30    3    1    0    1987
    1    2   34   94  170    1   11    2    2    1    1785
    1    2   35   95   96    1    6    1    2    0    2915
    1    2   36   96  297    1   19    2    1    0    2309
    1    2   37   97  195    1   13    2    2    1    2021
    1    2   38   98  446    1   28    3    3    1    1850
    1    2   39   99  293    1   19    2    2    1    9426
    1    2   40  100   34    1    3    1    1    1    1519
    1    2   41  101  376    1   24    3    3    1    1579
    1    2   42  102  190    1   12    2    2    1    1424
    1    2   43  103  148    1   10    1    3    0    1872
    1    2   44  104  423    1   27    3    2    0    2524
    1    2   45  105  471    1   30    3    3    1   10593
    1    2   46  106  135    1    9    1    1    1    2063
    1    2   47  107   72    1    5    1    1    1    2178
    1    2   48  108   55    1    4    1    3    0    1538
    1    2   49  109  455    1   29    3    2    0    2293
    1    2   50  110  413    1   26    3    2    0    2001
    1    2   51  111  215    1   14    2    2    1    2154
    1    2   52  112  136    1    9    1    1    1    2008
    1    2   53  113  229    1   15    2    2    1    1828
    1    2   54  114  250    1   16    2    3    0    1577
    1    2   55  115  111    1    7    1    3    0    1684
    1    2   56  116  308    1   20    2    2    1    2617
    1    2   57  117  278    1   18    2    2    1    2624
    1    2   58  118  272    1   17    2    3    0    2003
    1    2   59  119  267    1   17    2    2    1    1973
    1    2   60  120  397    1   25    3    1    0    1824
    1    3    1  121  413    1   26    3    3    1    3148
    1    3    2  122  215    1   14    2    2    1    2164
    1    3    3  123   72    1    5    1    1    1    1512
    1    3    4  124  106    1    7    1    1    1    1552
    1    3    5  125  163    1   11    2    2    1    1835
    1    3    6  126  405    1   26    3    3    1    1572
    1    3    7  127  339    1   22    3    3    1    1878
    1    3    8  128   55    1    4    1    1    1    2997
    1    3    9  129  293    1   19    2    2    1    1920
    1    3   10  130  136    1    9    1    1    1    2318
    1    3   11  131   16    1    1    1    1    1    2134
    1    3   12  132   62    1    4    1    2    0    2291
    1    3   13  133  395    1   25    3    3    1    1953
    1    3   14  134  297    1   19    2    2    1    1607
    1    3   15  135  456    1   29    3    3    1    1936
    1    3   16  136  327    1   21    3    2    0    1226
    1    3   17  137  115    1    8    1    2    0    2077
    1    3   18  138   17    1    2    1    1    1    1839
    1    3   19  139   85    1    6    1    1    1    2363
    1    3   20  140  446    1   28    3    3    1    1143
    1    3   21  141  465    1   30    3    2    0    1411
    1    3   22  142  308    1   20    2    2    1    1568
    1    3   23  143  397    1   25    3    1    0    1603
    1    3   24  144    7    1    1    1    1    1    2073
    1    3   25  145  224    1   14    2    2    1    2007
    1    3   26  146  229    1   15    2    2    1    2098
    1    3   27  147  279    1   18    2    2    1    2786
    1    3   28  148   96    1    6    1    1    1   12569
    1    3   29  149  170    1   11    2    1    0    2427
    1    3   30  150  195    1   13    2    2    1    1683
    1    3   31  151  135    1    9    1    1    1    2517
    1    3   32  152  330    1   21    3    2    0    1653
    1    3   33  153  111    1    7    1    1    1    1912
    1    3   34  154  471    1   30    3    3    1    1796
    1    3   35  155  186    1   12    2    2    1    1816
    1    3   36  156  455    1   29    3    3    1    2223
    1    3   37  157   40    1    3    1    1    1    1388
    1    3   38  158  443    1   28    3    2    0    1851
    1    3   39  159  306    1   20    2    2    1    1869
    1    3   40  160  125    1    8    1    1    1    2031
    1    3   41  161   31    1    2    1    1    1    1656
    1    3   42  162  190    1   12    2    2    1    1403
    1    3   43  163   34    1    3    1    1    1    1382
    1    3   44  164  267    1   17    2    1    0    2027
    1    3   45  165  241    1   16    2    2    1    1661
    1    3   46  166  355    1   23    3    2    0    2237
    1    3   47  167  423    1   27    3    2    0    1998
    1    3   48  168  250    1   16    2    1    0    1747
    1    3   49  169  337    1   22    3    3    1    2096
    1    3   50  170  381    1   24    3    3    1    3392
    1    3   51  171   73    1    5    1    2    0    1755
    1    3   52  172  278    1   18    2    2    1    1698
    1    3   53  173  272    1   17    2    2    1    1878
    1    3   54  174  148    1   10    1    2    0    1939
    1    3   55  175  420    1   27    3    3    1    6299
    1    3   56  176  359    1   23    3    1    0    2642
    1    3   57  177  238    1   15    2    2    1    1856
    1    3   58  178  146    1   10    1    1    1    2018
    1    3   59  179  203    1   13    2    2    1    1602
    1    3   60  180  376    1   24    3    3    1    1563
    2    1    1  181  189    0   12    2    2    1    2877
    2    1    2  182  241    1   16    2    2    1    2302
    2    1    3  183   20    0    2    1    1    1    4161
    2    1    4  184   88    0    6    1    2    0    3011
    2    1    5  185  234    0   15    2    2    1    3814
    2    1    6  186  429    0   27    3    1    0    4469
    2    1    7  187  142    0    9    1    1    1    3291
    2    1    8  188  296    0   19    2    3    0    2244
    2    1    9  189   74    0    5    1    2    0    2275
    2    1   10  190  285    0   18    2    1    0    1879
    2    1   11  191  169    0   11    2    2    1    2602
    2    1   12  192  205    0   13    2    2    1    1610
    2    1   13  193   29    0    2    1    1    1    1782
    2    1   14  194  133    0    9    1    3    0    3425
    2    1   15  195   85    1    6    1    1    1    2653
    2    1   16  196  468    0   30    3    2    0    2487
    2    1   17  197  177    0   12    2    2    1    2149
    2    1   18  198  101    0    7    1    3    0    2347
    2    1   19  199  344    0   22    3    3    1    1550
    2    1   20  200  304    0   19    2    2    1    1717
    2    1   21  201   99    0    7    1    3    0    1489
    2    1   22  202  459    0   29    3    1    0    2010
    2    1   23  203   87    0    6    1    2    0    1656
    2    1   24  204  151    0   10    1    2    0    2092
    2    1   25  205  301    0   19    2    1    0    3697
    2    1   26  206  359    1   23    3    1    0    1883
    2    1   27  207  424    0   27    3    2    0    1970
    2    1   28  208  361    0   23    3    2    0    1584
    2    1   29  209  188    0   12    2    2    1    2198
    2    1   30  210  411    0   26    3    1    0    1183
    2    1   31  211  295    0   19    2    2    1    1492
    2    1   32  212  309    0   20    2    3    0    4009
    2    1   33  213  379    0   24    3    3    1    2684
    2    1   34  214  437    0   28    3    2    0    1648
    2    1   35  215  223    0   14    2    1    0    1800
    2    1   36  216  308    1   20    2    1    0    3633
    2    1   37  217  104    0    7    1    3    0    1553
    2    1   38  218   67    0    5    1    1    1    2307
    2    1   39  219  456    1   29    3    3    1    2410
    2    1   40  220  143    0    9    1    1    1    2521
    2    1   41  221  365    0   23    3    2    0    4845
    2    1   42  222  349    0   22    3    3    1    1834
    2    1   43  223  315    0   20    2    2    1    3972
    2    1   44  224  232    0   15    2    1    0    4246
    2    1   45  225  404    0   26    3    2    0    1462
    2    1   46  226  200    0   13    2    2    1    2321
    2    1   47  227  422    0   27    3    1    0    6254
    2    1   48  228  155    0   10    1    1    1    1271
    2    1   49  229  108    0    7    1    3    0    1476
    2    1   50  230  102    0    7    1    3    0    1579
    2    1   51  231  376    1   24    3    3    1     846
    2    1   52  232  109    0    7    1    3    0    1164
    2    1   53  233  125    1    8    1    1    1    1268
    2    1   54  234  336    0   21    3    2    0    1439
    2    1   55  235  168    0   11    2    2    1    1735
    2    1   56  236  298    0   19    2    2    1    1990
    2    1   57  237  175    0   11    2    1    0    2140
    2    1   58  238   30    0    2    1    1    1    1346
    2    1   59  239  464    0   29    3    1    0    1412
    2    1   60  240   55    1    4    1    3    0    1210
    2    1   61  241  356    0   23    3    1    0    2315
    2    1   62  242   65    0    5    1    2    0    3505
    2    1   63  243  282    0   18    2    2    1    1477
    2    1   64  244  351    0   22    3    3    1   11164
    2    1   65  245  198    0   13    2    2    1    2782
    2    1   66  246  370    0   24    3    3    1    1140
    2    1   67  247  291    0   19    2    2    1    1260
    2    1   68  248  427    0   27    3    2    0    1163
    2    1   69  249  382    0   24    3    3    1    1152
    2    1   70  250  333    0   21    3    2    0     867
    2    1   71  251  172    0   11    2    3    0    1394
    2    1   72  252  227    0   15    2    2    1    1981
    2    1   73  253  259    0   17    2    1    0    1117
    2    1   74  254  251    0   16    2    2    1    2087
    2    1   75  255   31    1    2    1    1    1    2054
    2    1   76  256   47    0    3    1    1    1    1014
    2    1   77  257  244    0   16    2    2    1    2621
    2    1   78  258  377    0   24    3    3    1    1497
    2    1   79  259  253    0   16    2    3    0    1647
    2    1   80  260    5    0    1    1    1    1    1825
    2    1   81  261  325    0   21    3    2    0    1467
    2    1   82  262  163    1   11    2    2    1    4675
    2    1   83  263  233    0   15    2    2    1    1851
    2    1   84  264  182    0   12    2    2    1    1521
    2    1   85  265  335    0   21    3    2    0    1394
    2    1   86  266  472    0   30    3    2    0    2298
    2    1   87  267  283    0   18    2    3    0    2068
    2    1   88  268  280    0   18    2    1    0    1319
    2    1   89  269  443    1   28    3    2    0    3364
    2    1   90  270   36    0    3    1    1    1    1755
    2    1   91  271   52    0    4    1    1    1    1708
    2    1   92  272  471    1   30    3    3    1    1802
    2    1   93  273  149    0   10    1    1    1    1376
    2    1   94  274  268    0   17    2    2    1    1656
    2    1   95  275  358    0   23    3    1    0    1436
    2    1   96  276  135    1    9    1    2    0    1529
    2    1   97  277  462    0   29    3    1    0    1100
    2    1   98  278  475    0   30    3    2    0    1405
    2    1   99  279  396    0   25    3    1    0    1643
    2    1  100  280  381    1   24    3    3    1    2134
    2    1  101  281  384    0   24    3    3    1    1234
    2    1  102  282  432    0   27    3    2    0    1627
    2    1  103  283  262    0   17    2    2    1    1066
    2    1  104  284  448    0   28    3    3    1    2546
    2    1  105  285   91    0    6    1    2    0    1113
    2    1  106  286  441    0   28    3    3    1    1423
    2    1  107  287  350    0   22    3    3    1    1478
    2    1  108  288  300    0   19    2    1    0    1605
    2    1  109  289  103    0    7    1    3    0    1349
    2    1  110  290  435    0   28    3    3    1    1455
    2    1  111  291  105    0    7    1    3    0    1900
    2    1  112  292   64    0    4    1    2    0    1467
    2    1  113  293   43    0    3    1    1    1    1477
    2    1  114  294   84    0    6    1    2    0    1192
    2    1  115  295  138    0    9    1    1    1    1434
    2    1  116  296  147    0   10    1    1    1    2520
    2    1  117  297   22    0    2    1    1    1    1382
    2    1  118  298  303    0   19    2    2    1    1761
    2    1  119  299  186    1   12    2    2    1    1192
    2    1  120  300  202    0   13    2    1    0    2319
    2    1  121  301  243    0   16    2    1    0    2403
    2    1  122  302  152    0   10    1    3    0    3240
    2    1  123  303  228    0   15    2    2    1    3014
    2    1  124  304  410    0   26    3    1    0    1632
    2    1  125  305  327    1   21    3    2    0    1361
    2    1  126  306  328    0   21    3    2    0    1436
    2    1  127  307  460    0   29    3    1    0    1474
    2    1  128  308   77    0    5    1    1    1    1374
    2    1  129  309   18    0    2    1    1    1    2152
    2    1  130  310  166    0   11    2    1    0    1651
    2    1  131  311  341    0   22    3    3    1    1284
    2    1  132  312  360    0   23    3    2    0    1587
    2    1  133  313  287    0   18    2    1    0    1634
    2    1  134  314  137    0    9    1    3    0    1494
    2    1  135  315  145    0   10    1    1    1    1479
    2    1  136  316  226    0   15    2    2    1    2022
    2    1  137  317  307    0   20    2    1    0    1381
    2    1  138  318   46    0    3    1    1    1    1921
    2    1  139  319  257    0   17    2    3    0    1319
    2    1  140  320  433    0   28    3    3    1    1168
    2    1  141  321  371    0   24    3    1    0    2517
    2    1  142  322  374    0   24    3    1    0    1444
    2    1  143  323  354    0   23    3    1    0    1666
    2    1  144  324  165    0   11    2    1    0    3067
    2    1  145  325  347    0   22    3    3    1    1241
    2    1  146  326   23    0    2    1    1    1    1553
    2    1  147  327  337    1   22    3    3    1    1555
    2    1  148  328  255    0   16    2    3    0    1773
    2    1  149  329  474    0   30    3    1    0    1543
    2    1  150  330   12    0    1    1    1    1    2458
    2    1  151  331   96    1    6    1    2    0    1224
    2    1  152  332  299    0   19    2    3    0    1304
    2    1  153  333  357    0   23    3    1    0    1822
    2    1  154  334  191    0   12    2    2    1    2069
    2    1  155  335  224    1   14    2    1    0    1627
    2    1  156  336   60    0    4    1    1    1    1456
    2    1  157  337  339    1   22    3    3    1    1172
    2    1  158  338    2    0    1    1    1    1    2546
    2    1  159  339  451    0   29    3    1    0    1418
    2    1  160  340  266    0   17    2    1    0    2779
    2    1  161  341  157    0   10    1    1    1    2723
    2    1  162  342  393    0   25    3    1    0    2396
    2    1  163  343  127    0    8    1    1    1    1915
    2    1  164  344  236    0   15    2    1    0    2452
    2    1  165  345  134    0    9    1    3    0    1300
    2    1  166  346  167    0   11    2    1    0    1549
    2    1  167  347   72    1    5    1    1    1    1528
    2    1  168  348  458    0   29    3    1    0    2107
    2    1  169  349  154    0   10    1    1    1    1906
    2    1  170  350  126    0    8    1    1    1    1309
    2    1  171  351  401    0   26    3    3    1    2139
    2    1  172  352  369    0   24    3    3    1    1371
    2    1  173  353  322    0   21    3    2    0    1096
    2    1  174  354  473    0   30    3    2    0    1724
    2    1  175  355  340    0   22    3    3    1    1607
    2    1  176  356   98    0    7    1    3    0    1989
    2    1  177  357  212    0   14    2    1    0    1582
    2    1  178  358  273    0   18    2    1    0    1233
    2    1  179  359   28    0    2    1    3    0    1427
    2    1  180  360   38    0    3    1    1    1    1987
    2    1  181  361  176    0   11    2    2    1    1387
    2    1  182  362  399    0   25    3    1    0    1627
    2    1  183  363  144    0    9    1    3    0    1302
    2    1  184  364  326    0   21    3    2    0    1656
    2    1  185  365   27    0    2    1    1    1    2021
    2    1  186  366  215    1   14    2    2    1    1468
    2    1  187  367  112    0    7    1    3    0    1486
    2    1  188  368  106    1    7    1    1    1    2107
    2    1  189  369  140    0    9    1    1    1    1508
    2    1  190  370  398    0   25    3    1    0    1150
    2    1  191  371  442    0   28    3    2    0    1530
    2    1  192  372  281    0   18    2    2    1    1764
    2    1  193  373  457    0   29    3    3    1    1535
    2    1  194  374  313    0   20    2    3    0    1366
    2    1  195  375  438    0   28    3    3    1    1201
    2    1  196  376  428    0   27    3    2    0    2496
    2    1  197  377  409    0   26    3    2    0    1916
    2    1  198  378  159    0   10    1    3    0    2063
    2    1  199  379  170    1   11    2    1    0    1428
    2    1  200  380  120    0    8    1    1    1    2731
    2    1  201  381   11    0    1    1    3    0    2240
    2    1  202  382  385    0   25    3    1    0    1925
    2    1  203  383  119    0    8    1    1    1    1806
    2    1  204  384  124    0    8    1    3    0    2441
    2    1  205  385  477    0   30    3    1    0    1608
    2    1  206  386  173    0   11    2    2    1    1673
    2    1  207  387    6    0    1    1    1    1    1500
    2    1  208  388  118    0    8    1    1    1     958
    2    1  209  389   80    0    5    1    1    1    1416
    2    1  210  390   70    0    5    1    1    1    1522
    2    1  211  391  323    0   21    3    2    0    1327
    2    1  212  392   90    0    6    1    2    0     714
    2    1  213  393   83    0    6    1    2    0     606
    2    1  214  394  171    0   11    2    2    1     742
    2    1  215  395  417    0   27    3    1    0    1003
    2    1  216  396  116    0    8    1    3    0     935
    2    1  217  397  258    0   17    2    1    0    1278
    2    1  218  398  364    0   23    3    2    0    1349
    2    1  219  399  380    0   24    3    1    0    1596
    2    1  220  400  107    0    7    1    3    0    1089
    2    1  221  401  331    0   21    3    2    0    1218
    2    1  222  402  386    0   25    3    2    0    1125
    2    1  223  403  217    0   14    2    1    0    1924
    2    1  224  404  139    0    9    1    1    1    1175
    2    1  225  405  402    0   26    3    1    0    1673
    2    1  226  406   63    0    4    1    2    0    1604
    2    1  227  407   16    1    1    1    3    0    1352
    2    1  228  408  449    0   29    3    3    1    2259
    2    1  229  409  453    0   29    3    1    0    1947
    2    1  230  410  375    0   24    3    3    1     910
    2    1  231  411   45    0    3    1    1    1    1136
    2    1  232  412  187    0   12    2    2    1     855
    2    1  233  413  230    0   15    2    1    0    1109
    2    1  234  414  367    0   23    3    2    0    1062
    2    1  235  415  146    1   10    1    1    1    1087
    2    1  236  416  419    0   27    3    2    0     976
    2    1  237  417   53    0    4    1    2    0     899
    2    1  238  418  238    1   15    2    2    1    1569
    2    1  239  419  372    0   24    3    3    1     866
    2    1  240  420  248    0   16    2    1    0    1166
    2    1  241  421  210    0   14    2    2    1     900
    2    1  242  422  158    0   10    1    1    1     677
    2    1  243  423  289    0   19    2    1    0    2494
    2    1  244  424  153    0   10    1    1    1    1602
    2    1  245  425  245    0   16    2    3    0    1648
    2    1  246  426  256    0   16    2    3    0    1104
    2    1  247  427  208    0   13    2    3    0    1012
    2    1  248  428  478    0   30    3    2    0    1482
    2    1  249  429  206    0   13    2    3    0    1614
    2    1  250  430  465    1   30    3    2    0    1157
    2    1  251  431   49    0    4    1    1    1    1498
    2    1  252  432  316    0   20    2    1    0    1135
    2    1  253  433  179    0   12    2    2    1     946
    2    1  254  434  413    1   26    3    1    0     737
    2    1  255  435  423    1   27    3    1    0     906
    2    1  256  436  150    0   10    1    3    0    1587
    2    1  257  437   10    0    1    1    1    1    1320
    2    1  258  438  242    0   16    2    3    0    1270
    2    1  259  439   39    0    3    1    3    0     959
    2    1  260  440  123    0    8    1    1    1    1116
    2    1  261  441   56    0    4    1    1    1     673
    2    1  262  442   61    0    4    1    1    1    1641
    2    1  263  443  276    0   18    2    1    0     746
    2    1  264  444   19    0    2    1    2    0    1237
    2    1  265  445   37    0    3    1    1    1     682
    2    1  266  446  265    0   17    2    2    1     968
    2    1  267  447   97    0    7    1    3    0    1395
    2    1  268  448  389    0   25    3    1    0    1156
    2    1  269  449  400    0   25    3    1    0     801
    2    1  270  450  390    0   25    3    2    0    1428
    2    1  271  451  476    0   30    3    1    0     823
    2    1  272  452   76    0    5    1    1    1    1756
    2    1  273  453  278    1   18    2    1    0    1128
    2    1  274  454  348    0   22    3    3    1     600
    2    1  275  455   89    0    6    1    2    0     665
    2    1  276  456  408    0   26    3    2    0    1116
    2    1  277  457   25    0    2    1    2    0     969
    2    1  278  458   54    0    4    1    2    0     623
    2    1  279  459  247    0   16    2    3    0     582
    2    1  280  460  221    0   14    2    2    1     610
    2    1  281  461   14    0    1    1    3    0     812
    2    1  282  462  220    0   14    2    2    1     674
    2    1  283  463   34    1    3    1    1    1     645
    2    1  284  464  388    0   25    3    1    0    1036
    2    1  285  465  240    0   15    2    1    0     697
    2    1  286  466  203    1   13    2    2    1    1115
    2    1  287  467  420    1   27    3    3    1     612
    2    1  288  468  275    0   18    2    1    0     941
    2    1  289  469  332    0   21    3    2    0     648
    2    1  290  470   68    0    5    1    1    1     672
    2    1  291  471   92    0    6    1    2    0     876
    2    1  292  472  470    0   30    3    3    1     720
    2    1  293  473  128    0    8    1    1    1     792
    2    1  294  474  197    0   13    2    1    0    1276
    2    1  295  475  426    0   27    3    2    0    1069
    2    1  296  476  141    0    9    1    1    1     580
    2    1  297  477  250    1   16    2    1    0     994
    2    1  298  478   24    0    2    1    2    0    1637
    2    1  299  479  469    0   30    3    1    0     718
    2    1  300  480  111    1    7    1    1    1    1155
