    1    1    1    1  465    1   30    3    3    1    3723
    1    1    2    2   71    1    5    1    2    0    3473
    1    1    3    3  326    1   21    3    2    0    1515
    1    1    4    4  408    1   26    3    2    0    1395
    1    1    5    5  471    1   30    3    3    1    4192
    1    1    6    6  387    1   25    3    2    0    2589
    1    1    7    7  240    1   15    2    3    0    2635
    1    1    8    8  272    1   17    2    2    1    2455
    1    1    9    9  360    1   23    3    1    0    2553
    1    1   10   10  411    1   26    3    3    1    1831
    1    1   11   11  356    1   23    3    3    1    2707
    1    1   12   12  406    1   26    3    2    0    3452
    1    1   13   13  396    1   25    3    3    1    1574
    1    1   14   14   52    1    4    1    2    0    2221
    1    1   15   15  117    1    8    1    1    1    2360
    1    1   16   16  269    1   17    2    2    1    2383
    1    1   17   17    4    1    1    1    1    1    2772
    1    1   18   18  353    1   23    3    3    1    3275
    1    1   19   19  267    1   17    2    2    1    1773
    1    1   20   20  216    1   14    2    1    0    3130
    1    1   21   21  182    1   12    2    2    1    2242
    1    1   22   22    6    1    1    1    3    0    2141
    1    1   23   23  280    1   18    2    3    0    1645
    1    1   24   24  245    1   16    2    2    1    2224
    1    1   25   25  250    1   16    2    2    1    1148
    1    1   26   26   35    1    3    1    2    0    1250
    1    1   27   27  479    1   30    3    3    1    2085
    1    1   28   28  276    1   18    2    3    0    1495
    1    1   29   29   38    1    3    1    1    1    2161
    1    1   30   30  359    1   23    3    3    1    1919
    1    1   31   31   66    1    5    1    1    1    1031
    1    1   32   32  212    1   14    2    2    1    1746
    1    1   33   33  201    1   13    2    2    1    1329
    1    1   34   34  289    1   19    2    2    1    1009
    1    1   35   35  120    1    8    1    1    1    2862
    1    1   36   36  476    1   30    3    3    1    2049
    1    1   37   37   15    1    1    1    1    1    1763
    1    1   38   38   37    1    3    1    2    0    1842
    1    1   39   39  409    1   26    3    3    1    2237
    1    1   40   40   49    1    4    1    1    1    1096
    1    1   41   41  424    1   27    3    3    1    3522
    1    1   42   42   36    1    3    1    1    1    1065
    1    1   43   43  290    1   19    2    2    1    1444
    1    1   44   44  219    1   14    2    2    1    1423
    1    1   45   45  121    1    8    1    3    0    3194
    1    1   46   46   33    1    3    1    1    1    1105
    1    1   47   47  271    1   17    2    3    0    1945
    1    1   48   48  217    1   14    2    2    1    1744
    1    1   49   49   56    1    4    1    1    1    1039
    1    1   50   50   58    1    4    1    1    1    1131
    1    1   51   51  448    1   28    3    3    1    2450
    1    1   52   52   53    1    4    1    1    1    1365
    1    1   53   53  380    1   24    3    2    0    2163
    1    1   54   54   16    1    1    1    1    1    1185
    1    1   55   55   80    1    5    1    1    1    1063
    1    1   56   56  266    1   17    2    3    0    2641
    1    1   57   57  340    1   22    3    2    0    1965
    1    1   58   58  164    1   11    2    2    1    2019
    1    1   59   59  252    1   16    2    2    1    2087
    1    1   60   60  473    1   30    3    2    0    1576
    1    2    1   61  356    1   23    3    2    0    1294
    1    2    2   62  448    1   28    3    3    1    1711
    1    2    3   63   33    1    3    1    1    1    1152
    1    2    4   64  271    1   17    2    2    1    2439
    1    2    5   65   49    1    4    1    1    1    1338
    1    2    6   66   71    1    5    1    3    0    2569
    1    2    7   67  267    1   17    2    1    0    1528
    1    2    8   68  411    1   26    3    3    1    1503
    1    2    9   69   80    1    5    1    1    1    1176
    1    2   10   70  476    1   30    3    2    0    1631
    1    2   11   71  240    1   15    2    3    0    1553
    1    2   12   72  276    1   18    2    3    0    1641
    1    2   13   73  201    1   13    2    2    1    1180
    1    2   14   74  269    1   17    2    2    1    1681
    1    2   15   75  409    1   26    3    3    1    1475
    1    2   16   76  360    1   23    3    3    1    1308
    1    2   17   77  280    1   18    2    2    1    1421
    1    2   18   78  380    1   24    3    2    0    1993
    1    2   19   79  473    1   30    3    3    1    1838
    1    2   20   80  252    1   16    2    2    1    1242
    1    2   21   81  219    1   14    2    3    0    2845
    1    2   22   82  216    1   14    2    2    1    1281
    1    2   23   83  387    1   25    3    3    1    1394
    1    2   24   84   35    1    3    1    1    1    1087
    1    2   25   85   15    1    1    1    1    1    1129
    1    2   26   86  182    1   12    2    2    1    1105
    1    2   27   87  396    1   25    3    3    1    1386
    1    2   28   88  471    1   30    3    3    1    1367
    1    2   29   89  217    1   14    2    2    1    1973
    1    2   30   90  245    1   16    2    2    1    1498
    1    2   31   91  272    1   17    2    2    1    1363
    1    2   32   92   66    1    5    1    1    1    1202
    1    2   33   93  359    1   23    3    3    1    1318
    1    2   34   94  408    1   26    3    3    1    1335
    1    2   35   95   58    1    4    1    1    1    1238
    1    2   36   96    6    1    1    1    1    1    1065
    1    2   37   97  406    1   26    3    3    1    1603
    1    2   38   98   53    1    4    1    1    1    1127
    1    2   39   99  289    1   19    2    2    1    1295
    1    2   40  100  479    1   30    3    3    1    1505
    1    2   41  101  121    1    8    1    1    1    1306
    1    2   42  102   52    1    4    1    1    1    1034
    1    2   43  103  266    1   17    2    2    1    1254
    1    2   44  104  424    1   27    3    3    1    1576
    1    2   45  105  120    1    8    1    1    1    1023
    1    2   46  106  212    1   14    2    2    1    1499
    1    2   47  107  164    1   11    2    1    0    1156
    1    2   48  108  117    1    8    1    2    0    1450
    1    2   49  109  353    1   23    3    3    1    1220
    1    2   50  110    4    1    1    1    1    1    1257
    1    2   51  111   37    1    3    1    1    1    1083
    1    2   52  112  340    1   22    3    1    0    1733
    1    2   53  113  250    1   16    2    2    1    1572
    1    2   54  114   16    1    1    1    1    1    1146
    1    2   55  115  465    1   30    3    3    1    1633
    1    2   56  116  326    1   21    3    3    1    1332
    1    2   57  117   56    1    4    1    1    1    1700
    1    2   58  118   38    1    3    1    1    1    1253
    1    2   59  119  290    1   19    2    1    0     903
    1    2   60  120   36    1    3    1    1    1    1207
    1    3    1  121   36    1    3    1    2    0    2365
    1    3    2  122   49    1    4    1    1    1    1316
    1    3    3  123   56    1    4    1    1    1    1267
    1    3    4  124   58    1    4    1    1    1    1173
    1    3    5  125  387    1   25    3    3    1    1258
    1    3    6  126  117    1    8    1    1    1    3181
    1    3    7  127  245    1   16    2    2    1    1604
    1    3    8  128  465    1   30    3    3    1    1288
    1    3    9  129  182    1   12    2    2    1    1130
    1    3   10  130   35    1    3    1    1    1    1153
    1    3   11  131  340    1   22    3    2    0    2632
    1    3   12  132  201    1   13    2    2    1    1251
    1    3   13  133  290    1   19    2    1    0    1286
    1    3   14  134    6    1    1    1    1    1    1304
    1    3   15  135  360    1   23    3    3    1    1047
    1    3   16  136  353    1   23    3    3    1    1107
    1    3   17  137  217    1   14    2    2    1    1691
    1    3   18  138  380    1   24    3    2    0    1501
    1    3   19  139   37    1    3    1    1    1    1206
    1    3   20  140   15    1    1    1    1    1    1114
    1    3   21  141  289    1   19    2    2    1    1122
    1    3   22  142  252    1   16    2    2    1    1499
    1    3   23  143  408    1   26    3    3    1    1316
    1    3   24  144  164    1   11    2    2    1    1427
    1    3   25  145  326    1   21    3    2    0    2495
    1    3   26  146  121    1    8    1    1    1    1840
    1    3   27  147  409    1   26    3    3    1    1628
    1    3   28  148   80    1    5    1    1    1    1104
    1    3   29  149  359    1   23    3    3    1    1144
    1    3   30  150   16    1    1    1    1    1    1056
    1    3   31  151   53    1    4    1    1    1    1146
    1    3   32  152  356    1   23    3    3    1    1393
    1    3   33  153  280    1   18    2    3    0    1423
    1    3   34  154  396    1   25    3    3    1    1162
    1    3   35  155  216    1   14    2    2    1    1313
    1    3   36  156   71    1    5    1    1    1    1009
    1    3   37  157   38    1    3    1    1    1     990
    1    3   38  158  250    1   16    2    2    1    1467
    1    3   39  159  424    1   27    3    3    1    1397
    1    3   40  160  448    1   28    3    1    0    1794
    1    3   41  161  471    1   30    3    3    1    1393
    1    3   42  162  473    1   30    3    3    1    1293
    1    3   43  163  266    1   17    2    2    1    1438
    1    3   44  164  479    1   30    3    3    1    1177
    1    3   45  165   33    1    3    1    1    1    1152
    1    3   46  166  476    1   30    3    3    1    1463
    1    3   47  167  272    1   17    2    2    1    1313
    1    3   48  168  411    1   26    3    3    1    1170
    1    3   49  169  212    1   14    2    2    1    1352
    1    3   50  170   52    1    4    1    1    1    1350
    1    3   51  171   66    1    5    1    1    1     949
    1    3   52  172  219    1   14    2    3    0    1779
    1    3   53  173  267    1   17    2    2    1    1665
    1    3   54  174  271    1   17    2    3    0    1699
    1    3   55  175  406    1   26    3    2    0    1188
    1    3   56  176  269    1   17    2    2    1    1594
    1    3   57  177  120    1    8    1    1    1    1039
    1    3   58  178  240    1   15    2    2    1    1418
    1    3   59  179  276    1   18    2    3    0    1686
    1    3   60  180    4    1    1    1    1    1    1400
    2    1    1  181  424    1   27    3    3    1    1394
    2    1    2  182   98    0    7    1    1    1    1372
    2    1    3  183  446    0   28    3    1    0    1541
    2    1    4  184   54    0    4    1    2    0    4232
    2    1    5  185  410    0   26    3    3    1    1487
    2    1    6  186   61    0    4    1    1    1    1460
    2    1    7  187  310    0   20    2    2    1    1964
    2    1    8  188  235    0   15    2    1    0    2062
    2    1    9  189  385    0   25    3    3    1    1372
    2    1   10  190  153    0   10    1    1    1    1206
    2    1   11  191  195    0   13    2    2    1    1190
    2    1   12  192  138    0    9    1    1    1    1239
    2    1   13  193  246    0   16    2    2    1    1206
    2    1   14  194  382    0   24    3    1    0    1078
    2    1   15  195  447    0   28    3    3    1    1422
    2    1   16  196  199    0   13    2    2    1    1062
    2    1   17  197  408    1   26    3    3    1    3020
    2    1   18  198  207    0   13    2    2    1     997
    2    1   19  199   16    1    1    1    1    1    1053
    2    1   20  200  282    0   18    2    3    0    1668
    2    1   21  201  162    0   11    2    2    1    2211
    2    1   22  202   85    0    6    1    1    1    1371
    2    1   23  203  357    0   23    3    2    0    1989
    2    1   24  204  262    0   17    2    3    0    1718
    2    1   25  205  480    0   30    3    3    1    2147
    2    1   26  206  427    0   27    3    3    1    1372
    2    1   27  207  361    0   23    3    3    1    1207
    2    1   28  208  344    0   22    3    1    0    1688
    2    1   29  209   30    0    2    1    1    1    1237
    2    1   30  210  417    0   27    3    3    1    4644
    2    1   31  211  156    0   10    1    1    1    1276
    2    1   32  212  441    0   28    3    3    1    1242
    2    1   33  213  416    0   26    3    3    1    1385
    2    1   34  214    9    0    1    1    1    1    1170
    2    1   35  215  414    0   26    3    3    1    3476
    2    1   36  216   31    0    2    1    1    1    1162
    2    1   37  217  371    0   24    3    1    0    1132
    2    1   38  218  103    0    7    1    1    1    1088
    2    1   39  219   25    0    2    1    2    0    2230
    2    1   40  220  213    0   14    2    3    0    1869
    2    1   41  221  341    0   22    3    1    0    3699
    2    1   42  222  130    0    9    1    1    1    1056
    2    1   43  223  363    0   23    3    3    1    2087
    2    1   44  224  133    0    9    1    1    1    1155
    2    1   45  225  247    0   16    2    2    1    1206
    2    1   46  226  309    0   20    2    2    1     902
    2    1   47  227   92    0    6    1    3    0    1283
    2    1   48  228  407    0   26    3    2    0    2272
    2    1   49  229  478    0   30    3    2    0    1431
    2    1   50  230  112    0    7    1    1    1    1149
    2    1   51  231  147    0   10    1    2    0    1088
    2    1   52  232  297    0   19    2    1    0    4069
    2    1   53  233   51    0    4    1    1    1    1124
    2    1   54  234  381    0   24    3    1    0    1080
    2    1   55  235  232    0   15    2    3    0    1693
    2    1   56  236  456    0   29    3    3    1    1498
    2    1   57  237  224    0   14    2    2    1    1215
    2    1   58  238  266    1   17    2    2    1    1039
    2    1   59  239  194    0   13    2    2    1    1095
    2    1   60  240  354    0   23    3    3    1    1308
    2    1   61  241  420    0   27    3    3    1    3305
    2    1   62  242  225    0   15    2    1    0    1638
    2    1   63  243   63    0    4    1    1    1    1509
    2    1   64  244  234    0   15    2    3    0    3035
    2    1   65  245  433    0   28    3    3    1    4385
    2    1   66  246  368    0   23    3    3    1    3106
    2    1   67  247  325    0   21    3    3    1    2534
    2    1   68  248   37    1    3    1    1    1    1090
    2    1   69  249  120    1    8    1    1    1    1480
    2    1   70  250  268    0   17    2    3    0    2349
    2    1   71  251  165    0   11    2    1    0    1135
    2    1   72  252  117    1    8    1    1    1    3667
    2    1   73  253  123    0    8    1    1    1    1025
    2    1   74  254  127    0    8    1    1    1     985
    2    1   75  255  443    0   28    3    3    1    1218
    2    1   76  256  473    1   30    3    3    1    1187
    2    1   77  257  360    1   23    3    3    1    1156
    2    1   78  258  121    1    8    1    1    1    1830
    2    1   79  259   26    0    2    1    3    0    3629
    2    1   80  260  158    0   10    1    1    1    1197
    2    1   81  261  317    0   20    2    3    0    1677
    2    1   82  262  460    0   29    3    2    0    1531
    2    1   83  263  404    0   26    3    3    1    3567
    2    1   84  264  289    1   19    2    2    1    1265
    2    1   85  265  474    0   30    3    2    0    1007
    2    1   86  266  477    0   30    3    2    0    1144
    2    1   87  267   97    0    7    1    1    1    1130
    2    1   88  268  192    0   12    2    3    0    2159
    2    1   89  269   52    1    4    1    1    1    1209
    2    1   90  270  468    0   30    3    3    1    1274
    2    1   91  271   15    1    1    1    1    1    1128
    2    1   92  272  449    0   29    3    2    0     987
    2    1   93  273    8    0    1    1    1    1    1381
    2    1   94  274  157    0   10    1    1    1    1006
    2    1   95  275  174    0   11    2    1    0    1127
    2    1   96  276  206    0   13    2    2    1    1355
    2    1   97  277   27    0    2    1    1    1    1141
    2    1   98  278  201    1   13    2    2    1     873
    2    1   99  279   73    0    5    1    3    0    3303
    2    1  100  280  252    1   16    2    2    1    1139
    2    1  101  281  107    0    7    1    1    1    3895
    2    1  102  282   87    0    6    1    3    0    7195
    2    1  103  283   33    1    3    1    1    1    1073
    2    1  104  284   28    0    2    1    1    1     934
    2    1  105  285  241    0   16    2    2    1    1042
    2    1  106  286  118    0    8    1    1    1     954
    2    1  107  287  271    1   17    2    2    1     964
    2    1  108  288  184    0   12    2    3    0     958
    2    1  109  289  148    0   10    1    1    1    1225
    2    1  110  290   70    0    5    1    1    1     921
    2    1  111  291  187    0   12    2    3    0    2613
    2    1  112  292  436    0   28    3    1    0    1020
    2    1  113  293  384    0   24    3    1    0    1365
    2    1  114  294  352    0   22    3    1    0     799
    2    1  115  295  298    0   19    2    2    1    2783
    2    1  116  296  163    0   11    2    2    1     977
    2    1  117  297   49    1    4    1    1    1    1947
    2    1  118  298  110    0    7    1    1    1    2269
    2    1  119  299  263    0   17    2    2    1    1108
    2    1  120  300   96    0    6    1    3    0    1033
    2    1  121  301   40    0    3    1    1    1     913
    2    1  122  302  204    0   13    2    2    1    1133
    2    1  123  303   80    1    5    1    1    1    1025
    2    1  124  304  464    0   29    3    2    0    1529
    2    1  125  305   91    0    6    1    3    0     973
    2    1  126  306  140    0    9    1    1    1    1031
    2    1  127  307  169    0   11    2    1    0     959
    2    1  128  308  462    0   29    3    3    1    1353
    2    1  129  309  186    0   12    2    3    0    1172
    2    1  130  310  394    0   25    3    2    0    1958
    2    1  131  311  355    0   23    3    3    1    1561
    2    1  132  312  386    0   25    3    3    1    2540
    2    1  133  313   17    0    2    1    2    0    1126
    2    1  134  314  367    0   23    3    3    1    2203
    2    1  135  315  396    1   25    3    2    0    1187
    2    1  136  316   19    0    2    1    1    1     964
    2    1  137  317  151    0   10    1    2    0     975
    2    1  138  318  136    0    9    1    1    1     952
    2    1  139  319  448    1   28    3    3    1    1459
    2    1  140  320  418    0   27    3    3    1    1066
    2    1  141  321   64    0    4    1    2    0    1552
    2    1  142  322   23    0    2    1    1    1     946
    2    1  143  323  336    0   21    3    3    1    1725
    2    1  144  324  286    0   18    2    3    0    1961
    2    1  145  325  425    0   27    3    3    1    1132
    2    1  146  326  350    0   22    3    1    0    1375
    2    1  147  327  409    1   26    3    3    1    1336
    2    1  148  328  299    0   19    2    1    0    1123
    2    1  149  329  362    0   23    3    3    1    1143
    2    1  150  330  137    0    9    1    1    1     971
    2    1  151  331  340    1   22    3    1    0    1205
    2    1  152  332  302    0   19    2    3    0    1702
    2    1  153  333   56    1    4    1    1    1     995
    2    1  154  334  226    0   15    2    3    0    1180
    2    1  155  335  251    0   16    2    2    1    1117
    2    1  156  336   45    0    3    1    1    1     961
    2    1  157  337  212    1   14    2    2    1    1884
    2    1  158  338  191    0   12    2    3    0    1185
    2    1  159  339  326    1   21    3    3    1    1282
    2    1  160  340  366    0   23    3    3    1    1073
    2    1  161  341    7    0    1    1    1    1     934
    2    1  162  342  398    0   25    3    2    0    1090
    2    1  163  343  419    0   27    3    3    1     983
    2    1  164  344  391    0   25    3    2    0     992
    2    1  165  345  114    0    8    1    1    1     857
    2    1  166  346  160    0   10    1    1    1    1128
    2    1  167  347  131    0    9    1    1    1     876
    2    1  168  348  287    0   18    2    1    0    2026
    2    1  169  349  182    1   12    2    2    1    1018
    2    1  170  350  421    0   27    3    2    0    1281
    2    1  171  351   47    0    3    1    1    1     943
    2    1  172  352  175    0   11    2    2    1    1290
    2    1  173  353   75    0    5    1    1    1     904
    2    1  174  354  189    0   12    2    3    0    1077
    2    1  175  355  243    0   16    2    2    1    1163
    2    1  176  356  346    0   22    3    1    0    1133
    2    1  177  357  144    0    9    1    1    1     944
    2    1  178  358  223    0   14    2    2    1    1148
    2    1  179  359  442    0   28    3    3    1     942
    2    1  180  360  376    0   24    3    1    0    1001
    2    1  181  361  122    0    8    1    1    1     899
    2    1  182  362  479    1   30    3    2    0     911
    2    1  183  363  393    0   25    3    2    0    2619
    2    1  184  364  293    0   19    2    2    1    1652
    2    1  185  365  218    0   14    2    3    0    2129
    2    1  186  366  240    1   15    2    2    1    1885
    2    1  187  367  401    0   26    3    3    1    1746
    2    1  188  368   42    0    3    1    1    1     941
    2    1  189  369  471    1   30    3    2    0    1033
    2    1  190  370  364    0   23    3    2    0     689
    2    1  191  371  402    0   26    3    2    0     934
    2    1  192  372  305    0   20    2    2    1     849
    2    1  193  373    3    0    1    1    1    1    1008
    2    1  194  374  256    0   16    2    2    1     952
    2    1  195  375  264    0   17    2    2    1     627
    2    1  196  376  311    0   20    2    2    1     988
    2    1  197  377  291    0   19    2    3    0    1364
    2    1  198  378   77    0    5    1    1    1     926
    2    1  199  379  445    0   28    3    3    1    1161
    2    1  200  380  400    0   25    3    1    0    1052
    2    1  201  381  288    0   18    2    3    0    1651
    2    1  202  382   60    0    4    1    1    1    1122
    2    1  203  383  429    0   27    3    3    1    1014
    2    1  204  384  242    0   16    2    2    1    1136
    2    1  205  385  284    0   18    2    2    1    1362
    2    1  206  386  250    1   16    2    2    1     669
    2    1  207  387  106    0    7    1    3    0    1204
    2    1  208  388  196    0   13    2    2    1    1190
    2    1  209  389   90    0    6    1    2    0     694
    2    1  210  390  295    0   19    2    1    0    1195
    2    1  211  391   44    0    3    1    1    1     829
    2    1  212  392  322    0   21    3    3    1    1020
    2    1  213  393  294    0   19    2    1    0     949
    2    1  214  394  255    0   16    2    2    1    1057
    2    1  215  395  265    0   17    2    2    1     711
    2    1  216  396  422    0   27    3    3    1    1037
    2    1  217  397  109    0    7    1    1    1     917
    2    1  218  398  229    0   15    2    3    0     976
    2    1  219  399  101    0    7    1    1    1    1082
    2    1  220  400  314    0   20    2    3    0    2303
    2    1  221  401   38    1    3    1    1    1    1029
    2    1  222  402  100    0    7    1    1    1     926
    2    1  223  403  313    0   20    2    2    1    1257
    2    1  224  404  348    0   22    3    1    0     903
    2    1  225  405  108    0    7    1    1    1    2292
    2    1  226  406  272    1   17    2    2    1     969
    2    1  227  407  377    0   24    3    1    0     899
    2    1  228  408   21    0    2    1    2    0    1440
    2    1  229  409  181    0   12    2    3    0    1479
    2    1  230  410   20    0    2    1    2    0    1230
    2    1  231  411   22    0    2    1    2    0    1085
    2    1  232  412  379    0   24    3    1    0     915
    2    1  233  413  258    0   17    2    2    1    1199
    2    1  234  414  406    1   26    3    2    0    1135
    2    1  235  415  221    0   14    2    2    1     594
    2    1  236  416  339    0   22    3    1    0    1100
    2    1  237  417  375    0   24    3    1    0    1088
    2    1  238  418  208    0   13    2    2    1     581
    2    1  239  419   99    0    7    1    1    1    1039
    2    1  240  420  469    0   30    3    3    1    1814
    2    1  241  421  463    0   29    3    1    0    1022
    2    1  242  422  231    0   15    2    2    1     678
    2    1  243  423   71    1    5    1    1    1     925
    2    1  244  424  330    0   21    3    3    1     968
    2    1  245  425   66    1    5    1    1    1     818
    2    1  246  426   74    0    5    1    1    1     851
    2    1  247  427  395    0   25    3    1    0     993
    2    1  248  428  236    0   15    2    2    1    1034
    2    1  249  429  143    0    9    1    1    1     849
    2    1  250  430  351    0   22    3    1    0     976
    2    1  251  431  178    0   12    2    3    0    1082
    2    1  252  432    1    0    1    1    1    1     992
    2    1  253  433  125    0    8    1    1    1     952
    2    1  254  434  358    0   23    3    3    1    1203
    2    1  255  435  261    0   17    2    3    0    1300
    2    1  256  436    6    1    1    1    1    1    1137
    2    1  257  437  440    0   28    3    3    1     883
    2    1  258  438  455    0   29    3    3    1    1921
    2    1  259  439  193    0   13    2    2    1    1014
    2    1  260  440  248    0   16    2    2    1     541
    2    1  261  441  432    0   27    3    3    1     968
    2    1  262  442   57    0    4    1    1    1    1362
    2    1  263  443  269    1   17    2    2    1     909
    2    1  264  444  365    0   23    3    3    1     986
    2    1  265  445  413    0   26    3    3    1    1587
    2    1  266  446  215    0   14    2    1    0    1815
    2    1  267  447  259    0   17    2    3    0    1533
    2    1  268  448  202    0   13    2    2    1    1040
    2    1  269  449  149    0   10    1    1    1    1320
    2    1  270  450   89    0    6    1    3    0     964
    2    1  271  451  374    0   24    3    1    0    1470
    2    1  272  452  332    0   21    3    3    1    1556
    2    1  273  453  461    0   29    3    2    0    1015
    2    1  274  454  430    0   27    3    3    1     942
    2    1  275  455  353    1   23    3    3    1    1145
    2    1  276  456  198    0   13    2    2    1     988
    2    1  277  457   86    0    6    1    3    0    1093
    2    1  278  458  281    0   18    2    3    0    1147
    2    1  279  459  219    1   14    2    2    1    1117
    2    1  280  460  319    0   20    2    3    0    1554
    2    1  281  461   76    0    5    1    1    1     901
    2    1  282  462   18    0    2    1    3    0    3041
    2    1  283  463   84    0    6    1    3    0    1001
    2    1  284  464   32    0    2    1    1    1    1249
    2    1  285  465  176    0   11    2    1    0    1168
    2    1  286  466  274    0   18    2    2    1     834
    2    1  287  467  183    0   12    2    3    0    1025
    2    1  288  468  372    0   24    3    1    0    1018
    2    1  289  469  154    0   10    1    1    1     849
    2    1  290  470   67    0    5    1    1    1     609
    2    1  291  471  323    0   21    3    1    0    1657
    2    1  292  472  321    0   21    3    3    1    1207
    2    1  293  473  139    0    9    1    1    1     968
    2    1  294  474    4    1    1    1    1    1     881
    2    1  295  475   78    0    5    1    1    1     655
    2    1  296  476  233    0   15    2    3    0    1446
    2    1  297  477  308    0   20    2    3    0    1198
    2    1  298  478   82    0    6    1    3    0     943
    2    1  299  479  102    0    7    1    1    1    1450
    2    1  300  480  115    0    8    1    1    1    1072
