    1    1    1    1  216    1   14    2    2    1    3895
    1    1    2    2   49    1    4    1    1    1    2830
    1    1    3    3  276    1   18    2    3    0    1335
    1    1    4    4    4    1    1    1    3    0    1914
    1    1    5    5  219    1   14    2    2    1    1583
    1    1    6    6   56    1    4    1    2    0    3757
    1    1    7    7  269    1   17    2    3    0    3273
    1    1    8    8  117    1    8    1    1    1    1589
    1    1    9    9  182    1   12    2    3    0    1398
    1    1   10   10  280    1   18    2    2    1    2860
    1    1   11   11  164    1   11    2    1    0    1347
    1    1   12   12  266    1   17    2    3    0    1502
    1    1   13   13  356    1   23    3    1    0    2113
    1    1   14   14   52    1    4    1    2    0    1253
    1    1   15   15  360    1   23    3    3    1    1852
    1    1   16   16  290    1   19    2    1    0    1528
    1    1   17   17   53    1    4    1    2    0     560
    1    1   18   18  448    1   28    3    3    1    2339
    1    1   19   19  396    1   25    3    2    0    2312
    1    1   20   20  409    1   26    3    3    1    2048
    1    1   21   21  250    1   16    2    2    1    2153
    1    1   22   22  201    1   13    2    3    0    1759
    1    1   23   23  240    1   15    2    2    1    1347
    1    1   24   24   38    1    3    1    1    1     550
    1    1   25   25  245    1   16    2    2    1    4874
    1    1   26   26  473    1   30    3    2    0    1552
    1    1   27   27   33    1    3    1    2    0    1389
    1    1   28   28  353    1   23    3    3    1     785
    1    1   29   29  359    1   23    3    3    1     825
    1    1   30   30  471    1   30    3    2    0     929
    1    1   31   31  212    1   14    2    2    1     660
    1    1   32   32  465    1   30    3    3    1     783
    1    1   33   33  289    1   19    2    2    1    1540
    1    1   34   34   15    1    1    1    1    1     459
    1    1   35   35   36    1    3    1    2    0    1346
    1    1   36   36  387    1   25    3    2    0    1942
    1    1   37   37   37    1    3    1    2    0    1264
    1    1   38   38   58    1    4    1    2    0     671
    1    1   39   39  271    1   17    2    3    0    1181
    1    1   40   40  411    1   26    3    3    1    1584
    1    1   41   41   35    1    3    1    1    1    5169
    1    1   42   42  217    1   14    2    2    1    1366
    1    1   43   43   66    1    5    1    1    1    1468
    1    1   44   44  121    1    8    1    1    1    2667
    1    1   45   45  272    1   17    2    2    1    1502
    1    1   46   46  476    1   30    3    3    1    2068
    1    1   47   47   16    1    1    1    1    1    1498
    1    1   48   48  406    1   26    3    3    1    1720
    1    1   49   49  326    1   21    3    2    0    2844
    1    1   50   50  408    1   26    3    3    1    1547
    1    1   51   51  120    1    8    1    1    1    1344
    1    1   52   52  267    1   17    2    2    1    1397
    1    1   53   53  380    1   24    3    3    1    5186
    1    1   54   54  424    1   27    3    1    0    3394
    1    1   55   55    6    1    1    1    1    1    2171
    1    1   56   56   80    1    5    1    1    1    9272
    1    1   57   57   71    1    5    1    1    1     940
    1    1   58   58  340    1   22    3    3    1    1018
    1    1   59   59  479    1   30    3    3    1    1838
    1    1   60   60  252    1   16    2    3    0     816
    1    2    1   61  473    1   30    3    3    1     850
    1    2    2   62  245    1   16    2    2    1     871
    1    2    3   63  289    1   19    2    2    1    2133
    1    2    4   64  120    1    8    1    1    1     808
    1    2    5   65   71    1    5    1    1    1     800
    1    2    6   66  271    1   17    2    3    0    2022
    1    2    7   67  121    1    8    1    1    1     848
    1    2    8   68   58    1    4    1    2    0    3189
    1    2    9   69   49    1    4    1    1    1    1001
    1    2   10   70   16    1    1    1    1    1     661
    1    2   11   71   52    1    4    1    1    1     770
    1    2   12   72  269    1   17    2    2    1    1404
    1    2   13   73  479    1   30    3    3    1     714
    1    2   14   74   15    1    1    1    1    1    1392
    1    2   15   75   35    1    3    1    1    1    1232
    1    2   16   76  408    1   26    3    3    1    1450
    1    2   17   77   56    1    4    1    1    1    1460
    1    2   18   78  266    1   17    2    2    1    1043
    1    2   19   79  424    1   27    3    1    0    2606
    1    2   20   80  356    1   23    3    3    1    1100
    1    2   21   81  340    1   22    3    1    0     855
    1    2   22   82  353    1   23    3    3    1     811
    1    2   23   83  359    1   23    3    3    1     754
    1    2   24   84  476    1   30    3    2    0    2171
    1    2   25   85  380    1   24    3    2    0    1272
    1    2   26   86  252    1   16    2    2    1    1147
    1    2   27   87   37    1    3    1    1    1     706
    1    2   28   88  219    1   14    2    2    1    1055
    1    2   29   89  396    1   25    3    3    1     991
    1    2   30   90  465    1   30    3    3    1    2254
    1    2   31   91  240    1   15    2    2    1    1963
    1    2   32   92  216    1   14    2    1    0    1747
    1    2   33   93  387    1   25    3    2    0     948
    1    2   34   94  267    1   17    2    2    1    1525
    1    2   35   95  201    1   13    2    2    1    2346
    1    2   36   96  250    1   16    2    2    1    1240
    1    2   37   97   66    1    5    1    1    1     884
    1    2   38   98  448    1   28    3    1    0    1838
    1    2   39   99  290    1   19    2    1    0    1182
    1    2   40  100   36    1    3    1    1    1    1094
    1    2   41  101  217    1   14    2    2    1    4299
    1    2   42  102    6    1    1    1    1    1    1031
    1    2   43  103   33    1    3    1    1    1    1507
    1    2   44  104  272    1   17    2    2    1    1793
    1    2   45  105   38    1    3    1    1    1    1514
    1    2   46  106  212    1   14    2    3    0    1771
    1    2   47  107  411    1   26    3    3    1     828
    1    2   48  108  406    1   26    3    3    1    1094
    1    2   49  109  164    1   11    2    2    1    2187
    1    2   50  110  409    1   26    3    3    1     842
    1    2   51  111  182    1   12    2    2    1    1967
    1    2   52  112  360    1   23    3    3    1    1271
    1    2   53  113  276    1   18    2    3    0    1738
    1    2   54  114  280    1   18    2    3    0    1423
    1    2   55  115   80    1    5    1    1    1     890
    1    2   56  116   53    1    4    1    1    1    1008
    1    2   57  117    4    1    1    1    1    1    2894
    1    2   58  118  471    1   30    3    2    0    1073
    1    2   59  119  326    1   21    3    3    1    1356
    1    2   60  120  117    1    8    1    1    1     847
    1    3    1  121  266    1   17    2    3    0    1667
    1    3    2  122  360    1   23    3    3    1    1125
    1    3    3  123  359    1   23    3    3    1    2018
    1    3    4  124   53    1    4    1    1    1    1049
    1    3    5  125  479    1   30    3    3    1    1942
    1    3    6  126   37    1    3    1    1    1     728
    1    3    7  127   38    1    3    1    1    1     926
    1    3    8  128  353    1   23    3    3    1    1075
    1    3    9  129  182    1   12    2    3    0    4816
    1    3   10  130   80    1    5    1    1    1     694
    1    3   11  131   71    1    5    1    1    1     708
    1    3   12  132  267    1   17    2    1    0    2065
    1    3   13  133   15    1    1    1    1    1     768
    1    3   14  134  269    1   17    2    2    1     842
    1    3   15  135  406    1   26    3    3    1     727
    1    3   16  136  250    1   16    2    2    1    1942
    1    3   17  137  356    1   23    3    3    1     817
    1    3   18  138  240    1   15    2    2    1    1992
    1    3   19  139  408    1   26    3    3    1    1116
    1    3   20  140  424    1   27    3    3    1     892
    1    3   21  141  245    1   16    2    2    1    1376
    1    3   22  142   16    1    1    1    1    1    1756
    1    3   23  143   35    1    3    1    1    1     697
    1    3   24  144   58    1    4    1    2    0    1743
    1    3   25  145  380    1   24    3    2    0    1111
    1    3   26  146  219    1   14    2    2    1    1281
    1    3   27  147   52    1    4    1    1    1    1016
    1    3   28  148  411    1   26    3    3    1     803
    1    3   29  149  164    1   11    2    2    1    2332
    1    3   30  150  409    1   26    3    3    1    1601
    1    3   31  151  326    1   21    3    3    1    1658
    1    3   32  152   56    1    4    1    2    0    2185
    1    3   33  153  465    1   30    3    3    1     750
    1    3   34  154  120    1    8    1    1    1     754
    1    3   35  155  289    1   19    2    2    1    1136
    1    3   36  156  271    1   17    2    2    1     952
    1    3   37  157  340    1   22    3    1    0    1018
    1    3   38  158  471    1   30    3    3    1    2008
    1    3   39  159  216    1   14    2    2    1    5202
    1    3   40  160    6    1    1    1    1    1     785
    1    3   41  161  252    1   16    2    3    0    1898
    1    3   42  162   36    1    3    1    1    1     791
    1    3   43  163  448    1   28    3    3    1    1488
    1    3   44  164  276    1   18    2    2    1    2582
    1    3   45  165   33    1    3    1    2    0    1908
    1    3   46  166  476    1   30    3    3    1    1282
    1    3   47  167  473    1   30    3    2    0    8216
    1    3   48  168  387    1   25    3    2    0     997
    1    3   49  169  121    1    8    1    1    1     833
    1    3   50  170  290    1   19    2    1    0     984
    1    3   51  171  280    1   18    2    3    0    1321
    1    3   52  172  217    1   14    2    2    1     868
    1    3   53  173   66    1    5    1    1    1     732
    1    3   54  174  396    1   25    3    2    0    1353
    1    3   55  175  272    1   17    2    2    1    1754
    1    3   56  176   49    1    4    1    1    1    1051
    1    3   57  177    4    1    1    1    1    1    2022
    1    3   58  178  117    1    8    1    1    1    2375
    1    3   59  179  201    1   13    2    2    1    1518
    1    3   60  180  212    1   14    2    3    0    3438
    2    1    1  181   24    0    2    1    3    0   14858
    2    1    2  182  461    0   29    3    3    1     887
    2    1    3  183  302    0   19    2    3    0    1310
    2    1    4  184   95    0    6    1    3    0     702
    2    1    5  185  388    0   25    3    3    1     812
    2    1    6  186  120    1    8    1    1    1     701
    2    1    7  187  423    0   27    3    3    1     968
    2    1    8  188   22    0    2    1    3    0    1186
    2    1    9  189  410    0   26    3    3    1     677
    2    1   10  190  331    0   21    3    3    1     738
    2    1   11  191  384    0   24    3    1    0     651
    2    1   12  192  335    0   21    3    3    1    1872
    2    1   13  193  355    0   23    3    3    1     650
    2    1   14  194  177    0   12    2    3    0     784
    2    1   15  195  321    0   21    3    3    1    1418
    2    1   16  196   97    0    7    1    1    1     632
    2    1   17  197   56    1    4    1    1    1    1081
    2    1   18  198  115    0    8    1    1    1     790
    2    1   19  199   43    0    3    1    1    1     905
    2    1   20  200  221    0   14    2    2    1     842
    2    1   21  201   66    1    5    1    1    1     729
    2    1   22  202  241    0   16    2    3    0    1567
    2    1   23  203  432    0   27    3    3    1     587
    2    1   24  204  300    0   19    2    1    0    2721
    2    1   25  205  282    0   18    2    2    1    2051
    2    1   26  206  146    0   10    1    1    1     740
    2    1   27  207  404    0   26    3    3    1     891
    2    1   28  208  258    0   17    2    2    1     748
    2    1   29  209  375    0   24    3    1    0     699
    2    1   30  210   84    0    6    1    3    0     661
    2    1   31  211  210    0   14    2    3    0     974
    2    1   32  212    6    1    1    1    1    1     665
    2    1   33  213  390    0   25    3    3    1     691
    2    1   34  214  211    0   14    2    3    0     653
    2    1   35  215  123    0    8    1    1    1     684
    2    1   36  216   20    0    2    1    3    0     950
    2    1   37  217  433    0   28    3    3    1     756
    2    1   38  218  159    0   10    1    1    1     664
    2    1   39  219  447    0   28    3    3    1     548
    2    1   40  220  270    0   17    2    2    1     809
    2    1   41  221  206    0   13    2    2    1     764
    2    1   42  222  162    0   11    2    3    0    1801
    2    1   43  223  254    0   16    2    2    1     576
    2    1   44  224   46    0    3    1    1    1     657
    2    1   45  225  136    0    9    1    1    1    1028
    2    1   46  226  414    0   26    3    3    1    1345
    2    1   47  227  196    0   13    2    2    1     636
    2    1   48  228    2    0    1    1    1    1     869
    2    1   49  229  366    0   23    3    3    1     510
    2    1   50  230   23    0    2    1    1    1     663
    2    1   51  231  265    0   17    2    3    0    1242
    2    1   52  232  438    0   28    3    3    1    1004
    2    1   53  233  454    0   29    3    2    0     785
    2    1   54  234  275    0   18    2    1    0     655
    2    1   55  235  311    0   20    2    3    0     798
    2    1   56  236  194    0   13    2    2    1     881
    2    1   57  237  168    0   11    2    3    0     628
    2    1   58  238  198    0   13    2    2    1     615
    2    1   59  239  199    0   13    2    2    1     709
    2    1   60  240  223    0   14    2    3    0     540
    2    1   61  241  248    0   16    2    2    1     940
    2    1   62  242  407    0   26    3    3    1     575
    2    1   63  243   54    0    4    1    1    1    1336
    2    1   64  244  255    0   16    2    2    1     737
    2    1   65  245  391    0   25    3    3    1     660
    2    1   66  246  271    1   17    2    3    0    1070
    2    1   67  247  121    1    8    1    1    1     759
    2    1   68  248  100    0    7    1    1    1     857
    2    1   69  249  251    0   16    2    2    1     881
    2    1   70  250  356    1   23    3    3    1     648
    2    1   71  251  363    0   23    3    3    1     976
    2    1   72  252  217    1   14    2    3    0    1305
    2    1   73  253  247    0   16    2    2    1     503
    2    1   74  254  301    0   19    2    3    0    1053
    2    1   75  255  349    0   22    3    1    0     751
    2    1   76  256  462    0   29    3    3    1     753
    2    1   77  257  224    0   14    2    2    1     759
    2    1   78  258  101    0    7    1    2    0    1541
    2    1   79  259  398    0   25    3    3    1     604
    2    1   80  260  466    0   30    3    3    1     743
    2    1   81  261  409    1   26    3    3    1     658
    2    1   82  262  190    0   12    2    3    0     714
    2    1   83  263  243    0   16    2    2    1     736
    2    1   84  264  370    0   24    3    1    0     664
    2    1   85  265   73    0    5    1    1    1    1011
    2    1   86  266  428    0   27    3    3    1     781
    2    1   87  267  317    0   20    2    3    0     659
    2    1   88  268  392    0   25    3    1    0    1517
    2    1   89  269  230    0   15    2    3    0     798
    2    1   90  270   87    0    6    1    3    0     791
    2    1   91  271  238    0   15    2    3    0     706
    2    1   92  272  475    0   30    3    2    0     969
    2    1   93  273  163    0   11    2    2    1     786
    2    1   94  274  214    0   14    2    3    0     610
    2    1   95  275  154    0   10    1    1    1     702
    2    1   96  276  456    0   29    3    3    1     697
    2    1   97  277   25    0    2    1    3    0     547
    2    1   98  278  422    0   27    3    3    1     534
    2    1   99  279  371    0   24    3    1    0     687
    2    1  100  280   12    0    1    1    1    1     632
    2    1  101  281  134    0    9    1    1    1    1914
    2    1  102  282  229    0   15    2    3    0     706
    2    1  103  283    4    1    1    1    1    1     807
    2    1  104  284  118    0    8    1    1    1     678
    2    1  105  285  307    0   20    2    3    0     656
    2    1  106  286  378    0   24    3    1    0     626
    2    1  107  287  471    1   30    3    3    1     708
    2    1  108  288  155    0   10    1    3    0     560
    2    1  109  289   18    0    2    1    3    0     773
    2    1  110  290  191    0   12    2    3    0     716
    2    1  111  291  347    0   22    3    1    0     727
    2    1  112  292  147    0   10    1    2    0     677
    2    1  113  293  279    0   18    2    3    0     541
    2    1  114  294  393    0   25    3    3    1     964
    2    1  115  295   61    0    4    1    2    0    1170
    2    1  116  296  186    0   12    2    3    0     784
    2    1  117  297  133    0    9    1    1    1    1467
    2    1  118  298  260    0   17    2    2    1     929
    2    1  119  299  368    0   23    3    3    1     847
    2    1  120  300  170    0   11    2    2    1    1138
    2    1  121  301  114    0    8    1    1    1     964
    2    1  122  302  473    1   30    3    2    0    1220
    2    1  123  303  385    0   25    3    3    1     685
    2    1  124  304  289    1   19    2    2    1    1568
    2    1  125  305  450    0   29    3    3    1     596
    2    1  126  306  367    0   23    3    3    1     704
    2    1  127  307   68    0    5    1    1    1     843
    2    1  128  308  273    0   18    2    2    1     725
    2    1  129  309  263    0   17    2    3    0     751
    2    1  130  310  320    0   20    2    3    0     636
    2    1  131  311  348    0   22    3    1    0    1496
    2    1  132  312  472    0   30    3    3    1     606
    2    1  133  313   83    0    6    1    3    0     570
    2    1  134  314  323    0   21    3    3    1     551
    2    1  135  315   94    0    6    1    3    0     550
    2    1  136  316  244    0   16    2    2    1     661
    2    1  137  317  336    0   21    3    3    1     507
    2    1  138  318  381    0   24    3    1    0     589
    2    1  139  319  222    0   14    2    3    0     559
    2    1  140  320  158    0   10    1    1    1     846
    2    1  141  321   80    1    5    1    1    1     684
    2    1  142  322  252    1   16    2    2    1     739
    2    1  143  323  437    0   28    3    3    1    1453
    2    1  144  324  326    1   21    3    3    1     641
    2    1  145  325   92    0    6    1    3    0     577
    2    1  146  326  274    0   18    2    2    1     641
    2    1  147  327  476    1   30    3    3    1     621
    2    1  148  328  445    0   28    3    3    1     768
    2    1  149  329   48    0    3    1    2    0     605
    2    1  150  330  126    0    8    1    1    1     809
    2    1  151  331  387    1   25    3    2    0     876
    2    1  152  332  225    0   15    2    1    0    1758
    2    1  153  333  478    0   30    3    3    1     981
    2    1  154  334  376    0   24    3    1    0     786
    2    1  155  335   98    0    7    1    2    0     915
    2    1  156  336   65    0    5    1    1    1     761
    2    1  157  337  256    0   16    2    2    1     781
    2    1  158  338  369    0   24    3    1    0     748
    2    1  159  339  297    0   19    2    2    1     845
    2    1  160  340  122    0    8    1    1    1     631
    2    1  161  341  195    0   13    2    2    1     780
    2    1  162  342  338    0   22    3    1    0     765
    2    1  163  343  440    0   28    3    3    1     704
    2    1  164  344  127    0    8    1    1    1     728
    2    1  165  345  284    0   18    2    3    0     853
    2    1  166  346  377    0   24    3    1    0     782
    2    1  167  347  341    0   22    3    1    0     658
    2    1  168  348  436    0   28    3    3    1    1068
    2    1  169  349  187    0   12    2    3    0     708
    2    1  170  350  181    0   12    2    3    0     511
    2    1  171  351   32    0    2    1    3    0     927
    2    1  172  352   81    0    6    1    3    0     539
    2    1  173  353  164    1   11    2    2    1     960
    2    1  174  354  207    0   13    2    2    1     530
    2    1  175  355  298    0   19    2    2    1     911
    2    1  176  356   78    0    5    1    1    1     490
    2    1  177  357  453    0   29    3    3    1     699
    2    1  178  358  374    0   24    3    2    0    1152
    2    1  179  359    9    0    1    1    1    1     757
    2    1  180  360   77    0    5    1    1    1     617
    2    1  181  361  276    1   18    2    2    1     914
    2    1  182  362  125    0    8    1    1    1    1072
    2    1  183  363  443    0   28    3    3    1     762
    2    1  184  364  479    1   30    3    3    1     622
    2    1  185  365  465    1   30    3    3    1     568
    2    1  186  366  152    0   10    1    3    0     549
    2    1  187  367  129    0    9    1    1    1    1594
    2    1  188  368  386    0   25    3    3    1     745
    2    1  189  369  215    0   14    2    3    0     539
    2    1  190  370    1    0    1    1    1    1    1548
    2    1  191  371  292    0   19    2    1    0    1050
    2    1  192  372  182    1   12    2    2    1     530
    2    1  193  373  235    0   15    2    1    0     758
    2    1  194  374   21    0    2    1    3    0     593
    2    1  195  375  358    0   23    3    3    1     671
    2    1  196  376  287    0   18    2    2    1     959
    2    1  197  377  334    0   21    3    3    1     633
    2    1  198  378  124    0    8    1    1    1     704
    2    1  199  379   69    0    5    1    2    0    1042
    2    1  200  380   67    0    5    1    1    1     877
    2    1  201  381  264    0   17    2    3    0     607
    2    1  202  382   35    1    3    1    1    1     900
    2    1  203  383  339    0   22    3    1    0     686
    2    1  204  384  310    0   20    2    3    0     643
    2    1  205  385  364    0   23    3    3    1    1413
    2    1  206  386  455    0   29    3    3    1     686
    2    1  207  387  474    0   30    3    3    1     622
    2    1  208  388  197    0   13    2    2    1     966
    2    1  209  389   62    0    4    1    2    0     826
    2    1  210  390  406    1   26    3    3    1     629
    2    1  211  391  140    0    9    1    2    0    1087
    2    1  212  392   39    0    3    1    2    0     950
    2    1  213  393  415    0   26    3    3    1     800
    2    1  214  394  150    0   10    1    2    0     718
    2    1  215  395  350    0   22    3    2    0    1090
    2    1  216  396  144    0    9    1    1    1     875
    2    1  217  397  119    0    8    1    1    1     671
    2    1  218  398  219    1   14    2    1    0    1492
    2    1  219  399  226    0   15    2    3    0     621
    2    1  220  400  429    0   27    3    3    1     855
    2    1  221  401  318    0   20    2    3    0     522
    2    1  222  402  330    0   21    3    3    1     851
    2    1  223  403   71    1    5    1    1    1     804
    2    1  224  404  315    0   20    2    3    0     722
    2    1  225  405  236    0   15    2    2    1    1010
    2    1  226  406   86    0    6    1    3    0     802
    2    1  227  407  332    0   21    3    3    1     650
    2    1  228  408  322    0   21    3    3    1     590
    2    1  229  409  365    0   23    3    3    1     527
    2    1  230  410   58    1    4    1    2    0    1365
    2    1  231  411  183    0   12    2    3    0     538
    2    1  232  412   40    0    3    1    1    1     644
    2    1  233  413   91    0    6    1    3    0     622
    2    1  234  414  257    0   17    2    1    0     858
    2    1  235  415  111    0    7    1    2    0    1385
    2    1  236  416   63    0    4    1    2    0     742
    2    1  237  417  416    0   26    3    3    1     664
    2    1  238  418  116    0    8    1    1    1     720
    2    1  239  419   13    0    1    1    1    1     772
    2    1  240  420  239    0   15    2    2    1     894
    2    1  241  421  327    0   21    3    3    1     634
    2    1  242  422  205    0   13    2    2    1    2230
    2    1  243  423  135    0    9    1    1    1     752
    2    1  244  424  108    0    7    1    2    0    1715
    2    1  245  425   99    0    7    1    1    1     769
    2    1  246  426  106    0    7    1    1    1     534
    2    1  247  427  380    1   24    3    3    1     704
    2    1  248  428  314    0   20    2    3    0     580
    2    1  249  429  313    0   20    2    2    1    1015
    2    1  250  430   60    0    4    1    3    0     792
    2    1  251  431   53    1    4    1    1    1     865
    2    1  252  432  185    0   12    2    3    0     608
    2    1  253  433  171    0   11    2    1    0    1592
    2    1  254  434   44    0    3    1    1    1     734
    2    1  255  435  435    0   28    3    3    1    2326
    2    1  256  436  107    0    7    1    1    1    1396
    2    1  257  437  480    0   30    3    3    1     689
    2    1  258  438  216    1   14    2    2    1    1014
    2    1  259  439  283    0   18    2    3    0     681
    2    1  260  440  227    0   15    2    3    0     573
    2    1  261  441  408    1   26    3    3    1     711
    2    1  262  442  403    0   26    3    3    1     607
    2    1  263  443  200    0   13    2    2    1     707
    2    1  264  444  139    0    9    1    1    1     818
    2    1  265  445   57    0    4    1    3    0    1096
    2    1  266  446  109    0    7    1    1    1     945
    2    1  267  447  104    0    7    1    1    1    1347
    2    1  268  448  470    0   30    3    2    0     823
    2    1  269  449  434    0   28    3    1    0     701
    2    1  270  450   41    0    3    1    1    1     698
    2    1  271  451   52    1    4    1    3    0     654
    2    1  272  452   82    0    6    1    3    0     585
    2    1  273  453  208    0   13    2    2    1     694
    2    1  274  454  305    0   20    2    3    0     928
    2    1  275  455   11    0    1    1    1    1    1459
    2    1  276  456  246    0   16    2    2    1     959
    2    1  277  457  344    0   22    3    1    0     735
    2    1  278  458  340    1   22    3    2    0     998
    2    1  279  459  203    0   13    2    2    1     636
    2    1  280  460   31    0    2    1    3    0     777
    2    1  281  461  250    1   16    2    2    1     652
    2    1  282  462  452    0   29    3    3    1    1011
    2    1  283  463  458    0   29    3    3    1     766
    2    1  284  464    5    0    1    1    1    1     682
    2    1  285  465  426    0   27    3    3    1     729
    2    1  286  466  413    0   26    3    3    1     612
    2    1  287  467   17    0    2    1    3    0    2007
    2    1  288  468  237    0   15    2    2    1    1312
    2    1  289  469  262    0   17    2    3    0     785
    2    1  290  470  359    1   23    3    2    0     641
    2    1  291  471  424    1   27    3    3    1     650
    2    1  292  472  303    0   19    2    3    0     750
    2    1  293  473  296    0   19    2    1    0     694
    2    1  294  474  352    0   22    3    1    0     810
    2    1  295  475   88    0    6    1    3    0     583
    2    1  296  476  189    0   12    2    3    0     604
    2    1  297  477  280    1   18    2    2    1    1360
    2    1  298  478  165    0   11    2    2    1    2078
    2    1  299  479   26    0    2    1    3    0     760
    2    1  300  480  173    0   11    2    3    0    1202
