    1    1    1    1   36    1    3    1    1    1    3297
    1    1    2    2  340    1   22    3    3    1    2712
    1    1    3    3   66    1    5    1    2    0    2098
    1    1    4    4  245    1   16    2    2    1    2850
    1    1    5    5  479    1   30    3    2    0    1780
    1    1    6    6  120    1    8    1    1    1    4098
    1    1    7    7   16    1    1    1    1    1    1298
    1    1    8    8  212    1   14    2    2    1    2578
    1    1    9    9  290    1   19    2    3    0    1184
    1    1   10   10    4    1    1    1    1    1    3254
    1    1   11   11  182    1   12    2    3    0    3064
    1    1   12   12  250    1   16    2    3    0    4210
    1    1   13   13   52    1    4    1    3    0    1934
    1    1   14   14  356    1   23    3    3    1    8214
    1    1   15   15   49    1    4    1    2    0    3281
    1    1   16   16  396    1   25    3    3    1    3459
    1    1   17   17   80    1    5    1    1    1    3038
    1    1   18   18  201    1   13    2    3    0    2937
    1    1   19   19  217    1   14    2    2    1    2313
    1    1   20   20  252    1   16    2    3    0    3729
    1    1   21   21   56    1    4    1    1    1    1760
    1    1   22   22  406    1   26    3    2    0    1760
    1    1   23   23  272    1   17    2    1    0    1373
    1    1   24   24   37    1    3    1    3    0    2955
    1    1   25   25  409    1   26    3    2    0    2138
    1    1   26   26  117    1    8    1    1    1    3913
    1    1   27   27  269    1   17    2    2    1    7090
    1    1   28   28   71    1    5    1    2    0    2091
    1    1   29   29  289    1   19    2    2    1    9996
    1    1   30   30  326    1   21    3    3    1    2592
    1    1   31   31  408    1   26    3    1    0    1694
    1    1   32   32  411    1   26    3    3    1    3151
    1    1   33   33   58    1    4    1    1    1    2758
    1    1   34   34  387    1   25    3    2    0    1180
    1    1   35   35  360    1   23    3    3    1    7010
    1    1   36   36   53    1    4    1    1    1    3631
    1    1   37   37  359    1   23    3    3    1    1697
    1    1   38   38  380    1   24    3    2    0    2819
    1    1   39   39  219    1   14    2    3    0    2471
    1    1   40   40  471    1   30    3    1    0    1273
    1    1   41   41  121    1    8    1    1    1    4475
    1    1   42   42   33    1    3    1    1    1    1261
    1    1   43   43  267    1   17    2    1    0     943
    1    1   44   44  476    1   30    3    3    1    1406
    1    1   45   45  448    1   28    3    1    0    5723
    1    1   46   46    6    1    1    1    2    0    1547
    1    1   47   47  216    1   14    2    3    0    7282
    1    1   48   48  473    1   30    3    2    0    2179
    1    1   49   49  353    1   23    3    1    0     641
    1    1   50   50   35    1    3    1    1    1    1724
    1    1   51   51   15    1    1    1    2    0    2012
    1    1   52   52  280    1   18    2    3    0    1040
    1    1   53   53  276    1   18    2    3    0    1499
    1    1   54   54  164    1   11    2    1    0     692
    1    1   55   55  271    1   17    2    2    1    1341
    1    1   56   56   38    1    3    1    1    1     877
    1    1   57   57  266    1   17    2    3    0    2174
    1    1   58   58  465    1   30    3    3    1    3742
    1    1   59   59  424    1   27    3    2    0    2157
    1    1   60   60  240    1   15    2    2    1    1164
    1    2    1   61  245    1   16    2    3    0    1234
    1    2    2   62    4    1    1    1    1    1     662
    1    2    3   63   38    1    3    1    1    1    2048
    1    2    4   64  164    1   11    2    2    1    3778
    1    2    5   65  471    1   30    3    3    1     848
    1    2    6   66  408    1   26    3    2    0    1330
    1    2    7   67   15    1    1    1    1    1     802
    1    2    8   68  272    1   17    2    2    1    1846
    1    2    9   69  252    1   16    2    3    0    1009
    1    2   10   70   58    1    4    1    1    1     782
    1    2   11   71  387    1   25    3    3    1    1763
    1    2   12   72   33    1    3    1    1    1    1058
    1    2   13   73  276    1   18    2    2    1     940
    1    2   14   74  216    1   14    2    2    1    1051
    1    2   15   75   52    1    4    1    1    1     678
    1    2   16   76   36    1    3    1    1    1     799
    1    2   17   77  473    1   30    3    3    1    1380
    1    2   18   78  380    1   24    3    3    1     849
    1    2   19   79  266    1   17    2    2    1    1396
    1    2   20   80   53    1    4    1    1    1    1265
    1    2   21   81  356    1   23    3    3    1    3715
    1    2   22   82  117    1    8    1    1    1     739
    1    2   23   83  267    1   17    2    1    0    1914
    1    2   24   84   16    1    1    1    1    1     610
    1    2   25   85   49    1    4    1    1    1     670
    1    2   26   86   80    1    5    1    1    1     968
    1    2   27   87  217    1   14    2    2    1    1255
    1    2   28   88   37    1    3    1    1    1     682
    1    2   29   89  409    1   26    3    3    1     691
    1    2   30   90  271    1   17    2    2    1     957
    1    2   31   91  465    1   30    3    3    1     571
    1    2   32   92   66    1    5    1    1    1     617
    1    2   33   93  406    1   26    3    3    1    4645
    1    2   34   94  289    1   19    2    2    1    1168
    1    2   35   95  269    1   17    2    2    1    1526
    1    2   36   96  290    1   19    2    1    0    1774
    1    2   37   97  250    1   16    2    2    1    1068
    1    2   38   98  448    1   28    3    1    0    1094
    1    2   39   99   35    1    3    1    1    1     447
    1    2   40  100  280    1   18    2    3    0    2530
    1    2   41  101  212    1   14    2    3    0    1041
    1    2   42  102  219    1   14    2    3    0    1436
    1    2   43  103    6    1    1    1    1    1     584
    1    2   44  104  360    1   23    3    3    1    2453
    1    2   45  105   71    1    5    1    1    1     472
    1    2   46  106  120    1    8    1    2    0     746
    1    2   47  107  201    1   13    2    2    1     624
    1    2   48  108   56    1    4    1    1    1     493
    1    2   49  109  476    1   30    3    2    0    1663
    1    2   50  110  479    1   30    3    3    1    1424
    1    2   51  111  240    1   15    2    2    1     956
    1    2   52  112  411    1   26    3    3    1    2539
    1    2   53  113  353    1   23    3    2    0    1210
    1    2   54  114  359    1   23    3    2    0     799
    1    2   55  115  182    1   12    2    2    1    1492
    1    2   56  116  121    1    8    1    1    1     605
    1    2   57  117  340    1   22    3    2    0    1641
    1    2   58  118  396    1   25    3    2    0     989
    1    2   59  119  326    1   21    3    1    0     730
    1    2   60  120  424    1   27    3    3    1     914
    1    3    1  121  216    1   14    2    3    0    1138
    1    3    2  122  252    1   16    2    3    0    1833
    1    3    3  123   37    1    3    1    1    1     485
    1    3    4  124  266    1   17    2    3    0    1254
    1    3    5  125  120    1    8    1    1    1     697
    1    3    6  126  117    1    8    1    2    0    1170
    1    3    7  127  219    1   14    2    3    0     743
    1    3    8  128  424    1   27    3    3    1     655
    1    3    9  129  250    1   16    2    2    1     697
    1    3   10  130  182    1   12    2    3    0     818
    1    3   11  131  380    1   24    3    2    0    1430
    1    3   12  132  280    1   18    2    2    1    2386
    1    3   13  133   80    1    5    1    1    1    1863
    1    3   14  134   16    1    1    1    1    1     818
    1    3   15  135  276    1   18    2    1    0    1414
    1    3   16  136   35    1    3    1    1    1     626
    1    3   17  137  240    1   15    2    3    0    1102
    1    3   18  138    4    1    1    1    1    1     646
    1    3   19  139  387    1   25    3    2    0     801
    1    3   20  140  272    1   17    2    3    0    1509
    1    3   21  141  340    1   22    3    2    0     734
    1    3   22  142  473    1   30    3    3    1     838
    1    3   23  143  201    1   13    2    3    0     921
    1    3   24  144  121    1    8    1    1    1     698
    1    3   25  145  471    1   30    3    3    1    1250
    1    3   26  146  267    1   17    2    1    0    1174
    1    3   27  147  479    1   30    3    3    1    2410
    1    3   28  148   49    1    4    1    1    1     463
    1    3   29  149   15    1    1    1    1    1     609
    1    3   30  150   58    1    4    1    2    0    1086
    1    3   31  151   38    1    3    1    1    1     712
    1    3   32  152   53    1    4    1    1    1     735
    1    3   33  153  217    1   14    2    2    1     775
    1    3   34  154  269    1   17    2    3    0     894
    1    3   35  155  353    1   23    3    3    1     991
    1    3   36  156  359    1   23    3    3    1    1884
    1    3   37  157   36    1    3    1    1    1     646
    1    3   38  158  356    1   23    3    3    1    2272
    1    3   39  159  409    1   26    3    2    0    2602
    1    3   40  160  396    1   25    3    3    1    1127
    1    3   41  161  465    1   30    3    3    1     862
    1    3   42  162   66    1    5    1    1    1     609
    1    3   43  163   71    1    5    1    1    1     846
    1    3   44  164  411    1   26    3    3    1    1135
    1    3   45  165  326    1   21    3    1    0     856
    1    3   46  166    6    1    1    1    1    1     394
    1    3   47  167  476    1   30    3    2    0    1311
    1    3   48  168   33    1    3    1    1    1     607
    1    3   49  169  271    1   17    2    3    0    1051
    1    3   50  170  290    1   19    2    2    1    1558
    1    3   51  171  448    1   28    3    3    1     845
    1    3   52  172  360    1   23    3    3    1     703
    1    3   53  173  406    1   26    3    2    0    1209
    1    3   54  174  212    1   14    2    2    1    1005
    1    3   55  175  408    1   26    3    3    1     937
    1    3   56  176  289    1   19    2    2    1    1449
    1    3   57  177   56    1    4    1    1    1     596
    1    3   58  178  164    1   11    2    2    1     976
    1    3   59  179   52    1    4    1    1    1     670
    1    3   60  180  245    1   16    2    2    1    1800
    2    1    1  181  161    0   11    2    1    0     786
    2    1    2  182   23    0    2    1    1    1    1748
    2    1    3  183   28    0    2    1    2    0    1454
    2    1    4  184  436    0   28    3    3    1    1590
    2    1    5  185  226    0   15    2    3    0    2518
    2    1    6  186   94    0    6    1    3    0     786
    2    1    7  187  116    0    8    1    1    1     722
    2    1    8  188  434    0   28    3    3    1    2166
    2    1    9  189  407    0   26    3    2    0     801
    2    1   10  190   97    0    7    1    3    0    1569
    2    1   11  191  313    0   20    2    2    1    1955
    2    1   12  192  235    0   15    2    3    0    1877
    2    1   13  193   26    0    2    1    2    0    2011
    2    1   14  194  267    1   17    2    1    0     651
    2    1   15  195  322    0   21    3    3    1     754
    2    1   16  196  263    0   17    2    2    1    6725
    2    1   17  197  475    0   30    3    3    1     712
    2    1   18  198  296    0   19    2    1    0     780
    2    1   19  199  154    0   10    1    1    1     782
    2    1   20  200  429    0   27    3    3    1     574
    2    1   21  201  410    0   26    3    2    0    1050
    2    1   22  202   16    1    1    1    1    1     575
    2    1   23  203   66    1    5    1    1    1     426
    2    1   24  204   81    0    6    1    3    0    1129
    2    1   25  205   37    1    3    1    1    1     764
    2    1   26  206  136    0    9    1    1    1    1311
    2    1   27  207  443    0   28    3    3    1    2954
    2    1   28  208  115    0    8    1    1    1    1654
    2    1   29  209  348    0   22    3    1    0     677
    2    1   30  210   34    0    3    1    1    1    1451
    2    1   31  211  181    0   12    2    3    0     720
    2    1   32  212  280    1   18    2    2    1     549
    2    1   33  213  251    0   16    2    2    1     736
    2    1   34  214  205    0   13    2    2    1    1203
    2    1   35  215  124    0    8    1    1    1     499
    2    1   36  216   96    0    6    1    2    0    1824
    2    1   37  217  234    0   15    2    3    0    1576
    2    1   38  218  248    0   16    2    2    1     986
    2    1   39  219   78    0    5    1    1    1     451
    2    1   40  220  213    0   14    2    3    0     658
    2    1   41  221  377    0   24    3    1    0     761
    2    1   42  222  449    0   29    3    3    1    1242
    2    1   43  223  300    0   19    2    2    1     921
    2    1   44  224  476    1   30    3    2    0    1030
    2    1   45  225  353    1   23    3    3    1    1053
    2    1   46  226  208    0   13    2    2    1    1028
    2    1   47  227  373    0   24    3    1    0    2027
    2    1   48  228  182    1   12    2    2    1    1163
    2    1   49  229  131    0    9    1    2    0    1405
    2    1   50  230  285    0   18    2    2    1     965
    2    1   51  231  329    0   21    3    3    1     943
    2    1   52  232  460    0   29    3    2    0    1019
    2    1   53  233  209    0   14    2    3    0     707
    2    1   54  234   25    0    2    1    2    0     824
    2    1   55  235   39    0    3    1    1    1     408
    2    1   56  236  464    0   29    3    1    0     951
    2    1   57  237   48    0    3    1    1    1     515
    2    1   58  238   76    0    5    1    1    1     495
    2    1   59  239  378    0   24    3    1    0     603
    2    1   60  240  254    0   16    2    3    0     851
    2    1   61  241   54    0    4    1    2    0     674
    2    1   62  242   33    1    3    1    2    0    1961
    2    1   63  243  162    0   11    2    3    0     554
    2    1   64  244    9    0    1    1    2    0     934
    2    1   65  245   61    0    4    1    2    0    1745
    2    1   66  246   65    0    5    1    3    0    1531
    2    1   67  247   80    1    5    1    2    0    1103
    2    1   68  248  118    0    8    1    2    0     804
    2    1   69  249   22    0    2    1    3    0     756
    2    1   70  250  142    0    9    1    1    1    1015
    2    1   71  251   63    0    4    1    2    0     638
    2    1   72  252  272    1   17    2    3    0     838
    2    1   73  253   21    0    2    1    3    0     822
    2    1   74  254  175    0   11    2    3    0     676
    2    1   75  255   67    0    5    1    3    0     827
    2    1   76  256    1    0    1    1    1    1     971
    2    1   77  257   42    0    3    1    1    1     740
    2    1   78  258  260    0   17    2    3    0    1064
    2    1   79  259  204    0   13    2    2    1     750
    2    1   80  260  372    0   24    3    2    0    1712
    2    1   81  261  147    0   10    1    3    0    1021
    2    1   82  262   13    0    1    1    3    0    1141
    2    1   83  263   50    0    4    1    2    0     552
    2    1   84  264  199    0   13    2    2    1     673
    2    1   85  265  198    0   13    2    2    1     888
    2    1   86  266  107    0    7    1    3    0    1141
    2    1   87  267  439    0   28    3    3    1     616
    2    1   88  268  259    0   17    2    2    1     751
    2    1   89  269  308    0   20    2    2    1    1202
    2    1   90  270  365    0   23    3    3    1     803
    2    1   91  271  441    0   28    3    3    1    1492
    2    1   92  272  127    0    8    1    1    1    1080
    2    1   93  273  430    0   27    3    3    1     606
    2    1   94  274  311    0   20    2    2    1     631
    2    1   95  275  148    0   10    1    2    0    1182
    2    1   96  276  155    0   10    1    2    0     607
    2    1   97  277  278    0   18    2    2    1    1768
    2    1   98  278  191    0   12    2    3    0    1361
    2    1   99  279  312    0   20    2    2    1     683
    2    1  100  280  200    0   13    2    1    0     481
    2    1  101  281  125    0    8    1    2    0    1151
    2    1  102  282  442    0   28    3    1    0    1649
    2    1  103  283  185    0   12    2    3    0    1663
    2    1  104  284  450    0   29    3    2    0    2974
    2    1  105  285  105    0    7    1    1    1     775
    2    1  106  286  225    0   15    2    1    0     730
    2    1  107  287  382    0   24    3    3    1    3102
    2    1  108  288  122    0    8    1    1    1     657
    2    1  109  289  306    0   20    2    3    0    2409
    2    1  110  290  383    0   24    3    1    0    1626
    2    1  111  291  360    1   23    3    3    1     618
    2    1  112  292  211    0   14    2    2    1    1203
    2    1  113  293  478    0   30    3    2    0    1108
    2    1  114  294  253    0   16    2    1    0    1064
    2    1  115  295   32    0    2    1    3    0     910
    2    1  116  296  153    0   10    1    3    0    1147
    2    1  117  297  401    0   26    3    2    0     717
    2    1  118  298  250    1   16    2    1    0     928
    2    1  119  299   29    0    2    1    3    0     781
    2    1  120  300  252    1   16    2    2    1     862
    2    1  121  301  247    0   16    2    2    1    1325
    2    1  122  302  129    0    9    1    1    1     824
    2    1  123  303  334    0   21    3    3    1     584
    2    1  124  304   88    0    6    1    3    0     626
    2    1  125  305  138    0    9    1    1    1     505
    2    1  126  306  119    0    8    1    1    1     534
    2    1  127  307  427    0   27    3    3    1     593
    2    1  128  308  299    0   19    2    1    0     681
    2    1  129  309  217    1   14    2    2    1     607
    2    1  130  310  283    0   18    2    1    0     729
    2    1  131  311   51    0    4    1    3    0     572
    2    1  132  312  121    1    8    1    1    1     502
    2    1  133  313   92    0    6    1    3    0     802
    2    1  134  314   77    0    5    1    2    0    1443
    2    1  135  315  298    0   19    2    1    0     666
    2    1  136  316  240    1   15    2    2    1     992
    2    1  137  317  345    0   22    3    3    1     505
    2    1  138  318   46    0    3    1    2    0    1254
    2    1  139  319  218    0   14    2    2    1    1158
    2    1  140  320  350    0   22    3    2    0    1112
    2    1  141  321  397    0   25    3    2    0    1099
    2    1  142  322  141    0    9    1    1    1     512
    2    1  143  323  448    1   28    3    3    1     732
    2    1  144  324  190    0   12    2    3    0     703
    2    1  145  325   90    0    6    1    3    0     564
    2    1  146  326  374    0   24    3    2    0    1070
    2    1  147  327  417    0   27    3    2    0     852
    2    1  148  328  398    0   25    3    3    1     578
    2    1  149  329   79    0    5    1    1    1     620
    2    1  150  330  399    0   25    3    2    0     771
    2    1  151  331  257    0   17    2    1    0     838
    2    1  152  332  128    0    8    1    2    0     741
    2    1  153  333  132    0    9    1    1    1     585
    2    1  154  334  223    0   14    2    2    1     562
    2    1  155  335  286    0   18    2    3    0    1133
    2    1  156  336  390    0   25    3    1    0    2895
    2    1  157  337  412    0   26    3    2    0    1020
    2    1  158  338  186    0   12    2    3    0     645
    2    1  159  339  440    0   28    3    3    1    3578
    2    1  160  340   60    0    4    1    1    1    3883
    2    1  161  341  428    0   27    3    3    1    1136
    2    1  162  342  157    0   10    1    2    0     739
    2    1  163  343   12    0    1    1    3    0     870
    2    1  164  344  273    0   18    2    1    0     915
    2    1  165  345  114    0    8    1    1    1     416
    2    1  166  346  454    0   29    3    2    0    1312
    2    1  167  347  323    0   21    3    2    0    1132
    2    1  168  348   40    0    3    1    1    1     543
    2    1  169  349  255    0   16    2    3    0    1051
    2    1  170  350  469    0   30    3    2    0     721
    2    1  171  351  406    1   26    3    2    0     789
    2    1  172  352  385    0   25    3    3    1     854
    2    1  173  353  351    0   22    3    2    0     773
    2    1  174  354  264    0   17    2    2    1     871
    2    1  175  355  293    0   19    2    2    1     837
    2    1  176  356  171    0   11    2    2    1     821
    2    1  177  357  117    1    8    1    2    0     836
    2    1  178  358  106    0    7    1    2    0    1251
    2    1  179  359  340    1   22    3    2    0    1170
    2    1  180  360  244    0   16    2    2    1    1028
    2    1  181  361  463    0   29    3    3    1     459
    2    1  182  362  432    0   27    3    3    1     650
    2    1  183  363  156    0   10    1    2    0    1440
    2    1  184  364  180    0   12    2    3    0     888
    2    1  185  365  480    0   30    3    2    0     886
    2    1  186  366  130    0    9    1    2    0     995
    2    1  187  367  230    0   15    2    1    0    2875
    2    1  188  368  145    0   10    1    2    0    1017
    2    1  189  369  160    0   10    1    1    1     609
    2    1  190  370  395    0   25    3    2    0    1146
    2    1  191  371  139    0    9    1    1    1     540
    2    1  192  372  110    0    7    1    3    0     552
    2    1  193  373  221    0   14    2    3    0     931
    2    1  194  374  140    0    9    1    1    1     767
    2    1  195  375  331    0   21    3    3    1     592
    2    1  196  376  302    0   19    2    2    1     633
    2    1  197  377  435    0   28    3    3    1     897
    2    1  198  378    3    0    1    1    2    0     557
    2    1  199  379  256    0   16    2    2    1     728
    2    1  200  380  214    0   14    2    3    0     507
    2    1  201  381  409    1   26    3    3    1     425
    2    1  202  382  364    0   23    3    1    0     744
    2    1  203  383  335    0   21    3    2    0     571
    2    1  204  384  459    0   29    3    1    0    5365
    2    1  205  385  292    0   19    2    1    0     527
    2    1  206  386  413    0   26    3    2    0     475
    2    1  207  387  287    0   18    2    3    0     697
    2    1  208  388  266    1   17    2    1    0     686
    2    1  209  389  108    0    7    1    2    0     835
    2    1  210  390  165    0   11    2    1    0     595
    2    1  211  391   64    0    4    1    3    0     683
    2    1  212  392  391    0   25    3    2    0     752
    2    1  213  393  206    0   13    2    1    0    1523
    2    1  214  394  384    0   24    3    3    1    1479
    2    1  215  395  268    0   17    2    3    0    2812
    2    1  216  396  195    0   13    2    1    0     940
    2    1  217  397  376    0   24    3    2    0    2793
    2    1  218  398  274    0   18    2    3    0     809
    2    1  219  399  144    0    9    1    1    1     730
    2    1  220  400  169    0   11    2    1    0     620
    2    1  221  401  325    0   21    3    2    0    1508
    2    1  222  402  451    0   29    3    3    1     409
    2    1  223  403  222    0   14    2    2    1    1258
    2    1  224  404  315    0   20    2    2    1    1001
    2    1  225  405  479    1   30    3    3    1    1138
    2    1  226  406  433    0   28    3    3    1     677
    2    1  227  407  358    0   23    3    2    0     954
    2    1  228  408  414    0   26    3    1    0     614
    2    1  229  409  368    0   23    3    3    1     557
    2    1  230  410  473    1   30    3    1    0    1128
    2    1  231  411  202    0   13    2    1    0    1131
    2    1  232  412  453    0   29    3    3    1     975
    2    1  233  413  465    1   30    3    2    0     649
    2    1  234  414  333    0   21    3    3    1    1728
    2    1  235  415  224    0   14    2    2    1    1003
    2    1  236  416  408    1   26    3    3    1     787
    2    1  237  417  411    1   26    3    1    0     757
    2    1  238  418  394    0   25    3    2    0    1063
    2    1  239  419  396    1   25    3    3    1     718
    2    1  240  420  462    0   29    3    3    1    1137
    2    1  241  421  327    0   21    3    3    1    1637
    2    1  242  422   85    0    6    1    1    1    1282
    2    1  243  423   52    1    4    1    1    1     432
    2    1  244  424  371    0   24    3    1    0     367
    2    1  245  425  164    1   11    2    2    1     818
    2    1  246  426   98    0    7    1    3    0    1170
    2    1  247  427   38    1    3    1    1    1    1300
    2    1  248  428  346    0   22    3    1    0     528
    2    1  249  429  196    0   13    2    2    1    1692
    2    1  250  430  309    0   20    2    2    1    1065
    2    1  251  431  177    0   12    2    3    0     863
    2    1  252  432  387    1   25    3    2    0     990
    2    1  253  433  265    0   17    2    1    0    1670
    2    1  254  434  367    0   23    3    2    0     773
    2    1  255  435  174    0   11    2    1    0     599
    2    1  256  436  134    0    9    1    3    0     559
    2    1  257  437  243    0   16    2    2    1     794
    2    1  258  438  245    1   16    2    1    0     683
    2    1  259  439  438    0   28    3    2    0    1024
    2    1  260  440   75    0    5    1    1    1     392
    2    1  261  441   83    0    6    1    3    0    1145
    2    1  262  442  189    0   12    2    3    0    1037
    2    1  263  443  220    0   14    2    3    0     756
    2    1  264  444  207    0   13    2    2    1     615
    2    1  265  445  455    0   29    3    2    0    1182
    2    1  266  446  137    0    9    1    1    1     367
    2    1  267  447  426    0   27    3    3    1     642
    2    1  268  448  415    0   26    3    2    0     521
    2    1  269  449   17    0    2    1    3    0     837
    2    1  270  450  471    1   30    3    2    0    1027
    2    1  271  451    5    0    1    1    1    1     475
    2    1  272  452   70    0    5    1    1    1     345
    2    1  273  453   71    1    5    1    1    1     332
    2    1  274  454  321    0   21    3    2    0    1136
    2    1  275  455   30    0    2    1    2    0     594
    2    1  276  456  461    0   29    3    3    1    1004
    2    1  277  457  133    0    9    1    1    1     676
    2    1  278  458  420    0   27    3    3    1    1034
    2    1  279  459  104    0    7    1    2    0    1249
    2    1  280  460   14    0    1    1    1    1     528
    2    1  281  461  379    0   24    3    1    0     347
    2    1  282  462  403    0   26    3    1    0     366
    2    1  283  463    2    0    1    1    1    1     544
    2    1  284  464  143    0    9    1    1    1     778
    2    1  285  465  197    0   13    2    2    1    1275
    2    1  286  466  100    0    7    1    1    1     504
    2    1  287  467  320    0   20    2    3    0    1173
    2    1  288  468   36    1    3    1    1    1     504
    2    1  289  469  212    1   14    2    2    1     708
    2    1  290  470  123    0    8    1    1    1     585
    2    1  291  471  389    0   25    3    3    1     818
    2    1  292  472  297    0   19    2    2    1    4051
    2    1  293  473  319    0   20    2    3    0     976
    2    1  294  474   87    0    6    1    3    0    2154
    2    1  295  475  126    0    8    1    1    1     565
    2    1  296  476   84    0    6    1    3    0     607
    2    1  297  477  219    1   14    2    2    1    1208
    2    1  298  478  170    0   11    2    1    0     520
    2    1  299  479    8    0    1    1    2    0    1060
    2    1  300  480  437    0   28    3    3    1     603
