    1    1    1    1  269    1   17    2    3    0    4287
    1    1    2    2  396    1   25    3    1    0    2537
    1    1    3    3   15    1    1    1    1    1    2294
    1    1    4    4  359    1   23    3    2    0    2272
    1    1    5    5  476    1   30    3    2    0    3081
    1    1    6    6   36    1    3    1    1    1    1287
    1    1    7    7  276    1   18    2    2    1    3036
    1    1    8    8  201    1   13    2    2    1    2043
    1    1    9    9  266    1   17    2    3    0    1818
    1    1   10   10  289    1   19    2    3    0    2176
    1    1   11   11  121    1    8    1    1    1    1178
    1    1   12   12  356    1   23    3    3    1    1345
    1    1   13   13  290    1   19    2    2    1    1340
    1    1   14   14  424    1   27    3    1    0    1395
    1    1   15   15  164    1   11    2    1    0    1024
    1    1   16   16  353    1   23    3    3    1     872
    1    1   17   17  408    1   26    3    2    0    1525
    1    1   18   18   37    1    3    1    1    1     842
    1    1   19   19   33    1    3    1    1    1     965
    1    1   20   20   80    1    5    1    1    1     988
    1    1   21   21   56    1    4    1    2    0    1776
    1    1   22   22    6    1    1    1    1    1    1118
    1    1   23   23  245    1   16    2    3    0     967
    1    1   24   24  471    1   30    3    3    1     803
    1    1   25   25  479    1   30    3    2    0    1716
    1    1   26   26   58    1    4    1    2    0    1742
    1    1   27   27  212    1   14    2    3    0    1377
    1    1   28   28  217    1   14    2    2    1    1360
    1    1   29   29  326    1   21    3    2    0    1367
    1    1   30   30  120    1    8    1    1    1   13951
    1    1   31   31  406    1   26    3    3    1    1030
    1    1   32   32  216    1   14    2    2    1    2165
    1    1   33   33  267    1   17    2    1    0    1330
    1    1   34   34  387    1   25    3    3    1     941
    1    1   35   35  182    1   12    2    2    1     605
    1    1   36   36  340    1   22    3    1    0     729
    1    1   37   37  271    1   17    2    2    1    8153
    1    1   38   38  448    1   28    3    1    0     863
    1    1   39   39   71    1    5    1    1    1    1444
    1    1   40   40   38    1    3    1    1    1    1770
    1    1   41   41   35    1    3    1    3    0    1517
    1    1   42   42  473    1   30    3    3    1     838
    1    1   43   43  380    1   24    3    3    1     629
    1    1   44   44  360    1   23    3    3    1    1742
    1    1   45   45    4    1    1    1    1    1    1379
    1    1   46   46   16    1    1    1    1    1    2984
    1    1   47   47  252    1   16    2    2    1    1323
    1    1   48   48  117    1    8    1    1    1     824
    1    1   49   49   49    1    4    1    2    0    1331
    1    1   50   50   66    1    5    1    1    1     892
    1    1   51   51   52    1    4    1    1    1    1330
    1    1   52   52   53    1    4    1    1    1     799
    1    1   53   53  465    1   30    3    3    1    4574
    1    1   54   54  280    1   18    2    3    0     936
    1    1   55   55  409    1   26    3    3    1     977
    1    1   56   56  250    1   16    2    1    0     986
    1    1   57   57  272    1   17    2    2    1     697
    1    1   58   58  240    1   15    2    3    0     788
    1    1   59   59  219    1   14    2    2    1    1378
    1    1   60   60  411    1   26    3    3    1     564
    1    2    1   61  471    1   30    3    3    1     719
    1    2    2   62  411    1   26    3    3    1     658
    1    2    3   63  219    1   14    2    2    1     889
    1    2    4   64  267    1   17    2    1    0    2088
    1    2    5   65  353    1   23    3    3    1     771
    1    2    6   66  289    1   19    2    2    1     847
    1    2    7   67  272    1   17    2    1    0    1102
    1    2    8   68   37    1    3    1    1    1     742
    1    2    9   69   80    1    5    1    1    1    1078
    1    2   10   70  380    1   24    3    2    0    1166
    1    2   11   71  121    1    8    1    1    1    1009
    1    2   12   72   35    1    3    1    1    1    1112
    1    2   13   73  164    1   11    2    2    1    1005
    1    2   14   74  290    1   19    2    2    1     848
    1    2   15   75  465    1   30    3    3    1     817
    1    2   16   76  252    1   16    2    2    1    3277
    1    2   17   77  406    1   26    3    3    1    1035
    1    2   18   78  240    1   15    2    3    0     904
    1    2   19   79  476    1   30    3    3    1     688
    1    2   20   80  212    1   14    2    2    1    1004
    1    2   21   81  396    1   25    3    2    0     725
    1    2   22   82   16    1    1    1    1    1     823
    1    2   23   83  216    1   14    2    2    1     815
    1    2   24   84  182    1   12    2    2    1    1027
    1    2   25   85    4    1    1    1    1    1     970
    1    2   26   86  408    1   26    3    3    1     833
    1    2   27   87  269    1   17    2    2    1     714
    1    2   28   88   15    1    1    1    1    1     792
    1    2   29   89   66    1    5    1    1    1    1103
    1    2   30   90    6    1    1    1    1    1     978
    1    2   31   91  117    1    8    1    1    1     907
    1    2   32   92  359    1   23    3    3    1     824
    1    2   33   93  276    1   18    2    3    0    1645
    1    2   34   94   52    1    4    1    1    1     821
    1    2   35   95  266    1   17    2    2    1     981
    1    2   36   96  409    1   26    3    3    1     938
    1    2   37   97  217    1   14    2    2    1    1443
    1    2   38   98  387    1   25    3    2    0     761
    1    2   39   99   33    1    3    1    1    1     861
    1    2   40  100  340    1   22    3    2    0    2380
    1    2   41  101  280    1   18    2    3    0    1564
    1    2   42  102   36    1    3    1    1    1     813
    1    2   43  103   58    1    4    1    1    1     873
    1    2   44  104  424    1   27    3    2    0     831
    1    2   45  105  473    1   30    3    2    0     943
    1    2   46  106  245    1   16    2    3    0     867
    1    2   47  107  201    1   13    2    2    1     886
    1    2   48  108  271    1   17    2    2    1    1073
    1    2   49  109   49    1    4    1    1    1    1209
    1    2   50  110  250    1   16    2    1    0    1489
    1    2   51  111  479    1   30    3    3    1     832
    1    2   52  112   71    1    5    1    1    1    1490
    1    2   53  113  360    1   23    3    1    0    1765
    1    2   54  114  356    1   23    3    1    0    2548
    1    2   55  115  120    1    8    1    2    0       0
    1    2   56  116  448    1   28    3    1    0    1503
    1    2   57  117   38    1    3    1    1    1    1344
    1    2   58  118  326    1   21    3    2    0     914
    1    2   59  119   53    1    4    1    1    1     766
    1    2   60  120   56    1    4    1    2    0    1133
    1    3    1  121   71    1    5    1    1    1     684
    1    3    2  122  164    1   11    2    2    1    1133
    1    3    3  123  473    1   30    3    2    0    1222
    1    3    4  124  267    1   17    2    2    1    1018
    1    3    5  125  280    1   18    2    3    0     766
    1    3    6  126  353    1   23    3    3    1   51284
    1    3    7  127   38    1    3    1    1    1   11546
    1    3    8  128   35    1    3    1    1    1     611
    1    3    9  129  406    1   26    3    3    1    1554
    1    3   10  130   36    1    3    1    1    1     693
    1    3   11  131  411    1   26    3    3    1     871
    1    3   12  132  409    1   26    3    3    1   17087
    1    3   13  133   56    1    4    1    1    1     772
    1    3   14  134  356    1   23    3    3    1     753
    1    3   15  135   37    1    3    1    1    1     644
    1    3   16  136   66    1    5    1    1    1     648
    1    3   17  137  269    1   17    2    2    1    1066
    1    3   18  138  465    1   30    3    3    1     670
    1    3   19  139   16    1    1    1    1    1     576
    1    3   20  140  276    1   18    2    2    1    1118
    1    3   21  141   58    1    4    1    1    1     831
    1    3   22  142  250    1   16    2    2    1    1691
    1    3   23  143   52    1    4    1    1    1     679
    1    3   24  144  120    1    8    1    1    1     842
    1    3   25  145  272    1   17    2    2    1     850
    1    3   26  146   80    1    5    1    1    1     860
    1    3   27  147   33    1    3    1    1    1    1157
    1    3   28  148  359    1   23    3    3    1     677
    1    3   29  149  271    1   17    2    2    1    1177
    1    3   30  150  182    1   12    2    2    1    1281
    1    3   31  151  245    1   16    2    3    0    2226
    1    3   32  152  217    1   14    2    2    1    1086
    1    3   33  153  212    1   14    2    2    1     766
    1    3   34  154  424    1   27    3    3    1    1808
    1    3   35  155  448    1   28    3    1    0    1540
    1    3   36  156  476    1   30    3    3    1     875
    1    3   37  157   49    1    4    1    1    1     803
    1    3   38  158   15    1    1    1    1    1     642
    1    3   39  159   53    1    4    1    1    1     633
    1    3   40  160  216    1   14    2    2    1    1044
    1    3   41  161  396    1   25    3    3    1     764
    1    3   42  162  471    1   30    3    3    1     646
    1    3   43  163  387    1   25    3    2    0     735
    1    3   44  164  380    1   24    3    2    0     946
    1    3   45  165  479    1   30    3    3    1     491
    1    3   46  166  408    1   26    3    3    1    1209
    1    3   47  167    4    1    1    1    1    1    3277
    1    3   48  168  289    1   19    2    2    1     905
    1    3   49  169  117    1    8    1    1    1     802
    1    3   50  170  219    1   14    2    3    0     797
    1    3   51  171  240    1   15    2    2    1     898
    1    3   52  172  266    1   17    2    2    1     690
    1    3   53  173  340    1   22    3    1    0    1769
    1    3   54  174  121    1    8    1    1    1     644
    1    3   55  175  290    1   19    2    2    1    1084
    1    3   56  176  326    1   21    3    2    0     751
    1    3   57  177  201    1   13    2    2    1     799
    1    3   58  178    6    1    1    1    1    1     856
    1    3   59  179  360    1   23    3    3    1    1811
    1    3   60  180  252    1   16    2    2    1    3553
    2    1    1  181   27    0    2    1    1    1    1961
    2    1    2  182  233    0   15    2    1    0    1584
    2    1    3  183  232    0   15    2    1    0     558
    2    1    4  184   36    1    3    1    2    0     727
    2    1    5  185  418    0   27    3    3    1    1431
    2    1    6  186  277    0   18    2    2    1   11275
    2    1    7  187   60    0    4    1    1    1     944
    2    1    8  188  132    0    9    1    2    0    1537
    2    1    9  189  342    0   22    3    2    0    1016
    2    1   10  190  210    0   14    2    3    0     655
    2    1   11  191  417    0   27    3    2    0     839
    2    1   12  192  308    0   20    2    3    0    1034
    2    1   13  193  291    0   19    2    1    0     695
    2    1   14  194  358    0   23    3    2    0    1729
    2    1   15  195  295    0   19    2    1    0     663
    2    1   16  196  426    0   27    3    1    0     528
    2    1   17  197  189    0   12    2    2    1    1595
    2    1   18  198  344    0   22    3    1    0     884
    2    1   19  199  261    0   17    2    2    1    1419
    2    1   20  200  350    0   22    3    2    0     964
    2    1   21  201  178    0   12    2    2    1    1833
    2    1   22  202  173    0   11    2    1    0     936
    2    1   23  203  255    0   16    2    2    1    6424
    2    1   24  204  246    0   16    2    1    0    1175
    2    1   25  205  442    0   28    3    3    1     959
    2    1   26  206  174    0   11    2    1    0     548
    2    1   27  207  415    0   26    3    3    1     750
    2    1   28  208  216    1   14    2    1    0    1178
    2    1   29  209   90    0    6    1    3    0    1067
    2    1   30  210    3    0    1    1    1    1     785
    2    1   31  211   55    0    4    1    1    1    1391
    2    1   32  212   79    0    5    1    1    1     937
    2    1   33  213  391    0   25    3    3    1    1098
    2    1   34  214  229    0   15    2    1    0     758
    2    1   35  215  265    0   17    2    1    0    1384
    2    1   36  216  188    0   12    2    1    0     869
    2    1   37  217  133    0    9    1    2    0    1780
    2    1   38  218  271    1   17    2    1    0    2481
    2    1   39  219   98    0    7    1    1    1     682
    2    1   40  220   41    0    3    1    2    0       0
    2    1   41  221   39    0    3    1    1    1     927
    2    1   42  222  155    0   10    1    3    0     752
    2    1   43  223   16    1    1    1    1    1     689
    2    1   44  224  242    0   16    2    1    0     571
    2    1   45  225  338    0   22    3    3    1    1168
    2    1   46  226  108    0    7    1    1    1     581
    2    1   47  227   51    0    4    1    1    1    1102
    2    1   48  228  423    0   27    3    3    1     722
    2    1   49  229  281    0   18    2    2    1     792
    2    1   50  230  457    0   29    3    2    0     592
    2    1   51  231  141    0    9    1    2    0     614
    2    1   52  232  305    0   20    2    3    0     283
    2    1   53  233   84    0    6    1    2    0     244
    2    1   54  234   83    0    6    1    2    0    1174
    2    1   55  235   53    1    4    1    3    0    1300
    2    1   56  236  459    0   29    3    1    0    1050
    2    1   57  237   68    0    5    1    3    0     380
    2    1   58  238  363    0   23    3    1    0    1217
    2    1   59  239  371    0   24    3    2    0    1074
    2    1   60  240  315    0   20    2    2    1    1274
    2    1   61  241  282    0   18    2    2    1     756
    2    1   62  242  181    0   12    2    1    0     924
    2    1   63  243    7    0    1    1    1    1     724
    2    1   64  244  183    0   12    2    1    0    1391
    2    1   65  245  472    0   30    3    2    0    1231
    2    1   66  246  306    0   20    2    2    1     826
    2    1   67  247  461    0   29    3    3    1    1279
    2    1   68  248  145    0   10    1    1    1     841
    2    1   69  249  241    0   16    2    2    1     962
    2    1   70  250  127    0    8    1    1    1     579
    2    1   71  251  292    0   19    2    1    0     751
    2    1   72  252  478    0   30    3    1    0     460
    2    1   73  253   40    0    3    1    1    1     682
    2    1   74  254   87    0    6    1    1    1     564
    2    1   75  255  452    0   29    3    3    1     663
    2    1   76  256  259    0   17    2    3    0     720
    2    1   77  257  209    0   14    2    2    1     660
    2    1   78  258  414    0   26    3    3    1    1230
    2    1   79  259  326    1   21    3    1    0     314
    2    1   80  260  205    0   13    2    1    0     865
    2    1   81  261  192    0   12    2    3    0     967
    2    1   82  262  413    0   26    3    3    1     931
    2    1   83  263   21    0    2    1    2    0    1029
    2    1   84  264   82    0    6    1    1    1    1212
    2    1   85  265  376    0   24    3    1    0    1031
    2    1   86  266  377    0   24    3    2    0     971
    2    1   87  267  410    0   26    3    3    1     854
    2    1   88  268  293    0   19    2    1    0    1073
    2    1   89  269  158    0   10    1    3    0    1193
    2    1   90  270  239    0   15    2    1    0    1668
    2    1   91  271   76    0    5    1    1    1     770
    2    1   92  272   52    1    4    1    1    1     632
    2    1   93  273   57    0    4    1    1    1     705
    2    1   94  274  187    0   12    2    1    0     646
    2    1   95  275   11    0    1    1    1    1    1052
    2    1   96  276  458    0   29    3    3    1     776
    2    1   97  277  382    0   24    3    2    0    1562
    2    1   98  278  129    0    9    1    2    0    2819
    2    1   99  279  438    0   28    3    1    0     879
    2    1  100  280  337    0   22    3    2    0    1054
    2    1  101  281  392    0   25    3    1    0     431
    2    1  102  282  250    1   16    2    2    1     429
    2    1  103  283  385    0   25    3    2    0     961
    2    1  104  284  111    0    7    1    1    1     599
    2    1  105  285  200    0   13    2    1    0    1436
    2    1  106  286  389    0   25    3    2    0    1005
    2    1  107  287  474    0   30    3    1    0    1164
    2    1  108  288  477    0   30    3    2    0     648
    2    1  109  289   15    1    1    1    2    0    3477
    2    1  110  290   62    0    4    1    1    1    1581
    2    1  111  291  357    0   23    3    2    0    1704
    2    1  112  292  373    0   24    3    1    0    1828
    2    1  113  293  248    0   16    2    1    0    6784
    2    1  114  294  460    0   29    3    1    0    5784
    2    1  115  295  223    0   14    2    2    1    1190
    2    1  116  296  400    0   25    3    1    0     772
    2    1  117  297  395    0   25    3    1    0    1516
    2    1  118  298  103    0    7    1    2    0    1896
    2    1  119  299    9    0    1    1    1    1    3346
    2    1  120  300  128    0    8    1    2    0    3457
    2    1  121  301  105    0    7    1    1    1    3807
    2    1  122  302  327    0   21    3    1    0    2833
    2    1  123  303  152    0   10    1    2    0    5951
    2    1  124  304   64    0    4    1    1    1    1960
    2    1  125  305  450    0   29    3    2    0    3279
    2    1  126  306  455    0   29    3    1    0    2513
    2    1  127  307   29    0    2    1    2    0    2416
    2    1  128  308  387    1   25    3    1    0    1330
    2    1  129  309   70    0    5    1    2    0    4625
    2    1  130  310  332    0   21    3    1    0    2030
    2    1  131  311  375    0   24    3    2    0    7525
    2    1  132  312  424    1   27    3    2    0     582
    2    1  133  313  345    0   22    3    1    0     373
    2    1  134  314  444    0   28    3    2    0    1387
    2    1  135  315  144    0    9    1    1    1    1755
    2    1  136  316  299    0   19    2    2    1    1360
    2    1  137  317  151    0   10    1    2    0    1856
    2    1  138  318  430    0   27    3    1    0    1484
    2    1  139  319  196    0   13    2    2    1     426
    2    1  140  320  169    0   11    2    1    0     812
    2    1  141  321  186    0   12    2    2    1    1445
    2    1  142  322  364    0   23    3    1    0    1013
    2    1  143  323  227    0   15    2    1    0    1876
    2    1  144  324  396    1   25    3    2    0       0
    2    1  145  325   63    0    4    1    2    0    2126
    2    1  146  326  310    0   20    2    1    0    2757
    2    1  147  327  339    0   22    3    2    0     725
    2    1  148  328  201    1   13    2    1    0    1740
    2    1  149  329   99    0    7    1    2    0     816
    2    1  150  330  175    0   11    2    1    0    1252
    2    1  151  331  184    0   12    2    2    1     991
    2    1  152  332  167    0   11    2    1    0    2338
    2    1  153  333  431    0   27    3    2    0    1324
    2    1  154  334  218    0   14    2    2    1    3205
    2    1  155  335  179    0   12    2    1    0    1957
    2    1  156  336   37    1    3    1    2    0    1893
    2    1  157  337   46    0    3    1    2    0    2402
    2    1  158  338  303    0   19    2    1    0    1990
    2    1  159  339  286    0   18    2    2    1    1243
    2    1  160  340  123    0    8    1    1    1     316
    2    1  161  341  365    0   23    3    1    0    7178
    2    1  162  342  114    0    8    1    1    1    1860
    2    1  163  343   74    0    5    1    2    0     534
    2    1  164  344  190    0   12    2    1    0     987
    2    1  165  345   92    0    6    1    2    0    2578
    2    1  166  346  301    0   19    2    2    1    5234
    2    1  167  347  228    0   15    2    3    0    2888
    2    1  168  348   58    1    4    1    3    0    3076
    2    1  169  349   75    0    5    1    3    0    2295
    2    1  170  350  348    0   22    3    3    1    3836
    2    1  171  351  334    0   21    3    3    1    1552
    2    1  172  352  273    0   18    2    3    0    5752
    2    1  173  353  161    0   11    2    1    0     799
    2    1  174  354   31    0    2    1    2    0     558
    2    1  175  355  262    0   17    2    1    0     967
    2    1  176  356  116    0    8    1    2    0    1898
    2    1  177  357  317    0   20    2    1    0    1009
    2    1  178  358    1    0    1    1    1    1    1379
    2    1  179  359  222    0   14    2    1    0    1339
    2    1  180  360  379    0   24    3    2    0     967
    2    1  181  361   81    0    6    1    1    1     524
    2    1  182  362  162    0   11    2    2    1    1163
    2    1  183  363  397    0   25    3    1    0    1721
    2    1  184  364  367    0   23    3    2    0    1639
    2    1  185  365  341    0   22    3    2    0    3906
    2    1  186  366  160    0   10    1    2    0    3321
    2    1  187  367  435    0   28    3    2    0    1745
    2    1  188  368  381    0   24    3    1    0    1781
    2    1  189  369  199    0   13    2    2    1    1455
    2    1  190  370   23    0    2    1    1    1     588
    2    1  191  371  115    0    8    1    2    0    1196
    2    1  192  372  422    0   27    3    1    0     599
    2    1  193  373   65    0    5    1    2    0    1285
    2    1  194  374  134    0    9    1    1    1    1429
    2    1  195  375   34    0    3    1    2    0       4
    2    1  196  376   67    0    5    1    2    0     504
    2    1  197  377  433    0   28    3    1    0     932
    2    1  198  378  203    0   13    2    1    0    1837
    2    1  199  379  104    0    7    1    2    0     527
    2    1  200  380  436    0   28    3    1    0    1182
    2    1  201  381  256    0   16    2    2    1    1077
    2    1  202  382  465    1   30    3    2    0    2971
    2    1  203  383  321    0   21    3    1    0    2038
    2    1  204  384  122    0    8    1    2    0     703
    2    1  205  385  372    0   24    3    2    0    1617
    2    1  206  386  106    0    7    1    1    1     519
    2    1  207  387  311    0   20    2    1    0    1944
    2    1  208  388  319    0   20    2    2    1    1524
    2    1  209  389  408    1   26    3    2    0     842
    2    1  210  390  467    0   30    3    1    0     774
    2    1  211  391  249    0   16    2    2    1    1540
    2    1  212  392  113    0    8    1    1    1    2759
    2    1  213  393  320    0   20    2    2    1    1542
    2    1  214  394   61    0    4    1    1    1     787
    2    1  215  395  445    0   28    3    2    0     464
    2    1  216  396    8    0    1    1    1    1    1746
    2    1  217  397   86    0    6    1    1    1    3637
    2    1  218  398  253    0   16    2    2    1    1141
    2    1  219  399  407    0   26    3    2    0    1463
    2    1  220  400  117    1    8    1    1    1     421
    2    1  221  401   26    0    2    1    2    0     887
    2    1  222  402  359    1   23    3    3    1    1112
    2    1  223  403  325    0   21    3    3    1     226
    2    1  224  404  284    0   18    2    2    1    4829
    2    1  225  405  219    1   14    2    1    0     348
    2    1  226  406  427    0   27    3    2    0     810
    2    1  227  407  215    0   14    2    2    1    1355
    2    1  228  408  355    0   23    3    1    0    2356
    2    1  229  409  390    0   25    3    2    0    1810
    2    1  230  410  434    0   28    3    2    0    3210
    2    1  231  411  204    0   13    2    1    0    1502
    2    1  232  412  180    0   12    2    2    1     840
    2    1  233  413  378    0   24    3    1    0     644
    2    1  234  414  351    0   22    3    2    0     623
    2    1  235  415  143    0    9    1    3    0     129
    2    1  236  416  214    0   14    2    3    0    1990
    2    1  237  417  172    0   11    2    3    0    2253
    2    1  238  418  237    0   15    2    3    0    3010
    2    1  239  419  118    0    8    1    3    0    6110
    2    1  240  420  446    0   28    3    2    0     210
    2    1  241  421   35    1    3    1    1    1     712
    2    1  242  422  349    0   22    3    2    0    3792
    2    1  243  423  368    0   23    3    2    0    2507
    2    1  244  424  456    0   29    3    2    0    1951
    2    1  245  425   38    1    3    1    2    0    1088
    2    1  246  426  289    1   19    2    2    1    3654
    2    1  247  427  266    1   17    2    1    0    1613
    2    1  248  428  352    0   22    3    2    0    2410
    2    1  249  429  428    0   27    3    1    0    3119
    2    1  250  430  197    0   13    2    2    1    2177
    2    1  251  431  102    0    7    1    1    1    1429
    2    1  252  432  441    0   28    3    2    0     639
    2    1  253  433  157    0   10    1    1    1    2205
    2    1  254  434  170    0   11    2    1    0    1636
    2    1  255  435  125    0    8    1    3    0    1236
    2    1  256  436  243    0   16    2    3    0    4741
    2    1  257  437  101    0    7    1    3    0    1440
    2    1  258  438  206    0   13    2    3    0     874
    2    1  259  439  297    0   19    2    2    1     563
    2    1  260  440  296    0   19    2    2    1     709
    2    1  261  441  276    1   18    2    2    1     738
    2    1  262  442  126    0    8    1    2    0     490
    2    1  263  443  335    0   21    3    3    1     747
    2    1  264  444  211    0   14    2    3    0     681
    2    1  265  445   20    0    2    1    3    0    1591
    2    1  266  446  138    0    9    1    1    1    2441
    2    1  267  447  440    0   28    3    1    0    1349
    2    1  268  448  147    0   10    1    2    0     590
    2    1  269  449  159    0   10    1    1    1     824
    2    1  270  450  360    1   23    3    2    0    1830
    2    1  271  451  165    0   11    2    1    0     816
    2    1  272  452  309    0   20    2    2    1    2239
    2    1  273  453  182    1   12    2    2    1    1124
    2    1  274  454  312    0   20    2    1    0     796
    2    1  275  455  194    0   13    2    1    0    1267
    2    1  276  456   25    0    2    1    1    1    2036
    2    1  277  457  270    0   17    2    1    0    2042
    2    1  278  458  107    0    7    1    3    0    1817
    2    1  279  459  302    0   19    2    3    0    8073
    2    1  280  460   24    0    2    1    3    0     803
    2    1  281  461  124    0    8    1    3    0    7232
    2    1  282  462  356    1   23    3    3    1     892
    2    1  283  463    5    0    1    1    3    0    1613
    2    1  284  464  224    0   14    2    1    0    3793
    2    1  285  465  166    0   11    2    2    1    1311
    2    1  286  466  198    0   13    2    2    1    1705
    2    1  287  467  409    1   26    3    1    0    4254
    2    1  288  468  384    0   24    3    2    0     690
    2    1  289  469  432    0   27    3    1    0    1332
    2    1  290  470  257    0   17    2    2    1    1409
    2    1  291  471   45    0    3    1    1    1     844
    2    1  292  472  268    0   17    2    2    1    1951
    2    1  293  473  264    0   17    2    2    1    2248
    2    1  294  474  466    0   30    3    2    0     576
    2    1  295  475  298    0   19    2    1    0    1498
    2    1  296  476  479    1   30    3    2    0    1238
    2    1  297  477  330    0   21    3    2    0    1571
    2    1  298  478  473    1   30    3    1    0    2266
    2    1  299  479  148    0   10    1    2    0    1198
    2    1  300  480   56    1    4    1    2    0    1143
