    1    1    1    1  252    1   16    2    2    1    4352
    1    1    2    2   53    1    4    1    3    0    3320
    1    1    3    3   36    1    3    1    1    1    1868
    1    1    4    4   15    1    1    1    3    0    4315
    1    1    5    5   16    1    1    1    1    1     891
    1    1    6    6  465    1   30    3    3    1    2239
    1    1    7    7   35    1    3    1    1    1    1443
    1    1    8    8  473    1   30    3    1    0    2719
    1    1    9    9  380    1   24    3    3    1    1354
    1    1   10   10   49    1    4    1    1    1    3454
    1    1   11   11  245    1   16    2    2    1    1972
    1    1   12   12  387    1   25    3    3    1    2159
    1    1   13   13   71    1    5    1    1    1     636
    1    1   14   14  201    1   13    2    2    1     996
    1    1   15   15  424    1   27    3    3    1    1432
    1    1   16   16  182    1   12    2    2    1     898
    1    1   17   17  272    1   17    2    3    0    3401
    1    1   18   18  408    1   26    3    3    1    1015
    1    1   19   19  267    1   17    2    2    1    1538
    1    1   20   20  353    1   23    3    3    1    1257
    1    1   21   21  406    1   26    3    3    1    1187
    1    1   22   22   56    1    4    1    1    1    3487
    1    1   23   23  280    1   18    2    3    0     915
    1    1   24   24  448    1   28    3    1    0    3490
    1    1   25   25  479    1   30    3    3    1    1247
    1    1   26   26  396    1   25    3    3    1     582
    1    1   27   27  356    1   23    3    3    1     833
    1    1   28   28   33    1    3    1    1    1    1452
    1    1   29   29  269    1   17    2    2    1    2358
    1    1   30   30  359    1   23    3    3    1     764
    1    1   31   31   37    1    3    1    1    1     665
    1    1   32   32  120    1    8    1    1    1    1178
    1    1   33   33  471    1   30    3    3    1    1509
    1    1   34   34  250    1   16    2    2    1    1246
    1    1   35   35  266    1   17    2    3    0    1913
    1    1   36   36    6    1    1    1    1    1     743
    1    1   37   37  326    1   21    3    3    1    1604
    1    1   38   38  289    1   19    2    2    1    1976
    1    1   39   39  411    1   26    3    1    0     868
    1    1   40   40  476    1   30    3    3    1    1089
    1    1   41   41  216    1   14    2    1    0    1331
    1    1   42   42  164    1   11    2    1    0    2801
    1    1   43   43  217    1   14    2    2    1     930
    1    1   44   44   52    1    4    1    1    1     472
    1    1   45   45    4    1    1    1    1    1    1035
    1    1   46   46   38    1    3    1    1    1    1121
    1    1   47   47  212    1   14    2    1    0    2358
    1    1   48   48  219    1   14    2    1    0    2474
    1    1   49   49  360    1   23    3    3    1    1503
    1    1   50   50  340    1   22    3    1    0    2044
    1    1   51   51   80    1    5    1    1    1     804
    1    1   52   52  409    1   26    3    3    1    1135
    1    1   53   53  276    1   18    2    3    0    1974
    1    1   54   54  271    1   17    2    2    1    3506
    1    1   55   55  290    1   19    2    1    0    1800
    1    1   56   56  117    1    8    1    3    0    2119
    1    1   57   57   58    1    4    1    3    0     825
    1    1   58   58  121    1    8    1    2    0    5329
    1    1   59   59  240    1   15    2    3    0    1468
    1    1   60   60   66    1    5    1    1    1    4713
    1    2    1   61  266    1   17    2    3    0     887
    1    2    2   62  473    1   30    3    3    1    1001
    1    2    3   63   15    1    1    1    1    1     436
    1    2    4   64    6    1    1    1    1    1     586
    1    2    5   65  359    1   23    3    3    1     621
    1    2    6   66   16    1    1    1    1    1     667
    1    2    7   67  182    1   12    2    2    1     756
    1    2    8   68   80    1    5    1    1    1     685
    1    2    9   69  326    1   21    3    3    1    1063
    1    2   10   70   52    1    4    1    1    1     578
    1    2   11   71   66    1    5    1    1    1    1024
    1    2   12   72   56    1    4    1    2    0    1689
    1    2   13   73  269    1   17    2    2    1     806
    1    2   14   74    4    1    1    1    1    1    1255
    1    2   15   75  340    1   22    3    2    0    2668
    1    2   16   76   58    1    4    1    1    1     834
    1    2   17   77  353    1   23    3    3    1     778
    1    2   18   78  216    1   14    2    2    1    2932
    1    2   19   79   35    1    3    1    1    1     495
    1    2   20   80  212    1   14    2    2    1    1495
    1    2   21   81  471    1   30    3    3    1    1732
    1    2   22   82  280    1   18    2    1    0    2484
    1    2   23   83  164    1   11    2    2    1    2240
    1    2   24   84  479    1   30    3    3    1     947
    1    2   25   85  380    1   24    3    2    0    1042
    1    2   26   86  448    1   28    3    2    0    1438
    1    2   27   87  424    1   27    3    3    1     640
    1    2   28   88  409    1   26    3    3    1     904
    1    2   29   89   49    1    4    1    1    1    1373
    1    2   30   90  411    1   26    3    3    1    1019
    1    2   31   91  121    1    8    1    1    1    2762
    1    2   32   92   38    1    3    1    1    1    1106
    1    2   33   93  396    1   25    3    3    1     812
    1    2   34   94  408    1   26    3    3    1    1501
    1    2   35   95  217    1   14    2    2    1    1400
    1    2   36   96   53    1    4    1    1    1    1399
    1    2   37   97  276    1   18    2    2    1    2208
    1    2   38   98   36    1    3    1    1    1    1168
    1    2   39   99  252    1   16    2    3    0    1926
    1    2   40  100  289    1   19    2    2    1    1091
    1    2   41  101  245    1   16    2    2    1    1998
    1    2   42  102  267    1   17    2    2    1    1830
    1    2   43  103  219    1   14    2    3    0    1351
    1    2   44  104  271    1   17    2    3    0     614
    1    2   45  105  476    1   30    3    2    0      46
    1    2   46  106   37    1    3    1    1    1     895
    1    2   47  107  290    1   19    2    1    0    3351
    1    2   48  108  272    1   17    2    2    1     779
    1    2   49  109   71    1    5    1    1    1     834
    1    2   50  110  120    1    8    1    1    1    1909
    1    2   51  111   33    1    3    1    1    1     968
    1    2   52  112  117    1    8    1    3    0    3515
    1    2   53  113  250    1   16    2    3    0    1656
    1    2   54  114  465    1   30    3    3    1     589
    1    2   55  115  387    1   25    3    2    0    1034
    1    2   56  116  406    1   26    3    1    0     509
    1    2   57  117  201    1   13    2    2    1    1056
    1    2   58  118  356    1   23    3    3    1    1111
    1    2   59  119  360    1   23    3    3    1     782
    1    2   60  120  240    1   15    2    3    0    2802
    1    3    1  121  120    1    8    1    1    1    2007
    1    3    2  122  240    1   15    2    3    0    1144
    1    3    3  123   53    1    4    1    1    1    4362
    1    3    4  124  448    1   28    3    2    0     947
    1    3    5  125  267    1   17    2    2    1    1319
    1    3    6  126   15    1    1    1    1    1    4662
    1    3    7  127  476    1   30    3    3    1     908
    1    3    8  128  356    1   23    3    3    1     866
    1    3    9  129   49    1    4    1    1    1    1143
    1    3   10  130  408    1   26    3    3    1    1500
    1    3   11  131   56    1    4    1    1    1    2690
    1    3   12  132  271    1   17    2    2    1    4295
    1    3   13  133  117    1    8    1    1    1     778
    1    3   14  134   71    1    5    1    1    1     868
    1    3   15  135   38    1    3    1    1    1     686
    1    3   16  136  164    1   11    2    2    1     993
    1    3   17  137  380    1   24    3    3    1    1380
    1    3   18  138  340    1   22    3    3    1    1858
    1    3   19  139  465    1   30    3    3    1     863
    1    3   20  140  409    1   26    3    3    1     731
    1    3   21  141  182    1   12    2    2    1     795
    1    3   22  142  219    1   14    2    3    0    1216
    1    3   23  143  216    1   14    2    2    1    6777
    1    3   24  144   58    1    4    1    1    1    4410
    1    3   25  145  353    1   23    3    3    1    2848
    1    3   26  146  473    1   30    3    3    1    2312
    1    3   27  147   80    1    5    1    1    1     624
    1    3   28  148  396    1   25    3    3    1     861
    1    3   29  149   66    1    5    1    1    1    2048
    1    3   30  150  266    1   17    2    3    0    1063
    1    3   31  151  424    1   27    3    3    1    1122
    1    3   32  152  272    1   17    2    2    1     894
    1    3   33  153   37    1    3    1    1    1    3865
    1    3   34  154  280    1   18    2    3    0    1100
    1    3   35  155  252    1   16    2    2    1    1040
    1    3   36  156  471    1   30    3    2    0    1347
    1    3   37  157  245    1   16    2    2    1    2261
    1    3   38  158    6    1    1    1    1    1     732
    1    3   39  159  290    1   19    2    1    0    1607
    1    3   40  160   36    1    3    1    2    0     895
    1    3   41  161  387    1   25    3    3    1    1986
    1    3   42  162    4    1    1    1    1    1    1603
    1    3   43  163  406    1   26    3    3    1    1874
    1    3   44  164   35    1    3    1    1    1    5442
    1    3   45  165  212    1   14    2    2    1    2897
    1    3   46  166  121    1    8    1    1    1    1989
    1    3   47  167   52    1    4    1    1    1    1741
    1    3   48  168  269    1   17    2    2    1    1394
    1    3   49  169   16    1    1    1    2    0     649
    1    3   50  170  201    1   13    2    2    1    1319
    1    3   51  171  411    1   26    3    3    1     617
    1    3   52  172  359    1   23    3    3    1     693
    1    3   53  173   33    1    3    1    1    1     541
    1    3   54  174  479    1   30    3    3    1     869
    1    3   55  175  360    1   23    3    3    1    1475
    1    3   56  176  326    1   21    3    3    1     722
    1    3   57  177  289    1   19    2    2    1    1117
    1    3   58  178  217    1   14    2    2    1    1987
    1    3   59  179  250    1   16    2    1    0    1208
    1    3   60  180  276    1   18    2    2    1    1858
    2    1    1  181  406    1   26    3    3    1    7521
    2    1    2  182  118    0    8    1    1    1    2974
    2    1    3  183  335    0   21    3    3    1    2224
    2    1    4  184  172    0   11    2    1    0     811
    2    1    5  185  312    0   20    2    3    0    1034
    2    1    6  186  168    0   11    2    1    0    1051
    2    1    7  187  337    0   22    3    3    1    4556
    2    1    8  188   86    0    6    1    2    0    6181
    2    1    9  189  330    0   21    3    3    1    2279
    2    1   10  190   85    0    6    1    1    1     652
    2    1   11  191  225    0   15    2    2    1    4020
    2    1   12  192  343    0   22    3    1    0     884
    2    1   13  193  326    1   21    3    3    1    1510
    2    1   14  194  223    0   14    2    3    0    1390
    2    1   15  195   13    0    1    1    1    1     798
    2    1   16  196  150    0   10    1    1    1    1012
    2    1   17  197  105    0    7    1    2    0    2791
    2    1   18  198   45    0    3    1    1    1    1255
    2    1   19  199  429    0   27    3    3    1    2934
    2    1   20  200  130    0    9    1    1    1     890
    2    1   21  201  314    0   20    2    3    0    1042
    2    1   22  202   81    0    6    1    3    0    1044
    2    1   23  203  338    0   22    3    1    0    1601
    2    1   24  204  475    0   30    3    2    0    1981
    2    1   25  205  117    1    8    1    1    1    2068
    2    1   26  206   40    0    3    1    1    1     901
    2    1   27  207   93    0    6    1    3    0    1154
    2    1   28  208  122    0    8    1    1    1     718
    2    1   29  209  185    0   12    2    3    0    1768
    2    1   30  210  242    0   16    2    2    1     579
    2    1   31  211   97    0    7    1    1    1     659
    2    1   32  212   57    0    4    1    2    0    3636
    2    1   33  213  457    0   29    3    2    0    1103
    2    1   34  214  217    1   14    2    2    1     893
    2    1   35  215  367    0   23    3    2    0    1141
    2    1   36  216   84    0    6    1    3    0     628
    2    1   37  217  239    0   15    2    2    1     922
    2    1   38  218   61    0    4    1    2    0    1132
    2    1   39  219  417    0   27    3    3    1     910
    2    1   40  220  133    0    9    1    1    1     825
    2    1   41  221  420    0   27    3    3    1     892
    2    1   42  222  279    0   18    2    3    0     906
    2    1   43  223  306    0   20    2    3    0     656
    2    1   44  224  249    0   16    2    1    0     775
    2    1   45  225  104    0    7    1    2    0    1498
    2    1   46  226  271    1   17    2    3    0     445
    2    1   47  227  452    0   29    3    3    1     652
    2    1   48  228  317    0   20    2    3    0     505
    2    1   49  229  342    0   22    3    1    0     646
    2    1   50  230  192    0   12    2    2    1    2433
    2    1   51  231  407    0   26    3    3    1     818
    2    1   52  232  231    0   15    2    1    0     534
    2    1   53  233  277    0   18    2    3    0    1329
    2    1   54  234  467    0   30    3    3    1     928
    2    1   55  235  282    0   18    2    3    0    2128
    2    1   56  236  273    0   18    2    1    0    1036
    2    1   57  237  345    0   22    3    3    1    1378
    2    1   58  238   53    1    4    1    1    1    3415
    2    1   59  239  310    0   20    2    3    0    1390
    2    1   60  240  397    0   25    3    3    1     617
    2    1   61  241   99    0    7    1    1    1     882
    2    1   62  242  409    1   26    3    3    1     894
    2    1   63  243  443    0   28    3    3    1    1343
    2    1   64  244  365    0   23    3    3    1     695
    2    1   65  245  378    0   24    3    1    0     962
    2    1   66  246  149    0   10    1    2    0    1193
    2    1   67  247  415    0   26    3    3    1    1611
    2    1   68  248  292    0   19    2    1    0     906
    2    1   69  249  434    0   28    3    1    0    5680
    2    1   70  250  119    0    8    1    1    1     857
    2    1   71  251  464    0   29    3    3    1    1217
    2    1   72  252  202    0   13    2    2    1     909
    2    1   73  253   32    0    2    1    3    0     797
    2    1   74  254  144    0    9    1    1    1     840
    2    1   75  255  383    0   24    3    1    0     771
    2    1   76  256  288    0   18    2    1    0     582
    2    1   77  257    7    0    1    1    1    1     491
    2    1   78  258  290    1   19    2    1    0    1053
    2    1   79  259  302    0   19    2    3    0    1449
    2    1   80  260  227    0   15    2    3    0     935
    2    1   81  261  263    0   17    2    3    0    1943
    2    1   82  262  316    0   20    2    3    0     574
    2    1   83  263  244    0   16    2    2    1    1043
    2    1   84  264  268    0   17    2    2    1    1167
    2    1   85  265  454    0   29    3    2    0    1380
    2    1   86  266  140    0    9    1    1    1     826
    2    1   87  267  410    0   26    3    3    1     605
    2    1   88  268  153    0   10    1    1    1     628
    2    1   89  269   77    0    5    1    1    1     724
    2    1   90  270  135    0    9    1    1    1     604
    2    1   91  271  293    0   19    2    2    1     979
    2    1   92  272  196    0   13    2    2    1    1889
    2    1   93  273  373    0   24    3    1    0     855
    2    1   94  274   65    0    5    1    1    1     404
    2    1   95  275  102    0    7    1    1    1     360
    2    1   96  276  474    0   30    3    3    1     691
    2    1   97  277  354    0   23    3    3    1     750
    2    1   98  278  257    0   17    2    1    0     918
    2    1   99  279   16    1    1    1    1    1     627
    2    1  100  280  131    0    9    1    2    0    1596
    2    1  101  281  246    0   16    2    2    1    2018
    2    1  102  282  297    0   19    2    2    1    2063
    2    1  103  283   88    0    6    1    3    0     699
    2    1  104  284  398    0   25    3    3    1    5248
    2    1  105  285    6    1    1    1    1    1     774
    2    1  106  286  229    0   15    2    3    0     793
    2    1  107  287  471    1   30    3    3    1    1663
    2    1  108  288  472    0   30    3    3    1     676
    2    1  109  289  128    0    8    1    1    1    1346
    2    1  110  290  437    0   28    3    2    0    4473
    2    1  111  291  446    0   28    3    1    0    1964
    2    1  112  292  359    1   23    3    3    1     627
    2    1  113  293   33    1    3    1    1    1     584
    2    1  114  294  209    0   14    2    2    1    5879
    2    1  115  295  160    0   10    1    3    0     631
    2    1  116  296  199    0   13    2    2    1     821
    2    1  117  297   30    0    2    1    2    0    1592
    2    1  118  298   82    0    6    1    3    0    1057
    2    1  119  299  456    0   29    3    3    1     722
    2    1  120  300   83    0    6    1    3    0    1201
    2    1  121  301  465    1   30    3    3    1    1146
    2    1  122  302   94    0    6    1    3    0     705
    2    1  123  303  250    1   16    2    2    1    2035
    2    1  124  304  436    0   28    3    1    0    6146
    2    1  125  305   51    0    4    1    1    1     777
    2    1  126  306  480    0   30    3    3    1    1445
    2    1  127  307   38    1    3    1    1    1    6755
    2    1  128  308  275    0   18    2    1    0     749
    2    1  129  309  109    0    7    1    1    1     580
    2    1  130  310  419    0   27    3    3    1    2740
    2    1  131  311  116    0    8    1    1    1     961
    2    1  132  312  340    1   22    3    2    0    1726
    2    1  133  313  349    0   22    3    1    0     539
    2    1  134  314  230    0   15    2    3    0    1320
    2    1  135  315  208    0   13    2    2    1    2709
    2    1  136  316  215    0   14    2    3    0    2702
    2    1  137  317  161    0   11    2    1    0     906
    2    1  138  318  155    0   10    1    3    0     843
    2    1  139  319  189    0   12    2    3    0    5513
    2    1  140  320    5    0    1    1    1    1     712
    2    1  141  321  476    1   30    3    3    1     921
    2    1  142  322  174    0   11    2    1    0    3842
    2    1  143  323   49    1    4    1    1    1    4162
    2    1  144  324    3    0    1    1    1    1     569
    2    1  145  325  233    0   15    2    1    0     617
    2    1  146  326  193    0   13    2    2    1     959
    2    1  147  327  243    0   16    2    2    1    1042
    2    1  148  328  142    0    9    1    2    0    5617
    2    1  149  329  121    1    8    1    1    1     775
    2    1  150  330  114    0    8    1    1    1    2401
    2    1  151  331  165    0   11    2    1    0     556
    2    1  152  332  176    0   11    2    1    0     601
    2    1  153  333  234    0   15    2    3    0    1357
    2    1  154  334  145    0   10    1    1    1     483
    2    1  155  335  132    0    9    1    1    1     813
    2    1  156  336  361    0   23    3    3    1     745
    2    1  157  337   44    0    3    1    1    1    1637
    2    1  158  338   12    0    1    1    1    1     786
    2    1  159  339  387    1   25    3    3    1    8646
    2    1  160  340  328    0   21    3    3    1    1488
    2    1  161  341  386    0   25    3    2    0    1000
    2    1  162  342   98    0    7    1    1    1    1200
    2    1  163  343  369    0   24    3    1    0     687
    2    1  164  344  247    0   16    2    2    1     711
    2    1  165  345  245    1   16    2    2    1    1297
    2    1  166  346  453    0   29    3    1    0     637
    2    1  167  347  253    0   16    2    2    1     727
    2    1  168  348  158    0   10    1    1    1     986
    2    1  169  349  138    0    9    1    1    1     582
    2    1  170  350  468    0   30    3    3    1     569
    2    1  171  351  186    0   12    2    2    1     775
    2    1  172  352   36    1    3    1    1    1     783
    2    1  173  353  399    0   25    3    3    1     758
    2    1  174  354  380    1   24    3    2    0    1447
    2    1  175  355  205    0   13    2    2    1    2768
    2    1  176  356  392    0   25    3    1    0     718
    2    1  177  357  323    0   21    3    2    0     938
    2    1  178  358  152    0   10    1    3    0     536
    2    1  179  359  390    0   25    3    3    1     499
    2    1  180  360   23    0    2    1    1    1    3441
    2    1  181  361  439    0   28    3    3    1    2841
    2    1  182  362  218    0   14    2    3    0     761
    2    1  183  363  281    0   18    2    2    1     999
    2    1  184  364  313    0   20    2    3    0    1880
    2    1  185  365   41    0    3    1    1    1     974
    2    1  186  366  405    0   26    3    3    1    4937
    2    1  187  367  424    1   27    3    3    1    3093
    2    1  188  368  364    0   23    3    2    0     718
    2    1  189  369   47    0    3    1    1    1    1540
    2    1  190  370  305    0   20    2    3    0     601
    2    1  191  371  222    0   14    2    3    0     560
    2    1  192  372  348    0   22    3    1    0     673
    2    1  193  373  167    0   11    2    1    0     994
    2    1  194  374  478    0   30    3    3    1     557
    2    1  195  375  113    0    8    1    3    0     715
    2    1  196  376  379    0   24    3    1    0     730
    2    1  197  377  213    0   14    2    3    0     732
    2    1  198  378  435    0   28    3    1    0     584
    2    1  199  379  124    0    8    1    1    1     614
    2    1  200  380  151    0   10    1    3    0    1501
    2    1  201  381   25    0    2    1    3    0    3339
    2    1  202  382  430    0   27    3    3    1    9659
    2    1  203  383  264    0   17    2    3    0    8112
    2    1  204  384   28    0    2    1    1    1    1131
    2    1  205  385    9    0    1    1    1    1    1003
    2    1  206  386  321    0   21    3    3    1    1001
    2    1  207  387  339    0   22    3    1    0     901
    2    1  208  388  296    0   19    2    3    0    1352
    2    1  209  389   90    0    6    1    3    0     937
    2    1  210  390  170    0   11    2    1    0     692
    2    1  211  391   29    0    2    1    3    0     780
    2    1  212  392  432    0   27    3    3    1    1694
    2    1  213  393   55    0    4    1    1    1     926
    2    1  214  394  112    0    7    1    1    1     643
    2    1  215  395  219    1   14    2    3    0    3249
    2    1  216  396  286    0   18    2    3    0    1082
    2    1  217  397  203    0   13    2    2    1     903
    2    1  218  398  120    1    8    1    1    1    1221
    2    1  219  399  187    0   12    2    3    0     891
    2    1  220  400   75    0    5    1    1    1     855
    2    1  221  401  228    0   15    2    3    0    1383
    2    1  222  402  214    0   14    2    3    0    1155
    2    1  223  403  332    0   21    3    3    1    2572
    2    1  224  404  266    1   17    2    3    0    1151
    2    1  225  405  301    0   19    2    3    0    1783
    2    1  226  406  374    0   24    3    2    0    1439
    2    1  227  407  270    0   17    2    3    0    2563
    2    1  228  408  448    1   28    3    2    0    4532
    2    1  229  409  396    1   25    3    3    1     559
    2    1  230  410  256    0   16    2    3    0    4734
    2    1  231  411  191    0   12    2    3    0     833
    2    1  232  412  461    0   29    3    3    1     781
    2    1  233  413  224    0   14    2    2    1     909
    2    1  234  414   50    0    4    1    3    0     578
    2    1  235  415  431    0   27    3    3    1     641
    2    1  236  416  179    0   12    2    2    1    2080
    2    1  237  417  163    0   11    2    1    0    2394
    2    1  238  418   58    1    4    1    2    0    2706
    2    1  239  419  463    0   29    3    1    0     713
    2    1  240  420   95    0    6    1    3    0     801
    2    1  241  421  422    0   27    3    3    1     751
    2    1  242  422  177    0   12    2    3    0     971
    2    1  243  423  455    0   29    3    2    0     978
    2    1  244  424  377    0   24    3    2    0    1367
    2    1  245  425  190    0   12    2    2    1    1384
    2    1  246  426  389    0   25    3    3    1     816
    2    1  247  427  308    0   20    2    3    0     798
    2    1  248  428   37    1    3    1    1    1    1075
    2    1  249  429   92    0    6    1    3    0     796
    2    1  250  430  311    0   20    2    3    0     769
    2    1  251  431  438    0   28    3    2    0    1062
    2    1  252  432   63    0    4    1    1    1     727
    2    1  253  433  289    1   19    2    3    0    1122
    2    1  254  434  356    1   23    3    3    1    1128
    2    1  255  435  110    0    7    1    2    0    1517
    2    1  256  436  300    0   19    2    1    0     930
    2    1  257  437  157    0   10    1    1    1     856
    2    1  258  438  108    0    7    1    1    1     847
    2    1  259  439  204    0   13    2    2    1    1080
    2    1  260  440  355    0   23    3    3    1     632
    2    1  261  441  333    0   21    3    2    0    1141
    2    1  262  442  371    0   24    3    1    0     713
    2    1  263  443  413    0   26    3    3    1    2207
    2    1  264  444  427    0   27    3    3    1    2536
    2    1  265  445  283    0   18    2    1    0    1945
    2    1  266  446    2    0    1    1    1    1     998
    2    1  267  447  195    0   13    2    2    1     912
    2    1  268  448  255    0   16    2    2    1    1127
    2    1  269  449   96    0    6    1    3    0    1214
    2    1  270  450  148    0   10    1    3    0    1670
    2    1  271  451  125    0    8    1    1    1     831
    2    1  272  452  126    0    8    1    1    1     644
    2    1  273  453  139    0    9    1    1    1     832
    2    1  274  454  107    0    7    1    2    0    2155
    2    1  275  455  440    0   28    3    3    1     695
    2    1  276  456  129    0    9    1    1    1     643
    2    1  277  457  173    0   11    2    2    1    1994
    2    1  278  458  221    0   14    2    3    0     744
    2    1  279  459   60    0    4    1    3    0    1705
    2    1  280  460  428    0   27    3    3    1     800
    2    1  281  461   52    1    4    1    3    0     767
    2    1  282  462  241    0   16    2    2    1     992
    2    1  283  463  309    0   20    2    3    0     754
    2    1  284  464    8    0    1    1    2    0    2912
    2    1  285  465  376    0   24    3    1    0     929
    2    1  286  466  295    0   19    2    2    1   11567
    2    1  287  467  197    0   13    2    1    0     806
    2    1  288  468  235    0   15    2    3    0    1517
    2    1  289  469  278    0   18    2    3    0     739
    2    1  290  470  360    1   23    3    3    1     554
    2    1  291  471  206    0   13    2    2    1     872
    2    1  292  472  459    0   29    3    1    0     610
    2    1  293  473  136    0    9    1    1    1     757
    2    1  294  474  280    1   18    2    3    0     517
    2    1  295  475  269    1   17    2    2    1    2245
    2    1  296  476  156    0   10    1    1    1     792
    2    1  297  477  181    0   12    2    3    0    1562
    2    1  298  478  248    0   16    2    2    1    2060
    2    1  299  479  220    0   14    2    3    0     594
    2    1  300  480  211    0   14    2    3    0    1544
