    1    1    1    1  271    1   17    2    1    0    8388
    1    1    2    2   52    1    4    1    2    0    3983
    1    1    3    3  121    1    8    1    3    0    6247
    1    1    4    4  217    1   14    2    2    1    4925
    1    1    5    5  182    1   12    2    2    1    2873
    1    1    6    6   36    1    3    1    3    0    2504
    1    1    7    7  411    1   26    3    1    0    4509
    1    1    8    8   66    1    5    1    1    1    4972
    1    1    9    9  476    1   30    3    3    1    5384
    1    1   10   10  353    1   23    3    3    1    6646
    1    1   11   11  380    1   24    3    1    0    4675
    1    1   12   12  340    1   22    3    3    1    3730
    1    1   13   13   16    1    1    1    1    1    6627
    1    1   14   14  280    1   18    2    1    0    2737
    1    1   15   15  479    1   30    3    2    0    2119
    1    1   16   16   49    1    4    1    1    1    8028
    1    1   17   17  216    1   14    2    2    1    3489
    1    1   18   18  471    1   30    3    3    1    1774
    1    1   19   19  117    1    8    1    1    1    3017
    1    1   20   20  409    1   26    3    3    1    2274
    1    1   21   21  120    1    8    1    1    1    2926
    1    1   22   22  387    1   25    3    1    0    2807
    1    1   23   23  290    1   19    2    1    0    3050
    1    1   24   24   38    1    3    1    1    1    6587
    1    1   25   25  408    1   26    3    3    1    1890
    1    1   26   26   71    1    5    1    1    1    4847
    1    1   27   27  212    1   14    2    2    1    2038
    1    1   28   28  424    1   27    3    3    1    3575
    1    1   29   29  396    1   25    3    3    1    3486
    1    1   30   30  276    1   18    2    3    0    3463
    1    1   31   31   80    1    5    1    1    1    1797
    1    1   32   32  252    1   16    2    2    1    5184
    1    1   33   33   33    1    3    1    1    1    3560
    1    1   34   34  448    1   28    3    1    0    3907
    1    1   35   35    6    1    1    1    2    0    1707
    1    1   36   36   58    1    4    1    2    0    3008
    1    1   37   37  164    1   11    2    2    1    8413
    1    1   38   38   15    1    1    1    1    1    1808
    1    1   39   39  465    1   30    3    3    1    1410
    1    1   40   40  289    1   19    2    3    0    2867
    1    1   41   41  360    1   23    3    3    1    2215
    1    1   42   42  245    1   16    2    2    1    2840
    1    1   43   43   53    1    4    1    1    1    1639
    1    1   44   44    4    1    1    1    2    0    4730
    1    1   45   45  267    1   17    2    3    0    5077
    1    1   46   46  356    1   23    3    3    1    1667
    1    1   47   47  269    1   17    2    2    1    3417
    1    1   48   48  406    1   26    3    3    1    1675
    1    1   49   49   35    1    3    1    1    1    3504
    1    1   50   50  240    1   15    2    3    0    1646
    1    1   51   51   37    1    3    1    1    1    1857
    1    1   52   52  359    1   23    3    3    1    1486
    1    1   53   53  473    1   30    3    2    0    4460
    1    1   54   54  219    1   14    2    2    1    1873
    1    1   55   55   56    1    4    1    1    1    1685
    1    1   56   56  272    1   17    2    3    0    4335
    1    1   57   57  266    1   17    2    2    1    3004
    1    1   58   58  201    1   13    2    3    0    7986
    1    1   59   59  326    1   21    3    2    0    7257
    1    1   60   60  250    1   16    2    1    0    4019
    1    2    1   61  359    1   23    3    3    1    1946
    1    2    2   62  476    1   30    3    3    1    1771
    1    2    3   63   71    1    5    1    1    1    3296
    1    2    4   64   38    1    3    1    1    1    1490
    1    2    5   65   37    1    3    1    1    1    2210
    1    2    6   66  269    1   17    2    2    1    3997
    1    2    7   67  473    1   30    3    3    1    5053
    1    2    8   68   56    1    4    1    2    0    3045
    1    2    9   69  396    1   25    3    3    1    1906
    1    2   10   70  387    1   25    3    3    1   11825
    1    2   11   71  272    1   17    2    1    0   14653
    1    2   12   72  219    1   14    2    2    1    2039
    1    2   13   73   80    1    5    1    1    1    1904
    1    2   14   74  289    1   19    2    3    0    6587
    1    2   15   75  182    1   12    2    2    1    2310
    1    2   16   76  340    1   22    3    1    0    3074
    1    2   17   77   66    1    5    1    1    1    1800
    1    2   18   78  360    1   23    3    3    1    1417
    1    2   19   79  406    1   26    3    3    1    1455
    1    2   20   80  465    1   30    3    3    1    1476
    1    2   21   81  201    1   13    2    2    1    9034
    1    2   22   82  250    1   16    2    2    1    2330
    1    2   23   83   52    1    4    1    1    1    2200
    1    2   24   84  217    1   14    2    2    1    3564
    1    2   25   85  280    1   18    2    3    0    1755
    1    2   26   86  120    1    8    1    1    1    1255
    1    2   27   87  267    1   17    2    3    0    5998
    1    2   28   88  471    1   30    3    3    1     739
    1    2   29   89  408    1   26    3    3    1     729
    1    2   30   90   16    1    1    1    1    1    1428
    1    2   31   91   33    1    3    1    1    1    2962
    1    2   32   92   36    1    3    1    1    1    1842
    1    2   33   93  380    1   24    3    2    0    4227
    1    2   34   94  424    1   27    3    3    1    9790
    1    2   35   95  212    1   14    2    2    1    6971
    1    2   36   96  479    1   30    3    2    0    1740
    1    2   37   97  448    1   28    3    1    0    1259
    1    2   38   98  266    1   17    2    2    1    2335
    1    2   39   99  411    1   26    3    3    1    1421
    1    2   40  100  252    1   16    2    2    1    2274
    1    2   41  101  271    1   17    2    3    0    3814
    1    2   42  102    4    1    1    1    1    1    1757
    1    2   43  103  356    1   23    3    3    1    1728
    1    2   44  104  290    1   19    2    3    0   10657
    1    2   45  105  326    1   21    3    3    1    1454
    1    2   46  106   53    1    4    1    1    1    1468
    1    2   47  107  245    1   16    2    3    0    2056
    1    2   48  108  240    1   15    2    2    1    3307
    1    2   49  109  353    1   23    3    3    1    1547
    1    2   50  110   35    1    3    1    1    1    1297
    1    2   51  111   15    1    1    1    1    1    2932
    1    2   52  112  121    1    8    1    1    1    1452
    1    2   53  113  117    1    8    1    1    1    1121
    1    2   54  114  216    1   14    2    2    1    1305
    1    2   55  115    6    1    1    1    1    1    1773
    1    2   56  116  276    1   18    2    3    0    1320
    1    2   57  117  164    1   11    2    1    0    1613
    1    2   58  118  409    1   26    3    3    1    1361
    1    2   59  119   49    1    4    1    1    1    1892
    1    2   60  120   58    1    4    1    1    1    1421
    1    3    1  121  252    1   16    2    2    1    2873
    1    3    2  122  408    1   26    3    3    1    1243
    1    3    3  123  164    1   11    2    2    1    2211
    1    3    4  124  250    1   16    2    2    1    1861
    1    3    5  125  406    1   26    3    3    1    1496
    1    3    6  126  121    1    8    1    1    1     809
    1    3    7  127  479    1   30    3    2    0    3392
    1    3    8  128  356    1   23    3    3    1    1598
    1    3    9  129   71    1    5    1    1    1     644
    1    3   10  130  212    1   14    2    2    1    1231
    1    3   11  131    6    1    1    1    1    1    1173
    1    3   12  132  117    1    8    1    1    1    2810
    1    3   13  133  387    1   25    3    2    0    2918
    1    3   14  134  465    1   30    3    3    1    3924
    1    3   15  135  476    1   30    3    3    1    1004
    1    3   16  136    4    1    1    1    1    1    1052
    1    3   17  137  360    1   23    3    3    1    1208
    1    3   18  138  471    1   30    3    2    0    2385
    1    3   19  139   38    1    3    1    1    1    1196
    1    3   20  140  448    1   28    3    3    1    2878
    1    3   21  141  201    1   13    2    3    0    2617
    1    3   22  142  409    1   26    3    3    1    6840
    1    3   23  143  120    1    8    1    1    1    1090
    1    3   24  144  289    1   19    2    2    1    5180
    1    3   25  145   52    1    4    1    1    1    1250
    1    3   26  146  326    1   21    3    3    1    2181
    1    3   27  147  272    1   17    2    3    0    3318
    1    3   28  148  280    1   18    2    2    1    2743
    1    3   29  149  271    1   17    2    2    1    1347
    1    3   30  150   80    1    5    1    1    1    1187
    1    3   31  151  267    1   17    2    2    1    1834
    1    3   32  152  245    1   16    2    2    1    1114
    1    3   33  153  411    1   26    3    2    0    2095
    1    3   34  154  216    1   14    2    2    1    1040
    1    3   35  155   56    1    4    1    1    1    4347
    1    3   36  156  353    1   23    3    3    1    1236
    1    3   37  157  266    1   17    2    2    1    2107
    1    3   38  158  473    1   30    3    2    0    5933
    1    3   39  159   33    1    3    1    1    1    1488
    1    3   40  160  424    1   27    3    1    0    1361
    1    3   41  161   16    1    1    1    1    1    1022
    1    3   42  162  182    1   12    2    2    1    1629
    1    3   43  163  396    1   25    3    3    1    2499
    1    3   44  164  219    1   14    2    2    1    1238
    1    3   45  165  359    1   23    3    3    1    1481
    1    3   46  166   36    1    3    1    1    1    1169
    1    3   47  167  240    1   15    2    2    1    1581
    1    3   48  168   66    1    5    1    1    1    1200
    1    3   49  169   53    1    4    1    1    1    3562
    1    3   50  170  217    1   14    2    2    1    1648
    1    3   51  171  290    1   19    2    2    1    2007
    1    3   52  172   35    1    3    1    1    1    1130
    1    3   53  173   58    1    4    1    2    0    1169
    1    3   54  174  269    1   17    2    2    1    1826
    1    3   55  175  340    1   22    3    3    1    2011
    1    3   56  176   37    1    3    1    1    1    1273
    1    3   57  177   49    1    4    1    1    1    1575
    1    3   58  178  276    1   18    2    3    0    1917
    1    3   59  179   15    1    1    1    1    1    1220
    1    3   60  180  380    1   24    3    2    0    2057
    2    1    1  181   67    0    5    1    1    1    4714
    2    1    2  182   21    0    2    1    2    0    3554
    2    1    3  183  158    0   10    1    3    0    4876
    2    1    4  184  241    0   16    2    1    0    5547
    2    1    5  185  262    0   17    2    3    0    1850
    2    1    6  186  143    0    9    1    2    0    1752
    2    1    7  187   65    0    5    1    1    1    1316
    2    1    8  188  399    0   25    3    3    1    4391
    2    1    9  189  373    0   24    3    1    0    1202
    2    1   10  190   19    0    2    1    2    0    7712
    2    1   11  191  238    0   15    2    3    0    3445
    2    1   12  192   20    0    2    1    2    0    1353
    2    1   13  193  368    0   23    3    1    0    1431
    2    1   14  194    9    0    1    1    2    0    2454
    2    1   15  195  146    0   10    1    1    1    1131
    2    1   16  196  201    1   13    2    3    0    2518
    2    1   17  197  290    1   19    2    1    0    2760
    2    1   18  198   22    0    2    1    2    0    1274
    2    1   19  199  324    0   21    3    3    1    1947
    2    1   20  200   16    1    1    1    1    1    1469
    2    1   21  201  439    0   28    3    3    1    2504
    2    1   22  202   14    0    1    1    1    1    1253
    2    1   23  203  385    0   25    3    3    1    1921
    2    1   24  204  344    0   22    3    1    0    1417
    2    1   25  205  315    0   20    2    3    0    4704
    2    1   26  206  122    0    8    1    1    1    1307
    2    1   27  207  263    0   17    2    2    1    1851
    2    1   28  208  132    0    9    1    2    0    2321
    2    1   29  209  210    0   14    2    2    1    1158
    2    1   30  210   13    0    1    1    1    1    1413
    2    1   31  211   58    1    4    1    2    0    3070
    2    1   32  212   71    1    5    1    1    1     972
    2    1   33  213  244    0   16    2    2    1    2041
    2    1   34  214   85    0    6    1    1    1     933
    2    1   35  215  261    0   17    2    3    0    1303
    2    1   36  216   92    0    6    1    3    0    1314
    2    1   37  217  208    0   13    2    2    1    1777
    2    1   38  218   37    1    3    1    1    1    1013
    2    1   39  219   70    0    5    1    1    1     867
    2    1   40  220  371    0   24    3    1    0    1011
    2    1   41  221  155    0   10    1    2    0    2511
    2    1   42  222   66    1    5    1    1    1    1305
    2    1   43  223   34    0    3    1    1    1     777
    2    1   44  224  317    0   20    2    3    0    2351
    2    1   45  225  427    0   27    3    3    1    3840
    2    1   46  226  249    0   16    2    1    0     913
    2    1   47  227  416    0   26    3    2    0    2357
    2    1   48  228  240    1   15    2    2    1    1035
    2    1   49  229  125    0    8    1    1    1     748
    2    1   50  230   86    0    6    1    3    0    2339
    2    1   51  231  166    0   11    2    2    1    4732
    2    1   52  232   18    0    2    1    2    0    1672
    2    1   53  233  480    0   30    3    2    0    1835
    2    1   54  234    2    0    1    1    1    1     895
    2    1   55  235  400    0   25    3    3    1    1073
    2    1   56  236  341    0   22    3    1    0     892
    2    1   57  237  468    0   30    3    3    1    1390
    2    1   58  238   52    1    4    1    1    1     662
    2    1   59  239  276    1   18    2    1    0    1853
    2    1   60  240  270    0   17    2    2    1    1788
    2    1   61  241  291    0   19    2    1    0     635
    2    1   62  242   10    0    1    1    1    1     819
    2    1   63  243  172    0   11    2    1    0     683
    2    1   64  244  310    0   20    2    2    1     885
    2    1   65  245  314    0   20    2    2    1     742
    2    1   66  246  388    0   25    3    2    0    4923
    2    1   67  247   24    0    2    1    2    0    4457
    2    1   68  248  136    0    9    1    2    0    2498
    2    1   69  249  431    0   27    3    3    1    2261
    2    1   70  250  413    0   26    3    3    1     765
    2    1   71  251  160    0   10    1    2    0    1562
    2    1   72  252  198    0   13    2    2    1    2910
    2    1   73  253  255    0   16    2    3    0    1213
    2    1   74  254  277    0   18    2    3    0    1037
    2    1   75  255  232    0   15    2    3    0    1335
    2    1   76  256  459    0   29    3    3    1    1342
    2    1   77  257    3    0    1    1    2    0    1955
    2    1   78  258  192    0   12    2    3    0    1071
    2    1   79  259    7    0    1    1    1    1     724
    2    1   80  260  395    0   25    3    2    0    1420
    2    1   81  261  119    0    8    1    1    1     928
    2    1   82  262   90    0    6    1    3    0     853
    2    1   83  263  234    0   15    2    3    0    1263
    2    1   84  264  419    0   27    3    3    1     736
    2    1   85  265  339    0   22    3    1    0     738
    2    1   86  266  364    0   23    3    3    1     665
    2    1   87  267  117    1    8    1    3    0     597
    2    1   88  268   55    0    4    1    3    0     561
    2    1   89  269    6    1    1    1    3    0   12924
    2    1   90  270  177    0   12    2    3    0    1744
    2    1   91  271  472    0   30    3    3    1     743
    2    1   92  272  211    0   14    2    3    0     720
    2    1   93  273  292    0   19    2    3    0    2454
    2    1   94  274  467    0   30    3    3    1    1491
    2    1   95  275  193    0   13    2    2    1     986
    2    1   96  276  266    1   17    2    2    1     598
    2    1   97  277  127    0    8    1    1    1     682
    2    1   98  278  436    0   28    3    1    0     547
    2    1   99  279  342    0   22    3    1    0    2366
    2    1  100  280  362    0   23    3    3    1    1894
    2    1  101  281  473    1   30    3    2    0     973
    2    1  102  282   99    0    7    1    1    1     811
    2    1  103  283  133    0    9    1    1    1    3130
    2    1  104  284  463    0   29    3    3    1     857
    2    1  105  285  365    0   23    3    3    1     758
    2    1  106  286  445    0   28    3    1    0    1100
    2    1  107  287  355    0   23    3    3    1    4692
    2    1  108  288   68    0    5    1    1    1     664
    2    1  109  289  464    0   29    3    2    0    1035
    2    1  110  290   27    0    2    1    2    0    1557
    2    1  111  291   35    1    3    1    1    1     784
    2    1  112  292  115    0    8    1    1    1     629
    2    1  113  293  475    0   30    3    2    0    3564
    2    1  114  294   73    0    5    1    3    0     892
    2    1  115  295  259    0   17    2    3    0     804
    2    1  116  296  346    0   22    3    1    0     900
    2    1  117  297  330    0   21    3    3    1    2456
    2    1  118  298   28    0    2    1    2    0    2703
    2    1  119  299   81    0    6    1    3    0    1447
    2    1  120  300  369    0   24    3    1    0    1180
    2    1  121  301  222    0   14    2    3    0    3330
    2    1  122  302  446    0   28    3    1    0    1324
    2    1  123  303  148    0   10    1    2    0     813
    2    1  124  304  465    1   30    3    2    0     702
    2    1  125  305  338    0   22    3    3    1    1281
    2    1  126  306  217    1   14    2    2    1    3389
    2    1  127  307  224    0   14    2    2    1    1433
    2    1  128  308  120    1    8    1    1    1     759
    2    1  129  309  252    1   16    2    2    1    1401
    2    1  130  310  382    0   24    3    3    1    3505
    2    1  131  311  137    0    9    1    1    1    3135
    2    1  132  312  414    0   26    3    2    0    1666
    2    1  133  313  242    0   16    2    2    1    1572
    2    1  134  314  334    0   21    3    3    1    1109
    2    1  135  315  287    0   18    2    3    0    3942
    2    1  136  316  237    0   15    2    3    0    2420
    2    1  137  317  229    0   15    2    3    0     734
    2    1  138  318  233    0   15    2    3    0    1044
    2    1  139  319  452    0   29    3    2    0     781
    2    1  140  320   54    0    4    1    2    0    1320
    2    1  141  321  131    0    9    1    2    0    1388
    2    1  142  322  109    0    7    1    1    1    2170
    2    1  143  323  408    1   26    3    3    1     895
    2    1  144  324  381    0   24    3    1    0     777
    2    1  145  325  313    0   20    2    2    1    2580
    2    1  146  326  358    0   23    3    3    1     673
    2    1  147  327  366    0   23    3    3    1     468
    2    1  148  328  441    0   28    3    3    1     789
    2    1  149  329  418    0   27    3    3    1     891
    2    1  150  330  184    0   12    2    3    0     502
    2    1  151  331  195    0   13    2    1    0     928
    2    1  152  332  294    0   19    2    3    0    1022
    2    1  153  333  306    0   20    2    3    0     922
    2    1  154  334  157    0   10    1    1    1     955
    2    1  155  335  377    0   24    3    1    0     707
    2    1  156  336  243    0   16    2    2    1    3105
    2    1  157  337  153    0   10    1    1    1     820
    2    1  158  338  128    0    8    1    1    1    2252
    2    1  159  339  144    0    9    1    2    0     952
    2    1  160  340  367    0   23    3    3    1    2083
    2    1  161  341  204    0   13    2    3    0    2184
    2    1  162  342   57    0    4    1    3    0     725
    2    1  163  343  165    0   11    2    1    0     737
    2    1  164  344  325    0   21    3    3    1    1403
    2    1  165  345  296    0   19    2    1    0    1139
    2    1  166  346  376    0   24    3    1    0     630
    2    1  167  347  404    0   26    3    2    0     937
    2    1  168  348  230    0   15    2    2    1     857
    2    1  169  349  471    1   30    3    2    0     670
    2    1  170  350  456    0   29    3    3    1    1265
    2    1  171  351  318    0   20    2    2    1    1382
    2    1  172  352   77    0    5    1    1    1     637
    2    1  173  353  135    0    9    1    1    1    2808
    2    1  174  354  375    0   24    3    1    0    3318
    2    1  175  355   89    0    6    1    3    0    1415
    2    1  176  356  147    0   10    1    3    0     588
    2    1  177  357  171    0   11    2    1    0     775
    2    1  178  358   47    0    3    1    1    1     795
    2    1  179  359  220    0   14    2    3    0     799
    2    1  180  360   11    0    1    1    3    0    1233
    2    1  181  361  281    0   18    2    3    0     885
    2    1  182  362  130    0    9    1    1    1    7202
    2    1  183  363  196    0   13    2    2    1    2610
    2    1  184  364   80    1    5    1    1    1    1120
    2    1  185  365  282    0   18    2    3    0     691
    2    1  186  366  194    0   13    2    2    1    3879
    2    1  187  367   12    0    1    1    1    1    1104
    2    1  188  368   87    0    6    1    3    0     612
    2    1  189  369   62    0    4    1    2    0    1022
    2    1  190  370  251    0   16    2    2    1    1947
    2    1  191  371  415    0   26    3    2    0    1155
    2    1  192  372  186    0   12    2    3    0    1116
    2    1  193  373  458    0   29    3    2    0    1417
    2    1  194  374  409    1   26    3    3    1    1089
    2    1  195  375  191    0   12    2    3    0     761
    2    1  196  376  331    0   21    3    3    1     841
    2    1  197  377  286    0   18    2    3    0    1852
    2    1  198  378   49    1    4    1    1    1    1624
    2    1  199  379  326    1   21    3    3    1     712
    2    1  200  380  207    0   13    2    2    1     782
    2    1  201  381  150    0   10    1    2    0    2616
    2    1  202  382  179    0   12    2    3    0     923
    2    1  203  383  110    0    7    1    3    0     756
    2    1  204  384   83    0    6    1    3    0     493
    2    1  205  385  421    0   27    3    2    0    2426
    2    1  206  386  104    0    7    1    3    0    1428
    2    1  207  387  345    0   22    3    3    1     709
    2    1  208  388  422    0   27    3    2    0    1808
    2    1  209  389  454    0   29    3    2    0     860
    2    1  210  390  190    0   12    2    3    0     785
    2    1  211  391  351    0   22    3    1    0     967
    2    1  212  392   38    1    3    1    1    1     716
    2    1  213  393  140    0    9    1    2    0    1286
    2    1  214  394   29    0    2    1    3    0     690
    2    1  215  395   32    0    2    1    2    0    1048
    2    1  216  396   51    0    4    1    1    1    7487
    2    1  217  397  476    1   30    3    3    1    3581
    2    1  218  398  320    0   20    2    3    0    2975
    2    1  219  399  424    1   27    3    3    1     651
    2    1  220  400  451    0   29    3    2    0    1269
    2    1  221  401  269    1   17    2    2    1    1111
    2    1  222  402   76    0    5    1    1    1    2808
    2    1  223  403   79    0    5    1    1    1     605
    2    1  224  404  391    0   25    3    2    0    1724
    2    1  225  405  209    0   14    2    3    0     977
    2    1  226  406  187    0   12    2    3    0    2544
    2    1  227  407   94    0    6    1    3    0     980
    2    1  228  408   60    0    4    1    2    0    1419
    2    1  229  409  442    0   28    3    3    1    1148
    2    1  230  410  267    1   17    2    2    1     901
    2    1  231  411  271    1   17    2    2    1    1954
    2    1  232  412  350    0   22    3    2    0    2160
    2    1  233  413  176    0   11    2    1    0     943
    2    1  234  414  161    0   11    2    1    0     603
    2    1  235  415   45    0    3    1    1    1     592
    2    1  236  416  145    0   10    1    1    1     641
    2    1  237  417  231    0   15    2    2    1    1844
    2    1  238  418  434    0   28    3    1    0     672
    2    1  239  419   63    0    4    1    2    0    1146
    2    1  240  420   56    1    4    1    2    0    1118
    2    1  241  421  254    0   16    2    2    1    1652
    2    1  242  422  285    0   18    2    3    0    2918
    2    1  243  423    5    0    1    1    1    1     991
    2    1  244  424  112    0    7    1    1    1    1259
    2    1  245  425  134    0    9    1    3    0    1821
    2    1  246  426  124    0    8    1    1    1     824
    2    1  247  427  359    1   23    3    3    1    1844
    2    1  248  428  279    0   18    2    3    0    2690
    2    1  249  429  390    0   25    3    3    1     951
    2    1  250  430  174    0   11    2    1    0     794
    2    1  251  431  444    0   28    3    3    1     883
    2    1  252  432  301    0   19    2    2    1    3540
    2    1  253  433  284    0   18    2    2    1     916
    2    1  254  434  401    0   26    3    2    0    2487
    2    1  255  435  356    1   23    3    2    0    2392
    2    1  256  436   48    0    3    1    1    1     740
    2    1  257  437  423    0   27    3    3    1     827
    2    1  258  438  403    0   26    3    2    0    3181
    2    1  259  439  214    0   14    2    2    1    1417
    2    1  260  440  430    0   27    3    3    1     772
    2    1  261  441   74    0    5    1    1    1    1524
    2    1  262  442  447    0   28    3    3    1     819
    2    1  263  443  173    0   11    2    2    1    1789
    2    1  264  444  113    0    8    1    2    0    1049
    2    1  265  445   15    1    1    1    1    1     961
    2    1  266  446  429    0   27    3    3    1    2734
    2    1  267  447   69    0    5    1    1    1    6659
    2    1  268  448  118    0    8    1    3    0    1160
    2    1  269  449  247    0   16    2    3    0    4355
    2    1  270  450  206    0   13    2    2    1    2210
    2    1  271  451  469    0   30    3    3    1    1339
    2    1  272  452  167    0   11    2    1    0    1187
    2    1  273  453  215    0   14    2    3    0     895
    2    1  274  454  103    0    7    1    1    1     729
    2    1  275  455  213    0   14    2    2    1    2462
    2    1  276  456  378    0   24    3    1    0    1336
    2    1  277  457   78    0    5    1    1    1     582
    2    1  278  458  278    0   18    2    2    1    4482
    2    1  279  459  245    1   16    2    2    1    1031
    2    1  280  460  329    0   21    3    3    1     830
    2    1  281  461   23    0    2    1    1    1    1116
    2    1  282  462  260    0   17    2    3    0     848
    2    1  283  463  332    0   21    3    3    1    1514
    2    1  284  464  205    0   13    2    2    1    1580
    2    1  285  465  305    0   20    2    3    0    1883
    2    1  286  466  199    0   13    2    2    1    1092
    2    1  287  467  450    0   29    3    2    0    1230
    2    1  288  468  352    0   22    3    3    1    1135
    2    1  289  469  228    0   15    2    3    0     749
    2    1  290  470  397    0   25    3    2    0     999
    2    1  291  471  370    0   24    3    1    0     662
    2    1  292  472  168    0   11    2    3    0    2298
    2    1  293  473   98    0    7    1    1    1     651
    2    1  294  474   75    0    5    1    1    1     662
    2    1  295  475  116    0    8    1    1    1     604
    2    1  296  476  221    0   14    2    2    1    1896
    2    1  297  477  379    0   24    3    1    0     720
    2    1  298  478   46    0    3    1    1    1     773
    2    1  299  479  154    0   10    1    1    1    1810
    2    1  300  480  202    0   13    2    1    0    2897
