    1    1    1    1  297    1   19    2    1    0    2917
    1    1    2    2  395    1   25    3    3    1    2491
    1    1    3    3   62    1    4    1    2    0    2797
    1    1    4    4  267    1   17    2    1    0    2834
    1    1    5    5  241    1   16    2    2    1    3494
    1    1    6    6   55    1    4    1    1    1    1918
    1    1    7    7   34    1    3    1    3    0    2118
    1    1    8    8  376    1   24    3    2    0    3559
    1    1    9    9  443    1   28    3    3    1    1245
    1    1   10   10   31    1    2    1    1    1    2817
    1    1   11   11   40    1    3    1    2    0    2580
    1    1   12   12  306    1   20    2    3    0    1106
    1    1   13   13  186    1   12    2    2    1    4140
    1    1   14   14  215    1   14    2    1    0    1691
    1    1   15   15   17    1    2    1    2    0    4397
    1    1   16   16  190    1   12    2    2    1    5937
    1    1   17   17  148    1   10    1    3    0    1032
    1    1   18   18  465    1   30    3    3    1    2067
    1    1   19   19   85    1    6    1    1    1    1894
    1    1   20   20  308    1   20    2    2    1    1168
    1    1   21   21  125    1    8    1    3    0    1046
    1    1   22   22  381    1   24    3    2    0    2065
    1    1   23   23  446    1   28    3    2    0    2739
    1    1   24   24  111    1    7    1    3    0     859
    1    1   25   25  413    1   26    3    1    0    1901
    1    1   26   26  224    1   14    2    1    0    3990
    1    1   27   27  115    1    8    1    2    0    1739
    1    1   28   28  423    1   27    3    1    0    1147
    1    1   29   29    7    1    1    1    3    0    1713
    1    1   30   30  339    1   22    3    1    0    1890
    1    1   31   31  327    1   21    3    1    0    2315
    1    1   32   32  293    1   19    2    2    1     995
    1    1   33   33  279    1   18    2    1    0     784
    1    1   34   34  405    1   26    3    3    1     997
    1    1   35   35   73    1    5    1    3    0    1394
    1    1   36   36   96    1    6    1    2    0    1023
    1    1   37   37  397    1   25    3    2    0    1050
    1    1   38   38  337    1   22    3    3    1     694
    1    1   39   39  471    1   30    3    2    0    1934
    1    1   40   40   16    1    1    1    1    1    1142
    1    1   41   41  170    1   11    2    1    0     797
    1    1   42   42  203    1   13    2    2    1     738
    1    1   43   43  229    1   15    2    3    0    1577
    1    1   44   44  135    1    9    1    1    1    1023
    1    1   45   45  420    1   27    3    3    1    1100
    1    1   46   46  195    1   13    2    2    1     804
    1    1   47   47  106    1    7    1    1    1    1576
    1    1   48   48  359    1   23    3    1    0    2303
    1    1   49   49  455    1   29    3    3    1     744
    1    1   50   50  330    1   21    3    2    0     959
    1    1   51   51  163    1   11    2    1    0    1790
    1    1   52   52  272    1   17    2    1    0     923
    1    1   53   53  238    1   15    2    3    0    1243
    1    1   54   54  250    1   16    2    2    1    1246
    1    1   55   55  278    1   18    2    2    1     753
    1    1   56   56  456    1   29    3    1    0     791
    1    1   57   57  355    1   23    3    3    1    1005
    1    1   58   58  146    1   10    1    1    1    1018
    1    1   59   59   72    1    5    1    2    0     517
    1    1   60   60  136    1    9    1    1    1     246
    1    2    1   61  111    1    7    1    3    0     753
    1    2    2   62   40    1    3    1    2    0    3672
    1    2    3   63  308    1   20    2    3    0     619
    1    2    4   64   17    1    2    1    2    0     791
    1    2    5   65   96    1    6    1    1    1     651
    1    2    6   66  456    1   29    3    3    1     661
    1    2    7   67  267    1   17    2    2    1    1456
    1    2    8   68  125    1    8    1    2    0     123
    1    2    9   69  339    1   22    3    2    0    1611
    1    2   10   70  327    1   21    3    2    0     879
    1    2   11   71  106    1    7    1    2    0    1425
    1    2   12   72  195    1   13    2    3    0     877
    1    2   13   73  413    1   26    3    3    1     959
    1    2   14   74  190    1   12    2    1    0    1070
    1    2   15   75  443    1   28    3    3    1     744
    1    2   16   76  238    1   15    2    2    1    1103
    1    2   17   77  279    1   18    2    3    0    1192
    1    2   18   78  471    1   30    3    3    1     909
    1    2   19   79  250    1   16    2    1    0     782
    1    2   20   80  465    1   30    3    3    1     771
    1    2   21   81  455    1   29    3    3    1     617
    1    2   22   82  278    1   18    2    2    1    2261
    1    2   23   83  293    1   19    2    3    0    1232
    1    2   24   84  241    1   16    2    1    0     275
    1    2   25   85  215    1   14    2    2    1     189
    1    2   26   86  170    1   11    2    1    0     667
    1    2   27   87   73    1    5    1    3    0     724
    1    2   28   88  297    1   19    2    2    1     876
    1    2   29   89  355    1   23    3    3    1     846
    1    2   30   90  224    1   14    2    1    0     529
    1    2   31   91  446    1   28    3    3    1    1137
    1    2   32   92  423    1   27    3    2    0     632
    1    2   33   93   34    1    3    1    2    0    2451
    1    2   34   94  135    1    9    1    1    1     854
    1    2   35   95  272    1   17    2    3    0     585
    1    2   36   96  420    1   27    3    3    1    1062
    1    2   37   97   85    1    6    1    2    0    1377
    1    2   38   98  306    1   20    2    2    1    1343
    1    2   39   99  186    1   12    2    3    0     656
    1    2   40  100  203    1   13    2    1    0     570
    1    2   41  101  397    1   25    3    2    0     808
    1    2   42  102   16    1    1    1    1    1    1213
    1    2   43  103  163    1   11    2    2    1    1025
    1    2   44  104  136    1    9    1    1    1    1117
    1    2   45  105   62    1    4    1    1    1    1061
    1    2   46  106  148    1   10    1    3    0     992
    1    2   47  107   72    1    5    1    2    0     845
    1    2   48  108  395    1   25    3    1    0     864
    1    2   49  109   31    1    2    1    1    1     723
    1    2   50  110  229    1   15    2    2    1     586
    1    2   51  111  359    1   23    3    3    1     888
    1    2   52  112  330    1   21    3    3    1    1385
    1    2   53  113    7    1    1    1    1    1    1271
    1    2   54  114  115    1    8    1    3    0    1257
    1    2   55  115  381    1   24    3    2    0    1195
    1    2   56  116  337    1   22    3    3    1    1217
    1    2   57  117   55    1    4    1    1    1     805
    1    2   58  118  405    1   26    3    3    1     762
    1    2   59  119  146    1   10    1    1    1    1359
    1    2   60  120  376    1   24    3    2    0    1279
    1    3    1  121   72    1    5    1    2    0     832
    1    3    2  122  443    1   28    3    3    1     788
    1    3    3  123  308    1   20    2    3    0     715
    1    3    4  124   73    1    5    1    1    1    2419
    1    3    5  125  395    1   25    3    3    1     870
    1    3    6  126  125    1    8    1    1    1    1513
    1    3    7  127   96    1    6    1    2    0     930
    1    3    8  128  195    1   13    2    3    0     800
    1    3    9  129  359    1   23    3    3    1     677
    1    3   10  130  106    1    7    1    1    1    1089
    1    3   11  131  272    1   17    2    1    0    1306
    1    3   12  132  446    1   28    3    3    1     715
    1    3   13  133   40    1    3    1    1    1    2115
    1    3   14  134  215    1   14    2    1    0     754
    1    3   15  135  229    1   15    2    2    1     345
    1    3   16  136  170    1   11    2    2    1    1057
    1    3   17  137  135    1    9    1    1    1     715
    1    3   18  138   55    1    4    1    2    0     803
    1    3   19  139  327    1   21    3    1    0     695
    1    3   20  140  115    1    8    1    2    0     209
    1    3   21  141  293    1   19    2    3    0     574
    1    3   22  142  355    1   23    3    2    0    1067
    1    3   23  143  455    1   29    3    3    1     677
    1    3   24  144  279    1   18    2    1    0    1248
    1    3   25  145  423    1   27    3    1    0     866
    1    3   26  146  278    1   18    2    2    1     452
    1    3   27  147  405    1   26    3    3    1     663
    1    3   28  148   16    1    1    1    1    1     576
    1    3   29  149  136    1    9    1    1    1    1535
    1    3   30  150  224    1   14    2    2    1    1510
    1    3   31  151  306    1   20    2    3    0     896
    1    3   32  152   34    1    3    1    1    1    1521
    1    3   33  153  456    1   29    3    3    1     617
    1    3   34  154   85    1    6    1    2    0    1077
    1    3   35  155  238    1   15    2    2    1    1423
    1    3   36  156  203    1   13    2    1    0     700
    1    3   37  157  381    1   24    3    3    1    1396
    1    3   38  158  250    1   16    2    1    0     736
    1    3   39  159  471    1   30    3    2    0     216
    1    3   40  160   31    1    2    1    1    1     980
    1    3   41  161  330    1   21    3    2    0    1121
    1    3   42  162  146    1   10    1    1    1    1130
    1    3   43  163  163    1   11    2    2    1    1521
    1    3   44  164  413    1   26    3    3    1     649
    1    3   45  165  420    1   27    3    3    1     756
    1    3   46  166   17    1    2    1    1    1     715
    1    3   47  167  376    1   24    3    3    1     979
    1    3   48  168  190    1   12    2    2    1    1457
    1    3   49  169  241    1   16    2    3    0    1388
    1    3   50  170  339    1   22    3    3    1    1289
    1    3   51  171  267    1   17    2    1    0     987
    1    3   52  172    7    1    1    1    1    1     871
    1    3   53  173  297    1   19    2    2    1    1098
    1    3   54  174  337    1   22    3    3    1     723
    1    3   55  175  465    1   30    3    1    0    1403
    1    3   56  176  148    1   10    1    1    1     824
    1    3   57  177  186    1   12    2    3    0    1020
    1    3   58  178  111    1    7    1    2    0    1224
    1    3   59  179  397    1   25    3    1    0    1836
    1    3   60  180   62    1    4    1    2    0     951
    2    1    1  181  224    1   14    2    1    0    1718
    2    1    2  182  458    0   29    3    1    0    1171
    2    1    3  183  286    0   18    2    3    0     916
    2    1    4  184  142    0    9    1    1    1     896
    2    1    5  185   90    0    6    1    2    0     845
    2    1    6  186  417    0   27    3    2    0    1308
    2    1    7  187  354    0   23    3    3    1     762
    2    1    8  188   67    0    5    1    1    1    1213
    2    1    9  189  267    1   17    2    2    1    1580
    2    1   10  190  177    0   12    2    3    0    1118
    2    1   11  191  200    0   13    2    1    0    1538
    2    1   12  192   51    0    4    1    1    1    1653
    2    1   13  193  105    0    7    1    2    0    1571
    2    1   14  194  156    0   10    1    1    1    2757
    2    1   15  195  155    0   10    1    1    1    1449
    2    1   16  196  441    0   28    3    3    1     656
    2    1   17  197  206    0   13    2    1    0    1190
    2    1   18  198  158    0   10    1    2    0    2710
    2    1   19  199  241    1   16    2    2    1     924
    2    1   20  200  282    0   18    2    1    0    2056
    2    1   21  201   54    0    4    1    1    1    1127
    2    1   22  202  314    0   20    2    3    0    1178
    2    1   23  203   45    0    3    1    1    1     876
    2    1   24  204  296    0   19    2    3    0    1674
    2    1   25  205  297    1   19    2    2    1    1769
    2    1   26  206  397    1   25    3    1    0    2371
    2    1   27  207  447    0   28    3    3    1     661
    2    1   28  208   46    0    3    1    2    0    1211
    2    1   29  209  161    0   11    2    1    0    1068
    2    1   30  210   80    0    5    1    1    1     754
    2    1   31  211  166    0   11    2    1    0     900
    2    1   32  212  270    0   17    2    2    1    1602
    2    1   33  213  309    0   20    2    3    0    1043
    2    1   34  214    9    0    1    1    1    1    1466
    2    1   35  215   86    0    6    1    2    0    1632
    2    1   36  216   29    0    2    1    1    1     671
    2    1   37  217  475    0   30    3    3    1    1285
    2    1   38  218  455    1   29    3    3    1     803
    2    1   39  219   40    1    3    1    1    1    1603
    2    1   40  220  424    0   27    3    2    0    1845
    2    1   41  221  190    1   12    2    1    0     748
    2    1   42  222   17    1    2    1    1    1    1118
    2    1   43  223  248    0   16    2    1    0     963
    2    1   44  224  410    0   26    3    3    1    1021
    2    1   45  225  375    0   24    3    3    1     853
    2    1   46  226  129    0    9    1    1    1     836
    2    1   47  227  207    0   13    2    2    1     835
    2    1   48  228  392    0   25    3    1    0     818
    2    1   49  229  199    0   13    2    2    1     691
    2    1   50  230  303    0   19    2    1    0     808
    2    1   51  231  384    0   24    3    3    1     729
    2    1   52  232  387    0   25    3    1    0     925
    2    1   53  233  352    0   22    3    3    1     681
    2    1   54  234  176    0   11    2    1    0     974
    2    1   55  235   20    0    2    1    2    0    1112
    2    1   56  236  344    0   22    3    2    0    1245
    2    1   57  237   98    0    7    1    2    0    1308
    2    1   58  238  304    0   19    2    1    0     696
    2    1   59  239  421    0   27    3    3    1    1469
    2    1   60  240  179    0   12    2    1    0    1763
    2    1   61  241  165    0   11    2    2    1    1629
    2    1   62  242  184    0   12    2    2    1     797
    2    1   63  243  228    0   15    2    3    0    1837
    2    1   64  244  210    0   14    2    1    0     645
    2    1   65  245  378    0   24    3    3    1    1228
    2    1   66  246   36    0    3    1    1    1    1596
    2    1   67  247  347    0   22    3    3    1    1229
    2    1   68  248  254    0   16    2    3    0     894
    2    1   69  249  356    0   23    3    3    1    1323
    2    1   70  250  275    0   18    2    2    1    1207
    2    1   71  251  289    0   19    2    1    0    1655
    2    1   72  252  388    0   25    3    2    0    1366
    2    1   73  253   47    0    3    1    1    1     608
    2    1   74  254  150    0   10    1    2    0     857
    2    1   75  255  173    0   11    2    1    0    1127
    2    1   76  256  340    0   22    3    3    1    2091
    2    1   77  257  321    0   21    3    2    0    1497
    2    1   78  258  100    0    7    1    1    1    1086
    2    1   79  259   97    0    7    1    3    0    1795
    2    1   80  260   57    0    4    1    2    0    1100
    2    1   81  261   49    0    4    1    1    1     705
    2    1   82  262   92    0    6    1    2    0     998
    2    1   83  263  307    0   20    2    2    1    1614
    2    1   84  264  240    0   15    2    3    0     734
    2    1   85  265  262    0   17    2    2    1    1378
    2    1   86  266  277    0   18    2    2    1    1307
    2    1   87  267   30    0    2    1    1    1     600
    2    1   88  268  220    0   14    2    2    1    1377
    2    1   89  269   18    0    2    1    1    1     699
    2    1   90  270   96    1    6    1    2    0     688
    2    1   91  271  123    0    8    1    1    1     805
    2    1   92  272  106    1    7    1    1    1     629
    2    1   93  273  237    0   15    2    3    0    1117
    2    1   94  274  118    0    8    1    2    0    2273
    2    1   95  275  370    0   24    3    3    1    1255
    2    1   96  276  126    0    8    1    1    1    1397
    2    1   97  277  250    1   16    2    2    1     846
    2    1   98  278   39    0    3    1    1    1     701
    2    1   99  279   48    0    3    1    1    1    1362
    2    1  100  280  465    1   30    3    3    1     653
    2    1  101  281  440    0   28    3    3    1     770
    2    1  102  282  472    0   30    3    2    0     852
    2    1  103  283  338    0   22    3    3    1     707
    2    1  104  284  208    0   13    2    1    0     599
    2    1  105  285  232    0   15    2    3    0    2240
    2    1  106  286  181    0   12    2    1    0    1560
    2    1  107  287  172    0   11    2    1    0     683
    2    1  108  288    1    0    1    1    1    1     832
    2    1  109  289   95    0    6    1    2    0     703
    2    1  110  290  180    0   12    2    3    0     819
    2    1  111  291   60    0    4    1    1    1    1108
    2    1  112  292  337    1   22    3    3    1     648
    2    1  113  293    5    0    1    1    1    1    1422
    2    1  114  294  343    0   22    3    3    1    1079
    2    1  115  295   69    0    5    1    2    0     797
    2    1  116  296  350    0   22    3    1    0     765
    2    1  117  297  408    0   26    3    1    0    1136
    2    1  118  298  242    0   16    2    2    1    1315
    2    1  119  299  319    0   20    2    3    0     783
    2    1  120  300  331    0   21    3    3    1    1633
    2    1  121  301  194    0   13    2    2    1    1408
    2    1  122  302   44    0    3    1    1    1     759
    2    1  123  303  326    0   21    3    2    0     778
    2    1  124  304  192    0   12    2    2    1     492
    2    1  125  305  110    0    7    1    1    1     778
    2    1  126  306   70    0    5    1    1    1     635
    2    1  127  307  454    0   29    3    1    0     787
    2    1  128  308  222    0   14    2    2    1    1157
    2    1  129  309   89    0    6    1    2    0    1175
    2    1  130  310  295    0   19    2    1    0     649
    2    1  131  311  278    1   18    2    3    0     480
    2    1  132  312  122    0    8    1    1    1     766
    2    1  133  313   10    0    1    1    1    1    2528
    2    1  134  314  234    0   15    2    3    0    1452
    2    1  135  315  287    0   18    2    1    0    1107
    2    1  136  316  355    1   23    3    2    0     551
    2    1  137  317   56    0    4    1    2    0     690
    2    1  138  318  380    0   24    3    1    0     776
    2    1  139  319  115    1    8    1    1    1    2233
    2    1  140  320  247    0   16    2    1    0     801
    2    1  141  321  425    0   27    3    3    1    1377
    2    1  142  322  121    0    8    1    2    0     892
    2    1  143  323  204    0   13    2    1    0     921
    2    1  144  324  438    0   28    3    3    1     773
    2    1  145  325   73    1    5    1    1    1    1704
    2    1  146  326  170    1   11    2    2    1    1076
    2    1  147  327   79    0    5    1    1    1     698
    2    1  148  328  131    0    9    1    1    1    1022
    2    1  149  329  135    1    9    1    1    1     504
    2    1  150  330   50    0    4    1    2    0    1156
    2    1  151  331  271    0   17    2    3    0     807
    2    1  152  332  415    0   26    3    1    0     601
    2    1  153  333  293    1   19    2    1    0    1825
    2    1  154  334  436    0   28    3    3    1    1257
    2    1  155  335  316    0   20    2    3    0     952
    2    1  156  336  299    0   19    2    3    0    1714
    2    1  157  337  478    0   30    3    2    0    1055
    2    1  158  338  318    0   20    2    1    0     663
    2    1  159  339  300    0   19    2    1    0    1261
    2    1  160  340    4    0    1    1    3    0    1548
    2    1  161  341  285    0   18    2    1    0    1102
    2    1  162  342  473    0   30    3    1    0    1715
    2    1  163  343  218    0   14    2    2    1     768
    2    1  164  344  257    0   17    2    3    0    1121
    2    1  165  345  111    1    7    1    1    1    1013
    2    1  166  346  428    0   27    3    1    0    1020
    2    1  167  347  416    0   26    3    1    0     773
    2    1  168  348  464    0   29    3    2    0     457
    2    1  169  349  396    0   25    3    1    0     583
    2    1  170  350  124    0    8    1    3    0    1216
    2    1  171  351  404    0   26    3    1    0     784
    2    1  172  352   71    0    5    1    1    1     817
    2    1  173  353   63    0    4    1    2    0     673
    2    1  174  354  196    0   13    2    1    0     615
    2    1  175  355  302    0   19    2    1    0    1055
    2    1  176  356  474    0   30    3    1    0    1974
    2    1  177  357  459    0   29    3    2    0     680
    2    1  178  358   35    0    3    1    1    1    1901
    2    1  179  359  236    0   15    2    1    0    2066
    2    1  180  360  107    0    7    1    2    0    2400
    2    1  181  361  339    1   22    3    3    1    1216
    2    1  182  362  451    0   29    3    2    0    1648
    2    1  183  363  357    0   23    3    3    1     911
    2    1  184  364  162    0   11    2    1    0     860
    2    1  185  365  305    0   20    2    1    0     986
    2    1  186  366   65    0    5    1    2    0    1091
    2    1  187  367  211    0   14    2    1    0    1064
    2    1  188  368  298    0   19    2    2    1    1023
    2    1  189  369  310    0   20    2    1    0     822
    2    1  190  370  159    0   10    1    3    0     951
    2    1  191  371  112    0    7    1    3    0     738
    2    1  192  372  182    0   12    2    2    1    1236
    2    1  193  373  328    0   21    3    2    0     884
    2    1  194  374  265    0   17    2    1    0     849
    2    1  195  375  399    0   25    3    1    0     543
    2    1  196  376  411    0   26    3    2    0     668
    2    1  197  377  437    0   28    3    1    0    1858
    2    1  198  378  327    1   21    3    2    0    1064
    2    1  199  379  252    0   16    2    1    0     831
    2    1  200  380  108    0    7    1    1    1    1086
    2    1  201  381  255    0   16    2    1    0     803
    2    1  202  382  226    0   15    2    3    0    1684
    2    1  203  383  244    0   16    2    2    1    2433
    2    1  204  384  249    0   16    2    1    0     576
    2    1  205  385  368    0   23    3    1    0     698
    2    1  206  386  239    0   15    2    3    0     975
    2    1  207  387  341    0   22    3    3    1    2601
    2    1  208  388  279    1   18    2    2    1    1297
    2    1  209  389  358    0   23    3    3    1    1086
    2    1  210  390   31    1    2    1    1    1    1283
    2    1  211  391  143    0    9    1    1    1    1728
    2    1  212  392  291    0   19    2    3    0    1036
    2    1  213  393   68    0    5    1    1    1    1700
    2    1  214  394  395    1   25    3    3    1     911
    2    1  215  395   58    0    4    1    1    1     718
    2    1  216  396  292    0   19    2    2    1     978
    2    1  217  397  462    0   29    3    2    0    1483
    2    1  218  398  146    1   10    1    1    1     864
    2    1  219  399  420    1   27    3    3    1     703
    2    1  220  400  243    0   16    2    2    1    1219
    2    1  221  401  443    1   28    3    3    1     739
    2    1  222  402  382    0   24    3    3    1     935
    2    1  223  403  290    0   19    2    1    0     610
    2    1  224  404   91    0    6    1    2    0    1147
    2    1  225  405   82    0    6    1    3    0    1422
    2    1  226  406  152    0   10    1    1    1    1142
    2    1  227  407   43    0    3    1    1    1    1113
    2    1  228  408  435    0   28    3    3    1     973
    2    1  229  409  374    0   24    3    1    0     599
    2    1  230  410  457    0   29    3    3    1     607
    2    1  231  411   16    1    1    1    1    1     696
    2    1  232  412  139    0    9    1    1    1    1198
    2    1  233  413  379    0   24    3    3    1     592
    2    1  234  414  203    1   13    2    1    0    3017
    2    1  235  415   19    0    2    1    1    1    2176
    2    1  236  416  430    0   27    3    3    1    1018
    2    1  237  417  101    0    7    1    1    1    1010
    2    1  238  418  212    0   14    2    3    0    1019
    2    1  239  419  452    0   29    3    1    0    1155
    2    1  240  420  342    0   22    3    3    1    2182
    2    1  241  421   22    0    2    1    1    1    1615
    2    1  242  422  167    0   11    2    1    0     543
    2    1  243  423  422    0   27    3    2    0    1546
    2    1  244  424  311    0   20    2    1    0    1789
    2    1  245  425   25    0    2    1    1    1    2614
    2    1  246  426   62    1    4    1    1    1    1487
    2    1  247  427   23    0    2    1    1    1     612
    2    1  248  428  104    0    7    1    3    0    1053
    2    1  249  429   34    1    3    1    1    1    4819
    2    1  250  430   42    0    3    1    1    1    1012
    2    1  251  431  269    0   17    2    3    0    1420
    2    1  252  432  398    0   25    3    2    0    1092
    2    1  253  433  349    0   22    3    3    1     682
    2    1  254  434  134    0    9    1    1    1     831
    2    1  255  435  174    0   11    2    1    0    1230
    2    1  256  436  365    0   23    3    3    1     669
    2    1  257  437  195    1   13    2    2    1     708
    2    1  258  438  288    0   18    2    1    0     920
    2    1  259  439   87    0    6    1    2    0     868
    2    1  260  440  433    0   28    3    3    1     771
    2    1  261  441  449    0   29    3    2    0     756
    2    1  262  442  163    1   11    2    2    1    1014
    2    1  263  443  405    1   26    3    3    1     654
    2    1  264  444   41    0    3    1    1    1    1125
    2    1  265  445  434    0   28    3    3    1    2298
    2    1  266  446  153    0   10    1    1    1     703
    2    1  267  447  325    0   21    3    1    0    1059
    2    1  268  448  463    0   29    3    2    0    2218
    2    1  269  449  197    0   13    2    1    0     962
    2    1  270  450  477    0   30    3    3    1    1052
    2    1  271  451  214    0   14    2    1    0    1155
    2    1  272  452   32    0    2    1    1    1     933
    2    1  273  453  423    1   27    3    3    1     785
    2    1  274  454  329    0   21    3    2    0    1026
    2    1  275  455   88    0    6    1    2    0    1803
    2    1  276  456  148    1   10    1    1    1     883
    2    1  277  457  187    0   12    2    2    1    1056
    2    1  278  458  456    1   29    3    3    1     710
    2    1  279  459  193    0   13    2    1    0    5372
    2    1  280  460  394    0   25    3    3    1    1366
    2    1  281  461  393    0   25    3    1    0     624
    2    1  282  462   11    0    1    1    2    0     616
    2    1  283  463  178    0   12    2    2    1    1087
    2    1  284  464  442    0   28    3    3    1    1094
    2    1  285  465  273    0   18    2    1    0     874
    2    1  286  466   72    1    5    1    1    1     745
    2    1  287  467  315    0   20    2    2    1    1371
    2    1  288  468   94    0    6    1    2    0     773
    2    1  289  469  372    0   24    3    1    0     663
    2    1  290  470  133    0    9    1    1    1     574
    2    1  291  471  386    0   25    3    3    1    1144
    2    1  292  472  320    0   20    2    2    1    1115
    2    1  293  473  205    0   13    2    1    0     559
    2    1  294  474  216    0   14    2    1    0    1177
    2    1  295  475  476    0   30    3    1    0     524
    2    1  296  476  353    0   23    3    2    0     775
    2    1  297  477  169    0   11    2    2    1     697
    2    1  298  478  460    0   29    3    2    0     990
    2    1  299  479   78    0    5    1    1    1     600
    2    1  300  480  154    0   10    1    1    1     529
