    1    1    1    1  446    1   28    3    1    0    4446
    1    1    2    2  279    1   18    2    2    1    1704
    1    1    3    3  456    1   29    3    1    0    1945
    1    1    4    4  146    1   10    1    1    1    2864
    1    1    5    5  278    1   18    2    2    1    3105
    1    1    6    6  224    1   14    2    1    0    3690
    1    1    7    7  250    1   16    2    2    1    2075
    1    1    8    8  215    1   14    2    3    0    2636
    1    1    9    9  330    1   21    3    1    0    1625
    1    1   10   10   40    1    3    1    1    1    1661
    1    1   11   11  455    1   29    3    3    1    3150
    1    1   12   12  405    1   26    3    3    1    1685
    1    1   13   13  148    1   10    1    3    0    2887
    1    1   14   14   73    1    5    1    1    1    1496
    1    1   15   15  238    1   15    2    3    0    3071
    1    1   16   16  355    1   23    3    2    0    1850
    1    1   17   17  397    1   25    3    1    0    4564
    1    1   18   18  186    1   12    2    2    1    3683
    1    1   19   19  136    1    9    1    3    0    3412
    1    1   20   20  115    1    8    1    1    1    1169
    1    1   21   21  339    1   22    3    3    1    2246
    1    1   22   22   34    1    3    1    1    1    1536
    1    1   23   23  163    1   11    2    1    0    2056
    1    1   24   24   72    1    5    1    1    1    1210
    1    1   25   25  306    1   20    2    3    0    1968
    1    1   26   26  465    1   30    3    2    0    3350
    1    1   27   27  195    1   13    2    2    1    1366
    1    1   28   28  420    1   27    3    3    1    1603
    1    1   29   29  327    1   21    3    1    0    3640
    1    1   30   30  135    1    9    1    3    0    1292
    1    1   31   31   96    1    6    1    3    0    3598
    1    1   32   32  111    1    7    1    2    0    1746
    1    1   33   33   62    1    4    1    2    0    2161
    1    1   34   34   55    1    4    1    1    1    1727
    1    1   35   35   17    1    2    1    2    0    8735
    1    1   36   36  423    1   27    3    1    0    7431
    1    1   37   37  229    1   15    2    2    1    1858
    1    1   38   38  241    1   16    2    2    1    2701
    1    1   39   39  395    1   25    3    3    1    1542
    1    1   40   40  471    1   30    3    3    1    2765
    1    1   41   41   16    1    1    1    1    1    1251
    1    1   42   42   85    1    6    1    1    1    2581
    1    1   43   43  203    1   13    2    2    1    1363
    1    1   44   44  190    1   12    2    2    1    2865
    1    1   45   45  267    1   17    2    2    1    3010
    1    1   46   46    7    1    1    1    1    1    1215
    1    1   47   47  443    1   28    3    3    1    3733
    1    1   48   48  376    1   24    3    1    0    1427
    1    1   49   49  297    1   19    2    3    0    1696
    1    1   50   50  125    1    8    1    3    0    2160
    1    1   51   51  337    1   22    3    3    1    1743
    1    1   52   52  106    1    7    1    3    0    1392
    1    1   53   53  308    1   20    2    2    1    3596
    1    1   54   54  413    1   26    3    2    0    1521
    1    1   55   55  272    1   17    2    2    1    3753
    1    1   56   56  293    1   19    2    2    1    4136
    1    1   57   57  170    1   11    2    1    0    1399
    1    1   58   58   31    1    2    1    3    0    1284
    1    1   59   59  381    1   24    3    1    0    1157
    1    1   60   60  359    1   23    3    2    0    1708
    1    2    1   61  306    1   20    2    2    1    1725
    1    2    2   62  405    1   26    3    3    1    1358
    1    2    3   63  106    1    7    1    1    1    1437
    1    2    4   64  293    1   19    2    2    1    1352
    1    2    5   65  190    1   12    2    2    1    2486
    1    2    6   66  250    1   16    2    2    1    2520
    1    2    7   67  125    1    8    1    1    1    3400
    1    2    8   68   73    1    5    1    1    1    1797
    1    2    9   69  471    1   30    3    3    1    1377
    1    2   10   70  455    1   29    3    3    1    1791
    1    2   11   71  163    1   11    2    2    1    1916
    1    2   12   72   17    1    2    1    1    1    4213
    1    2   13   73   85    1    6    1    3    0    2017
    1    2   14   74    7    1    1    1    1    1    1461
    1    2   15   75  136    1    9    1    3    0    2287
    1    2   16   76  359    1   23    3    3    1    2616
    1    2   17   77  272    1   17    2    3    0    3556
    1    2   18   78   31    1    2    1    3    0    1435
    1    2   19   79  203    1   13    2    2    1    2198
    1    2   20   80  146    1   10    1    1    1    1731
    1    2   21   81   16    1    1    1    1    1    1891
    1    2   22   82  327    1   21    3    3    1    1708
    1    2   23   83   55    1    4    1    1    1    4685
    1    2   24   84   40    1    3    1    1    1    1142
    1    2   25   85  267    1   17    2    3    0    1757
    1    2   26   86  170    1   11    2    1    0    3163
    1    2   27   87  381    1   24    3    3    1    1491
    1    2   28   88  279    1   18    2    3    0    2219
    1    2   29   89  355    1   23    3    3    1    1687
    1    2   30   90  241    1   16    2    2    1    1304
    1    2   31   91  278    1   18    2    2    1    1145
    1    2   32   92  115    1    8    1    3    0    3024
    1    2   33   93  186    1   12    2    3    0    1900
    1    2   34   94  423    1   27    3    2    0    5204
    1    2   35   95  395    1   25    3    3    1    8617
    1    2   36   96   62    1    4    1    1    1    2390
    1    2   37   97  195    1   13    2    2    1    1323
    1    2   38   98  224    1   14    2    3    0    1275
    1    2   39   99  111    1    7    1    2    0    5677
    1    2   40  100  148    1   10    1    3    0    1342
    1    2   41  101  413    1   26    3    3    1    3583
    1    2   42  102  446    1   28    3    3    1    2756
    1    2   43  103  229    1   15    2    2    1    1306
    1    2   44  104  215    1   14    2    2    1    5595
    1    2   45  105  238    1   15    2    2    1    2800
    1    2   46  106   34    1    3    1    1    1    4741
    1    2   47  107  397    1   25    3    3    1    5388
    1    2   48  108  420    1   27    3    3    1    1770
    1    2   49  109  465    1   30    3    3    1    2968
    1    2   50  110  297    1   19    2    3    0    9621
    1    2   51  111  308    1   20    2    3    0    2155
    1    2   52  112  376    1   24    3    2    0    1978
    1    2   53  113   72    1    5    1    1    1    1150
    1    2   54  114  135    1    9    1    3    0    1861
    1    2   55  115  339    1   22    3    3    1    1327
    1    2   56  116  443    1   28    3    3    1    1438
    1    2   57  117  337    1   22    3    3    1    1418
    1    2   58  118  456    1   29    3    3    1    3286
    1    2   59  119   96    1    6    1    2    0    4807
    1    2   60  120  330    1   21    3    3    1    1900
    1    3    1  121  163    1   11    2    2    1    1445
    1    3    2  122  355    1   23    3    3    1    1615
    1    3    3  123  330    1   21    3    3    1    2035
    1    3    4  124  148    1   10    1    3    0    4471
    1    3    5  125  224    1   14    2    1    0    1289
    1    3    6  126  327    1   21    3    2    0    4890
    1    3    7  127  397    1   25    3    3    1    1292
    1    3    8  128  297    1   19    2    1    0    4781
    1    3    9  129  203    1   13    2    2    1    2915
    1    3   10  130   40    1    3    1    1    1    1650
    1    3   11  131  308    1   20    2    3    0    1814
    1    3   12  132   73    1    5    1    1    1    1715
    1    3   13  133   96    1    6    1    1    1    6002
    1    3   14  134  420    1   27    3    3    1    1175
    1    3   15  135  443    1   28    3    3    1    1212
    1    3   16  136  272    1   17    2    2    1    1568
    1    3   17  137   85    1    6    1    1    1    3574
    1    3   18  138   62    1    4    1    1    1    2973
    1    3   19  139  136    1    9    1    1    1    2459
    1    3   20  140  186    1   12    2    3    0    1982
    1    3   21  141  293    1   19    2    2    1    1747
    1    3   22  142   16    1    1    1    1    1    2257
    1    3   23  143  337    1   22    3    3    1    1372
    1    3   24  144  455    1   29    3    2    0    1387
    1    3   25  145  381    1   24    3    3    1    1336
    1    3   26  146  241    1   16    2    2    1    3351
    1    3   27  147  376    1   24    3    3    1    1685
    1    3   28  148  195    1   13    2    2    1    3031
    1    3   29  149   55    1    4    1    1    1    3122
    1    3   30  150  278    1   18    2    2    1    1915
    1    3   31  151  306    1   20    2    3    0    1971
    1    3   32  152   34    1    3    1    1    1    1241
    1    3   33  153  238    1   15    2    2    1    1821
    1    3   34  154  135    1    9    1    3    0    1320
    1    3   35  155  456    1   29    3    3    1    1369
    1    3   36  156  471    1   30    3    2    0    1510
    1    3   37  157    7    1    1    1    1    1    1390
    1    3   38  158  446    1   28    3    3    1    1244
    1    3   39  159  465    1   30    3    2    0    1326
    1    3   40  160  215    1   14    2    2    1    1376
    1    3   41  161  146    1   10    1    1    1    1246
    1    3   42  162  267    1   17    2    2    1    2479
    1    3   43  163  339    1   22    3    3    1    1330
    1    3   44  164  229    1   15    2    2    1    1329
    1    3   45  165  125    1    8    1    2    0    3329
    1    3   46  166  413    1   26    3    3    1    1728
    1    3   47  167  190    1   12    2    3    0    6591
    1    3   48  168   31    1    2    1    3    0    1149
    1    3   49  169   72    1    5    1    1    1    1091
    1    3   50  170  405    1   26    3    3    1    1836
    1    3   51  171  359    1   23    3    2    0    1240
    1    3   52  172  106    1    7    1    2    0    1564
    1    3   53  173  250    1   16    2    2    1    1122
    1    3   54  174  170    1   11    2    1    0    1145
    1    3   55  175  115    1    8    1    1    1    1681
    1    3   56  176  395    1   25    3    3    1    1394
    1    3   57  177   17    1    2    1    2    0    1663
    1    3   58  178  279    1   18    2    2    1    3233
    1    3   59  179  423    1   27    3    1    0    4292
    1    3   60  180  111    1    7    1    2    0    1807
    2    1    1  181  339    1   22    3    3    1    2171
    2    1    2  182  418    0   27    3    3    1    5396
    2    1    3  183  255    0   16    2    2    1    3885
    2    1    4  184  457    0   29    3    2    0    3507
    2    1    5  185  237    0   15    2    2    1    3270
    2    1    6  186  461    0   29    3    3    1    2437
    2    1    7  187  120    0    8    1    1    1    7588
    2    1    8  188  478    0   30    3    2    0    2824
    2    1    9  189  334    0   21    3    2    0    2792
    2    1   10  190  393    0   25    3    2    0    1529
    2    1   11  191  437    0   28    3    3    1    3917
    2    1   12  192  310    0   20    2    2    1    1760
    2    1   13  193  152    0   10    1    3    0    3483
    2    1   14  194   60    0    4    1    3    0    4384
    2    1   15  195   70    0    5    1    1    1    1281
    2    1   16  196  423    1   27    3    3    1    2718
    2    1   17  197    3    0    1    1    1    1    1267
    2    1   18  198  341    0   22    3    1    0    3569
    2    1   19  199  189    0   12    2    3    0    2067
    2    1   20  200  251    0   16    2    3    0    3313
    2    1   21  201  198    0   13    2    2    1    1212
    2    1   22  202  148    1   10    1    3    0    1740
    2    1   23  203  284    0   18    2    2    1    3543
    2    1   24  204  216    0   14    2    3    0    4602
    2    1   25  205   24    0    2    1    3    0    4083
    2    1   26  206  166    0   11    2    1    0    1856
    2    1   27  207  291    0   19    2    1    0    1335
    2    1   28  208  363    0   23    3    3    1    2482
    2    1   29  209   91    0    6    1    1    1    3488
    2    1   30  210  314    0   20    2    3    0    2356
    2    1   31  211  309    0   20    2    2    1    2584
    2    1   32  212  217    0   14    2    3    0    3905
    2    1   33  213   20    0    2    1    3    0    2501
    2    1   34  214  350    0   22    3    1    0    1490
    2    1   35  215  223    0   14    2    3    0    4167
    2    1   36  216  281    0   18    2    1    0    1265
    2    1   37  217  239    0   15    2    2    1    1199
    2    1   38  218  270    0   17    2    3    0    2192
    2    1   39  219  475    0   30    3    3    1    1833
    2    1   40  220  244    0   16    2    1    0    3232
    2    1   41  221  304    0   19    2    3    0    1999
    2    1   42  222  419    0   27    3    1    0    2944
    2    1   43  223  315    0   20    2    3    0    1611
    2    1   44  224  371    0   24    3    1    0    1211
    2    1   45  225  369    0   24    3    1    0    1195
    2    1   46  226  335    0   21    3    2    0    1772
    2    1   47  227   38    0    3    1    1    1    1126
    2    1   48  228  259    0   17    2    2    1    4586
    2    1   49  229    5    0    1    1    1    1    1252
    2    1   50  230  390    0   25    3    3    1    1330
    2    1   51  231  155    0   10    1    2    0    3213
    2    1   52  232  127    0    8    1    1    1    4605
    2    1   53  233   56    0    4    1    1    1    1335
    2    1   54  234  444    0   28    3    3    1    2002
    2    1   55  235  101    0    7    1    1    1    2978
    2    1   56  236  130    0    9    1    1    1     860
    2    1   57  237  388    0   25    3    2    0    2491
    2    1   58  238  227    0   15    2    2    1    3079
    2    1   59  239  472    0   30    3    2    0     973
    2    1   60  240  473    0   30    3    2    0    1015
    2    1   61  241  287    0   18    2    1    0    1023
    2    1   62  242  447    0   28    3    3    1    1047
    2    1   63  243  114    0    8    1    1    1    3837
    2    1   64  244  225    0   15    2    3    0    1796
    2    1   65  245  170    1   11    2    1    0     686
    2    1   66  246  351    0   22    3    1    0     803
    2    1   67  247   94    0    6    1    1    1    2355
    2    1   68  248  370    0   24    3    1    0     630
    2    1   69  249  313    0   20    2    2    1     910
    2    1   70  250  136    1    9    1    1    1    2330
    2    1   71  251  135    1    9    1    1    1     622
    2    1   72  252  177    0   12    2    2    1    2534
    2    1   73  253  480    0   30    3    2    0     881
    2    1   74  254  171    0   11    2    1    0     799
    2    1   75  255   11    0    1    1    1    1     991
    2    1   76  256  218    0   14    2    2    1    1337
    2    1   77  257  311    0   20    2    2    1    1443
    2    1   78  258  367    0   23    3    2    0    1178
    2    1   79  259   57    0    4    1    3    0    1277
    2    1   80  260   85    1    6    1    1    1    1609
    2    1   81  261  456    1   29    3    3    1     987
    2    1   82  262  175    0   11    2    2    1    1124
    2    1   83  263  366    0   23    3    3    1     872
    2    1   84  264  358    0   23    3    3    1     742
    2    1   85  265   10    0    1    1    1    1    1066
    2    1   86  266  406    0   26    3    3    1    1183
    2    1   87  267  123    0    8    1    1    1    1136
    2    1   88  268  377    0   24    3    1    0     820
    2    1   89  269   19    0    2    1    1    1     692
    2    1   90  270   17    1    2    1    2    0    1001
    2    1   91  271  451    0   29    3    2    0    2002
    2    1   92  272  357    0   23    3    3    1     834
    2    1   93  273  429    0   27    3    2    0    1074
    2    1   94  274  349    0   22    3    1    0     760
    2    1   95  275   52    0    4    1    1    1     746
    2    1   96  276  466    0   30    3    2    0    1421
    2    1   97  277  261    0   17    2    2    1     757
    2    1   98  278  449    0   29    3    3    1    2151
    2    1   99  279  205    0   13    2    3    0    1106
    2    1  100  280    8    0    1    1    3    0    4135
    2    1  101  281  184    0   12    2    1    0    1746
    2    1  102  282  206    0   13    2    3    0    1069
    2    1  103  283  106    1    7    1    1    1    1698
    2    1  104  284  324    0   21    3    3    1    2047
    2    1  105  285  353    0   23    3    3    1    1470
    2    1  106  286   97    0    7    1    3    0    2820
    2    1  107  287  164    0   11    2    2    1    1428
    2    1  108  288  209    0   14    2    2    1    3387
    2    1  109  289  345    0   22    3    1    0    2100
    2    1  110  290  343    0   22    3    1    0     609
    2    1  111  291  109    0    7    1    1    1     537
    2    1  112  292  119    0    8    1    1    1     565
    2    1  113  293  427    0   27    3    2    0    1071
    2    1  114  294   78    0    5    1    1    1     693
    2    1  115  295  322    0   21    3    3    1    2875
    2    1  116  296  320    0   20    2    2    1     760
    2    1  117  297  207    0   13    2    3    0    3099
    2    1  118  298  253    0   16    2    1    0     784
    2    1  119  299  389    0   25    3    3    1    2353
    2    1  120  300  168    0   11    2    1    0    1730
    2    1  121  301   48    0    3    1    1    1     654
    2    1  122  302  133    0    9    1    1    1     789
    2    1  123  303  469    0   30    3    2    0     789
    2    1  124  304    7    1    1    1    1    1     647
    2    1  125  305  462    0   29    3    3    1    2174
    2    1  126  306  381    1   24    3    1    0     552
    2    1  127  307  154    0   10    1    1    1     626
    2    1  128  308  307    0   20    2    2    1     697
    2    1  129  309  139    0    9    1    1    1    3470
    2    1  130  310  301    0   19    2    2    1    2629
    2    1  131  311  378    0   24    3    1    0    1004
    2    1  132  312   34    1    3    1    1    1     628
    2    1  133  313  413    1   26    3    3    1    1004
    2    1  134  314  263    0   17    2    2    1     964
    2    1  135  315   71    0    5    1    1    1     591
    2    1  136  316  476    0   30    3    3    1    2904
    2    1  137  317  290    0   19    2    3    0    2693
    2    1  138  318  318    0   20    2    2    1    1788
    2    1  139  319  248    0   16    2    1    0     964
    2    1  140  320  269    0   17    2    2    1     957
    2    1  141  321   72    1    5    1    1    1     695
    2    1  142  322  360    0   23    3    3    1     893
    2    1  143  323  214    0   14    2    3    0    1498
    2    1  144  324   13    0    1    1    1    1    1647
    2    1  145  325  274    0   18    2    3    0    2589
    2    1  146  326  196    0   13    2    2    1    3174
    2    1  147  327  185    0   12    2    3    0    1688
    2    1  148  328  141    0    9    1    1    1    1303
    2    1  149  329  229    1   15    2    2    1     994
    2    1  150  330  215    1   14    2    2    1    1452
    2    1  151  331   90    0    6    1    3    0    1874
    2    1  152  332  191    0   12    2    3    0    3704
    2    1  153  333  405    1   26    3    3    1    1333
    2    1  154  334  117    0    8    1    1    1    2128
    2    1  155  335    2    0    1    1    1    1    1356
    2    1  156  336  265    0   17    2    2    1    1558
    2    1  157  337  125    1    8    1    1    1    2457
    2    1  158  338   82    0    6    1    3    0    1432
    2    1  159  339  433    0   28    3    3    1    1632
    2    1  160  340  128    0    8    1    3    0    4510
    2    1  161  341  208    0   13    2    3    0    1290
    2    1  162  342  179    0   12    2    3    0    1481
    2    1  163  343  111    1    7    1    2    0    2061
    2    1  164  344  186    1   12    2    3    0    1324
    2    1  165  345  143    0    9    1    1    1    1303
    2    1  166  346   99    0    7    1    1    1     932
    2    1  167  347  337    1   22    3    3    1    1712
    2    1  168  348  129    0    9    1    1    1    3628
    2    1  169  349  336    0   21    3    2    0    1819
    2    1  170  350  361    0   23    3    3    1    3427
    2    1  171  351   39    0    3    1    1    1    1147
    2    1  172  352  121    0    8    1    1    1    1533
    2    1  173  353  203    1   13    2    2    1    1521
    2    1  174  354  188    0   12    2    3    0    1445
    2    1  175  355  306    1   20    2    2    1    3132
    2    1  176  356   32    0    2    1    3    0    3089
    2    1  177  357  165    0   11    2    2    1    1205
    2    1  178  358  137    0    9    1    1    1    1301
    2    1  179  359  257    0   17    2    1    0     977
    2    1  180  360  294    0   19    2    1    0     507
    2    1  181  361  232    0   15    2    1    0    2920
    2    1  182  362  453    0   29    3    3    1    1988
    2    1  183  363  194    0   13    2    1    0     694
    2    1  184  364   65    0    5    1    1    1     859
    2    1  185  365  321    0   21    3    3    1    3001
    2    1  186  366  234    0   15    2    3    0    1362
    2    1  187  367  122    0    8    1    1    1    1132
    2    1  188  368  364    0   23    3    3    1    1135
    2    1  189  369   46    0    3    1    1    1     578
    2    1  190  370  271    0   17    2    2    1     811
    2    1  191  371  421    0   27    3    3    1    3068
    2    1  192  372  355    1   23    3    3    1    1154
    2    1  193  373  243    0   16    2    3    0    1301
    2    1  194  374  146    1   10    1    1    1     609
    2    1  195  375  404    0   26    3    3    1    1722
    2    1  196  376  327    1   21    3    2    0    1446
    2    1  197  377   22    0    2    1    3    0    3005
    2    1  198  378  458    0   29    3    3    1    2549
    2    1  199  379  468    0   30    3    3    1     944
    2    1  200  380   26    0    2    1    3    0    1451
    2    1  201  381  167    0   11    2    1    0     610
    2    1  202  382  374    0   24    3    1    0    1866
    2    1  203  383  200    0   13    2    2    1    1903
    2    1  204  384   89    0    6    1    2    0     868
    2    1  205  385  150    0   10    1    3    0    1266
    2    1  206  386  459    0   29    3    3    1    1360
    2    1  207  387  328    0   21    3    3    1    1691
    2    1  208  388  416    0   26    3    3    1    4584
    2    1  209  389  401    0   26    3    1    0    2034
    2    1  210  390  300    0   19    2    2    1    1409
    2    1  211  391  286    0   18    2    3    0    2090
    2    1  212  392  439    0   28    3    3    1    1399
    2    1  213  393  441    0   28    3    3    1     769
    2    1  214  394  105    0    7    1    3    0    1633
    2    1  215  395   33    0    3    1    1    1    1153
    2    1  216  396  226    0   15    2    3    0    2723
    2    1  217  397  233    0   15    2    3    0    1111
    2    1  218  398  319    0   20    2    2    1    1163
    2    1  219  399  147    0   10    1    2    0    1101
    2    1  220  400   63    0    4    1    1    1     834
    2    1  221  401  305    0   20    2    3    0    5249
    2    1  222  402  201    0   13    2    2    1    2000
    2    1  223  403   62    1    4    1    1    1     898
    2    1  224  404  246    0   16    2    2    1    1485
    2    1  225  405  331    0   21    3    2    0    1235
    2    1  226  406   21    0    2    1    2    0    1778
    2    1  227  407  219    0   14    2    1    0    2411
    2    1  228  408  387    0   25    3    3    1    1708
    2    1  229  409  182    0   12    2    2    1     984
    2    1  230  410   18    0    2    1    2    0    2162
    2    1  231  411   77    0    5    1    1    1     876
    2    1  232  412  395    1   25    3    3    1    1018
    2    1  233  413  131    0    9    1    3    0    1457
    2    1  234  414  132    0    9    1    1    1    1336
    2    1  235  415  245    0   16    2    2    1    3987
    2    1  236  416  356    0   23    3    2    0    2261
    2    1  237  417   14    0    1    1    1    1    1163
    2    1  238  418  210    0   14    2    3    0    3645
    2    1  239  419  368    0   23    3    3    1    2188
    2    1  240  420  412    0   26    3    3    1     949
    2    1  241  421  266    0   17    2    2    1     847
    2    1  242  422  113    0    8    1    2    0    2623
    2    1  243  423  460    0   29    3    3    1    2246
    2    1  244  424    6    0    1    1    1    1     781
    2    1  245  425  254    0   16    2    2    1    1823
    2    1  246  426  283    0   18    2    3    0    1655
    2    1  247  427   64    0    4    1    3    0    2854
    2    1  248  428   61    0    4    1    1    1     883
    2    1  249  429  448    0   28    3    3    1     945
    2    1  250  430  134    0    9    1    3    0    1724
    2    1  251  431  415    0   26    3    3    1    1033
    2    1  252  432  238    1   15    2    2    1     832
    2    1  253  433  397    1   25    3    2    0     976
    2    1  254  434  477    0   30    3    3    1    1882
    2    1  255  435  384    0   24    3    3    1    1662
    2    1  256  436    1    0    1    1    1    1     717
    2    1  257  437    4    0    1    1    1    1     449
    2    1  258  438  190    1   12    2    3    0    1887
    2    1  259  439  187    0   12    2    3    0     981
    2    1  260  440  183    0   12    2    2    1    1886
    2    1  261  441  293    1   19    2    2    1    1092
    2    1  262  442   75    0    5    1    1    1     649
    2    1  263  443  275    0   18    2    1    0     703
    2    1  264  444  172    0   11    2    1    0     563
    2    1  265  445  224    1   14    2    2    1    2221
    2    1  266  446  267    1   17    2    2    1    2213
    2    1  267  447   43    0    3    1    1    1     573
    2    1  268  448  282    0   18    2    3    0    2551
    2    1  269  449  197    0   13    2    1    0     754
    2    1  270  450   36    0    3    1    1    1     580
    2    1  271  451  228    0   15    2    3    0     814
    2    1  272  452   42    0    3    1    1    1     845
    2    1  273  453  428    0   27    3    3    1     732
    2    1  274  454  422    0   27    3    3    1    1248
    2    1  275  455   96    1    6    1    1    1    1279
    2    1  276  456  394    0   25    3    3    1     939
    2    1  277  457  383    0   24    3    1    0     631
    2    1  278  458  417    0   27    3    2    0    1470
    2    1  279  459  352    0   22    3    3    1     805
    2    1  280  460  344    0   22    3    1    0     645
    2    1  281  461  180    0   12    2    2    1    2651
    2    1  282  462  302    0   19    2    2    1    4354
    2    1  283  463   81    0    6    1    3    0    3269
    2    1  284  464   67    0    5    1    1    1     771
    2    1  285  465  102    0    7    1    3    0    1956
    2    1  286  466  247    0   16    2    2    1    1464
    2    1  287  467  264    0   17    2    2    1    1182
    2    1  288  468  399    0   25    3    3    1    1839
    2    1  289  469  280    0   18    2    2    1    2535
    2    1  290  470  346    0   22    3    1    0     721
    2    1  291  471  470    0   30    3    2    0    1285
    2    1  292  472   30    0    2    1    3    0     738
    2    1  293  473  435    0   28    3    1    0     965
    2    1  294  474  288    0   18    2    1    0     975
    2    1  295  475  297    1   19    2    3    0    1593
    2    1  296  476  268    0   17    2    2    1     827
    2    1  297  477  140    0    9    1    3    0    2938
    2    1  298  478  362    0   23    3    3    1     790
    2    1  299  479  202    0   13    2    2    1    1127
    2    1  300  480  471    1   30    3    2    0    1163
