    1    1    1    1  387    1   25    3    2    0    4977
    1    1    2    2  120    1    8    1    2    0    1430
    1    1    3    3  201    1   13    2    2    1     722
    1    1    4    4   49    1    4    1    3    0    1594
    1    1    5    5  471    1   30    3    2    0     975
    1    1    6    6   52    1    4    1    1    1    1133
    1    1    7    7  121    1    8    1    2    0     804
    1    1    8    8  360    1   23    3    2    0    1897
    1    1    9    9  290    1   19    2    3    0    2609
    1    1   10   10   35    1    3    1    2    0    1006
    1    1   11   11  269    1   17    2    2    1     811
    1    1   12   12   33    1    3    1    3    0    1471
    1    1   13   13  216    1   14    2    3    0     937
    1    1   14   14  182    1   12    2    2    1     665
    1    1   15   15   56    1    4    1    1    1     995
    1    1   16   16  406    1   26    3    2    0    1361
    1    1   17   17  267    1   17    2    3    0    1295
    1    1   18   18  219    1   14    2    2    1     912
    1    1   19   19   71    1    5    1    1    1    1265
    1    1   20   20  117    1    8    1    3    0     707
    1    1   21   21  245    1   16    2    2    1     875
    1    1   22   22   37    1    3    1    3    0     702
    1    1   23   23  409    1   26    3    2    0     790
    1    1   24   24  276    1   18    2    3    0    1388
    1    1   25   25  212    1   14    2    3    0    1001
    1    1   26   26  465    1   30    3    2    0     806
    1    1   27   27  353    1   23    3    2    0     666
    1    1   28   28  272    1   17    2    3    0    1013
    1    1   29   29  359    1   23    3    2    0     816
    1    1   30   30  217    1   14    2    3    0    1237
    1    1   31   31   38    1    3    1    2    0     777
    1    1   32   32  266    1   17    2    3    0     958
    1    1   33   33  271    1   17    2    2    1     669
    1    1   34   34    6    1    1    1    3    0     887
    1    1   35   35  252    1   16    2    3    0     824
    1    1   36   36  479    1   30    3    2    0     701
    1    1   37   37  326    1   21    3    3    1    1013
    1    1   38   38    4    1    1    1    3    0     849
    1    1   39   39  396    1   25    3    3    1     724
    1    1   40   40  280    1   18    2    2    1     860
    1    1   41   41  340    1   22    3    3    1     847
    1    1   42   42  448    1   28    3    1    0     593
    1    1   43   43  380    1   24    3    3    1     863
    1    1   44   44  408    1   26    3    3    1     593
    1    1   45   45   15    1    1    1    3    0     783
    1    1   46   46   53    1    4    1    1    1     756
    1    1   47   47  411    1   26    3    3    1     747
    1    1   48   48   36    1    3    1    3    0     721
    1    1   49   49  250    1   16    2    3    0     699
    1    1   50   50  473    1   30    3    3    1     642
    1    1   51   51   80    1    5    1    1    1     526
    1    1   52   52  424    1   27    3    3    1    1071
    1    1   53   53  356    1   23    3    2    0     904
    1    1   54   54   58    1    4    1    3    0     682
    1    1   55   55  476    1   30    3    3    1     787
    1    1   56   56  164    1   11    2    2    1     696
    1    1   57   57   66    1    5    1    2    0     720
    1    1   58   58  240    1   15    2    3    0     807
    1    1   59   59   16    1    1    1    3    0     718
    1    1   60   60  289    1   19    2    2    1     789
    1    2    1   61  245    1   16    2    2    1     859
    1    2    2   62    6    1    1    1    3    0     670
    1    2    3   63  216    1   14    2    3    0     760
    1    2    4   64   66    1    5    1    2    0     895
    1    2    5   65   56    1    4    1    3    0    2496
    1    2    6   66   16    1    1    1    1    1    1490
    1    2    7   67  360    1   23    3    3    1     762
    1    2    8   68  250    1   16    2    2    1     881
    1    2    9   69  340    1   22    3    3    1     851
    1    2   10   70  424    1   27    3    3    1     950
    1    2   11   71  217    1   14    2    3    0    1028
    1    2   12   72  276    1   18    2    3    0     624
    1    2   13   73   35    1    3    1    1    1    1868
    1    2   14   74  476    1   30    3    1    0    1495
    1    2   15   75   37    1    3    1    3    0     880
    1    2   16   76  448    1   28    3    2    0     961
    1    2   17   77    4    1    1    1    3    0    1456
    1    2   18   78  272    1   17    2    3    0     746
    1    2   19   79  289    1   19    2    1    0     640
    1    2   20   80  201    1   13    2    3    0     381
    1    2   21   81   38    1    3    1    3    0     625
    1    2   22   82  240    1   15    2    3    0     766
    1    2   23   83  406    1   26    3    1    0     596
    1    2   24   84  408    1   26    3    3    1     816
    1    2   25   85  471    1   30    3    1    0    1125
    1    2   26   86  465    1   30    3    3    1     765
    1    2   27   87  266    1   17    2    3    0     803
    1    2   28   88  121    1    8    1    2    0    1463
    1    2   29   89  252    1   16    2    2    1    1202
    1    2   30   90  117    1    8    1    3    0     806
    1    2   31   91   52    1    4    1    1    1     683
    1    2   32   92   49    1    4    1    3    0     660
    1    2   33   93  387    1   25    3    3    1    1198
    1    2   34   94  271    1   17    2    2    1     867
    1    2   35   95   53    1    4    1    1    1     853
    1    2   36   96   71    1    5    1    3    0    1112
    1    2   37   97   36    1    3    1    2    0    2928
    1    2   38   98  120    1    8    1    1    1    1345
    1    2   39   99  396    1   25    3    3    1     512
    1    2   40  100  212    1   14    2    3    0     673
    1    2   41  101  479    1   30    3    2    0     859
    1    2   42  102  219    1   14    2    1    0     366
    1    2   43  103  353    1   23    3    3    1     675
    1    2   44  104  473    1   30    3    3    1     670
    1    2   45  105   58    1    4    1    1    1     680
    1    2   46  106  356    1   23    3    3    1     673
    1    2   47  107   80    1    5    1    1    1    2107
    1    2   48  108  409    1   26    3    3    1     604
    1    2   49  109  182    1   12    2    3    0    1176
    1    2   50  110  280    1   18    2    3    0    1326
    1    2   51  111  359    1   23    3    3    1     671
    1    2   52  112  267    1   17    2    3    0     728
    1    2   53  113  380    1   24    3    3    1     576
    1    2   54  114   33    1    3    1    2    0     399
    1    2   55  115  290    1   19    2    3    0     771
    1    2   56  116  326    1   21    3    1    0     856
    1    2   57  117  411    1   26    3    3    1     780
    1    2   58  118  269    1   17    2    2    1    1314
    1    2   59  119   15    1    1    1    1    1     754
    1    2   60  120  164    1   11    2    3    0    1224
    1    3    1  121   38    1    3    1    2    0    1724
    1    3    2  122  396    1   25    3    3    1    1307
    1    3    3  123  353    1   23    3    3    1    1501
    1    3    4  124  448    1   28    3    1    0     597
    1    3    5  125    4    1    1    1    3    0     722
    1    3    6  126  120    1    8    1    1    1    1034
    1    3    7  127  356    1   23    3    3    1    1190
    1    3    8  128  117    1    8    1    1    1     779
    1    3    9  129  387    1   25    3    3    1     561
    1    3   10  130  471    1   30    3    3    1     671
    1    3   11  131   36    1    3    1    3    0     569
    1    3   12  132  326    1   21    3    1    0     663
    1    3   13  133  252    1   16    2    2    1     610
    1    3   14  134   16    1    1    1    1    1     686
    1    3   15  135  271    1   17    2    3    0     744
    1    3   16  136   53    1    4    1    3    0     751
    1    3   17  137  182    1   12    2    2    1    1077
    1    3   18  138   71    1    5    1    3    0     975
    1    3   19  139  473    1   30    3    3    1     975
    1    3   20  140  216    1   14    2    3    0     940
    1    3   21  141  411    1   26    3    3    1     475
    1    3   22  142  290    1   19    2    1    0     861
    1    3   23  143   35    1    3    1    3    0     416
    1    3   24  144  219    1   14    2    3    0     660
    1    3   25  145  272    1   17    2    2    1     816
    1    3   26  146   58    1    4    1    1    1     531
    1    3   27  147  201    1   13    2    2    1     754
    1    3   28  148  267    1   17    2    3    0     682
    1    3   29  149  250    1   16    2    2    1     851
    1    3   30  150   66    1    5    1    3    0     774
    1    3   31  151  476    1   30    3    3    1    1084
    1    3   32  152   80    1    5    1    1    1     917
    1    3   33  153  408    1   26    3    3    1     709
    1    3   34  154   56    1    4    1    1    1     862
    1    3   35  155  280    1   18    2    2    1     688
    1    3   36  156  240    1   15    2    3    0     889
    1    3   37  157   15    1    1    1    1    1     603
    1    3   38  158  217    1   14    2    3    0     952
    1    3   39  159  121    1    8    1    1    1    1526
    1    3   40  160   33    1    3    1    2    0     703
    1    3   41  161  212    1   14    2    3    0     550
    1    3   42  162  340    1   22    3    3    1     597
    1    3   43  163  465    1   30    3    3    1     851
    1    3   44  164  406    1   26    3    3    1    1349
    1    3   45  165   49    1    4    1    1    1     947
    1    3   46  166  164    1   11    2    2    1     754
    1    3   47  167  360    1   23    3    3    1     569
    1    3   48  168  479    1   30    3    1    0     647
    1    3   49  169  409    1   26    3    3    1     689
    1    3   50  170   52    1    4    1    1    1     362
    1    3   51  171  289    1   19    2    2    1     546
    1    3   52  172    6    1    1    1    1    1    1425
    1    3   53  173  245    1   16    2    2    1     765
    1    3   54  174  269    1   17    2    3    0     578
    1    3   55  175   37    1    3    1    3    0     929
    1    3   56  176  266    1   17    2    3    0     705
    1    3   57  177  359    1   23    3    3    1    1225
    1    3   58  178  424    1   27    3    3    1     862
    1    3   59  179  380    1   24    3    3    1     656
    1    3   60  180  276    1   18    2    3    0    1051
    2    1    1  181  166    0   11    2    3    0    1573
    2    1    2  182  206    0   13    2    3    0    1383
    2    1    3  183  136    0    9    1    1    1    1680
    2    1    4  184   13    0    1    1    1    1    1150
    2    1    5  185  308    0   20    2    3    0     704
    2    1    6  186  214    0   14    2    3    0     582
    2    1    7  187   59    0    4    1    2    0    1695
    2    1    8  188  360    1   23    3    3    1     748
    2    1    9  189  429    0   27    3    2    0    1022
    2    1   10  190   41    0    3    1    1    1     822
    2    1   11  191  226    0   15    2    1    0    1366
    2    1   12  192  101    0    7    1    1    1     801
    2    1   13  193  473    1   30    3    3    1     705
    2    1   14  194  306    0   20    2    2    1     774
    2    1   15  195  251    0   16    2    2    1     825
    2    1   16  196  319    0   20    2    2    1    1049
    2    1   17  197  338    0   22    3    1    0    1008
    2    1   18  198  180    0   12    2    1    0    1288
    2    1   19  199  441    0   28    3    1    0    1671
    2    1   20  200   29    0    2    1    3    0     740
    2    1   21  201  472    0   30    3    3    1    1030
    2    1   22  202  124    0    8    1    1    1     638
    2    1   23  203  161    0   11    2    1    0    1189
    2    1   24  204  401    0   26    3    3    1     727
    2    1   25  205  178    0   12    2    1    0     827
    2    1   26  206  434    0   28    3    3    1     586
    2    1   27  207   68    0    5    1    1    1     757
    2    1   28  208  440    0   28    3    2    0    1639
    2    1   29  209  459    0   29    3    2    0     950
    2    1   30  210  146    0   10    1    1    1     897
    2    1   31  211  439    0   28    3    1    0    1213
    2    1   32  212  477    0   30    3    3    1     893
    2    1   33  213  193    0   13    2    2    1     569
    2    1   34  214  428    0   27    3    1    0     835
    2    1   35  215   38    1    3    1    3    0     740
    2    1   36  216    4    1    1    1    1    1     807
    2    1   37  217  164    1   11    2    1    0    1351
    2    1   38  218  314    0   20    2    2    1     802
    2    1   39  219  192    0   12    2    1    0     707
    2    1   40  220  125    0    8    1    3    0    1208
    2    1   41  221   65    0    5    1    1    1     745
    2    1   42  222  412    0   26    3    2    0    1132
    2    1   43  223  370    0   24    3    1    0     655
    2    1   44  224  259    0   17    2    2    1     790
    2    1   45  225  399    0   25    3    2    0     887
    2    1   46  226  288    0   18    2    2    1     676
    2    1   47  227  323    0   21    3    3    1    1082
    2    1   48  228  144    0    9    1    1    1     768
    2    1   49  229  326    1   21    3    2    0    1041
    2    1   50  230  128    0    8    1    1    1     857
    2    1   51  231  122    0    8    1    3    0     792
    2    1   52  232  293    0   19    2    3    0     521
    2    1   53  233   64    0    4    1    2    0     677
    2    1   54  234  400    0   25    3    2    0     939
    2    1   55  235  108    0    7    1    1    1    1431
    2    1   56  236  407    0   26    3    2    0     654
    2    1   57  237  395    0   25    3    3    1     868
    2    1   58  238  223    0   14    2    2    1     498
    2    1   59  239  238    0   15    2    2    1     640
    2    1   60  240  262    0   17    2    2    1     551
    2    1   61  241  204    0   13    2    2    1     545
    2    1   62  242  126    0    8    1    1    1     653
    2    1   63  243  184    0   12    2    2    1     835
    2    1   64  244  270    0   17    2    2    1    1042
    2    1   65  245  468    0   30    3    2    0     650
    2    1   66  246  454    0   29    3    2    0     721
    2    1   67  247  218    0   14    2    3    0     772
    2    1   68  248  321    0   21    3    1    0    1208
    2    1   69  249  268    0   17    2    2    1     599
    2    1   70  250   47    0    3    1    1    1     752
    2    1   71  251  443    0   28    3    2    0     834
    2    1   72  252  137    0    9    1    1    1    1090
    2    1   73  253  322    0   21    3    3    1     792
    2    1   74  254  437    0   28    3    2    0     793
    2    1   75  255  105    0    7    1    1    1     890
    2    1   76  256  444    0   28    3    3    1    1704
    2    1   77  257  239    0   15    2    2    1     756
    2    1   78  258  114    0    8    1    1    1     983
    2    1   79  259   97    0    7    1    1    1     800
    2    1   80  260   12    0    1    1    3    0     961
    2    1   81  261  363    0   23    3    2    0     588
    2    1   82  262  420    0   27    3    1    0     644
    2    1   83  263  149    0   10    1    3    0    1580
    2    1   84  264   60    0    4    1    3    0    1870
    2    1   85  265  327    0   21    3    3    1     756
    2    1   86  266  471    1   30    3    2    0     856
    2    1   87  267  307    0   20    2    2    1     949
    2    1   88  268  449    0   29    3    2    0     480
    2    1   89  269  438    0   28    3    1    0     766
    2    1   90  270  110    0    7    1    1    1     817
    2    1   91  271   54    0    4    1    1    1     752
    2    1   92  272   33    1    3    1    3    0     756
    2    1   93  273  209    0   14    2    3    0    1078
    2    1   94  274  316    0   20    2    2    1     637
    2    1   95  275  107    0    7    1    1    1     692
    2    1   96  276  224    0   14    2    3    0     745
    2    1   97  277  113    0    8    1    1    1     780
    2    1   98  278  451    0   29    3    2    0     637
    2    1   99  279  317    0   20    2    2    1     405
    2    1  100  280  121    1    8    1    3    0     550
    2    1  101  281  377    0   24    3    1    0     673
    2    1  102  282   56    1    4    1    1    1     775
    2    1  103  283   71    1    5    1    1    1     985
    2    1  104  284  269    1   17    2    2    1     770
    2    1  105  285   10    0    1    1    1    1    1509
    2    1  106  286  324    0   21    3    2    0     809
    2    1  107  287  343    0   22    3    1    0     746
    2    1  108  288  295    0   19    2    3    0    1053
    2    1  109  289   48    0    3    1    1    1    1108
    2    1  110  290   91    0    6    1    3    0     903
    2    1  111  291  299    0   19    2    1    0     676
    2    1  112  292   39    0    3    1    1    1     667
    2    1  113  293  186    0   12    2    3    0     703
    2    1  114  294  271    1   17    2    2    1     404
    2    1  115  295  277    0   18    2    3    0     645
    2    1  116  296  433    0   28    3    1    0     700
    2    1  117  297  413    0   26    3    3    1     753
    2    1  118  298  292    0   19    2    1    0     660
    2    1  119  299  235    0   15    2    3    0    1114
    2    1  120  300  390    0   25    3    3    1     926
    2    1  121  301  119    0    8    1    1    1     651
    2    1  122  302   63    0    4    1    1    1     593
    2    1  123  303   52    1    4    1    1    1     779
    2    1  124  304  240    1   15    2    3    0     572
    2    1  125  305  371    0   24    3    1    0     567
    2    1  126  306  289    1   19    2    2    1     753
    2    1  127  307  236    0   15    2    2    1     931
    2    1  128  308   76    0    5    1    1    1     735
    2    1  129  309  297    0   19    2    2    1     675
    2    1  130  310    1    0    1    1    1    1     808
    2    1  131  311  153    0   10    1    1    1     649
    2    1  132  312  329    0   21    3    1    0     720
    2    1  133  313  278    0   18    2    2    1     740
    2    1  134  314  462    0   29    3    3    1     952
    2    1  135  315  453    0   29    3    1    0    2051
    2    1  136  316  123    0    8    1    1    1    1041
    2    1  137  317   42    0    3    1    3    0     904
    2    1  138  318  281    0   18    2    3    0     774
    2    1  139  319  222    0   14    2    3    0     903
    2    1  140  320  182    1   12    2    1    0     356
    2    1  141  321   28    0    2    1    1    1     614
    2    1  142  322  419    0   27    3    2    0     559
    2    1  143  323   22    0    2    1    2    0     794
    2    1  144  324   30    0    2    1    1    1     619
    2    1  145  325   43    0    3    1    1    1     835
    2    1  146  326  436    0   28    3    1    0     593
    2    1  147  327  313    0   20    2    2    1    1291
    2    1  148  328   83    0    6    1    1    1     681
    2    1  149  329   67    0    5    1    1    1     734
    2    1  150  330  145    0   10    1    3    0     482
    2    1  151  331   21    0    2    1    3    0     959
    2    1  152  332  334    0   21    3    1    0    1049
    2    1  153  333  175    0   11    2    1    0     528
    2    1  154  334  191    0   12    2    1    0     668
    2    1  155  335  474    0   30    3    3    1     738
    2    1  156  336  234    0   15    2    1    0     405
    2    1  157  337  211    0   14    2    3    0    1111
    2    1  158  338  171    0   11    2    1    0     716
    2    1  159  339  349    0   22    3    1    0     559
    2    1  160  340  225    0   15    2    1    0     923
    2    1  161  341  264    0   17    2    2    1     742
    2    1  162  342  466    0   30    3    1    0    1546
    2    1  163  343  403    0   26    3    1    0     845
    2    1  164  344   23    0    2    1    1    1     733
    2    1  165  345   66    1    5    1    1    1     656
    2    1  166  346  303    0   19    2    1    0     710
    2    1  167  347  359    1   23    3    3    1     731
    2    1  168  348  155    0   10    1    3    0     574
    2    1  169  349   96    0    6    1    1    1     457
    2    1  170  350   24    0    2    1    2    0     886
    2    1  171  351  450    0   29    3    2    0     755
    2    1  172  352  242    0   16    2    3    0    1032
    2    1  173  353  368    0   23    3    1    0     478
    2    1  174  354  141    0    9    1    1    1     557
    2    1  175  355  430    0   27    3    1    0     712
    2    1  176  356   86    0    6    1    2    0     972
    2    1  177  357  389    0   25    3    2    0    1110
    2    1  178  358  415    0   26    3    3    1     667
    2    1  179  359   72    0    5    1    1    1     721
    2    1  180  360  129    0    9    1    1    1     758
    2    1  181  361  246    0   16    2    3    0     824
    2    1  182  362  116    0    8    1    1    1     616
    2    1  183  363  470    0   30    3    2    0     976
    2    1  184  364  376    0   24    3    1    0     826
    2    1  185  365   25    0    2    1    2    0     970
    2    1  186  366  100    0    7    1    1    1     612
    2    1  187  367  333    0   21    3    1    0     797
    2    1  188  368  143    0    9    1    1    1     462
    2    1  189  369  310    0   20    2    3    0     956
    2    1  190  370  203    0   13    2    2    1     807
    2    1  191  371  361    0   23    3    1    0    1000
    2    1  192  372   37    1    3    1    3    0     624
    2    1  193  373  189    0   12    2    1    0     600
    2    1  194  374    6    1    1    1    3    0    1249
    2    1  195  375   14    0    1    1    1    1     576
    2    1  196  376  432    0   27    3    2    0    2042
    2    1  197  377   20    0    2    1    1    1     761
    2    1  198  378  266    1   17    2    1    0     523
    2    1  199  379  364    0   23    3    1    0     600
    2    1  200  380  265    0   17    2    3    0    1248
    2    1  201  381  173    0   11    2    1    0     590
    2    1  202  382  274    0   18    2    2    1     792
    2    1  203  383  380    1   24    3    1    0     665
    2    1  204  384  213    0   14    2    3    0    1232
    2    1  205  385  162    0   11    2    1    0    1150
    2    1  206  386   98    0    7    1    1    1     577
    2    1  207  387  387    1   25    3    3    1     667
    2    1  208  388  130    0    9    1    1    1     593
    2    1  209  389  315    0   20    2    2    1     875
    2    1  210  390  279    0   18    2    2    1     761
    2    1  211  391  215    0   14    2    3    0    2732
    2    1  212  392  106    0    7    1    1    1     911
    2    1  213  393  328    0   21    3    1    0     747
    2    1  214  394  133    0    9    1    1    1     766
    2    1  215  395  154    0   10    1    3    0     656
    2    1  216  396  142    0    9    1    1    1     536
    2    1  217  397  200    0   13    2    3    0    1474
    2    1  218  398  174    0   11    2    1    0    1322
    2    1  219  399  369    0   24    3    1    0     565
    2    1  220  400  286    0   18    2    1    0     511
    2    1  221  401  398    0   25    3    1    0     491
    2    1  222  402  397    0   25    3    3    1     552
    2    1  223  403  183    0   12    2    3    0     821
    2    1  224  404   90    0    6    1    1    1     660
    2    1  225  405   34    0    3    1    3    0     810
    2    1  226  406  431    0   27    3    2    0    1036
    2    1  227  407  296    0   19    2    3    0    1187
    2    1  228  408   32    0    2    1    3    0     805
    2    1  229  409  202    0   13    2    1    0     613
    2    1  230  410   75    0    5    1    1    1     526
    2    1  231  411  309    0   20    2    2    1     777
    2    1  232  412  414    0   26    3    3    1     699
    2    1  233  413  187    0   12    2    1    0     592
    2    1  234  414  152    0   10    1    3    0     762
    2    1  235  415  373    0   24    3    1    0     667
    2    1  236  416  157    0   10    1    1    1     594
    2    1  237  417  447    0   28    3    1    0    1021
    2    1  238  418  168    0   11    2    1    0     741
    2    1  239  419  456    0   29    3    3    1     744
    2    1  240  420  199    0   13    2    2    1     747
    2    1  241  421  342    0   22    3    1    0     542
    2    1  242  422  408    1   26    3    3    1     714
    2    1  243  423  127    0    8    1    1    1     493
    2    1  244  424   53    1    4    1    1    1    2139
    2    1  245  425   46    0    3    1    1    1     694
    2    1  246  426  302    0   19    2    3    0     652
    2    1  247  427  208    0   13    2    2    1     482
    2    1  248  428  442    0   28    3    1    0     592
    2    1  249  429  290    1   19    2    1    0    1769
    2    1  250  430   51    0    4    1    3    0    2051
    2    1  251  431  201    1   13    2    2    1     738
    2    1  252  432  287    0   18    2    3    0     853
    2    1  253  433  232    0   15    2    1    0     629
    2    1  254  434   36    1    3    1    1    1     924
    2    1  255  435  339    0   22    3    1    0     568
    2    1  256  436  102    0    7    1    1    1     674
    2    1  257  437  318    0   20    2    3    0    1000
    2    1  258  438  245    1   16    2    3    0    1266
    2    1  259  439  221    0   14    2    3    0    1087
    2    1  260  440  394    0   25    3    1    0    1445
    2    1  261  441  198    0   13    2    2    1    1084
    2    1  262  442  233    0   15    2    1    0    1090
    2    1  263  443    7    0    1    1    1    1     886
    2    1  264  444  298    0   19    2    3    0     900
    2    1  265  445  423    0   27    3    3    1    1041
    2    1  266  446  337    0   22    3    1    0     664
    2    1  267  447  469    0   30    3    3    1    1055
    2    1  268  448  207    0   13    2    2    1     805
    2    1  269  449  312    0   20    2    3    0    1558
    2    1  270  450  381    0   24    3    1    0     601
    2    1  271  451  159    0   10    1    1    1     450
    2    1  272  452  216    1   14    2    1    0     544
    2    1  273  453  386    0   25    3    1    0     491
    2    1  274  454  354    0   23    3    1    0     746
    2    1  275  455  140    0    9    1    1    1     780
    2    1  276  456  385    0   25    3    3    1     863
    2    1  277  457  256    0   16    2    1    0     781
    2    1  278  458  205    0   13    2    1    0     957
    2    1  279  459  220    0   14    2    3    0    1080
    2    1  280  460  194    0   13    2    3    0    1295
    2    1  281  461  478    0   30    3    3    1    1275
    2    1  282  462  375    0   24    3    1    0     858
    2    1  283  463  170    0   11    2    3    0    1095
    2    1  284  464  263    0   17    2    2    1     669
    2    1  285  465   61    0    4    1    1    1     563
    2    1  286  466  366    0   23    3    2    0     783
    2    1  287  467  416    0   26    3    3    1    1552
    2    1  288  468   44    0    3    1    1    1     562
    2    1  289  469  230    0   15    2    3    0    1693
    2    1  290  470   80    1    5    1    1    1     538
    2    1  291  471   11    0    1    1    3    0    1077
    2    1  292  472  463    0   29    3    3    1    1708
    2    1  293  473  311    0   20    2    3    0     936
    2    1  294  474   17    0    2    1    3    0    1204
    2    1  295  475  446    0   28    3    1    0     420
    2    1  296  476  424    1   27    3    2    0     917
    2    1  297  477   49    1    4    1    1    1    1376
    2    1  298  478   27    0    2    1    1    1    2426
    2    1  299  479  455    0   29    3    3    1     443
    2    1  300  480  160    0   10    1    1    1    1082
