    1    1    1    1  471    1   30    3    1    0    2288
    1    1    2    2  473    1   30    3    1    0    2114
    1    1    3    3  267    1   17    2    1    0    4572
    1    1    4    4   66    1    5    1    3    0    4025
    1    1    5    5  117    1    8    1    1    1    8969
    1    1    6    6  359    1   23    3    2    0    5348
    1    1    7    7  266    1   17    2    3    0    5652
    1    1    8    8  479    1   30    3    3    1    2877
    1    1    9    9  269    1   17    2    2    1    4610
    1    1   10   10  380    1   24    3    1    0   13302
    1    1   11   11   15    1    1    1    1    1    4275
    1    1   12   12  245    1   16    2    2    1    6231
    1    1   13   13  201    1   13    2    2    1    1696
    1    1   14   14  356    1   23    3    3    1    3917
    1    1   15   15  326    1   21    3    1    0    2762
    1    1   16   16  409    1   26    3    3    1    3326
    1    1   17   17  353    1   23    3    3    1    5324
    1    1   18   18   56    1    4    1    1    1    3922
    1    1   19   19   49    1    4    1    1    1    5596
    1    1   20   20   33    1    3    1    1    1    6155
    1    1   21   21  219    1   14    2    3    0    9002
    1    1   22   22  465    1   30    3    2    0    4179
    1    1   23   23   16    1    1    1    1    1    1893
    1    1   24   24  408    1   26    3    3    1   10377
    1    1   25   25  276    1   18    2    3    0    9268
    1    1   26   26   71    1    5    1    1    1    1538
    1    1   27   27  216    1   14    2    3    0    4746
    1    1   28   28   80    1    5    1    1    1    1633
    1    1   29   29  212    1   14    2    3    0    7192
    1    1   30   30  360    1   23    3    2    0    5029
    1    1   31   31   37    1    3    1    1    1    2056
    1    1   32   32  280    1   18    2    2    1    6091
    1    1   33   33  272    1   17    2    2    1    5014
    1    1   34   34  406    1   26    3    3    1    7333
    1    1   35   35  252    1   16    2    2    1    3575
    1    1   36   36   36    1    3    1    1    1    1697
    1    1   37   37   58    1    4    1    1    1   17973
    1    1   38   38  121    1    8    1    1    1    5089
    1    1   39   39  240    1   15    2    2    1    7302
    1    1   40   40  387    1   25    3    3    1    5170
    1    1   41   41  411    1   26    3    3    1    9872
    1    1   42   42   38    1    3    1    1    1    1579
    1    1   43   43  182    1   12    2    2    1    4352
    1    1   44   44  217    1   14    2    2    1    4196
    1    1   45   45  271    1   17    2    2    1    5220
    1    1   46   46    4    1    1    1    1    1    1850
    1    1   47   47    6    1    1    1    1    1    1671
    1    1   48   48  289    1   19    2    2    1    2939
    1    1   49   49  396    1   25    3    3    1    6018
    1    1   50   50   53    1    4    1    1    1    2533
    1    1   51   51  164    1   11    2    2    1    9310
    1    1   52   52   52    1    4    1    1    1    1416
    1    1   53   53  290    1   19    2    2    1    2625
    1    1   54   54  448    1   28    3    1    0    7464
    1    1   55   55  424    1   27    3    2    0   10805
    1    1   56   56   35    1    3    1    1    1    1656
    1    1   57   57  476    1   30    3    3    1    3536
    1    1   58   58  250    1   16    2    2    1    4833
    1    1   59   59  120    1    8    1    1    1    1550
    1    1   60   60  340    1   22    3    1    0    6185
    1    2    1   61  267    1   17    2    2    1    2093
    1    2    2   62  290    1   19    2    3    0    3308
    1    2    3   63  326    1   21    3    2    0    6052
    1    2    4   64  182    1   12    2    2    1    1925
    1    2    5   65  479    1   30    3    3    1    5588
    1    2    6   66   49    1    4    1    1    1    1544
    1    2    7   67   16    1    1    1    1    1   10854
    1    2    8   68  117    1    8    1    3    0   11180
    1    2    9   69  121    1    8    1    1    1    1737
    1    2   10   70  476    1   30    3    3    1    2466
    1    2   11   71   38    1    3    1    1    1    1368
    1    2   12   72  201    1   13    2    2    1    1672
    1    2   13   73   33    1    3    1    1    1    1513
    1    2   14   74  380    1   24    3    3    1    3992
    1    2   15   75   58    1    4    1    3    0    6348
    1    2   16   76  252    1   16    2    2    1    1453
    1    2   17   77   80    1    5    1    3    0    3354
    1    2   18   78  272    1   17    2    2    1    7354
    1    2   19   79   66    1    5    1    1    1    1291
    1    2   20   80  212    1   14    2    3    0    2936
    1    2   21   81   37    1    3    1    1    1    1445
    1    2   22   82   71    1    5    1    1    1    1265
    1    2   23   83  356    1   23    3    3    1    8705
    1    2   24   84  120    1    8    1    1    1    2007
    1    2   25   85  448    1   28    3    3    1    2159
    1    2   26   86  276    1   18    2    3    0   13123
    1    2   27   87   56    1    4    1    1    1    4408
    1    2   28   88  387    1   25    3    3    1    4867
    1    2   29   89  409    1   26    3    3    1    3302
    1    2   30   90  240    1   15    2    2    1    2827
    1    2   31   91  289    1   19    2    2    1    1462
    1    2   32   92  219    1   14    2    3    0    2723
    1    2   33   93   53    1    4    1    1    1    1833
    1    2   34   94  465    1   30    3    2    0    1378
    1    2   35   95  216    1   14    2    3    0    6884
    1    2   36   96  396    1   25    3    3    1    3055
    1    2   37   97    6    1    1    1    1    1    1364
    1    2   38   98  473    1   30    3    3    1    4087
    1    2   39   99  408    1   26    3    3    1    3374
    1    2   40  100  280    1   18    2    2    1    1912
    1    2   41  101   35    1    3    1    1    1    1239
    1    2   42  102  471    1   30    3    2    0    4405
    1    2   43  103  424    1   27    3    3    1    1598
    1    2   44  104  406    1   26    3    3    1    6540
    1    2   45  105  411    1   26    3    3    1    3114
    1    2   46  106  340    1   22    3    3    1    6492
    1    2   47  107  250    1   16    2    2    1    1352
    1    2   48  108   15    1    1    1    1    1    1439
    1    2   49  109  269    1   17    2    2    1    1371
    1    2   50  110  245    1   16    2    2    1    4076
    1    2   51  111  353    1   23    3    3    1    2316
    1    2   52  112    4    1    1    1    1    1    1498
    1    2   53  113  360    1   23    3    3    1    1837
    1    2   54  114  266    1   17    2    2    1    1295
    1    2   55  115  164    1   11    2    3    0   14514
    1    2   56  116  359    1   23    3    3    1    1304
    1    2   57  117  217    1   14    2    2    1    1165
    1    2   58  118  271    1   17    2    2    1    4633
    1    2   59  119   52    1    4    1    1    1    1234
    1    2   60  120   36    1    3    1    1    1    1292
    1    3    1  121  266    1   17    2    2    1    1101
    1    3    2  122  240    1   15    2    2    1    1606
    1    3    3  123   80    1    5    1    1    1    8947
    1    3    4  124   15    1    1    1    1    1    1729
    1    3    5  125   53    1    4    1    3    0    4631
    1    3    6  126  117    1    8    1    1    1    3127
    1    3    7  127  353    1   23    3    3    1    1788
    1    3    8  128  326    1   21    3    3    1    3255
    1    3    9  129  406    1   26    3    3    1    4036
    1    3   10  130   58    1    4    1    1    1    3423
    1    3   11  131  182    1   12    2    2    1    1217
    1    3   12  132  409    1   26    3    3    1    3408
    1    3   13  133   38    1    3    1    1    1    1309
    1    3   14  134  479    1   30    3    3    1    4484
    1    3   15  135  408    1   26    3    3    1    2174
    1    3   16  136   52    1    4    1    1    1    2414
    1    3   17  137   35    1    3    1    1    1    2068
    1    3   18  138  359    1   23    3    3    1    1800
    1    3   19  139  473    1   30    3    3    1    6295
    1    3   20  140   37    1    3    1    1    1    1407
    1    3   21  141  276    1   18    2    2    1   18701
    1    3   22  142  387    1   25    3    3    1    3272
    1    3   23  143   36    1    3    1    1    1    1332
    1    3   24  144  250    1   16    2    2    1    2243
    1    3   25  145  267    1   17    2    2    1    1661
    1    3   26  146  219    1   14    2    3    0   16711
    1    3   27  147  289    1   19    2    2    1    1250
    1    3   28  148  269    1   17    2    2    1    1073
    1    3   29  149  120    1    8    1    1    1    1235
    1    3   30  150  465    1   30    3    2    0    1179
    1    3   31  151  448    1   28    3    3    1    1835
    1    3   32  152  396    1   25    3    3    1    2817
    1    3   33  153  252    1   16    2    2    1    1168
    1    3   34  154  212    1   14    2    3    0    2660
    1    3   35  155  340    1   22    3    3    1    1921
    1    3   36  156  476    1   30    3    3    1    1681
    1    3   37  157    4    1    1    1    1    1    1380
    1    3   38  158   66    1    5    1    1    1    1897
    1    3   39  159  201    1   13    2    2    1    1212
    1    3   40  160   56    1    4    1    1    1    5151
    1    3   41  161  280    1   18    2    2    1    2183
    1    3   42  162   49    1    4    1    1    1    3859
    1    3   43  163    6    1    1    1    1    1    1346
    1    3   44  164  290    1   19    2    1    0   20837
    1    3   45  165  121    1    8    1    1    1    1187
    1    3   46  166  411    1   26    3    3    1    1543
    1    3   47  167  217    1   14    2    2    1    2092
    1    3   48  168  356    1   23    3    3    1    1481
    1    3   49  169   16    1    1    1    1    1    1372
    1    3   50  170  471    1   30    3    2    0    2750
    1    3   51  171  271    1   17    2    2    1    1417
    1    3   52  172  272    1   17    2    2    1    1285
    1    3   53  173   33    1    3    1    1    1    1197
    1    3   54  174  216    1   14    2    3    0    7526
    1    3   55  175  380    1   24    3    3    1    2870
    1    3   56  176  245    1   16    2    2    1    1446
    1    3   57  177   71    1    5    1    1    1    1343
    1    3   58  178  164    1   11    2    2    1    1490
    1    3   59  179  360    1   23    3    3    1    1853
    1    3   60  180  424    1   27    3    3    1    1475
    2    1    1  181  382    0   24    3    1    0    3414
    2    1    2  182  403    0   26    3    3    1    2785
    2    1    3  183  409    1   26    3    3    1    7617
    2    1    4  184  228    0   15    2    3    0    2367
    2    1    5  185   97    0    7    1    1    1    1212
    2    1    6  186  296    0   19    2    2    1    1235
    2    1    7  187  153    0   10    1    1    1    1176
    2    1    8  188   65    0    5    1    1    1     987
    2    1    9  189  449    0   29    3    2    0     968
    2    1   10  190   66    1    5    1    1    1    1054
    2    1   11  191  261    0   17    2    2    1    1020
    2    1   12  192  331    0   21    3    3    1    2303
    2    1   13  193  126    0    8    1    1    1    1444
    2    1   14  194  397    0   25    3    2    0    1126
    2    1   15  195   82    0    6    1    3    0    1158
    2    1   16  196  116    0    8    1    1    1    1224
    2    1   17  197    8    0    1    1    1    1    3143
    2    1   18  198   77    0    5    1    1    1    1157
    2    1   19  199  200    0   13    2    2    1    1084
    2    1   20  200  438    0   28    3    3    1    1696
    2    1   21  201  106    0    7    1    2    0    2720
    2    1   22  202  219    1   14    2    3    0    4473
    2    1   23  203  207    0   13    2    2    1    1118
    2    1   24  204  462    0   29    3    3    1    2158
    2    1   25  205   87    0    6    1    2    0    1031
    2    1   26  206  242    0   16    2    2    1    1067
    2    1   27  207  273    0   18    2    3    0    2222
    2    1   28  208  385    0   25    3    3    1    1114
    2    1   29  209  238    0   15    2    3    0    1831
    2    1   30  210  322    0   21    3    3    1    1893
    2    1   31  211   58    1    4    1    3    0    2728
    2    1   32  212   52    1    4    1    1    1    1445
    2    1   33  213  208    0   13    2    2    1    1098
    2    1   34  214   40    0    3    1    1    1    1242
    2    1   35  215   62    0    4    1    3    0    3375
    2    1   36  216  124    0    8    1    1    1    1271
    2    1   37  217  283    0   18    2    2    1    4230
    2    1   38  218  218    0   14    2    3    0    1636
    2    1   39  219  379    0   24    3    1    0    1312
    2    1   40  220   89    0    6    1    3    0    1532
    2    1   41  221  105    0    7    1    1    1    1425
    2    1   42  222  155    0   10    1    2    0    1223
    2    1   43  223  301    0   19    2    2    1    1556
    2    1   44  224  130    0    9    1    3    0    2064
    2    1   45  225   96    0    6    1    3    0    1271
    2    1   46  226  260    0   17    2    3    0    2547
    2    1   47  227  463    0   29    3    3    1    3440
    2    1   48  228  294    0   19    2    1    0    1324
    2    1   49  229  253    0   16    2    2    1    1138
    2    1   50  230  108    0    7    1    1    1    1144
    2    1   51  231  151    0   10    1    2    0    1016
    2    1   52  232   92    0    6    1    3    0    1037
    2    1   53  233  271    1   17    2    2    1    1928
    2    1   54  234  439    0   28    3    3    1    1334
    2    1   55  235  120    1    8    1    1    1    1169
    2    1   56  236  421    0   27    3    2    0    1180
    2    1   57  237  375    0   24    3    1    0    1007
    2    1   58  238  300    0   19    2    1    0    1758
    2    1   59  239  202    0   13    2    2    1     994
    2    1   60  240  199    0   13    2    2    1    1039
    2    1   61  241  366    0   23    3    2    0    5477
    2    1   62  242   78    0    5    1    1    1     947
    2    1   63  243   35    1    3    1    3    0    3803
    2    1   64  244   47    0    3    1    3    0    3222
    2    1   65  245   79    0    5    1    1    1    1232
    2    1   66  246  104    0    7    1    2    0    1175
    2    1   67  247   24    0    2    1    3    0    1285
    2    1   68  248   43    0    3    1    3    0    3540
    2    1   69  249  408    1   26    3    3    1    1418
    2    1   70  250  241    0   16    2    2    1    1041
    2    1   71  251  143    0    9    1    3    0    1459
    2    1   72  252  443    0   28    3    3    1    2875
    2    1   73  253  480    0   30    3    3    1    1743
    2    1   74  254  442    0   28    3    3    1    1361
    2    1   75  255  118    0    8    1    1    1    1361
    2    1   76  256  415    0   26    3    3    1    1612
    2    1   77  257  274    0   18    2    2    1     978
    2    1   78  258  277    0   18    2    3    0    1242
    2    1   79  259  201    1   13    2    2    1     976
    2    1   80  260   33    1    3    1    3    0    3071
    2    1   81  261  192    0   12    2    3    0    1412
    2    1   82  262  266    1   17    2    2    1    1070
    2    1   83  263  267    1   17    2    2    1    1046
    2    1   84  264  152    0   10    1    3    0    1053
    2    1   85  265  423    0   27    3    3    1    1489
    2    1   86  266  444    0   28    3    3    1    1006
    2    1   87  267  320    0   20    2    2    1    1065
    2    1   88  268  395    0   25    3    1    0    2866
    2    1   89  269  356    1   23    3    3    1    1502
    2    1   90  270  460    0   29    3    2    0    1158
    2    1   91  271  161    0   11    2    1    0    1132
    2    1   92  272  390    0   25    3    3    1    1268
    2    1   93  273  110    0    7    1    2    0    1121
    2    1   94  274  346    0   22    3    1    0    1163
    2    1   95  275  343    0   22    3    1    0    1085
    2    1   96  276  145    0   10    1    1    1    1046
    2    1   97  277  305    0   20    2    2    1     977
    2    1   98  278  148    0   10    1    3    0    3110
    2    1   99  279  186    0   12    2    3    0    1930
    2    1  100  280  445    0   28    3    3    1    2236
    2    1  101  281  177    0   12    2    3    0    2406
    2    1  102  282  225    0   15    2    1    0    4370
    2    1  103  283  316    0   20    2    2    1     888
    2    1  104  284  314    0   20    2    2    1     976
    2    1  105  285  252    1   16    2    2    1     671
    2    1  106  286  174    0   11    2    1    0    1153
    2    1  107  287  133    0    9    1    3    0    1303
    2    1  108  288  183    0   12    2    3    0    1036
    2    1  109  289  149    0   10    1    2    0    1547
    2    1  110  290  377    0   24    3    1    0    1181
    2    1  111  291  360    1   23    3    3    1    1516
    2    1  112  292   39    0    3    1    1    1    1128
    2    1  113  293  359    1   23    3    3    1    1024
    2    1  114  294  394    0   25    3    3    1    1918
    2    1  115  295  181    0   12    2    3    0     975
    2    1  116  296  287    0   18    2    2    1    4234
    2    1  117  297   85    0    6    1    1    1    3510
    2    1  118  298  204    0   13    2    2    1    1045
    2    1  119  299    3    0    1    1    1    1    1957
    2    1  120  300  426    0   27    3    3    1     966
    2    1  121  301   83    0    6    1    3    0    1388
    2    1  122  302   86    0    6    1    3    0    3562
    2    1  123  303   13    0    1    1    1    1    1291
    2    1  124  304   94    0    6    1    3    0    2428
    2    1  125  305   12    0    1    1    1    1    1774
    2    1  126  306  125    0    8    1    3    0    5076
    2    1  127  307  234    0   15    2    3    0    1291
    2    1  128  308  363    0   23    3    3    1    1470
    2    1  129  309  418    0   27    3    3    1    1008
    2    1  130  310  413    0   26    3    3    1     849
    2    1  131  311   70    0    5    1    1    1    1022
    2    1  132  312  229    0   15    2    3    0    1892
    2    1  133  313  173    0   11    2    3    0    2462
    2    1  134  314  231    0   15    2    2    1     966
    2    1  135  315  348    0   22    3    1    0    1072
    2    1  136  316  175    0   11    2    2    1    1130
    2    1  137  317  244    0   16    2    2    1    1733
    2    1  138  318  381    0   24    3    1    0    1091
    2    1  139  319  259    0   17    2    2    1     993
    2    1  140  320  302    0   19    2    2    1    1202
    2    1  141  321   41    0    3    1    1    1    1023
    2    1  142  322   32    0    2    1    3    0    2657
    2    1  143  323  109    0    7    1    1    1    1147
    2    1  144  324  424    1   27    3    3    1     965
    2    1  145  325  255    0   16    2    2    1    1014
    2    1  146  326  325    0   21    3    3    1    1612
    2    1  147  327  451    0   29    3    2    0    1082
    2    1  148  328   37    1    3    1    1    1    1088
    2    1  149  329   67    0    5    1    1    1    1453
    2    1  150  330  404    0   26    3    3    1    1103
    2    1  151  331  407    0   26    3    3    1    1818
    2    1  152  332  265    0   17    2    2    1    1461
    2    1  153  333  254    0   16    2    2    1     969
    2    1  154  334  102    0    7    1    3    0    4338
    2    1  155  335  336    0   21    3    3    1    1116
    2    1  156  336   50    0    4    1    3    0    2065
    2    1  157  337  144    0    9    1    3    0    1261
    2    1  158  338  128    0    8    1    3    0    5400
    2    1  159  339  176    0   11    2    3    0    3556
    2    1  160  340  248    0   16    2    2    1    1658
    2    1  161  341   44    0    3    1    3    0    4334
    2    1  162  342  378    0   24    3    1    0    1159
    2    1  163  343  340    1   22    3    3    1    2093
    2    1  164  344   29    0    2    1    3    0    1765
    2    1  165  345  154    0   10    1    1    1    3413
    2    1  166  346  163    0   11    2    2    1    1348
    2    1  167  347  257    0   17    2    1    0    1197
    2    1  168  348   63    0    4    1    1    1    2787
    2    1  169  349  279    0   18    2    3    0    1388
    2    1  170  350   28    0    2    1    3    0    1389
    2    1  171  351  209    0   14    2    3    0    2192
    2    1  172  352  164    1   11    2    2    1    1252
    2    1  173  353  353    1   23    3    3    1    1007
    2    1  174  354  127    0    8    1    3    0    3771
    2    1  175  355  398    0   25    3    3    1     993
    2    1  176  356   84    0    6    1    3    0     983
    2    1  177  357  239    0   15    2    2    1    1087
    2    1  178  358   73    0    5    1    1    1    1132
    2    1  179  359  246    0   16    2    2    1    1151
    2    1  180  360  235    0   15    2    3    0    1905
    2    1  181  361  304    0   19    2    2    1    1787
    2    1  182  362  417    0   27    3    3    1    1953
    2    1  183  363   10    0    1    1    1    1    1309
    2    1  184  364  189    0   12    2    3    0    1300
    2    1  185  365  140    0    9    1    3    0    5122
    2    1  186  366  365    0   23    3    3    1    1392
    2    1  187  367  384    0   24    3    1    0    1202
    2    1  188  368  157    0   10    1    1    1     943
    2    1  189  369  289    1   19    2    2    1    1007
    2    1  190  370  168    0   11    2    1    0    1850
    2    1  191  371  434    0   28    3    3    1    2993
    2    1  192  372  172    0   11    2    1    0    1341
    2    1  193  373  121    1    8    1    1    1    1325
    2    1  194  374  134    0    9    1    3    0    1111
    2    1  195  375  410    0   26    3    3    1    2300
    2    1  196  376  376    0   24    3    1    0     926
    2    1  197  377  191    0   12    2    3    0    3737
    2    1  198  378  464    0   29    3    2    0    1044
    2    1  199  379  373    0   24    3    1    0     994
    2    1  200  380  132    0    9    1    3    0    2959
    2    1  201  381   69    0    5    1    1    1    1073
    2    1  202  382   31    0    2    1    3    0    2504
    2    1  203  383  372    0   24    3    1    0    1030
    2    1  204  384  103    0    7    1    1    1     981
    2    1  205  385  412    0   26    3    3    1    2293
    2    1  206  386  111    0    7    1    1    1    1066
    2    1  207  387  195    0   13    2    2    1     895
    2    1  208  388  328    0   21    3    3    1    1055
    2    1  209  389  358    0   23    3    3    1    1111
    2    1  210  390  131    0    9    1    3    0     930
    2    1  211  391  135    0    9    1    3    0    2130
    2    1  212  392  433    0   28    3    3    1    1091
    2    1  213  393  303    0   19    2    2    1    1406
    2    1  214  394   49    1    4    1    1    1    1929
    2    1  215  395  280    1   18    2    2    1    1028
    2    1  216  396  339    0   22    3    1    0    1022
    2    1  217  397  457    0   29    3    2    0     960
    2    1  218  398  361    0   23    3    3    1    1029
    2    1  219  399    4    1    1    1    1    1     902
    2    1  220  400  467    0   30    3    2    0    2549
    2    1  221  401  263    0   17    2    2    1     930
    2    1  222  402   15    1    1    1    1    1     913
    2    1  223  403  291    0   19    2    1    0     926
    2    1  224  404  351    0   22    3    1    0     953
    2    1  225  405  249    0   16    2    1    0    1469
    2    1  226  406  226    0   15    2    3    0     941
    2    1  227  407  162    0   11    2    3    0    1655
    2    1  228  408  178    0   12    2    3    0    1236
    2    1  229  409  196    0   13    2    2    1    1078
    2    1  230  410  276    1   18    2    3    0    1935
    2    1  231  411   16    1    1    1    1    1     997
    2    1  232  412   23    0    2    1    3    0    1338
    2    1  233  413  117    1    8    1    3    0    2562
    2    1  234  414  171    0   11    2    1    0    1147
    2    1  235  415    1    0    1    1    1    1    1294
    2    1  236  416  461    0   29    3    2    0     933
    2    1  237  417  422    0   27    3    3    1    1506
    2    1  238  418  470    0   30    3    2    0     892
    2    1  239  419  237    0   15    2    3    0    2485
    2    1  240  420  137    0    9    1    3    0    2116
    2    1  241  421  350    0   22    3    1    0    1162
    2    1  242  422  469    0   30    3    2    0    1009
    2    1  243  423  275    0   18    2    3    0    2624
    2    1  244  424  256    0   16    2    2    1    1133
    2    1  245  425  270    0   17    2    2    1    1268
    2    1  246  426  367    0   23    3    3    1    4303
    2    1  247  427  293    0   19    2    2    1    1240
    2    1  248  428   26    0    2    1    3    0    1129
    2    1  249  429  250    1   16    2    2    1     858
    2    1  250  430  332    0   21    3    2    0    4253
    2    1  251  431  138    0    9    1    3    0    1190
    2    1  252  432  315    0   20    2    2    1    1003
    2    1  253  433   88    0    6    1    3    0    1084
    2    1  254  434  308    0   20    2    2    1     928
    2    1  255  435  458    0   29    3    1    0    3537
    2    1  256  436   25    0    2    1    3    0    4474
    2    1  257  437  369    0   24    3    1    0     926
    2    1  258  438  223    0   14    2    3    0    2172
    2    1  259  439  392    0   25    3    3    1    1267
    2    1  260  440  197    0   13    2    2    1     957
    2    1  261  441  198    0   13    2    2    1    1008
    2    1  262  442  205    0   13    2    2    1    1718
    2    1  263  443   59    0    4    1    3    0    3038
    2    1  264  444  310    0   20    2    2    1    1490
    2    1  265  445  156    0   10    1    1    1     990
    2    1  266  446  247    0   16    2    2    1     915
    2    1  267  447  295    0   19    2    1    0    6343
    2    1  268  448  306    0   20    2    2    1     976
    2    1  269  449  264    0   17    2    3    0    3599
    2    1  270  450  206    0   13    2    2    1    1101
    2    1  271  451  187    0   12    2    2    1    5682
    2    1  272  452  272    1   17    2    2    1    1356
    2    1  273  453  212    1   14    2    3    0    2993
    2    1  274  454   53    1    4    1    1    1    1207
    2    1  275  455  352    0   22    3    1    0    6212
    2    1  276  456  456    0   29    3    3    1    1340
    2    1  277  457  321    0   21    3    3    1    3644
    2    1  278  458   46    0    3    1    1    1    1102
    2    1  279  459  393    0   25    3    3    1    3119
    2    1  280  460   98    0    7    1    1    1    1156
    2    1  281  461  184    0   12    2    3    0    1173
    2    1  282  462  233    0   15    2    3    0    2621
    2    1  283  463   61    0    4    1    1    1    1827
    2    1  284  464    9    0    1    1    1    1    1078
    2    1  285  465   55    0    4    1    1    1    1322
    2    1  286  466  455    0   29    3    2    0    1071
    2    1  287  467  335    0   21    3    3    1    1861
    2    1  288  468  324    0   21    3    3    1    1694
    2    1  289  469  468    0   30    3    3    1    2408
    2    1  290  470  329    0   21    3    3    1    1865
    2    1  291  471  454    0   29    3    2    0     954
    2    1  292  472  214    0   14    2    3    0    1025
    2    1  293  473  337    0   22    3    1    0    1009
    2    1  294  474   60    0    4    1    3    0    1295
    2    1  295  475  166    0   11    2    3    0    1111
    2    1  296  476  425    0   27    3    3    1     999
    2    1  297  477  396    1   25    3    3    1    2430
    2    1  298  478  210    0   14    2    3    0    1180
    2    1  299  479  402    0   26    3    2    0    2989
    2    1  300  480   93    0    6    1    3    0    1069
