    1    1    1    1  245    1   16    2    1    0    3986
    1    1    2    2  266    1   17    2    2    1    1924
    1    1    3    3  267    1   17    2    2    1    1036
    1    1    4    4  117    1    8    1    1    1    1512
    1    1    5    5   52    1    4    1    3    0    1582
    1    1    6    6  216    1   14    2    1    0    1253
    1    1    7    7   35    1    3    1    2    0    1415
    1    1    8    8  289    1   19    2    1    0    1668
    1    1    9    9  471    1   30    3    2    0    1637
    1    1   10   10  212    1   14    2    2    1    1129
    1    1   11   11  360    1   23    3    1    0    1633
    1    1   12   12  269    1   17    2    2    1    1220
    1    1   13   13   33    1    3    1    2    0    2024
    1    1   14   14  120    1    8    1    1    1     780
    1    1   15   15  290    1   19    2    3    0    1681
    1    1   16   16  465    1   30    3    3    1    1234
    1    1   17   17   58    1    4    1    1    1     966
    1    1   18   18    4    1    1    1    2    0    1235
    1    1   19   19  409    1   26    3    3    1    2198
    1    1   20   20  408    1   26    3    1    0    1411
    1    1   21   21  424    1   27    3    3    1    1216
    1    1   22   22  473    1   30    3    1    0    1827
    1    1   23   23  356    1   23    3    1    0    1023
    1    1   24   24  250    1   16    2    1    0    1691
    1    1   25   25   38    1    3    1    1    1     749
    1    1   26   26  182    1   12    2    3    0    1299
    1    1   27   27  340    1   22    3    3    1     964
    1    1   28   28  164    1   11    2    1    0    2690
    1    1   29   29    6    1    1    1    1    1    1884
    1    1   30   30  219    1   14    2    2    1    1764
    1    1   31   31  380    1   24    3    3    1    1315
    1    1   32   32  359    1   23    3    3    1     899
    1    1   33   33   66    1    5    1    1    1    1140
    1    1   34   34   49    1    4    1    2    0    1259
    1    1   35   35  476    1   30    3    3    1     686
    1    1   36   36   36    1    3    1    1    1     999
    1    1   37   37  280    1   18    2    2    1     819
    1    1   38   38   56    1    4    1    1    1    1480
    1    1   39   39   53    1    4    1    1    1    1074
    1    1   40   40  479    1   30    3    2    0    1083
    1    1   41   41   71    1    5    1    1    1     677
    1    1   42   42   80    1    5    1    1    1     847
    1    1   43   43   37    1    3    1    1    1     913
    1    1   44   44  201    1   13    2    2    1     657
    1    1   45   45  121    1    8    1    3    0     860
    1    1   46   46  396    1   25    3    3    1     751
    1    1   47   47  387    1   25    3    3    1    3541
    1    1   48   48  353    1   23    3    2    0    2093
    1    1   49   49  448    1   28    3    3    1    1886
    1    1   50   50   16    1    1    1    1    1     936
    1    1   51   51  272    1   17    2    2    1    1959
    1    1   52   52  411    1   26    3    3    1    3390
    1    1   53   53  276    1   18    2    1    0    1195
    1    1   54   54  217    1   14    2    3    0    2704
    1    1   55   55  252    1   16    2    2    1    1626
    1    1   56   56   15    1    1    1    1    1     636
    1    1   57   57  326    1   21    3    3    1     824
    1    1   58   58  406    1   26    3    3    1     956
    1    1   59   59  271    1   17    2    2    1    1418
    1    1   60   60  240    1   15    2    1    0    1367
    1    2    1   61   66    1    5    1    1    1     629
    1    2    2   62  476    1   30    3    3    1     657
    1    2    3   63   71    1    5    1    1    1     635
    1    2    4   64   80    1    5    1    1    1     727
    1    2    5   65  411    1   26    3    3    1     879
    1    2    6   66  353    1   23    3    3    1    1009
    1    2    7   67  356    1   23    3    3    1    1373
    1    2    8   68  245    1   16    2    3    0    2795
    1    2    9   69    6    1    1    1    1    1     785
    1    2   10   70  465    1   30    3    2    0    1958
    1    2   11   71  408    1   26    3    3    1    1229
    1    2   12   72  267    1   17    2    2    1    2914
    1    2   13   73  409    1   26    3    3    1     802
    1    2   14   74  272    1   17    2    2    1    3574
    1    2   15   75  340    1   22    3    3    1    2363
    1    2   16   76  326    1   21    3    3    1    1218
    1    2   17   77  201    1   13    2    2    1    1510
    1    2   18   78  380    1   24    3    3    1    1359
    1    2   19   79   52    1    4    1    1    1     845
    1    2   20   80  117    1    8    1    3    0    2960
    1    2   21   81  360    1   23    3    3    1    1679
    1    2   22   82   33    1    3    1    1    1     673
    1    2   23   83  387    1   25    3    2    0    1643
    1    2   24   84  219    1   14    2    2    1     959
    1    2   25   85  266    1   17    2    2    1    1021
    1    2   26   86  289    1   19    2    2    1    1289
    1    2   27   87   53    1    4    1    1    1    2538
    1    2   28   88   35    1    3    1    1    1     762
    1    2   29   89  182    1   12    2    2    1    2048
    1    2   30   90  406    1   26    3    3    1    1651
    1    2   31   91  271    1   17    2    2    1    1301
    1    2   32   92  164    1   11    2    1    0    3254
    1    2   33   93  471    1   30    3    3    1     825
    1    2   34   94  479    1   30    3    2    0    1341
    1    2   35   95   58    1    4    1    2    0    1292
    1    2   36   96  280    1   18    2    2    1     861
    1    2   37   97   36    1    3    1    1    1     801
    1    2   38   98  121    1    8    1    1    1     757
    1    2   39   99  276    1   18    2    1    0     876
    1    2   40  100   38    1    3    1    1    1     510
    1    2   41  101  240    1   15    2    2    1    1598
    1    2   42  102   49    1    4    1    1    1     787
    1    2   43  103   37    1    3    1    1    1     793
    1    2   44  104  217    1   14    2    2    1    1822
    1    2   45  105  473    1   30    3    3    1    2265
    1    2   46  106    4    1    1    1    1    1    1027
    1    2   47  107  252    1   16    2    2    1    2592
    1    2   48  108  359    1   23    3    3    1    1261
    1    2   49  109  448    1   28    3    3    1    3248
    1    2   50  110  120    1    8    1    1    1     691
    1    2   51  111  269    1   17    2    2    1    1500
    1    2   52  112   15    1    1    1    1    1     789
    1    2   53  113  212    1   14    2    3    0    2346
    1    2   54  114  424    1   27    3    3    1    1409
    1    2   55  115  216    1   14    2    2    1    1182
    1    2   56  116  250    1   16    2    1    0     675
    1    2   57  117   16    1    1    1    1    1     733
    1    2   58  118   56    1    4    1    2    0    1508
    1    2   59  119  290    1   19    2    1    0    1037
    1    2   60  120  396    1   25    3    3    1    1865
    1    3    1  121   16    1    1    1    1    1    1458
    1    3    2  122  252    1   16    2    2    1    1741
    1    3    3  123  411    1   26    3    3    1    2348
    1    3    4  124  216    1   14    2    2    1     915
    1    3    5  125  340    1   22    3    3    1    1843
    1    3    6  126  326    1   21    3    2    0    1246
    1    3    7  127   15    1    1    1    1    1     657
    1    3    8  128   66    1    5    1    1    1     668
    1    3    9  129  272    1   17    2    1    0    1126
    1    3   10  130   36    1    3    1    1    1     590
    1    3   11  131  240    1   15    2    2    1    1371
    1    3   12  132   56    1    4    1    2    0    1370
    1    3   13  133  424    1   27    3    3    1     887
    1    3   14  134  353    1   23    3    3    1    1289
    1    3   15  135  250    1   16    2    2    1    1914
    1    3   16  136   37    1    3    1    1    1     962
    1    3   17  137  164    1   11    2    2    1    1248
    1    3   18  138  476    1   30    3    3    1     660
    1    3   19  139  269    1   17    2    2    1     847
    1    3   20  140  465    1   30    3    3    1     929
    1    3   21  141   71    1    5    1    1    1     625
    1    3   22  142  360    1   23    3    3    1     653
    1    3   23  143  359    1   23    3    3    1    1112
    1    3   24  144  276    1   18    2    1    0    2784
    1    3   25  145   80    1    5    1    1    1     694
    1    3   26  146  473    1   30    3    3    1     911
    1    3   27  147  387    1   25    3    2    0    3968
    1    3   28  148  219    1   14    2    2    1    2118
    1    3   29  149   53    1    4    1    1    1    1350
    1    3   30  150  267    1   17    2    2    1    1700
    1    3   31  151  356    1   23    3    2    0    3621
    1    3   32  152  280    1   18    2    2    1    1257
    1    3   33  153   33    1    3    1    1    1     876
    1    3   34  154    6    1    1    1    1    1     910
    1    3   35  155   49    1    4    1    1    1     831
    1    3   36  156  290    1   19    2    1    0    1812
    1    3   37  157  121    1    8    1    1    1     720
    1    3   38  158   58    1    4    1    1    1    1464
    1    3   39  159  406    1   26    3    3    1    1810
    1    3   40  160  289    1   19    2    2    1     975
    1    3   41  161  471    1   30    3    3    1    1916
    1    3   42  162   35    1    3    1    1    1     629
    1    3   43  163  408    1   26    3    3    1     640
    1    3   44  164  217    1   14    2    2    1    4524
    1    3   45  165  245    1   16    2    2    1    1179
    1    3   46  166  212    1   14    2    2    1    2385
    1    3   47  167  380    1   24    3    2    0     870
    1    3   48  168  271    1   17    2    2    1     921
    1    3   49  169  448    1   28    3    3    1    1336
    1    3   50  170   38    1    3    1    1    1     872
    1    3   51  171  396    1   25    3    3    1    1626
    1    3   52  172   52    1    4    1    1    1    1582
    1    3   53  173  182    1   12    2    2    1    1059
    1    3   54  174  266    1   17    2    3    0    3902
    1    3   55  175  120    1    8    1    1    1     807
    1    3   56  176  479    1   30    3    2    0    1147
    1    3   57  177  409    1   26    3    3    1     963
    1    3   58  178  201    1   13    2    2    1    1713
    1    3   59  179    4    1    1    1    1    1     656
    1    3   60  180  117    1    8    1    3    0    2684
    2    1    1  181   17    0    2    1    2    0    3890
    2    1    2  182  440    0   28    3    3    1     967
    2    1    3  183  456    0   29    3    3    1     642
    2    1    4  184  212    1   14    2    2    1    1080
    2    1    5  185  468    0   30    3    3    1    1085
    2    1    6  186  378    0   24    3    1    0     563
    2    1    7  187  302    0   19    2    2    1    3197
    2    1    8  188  159    0   10    1    1    1     670
    2    1    9  189  165    0   11    2    1    0     692
    2    1   10  190  194    0   13    2    1    0     682
    2    1   11  191  276    1   18    2    1    0     638
    2    1   12  192  394    0   25    3    3    1    1014
    2    1   13  193   54    0    4    1    1    1    1550
    2    1   14  194  116    0    8    1    1    1     609
    2    1   15  195  425    0   27    3    3    1     665
    2    1   16  196  432    0   27    3    3    1     591
    2    1   17  197  445    0   28    3    3    1    1240
    2    1   18  198  293    0   19    2    1    0    3512
    2    1   19  199  281    0   18    2    2    1    1566
    2    1   20  200  132    0    9    1    1    1     688
    2    1   21  201    5    0    1    1    1    1     564
    2    1   22  202  245    1   16    2    2    1    1359
    2    1   23  203  253    0   16    2    1    0     681
    2    1   24  204  193    0   13    2    2    1     655
    2    1   25  205   50    0    4    1    3    0     838
    2    1   26  206  255    0   16    2    2    1    1285
    2    1   27  207   19    0    2    1    1    1     675
    2    1   28  208  371    0   24    3    1    0     616
    2    1   29  209  339    0   22    3    1    0     608
    2    1   30  210  480    0   30    3    3    1     713
    2    1   31  211   24    0    2    1    2    0    2254
    2    1   32  212  450    0   29    3    3    1     675
    2    1   33  213  428    0   27    3    3    1     746
    2    1   34  214   81    0    6    1    3    0    1324
    2    1   35  215  312    0   20    2    3    0     824
    2    1   36  216  215    0   14    2    2    1     984
    2    1   37  217   21    0    2    1    2    0    1090
    2    1   38  218   61    0    4    1    1    1     679
    2    1   39  219   10    0    1    1    1    1     622
    2    1   40  220  201    1   13    2    2    1     838
    2    1   41  221   22    0    2    1    2    0    1653
    2    1   42  222  187    0   12    2    2    1     869
    2    1   43  223  107    0    7    1    1    1    2387
    2    1   44  224  412    0   26    3    1    0    1492
    2    1   45  225  384    0   24    3    1    0     777
    2    1   46  226  299    0   19    2    1    0     635
    2    1   47  227  444    0   28    3    3    1     738
    2    1   48  228  411    1   26    3    3    1    1526
    2    1   49  229  291    0   19    2    1    0     762
    2    1   50  230   70    0    5    1    1    1     684
    2    1   51  231  334    0   21    3    3    1    1698
    2    1   52  232   53    1    4    1    1    1     638
    2    1   53  233  345    0   22    3    1    0    2422
    2    1   54  234  272    1   17    2    2    1    2486
    2    1   55  235   74    0    5    1    1    1     644
    2    1   56  236  447    0   28    3    3    1     730
    2    1   57  237   75    0    5    1    1    1     686
    2    1   58  238  259    0   17    2    3    0    2115
    2    1   59  239  375    0   24    3    1    0     607
    2    1   60  240  422    0   27    3    3    1     776
    2    1   61  241   44    0    3    1    1    1     602
    2    1   62  242   97    0    7    1    1    1     626
    2    1   63  243  332    0   21    3    2    0    1066
    2    1   64  244  474    0   30    3    2    0    2721
    2    1   65  245  273    0   18    2    2    1    1396
    2    1   66  246  113    0    8    1    3    0    1118
    2    1   67  247  199    0   13    2    2    1    1073
    2    1   68  248  211    0   14    2    3    0    2936
    2    1   69  249  280    1   18    2    2    1     836
    2    1   70  250  294    0   19    2    1    0     804
    2    1   71  251  120    1    8    1    1    1     869
    2    1   72  252  225    0   15    2    1    0    1906
    2    1   73  253   45    0    3    1    1    1     599
    2    1   74  254  103    0    7    1    1    1     640
    2    1   75  255  185    0   12    2    2    1    1207
    2    1   76  256  389    0   25    3    3    1    1209
    2    1   77  257   98    0    7    1    1    1    2857
    2    1   78  258  147    0   10    1    2    0    1031
    2    1   79  259  398    0   25    3    3    1    1230
    2    1   80  260  109    0    7    1    1    1     799
    2    1   81  261  204    0   13    2    2    1    1983
    2    1   82  262  331    0   21    3    3    1    2961
    2    1   83  263  252    1   16    2    2    1     763
    2    1   84  264  188    0   12    2    2    1    1629
    2    1   85  265  142    0    9    1    1    1    1101
    2    1   86  266  473    1   30    3    3    1    3170
    2    1   87  267  246    0   16    2    2    1    1363
    2    1   88  268  350    0   22    3    1    0     862
    2    1   89  269  284    0   18    2    3    0     812
    2    1   90  270  137    0    9    1    1    1     652
    2    1   91  271  136    0    9    1    1    1     724
    2    1   92  272   77    0    5    1    1    1     615
    2    1   93  273  150    0   10    1    2    0    1407
    2    1   94  274  362    0   23    3    3    1     649
    2    1   95  275  145    0   10    1    1    1     911
    2    1   96  276  393    0   25    3    3    1    1019
    2    1   97  277  429    0   27    3    3    1     787
    2    1   98  278  347    0   22    3    1    0    1125
    2    1   99  279  414    0   26    3    3    1     761
    2    1  100  280  383    0   24    3    1    0     843
    2    1  101  281   67    0    5    1    1    1     715
    2    1  102  282  340    1   22    3    1    0     639
    2    1  103  283  271    1   17    2    2    1    1351
    2    1  104  284  198    0   13    2    2    1     576
    2    1  105  285   38    1    3    1    1    1     747
    2    1  106  286   57    0    4    1    1    1    3119
    2    1  107  287   29    0    2    1    3    0     946
    2    1  108  288  160    0   10    1    1    1     940
    2    1  109  289   99    0    7    1    1    1     712
    2    1  110  290  426    0   27    3    3    1     861
    2    1  111  291  354    0   23    3    3    1     748
    2    1  112  292  301    0   19    2    1    0     719
    2    1  113  293  242    0   16    2    2    1     850
    2    1  114  294  478    0   30    3    2    0     642
    2    1  115  295   25    0    2    1    2    0     776
    2    1  116  296   95    0    6    1    3    0     923
    2    1  117  297  360    1   23    3    3    1     583
    2    1  118  298  230    0   15    2    2    1    2383
    2    1  119  299  346    0   22    3    1    0     497
    2    1  120  300  228    0   15    2    2    1    3582
    2    1  121  301  221    0   14    2    3    0    3488
    2    1  122  302   18    0    2    1    2    0    1109
    2    1  123  303  408    1   26    3    3    1    1962
    2    1  124  304  377    0   24    3    1    0     603
    2    1  125  305  239    0   15    2    3    0    2740
    2    1  126  306  352    0   22    3    3    1    1305
    2    1  127  307  368    0   23    3    3    1    1701
    2    1  128  308  449    0   29    3    2    0     801
    2    1  129  309   34    0    3    1    1    1     658
    2    1  130  310  143    0    9    1    3    0    1321
    2    1  131  311  232    0   15    2    3    0     948
    2    1  132  312  263    0   17    2    2    1    1312
    2    1  133  313  238    0   15    2    2    1    2188
    2    1  134  314   30    0    2    1    3    0    2853
    2    1  135  315  151    0   10    1    2    0    1350
    2    1  136  316  258    0   17    2    2    1     592
    2    1  137  317  115    0    8    1    1    1     569
    2    1  138  318  315    0   20    2    2    1     866
    2    1  139  319  186    0   12    2    2    1    1425
    2    1  140  320  454    0   29    3    2    0     713
    2    1  141  321    1    0    1    1    1    1     525
    2    1  142  322  200    0   13    2    2    1     793
    2    1  143  323  328    0   21    3    3    1    3370
    2    1  144  324   39    0    3    1    1    1     661
    2    1  145  325   68    0    5    1    1    1     700
    2    1  146  326  164    1   11    2    2    1    2720
    2    1  147  327  382    0   24    3    1    0     883
    2    1  148  328  128    0    8    1    3    0    3713
    2    1  149  329  181    0   12    2    2    1     989
    2    1  150  330  277    0   18    2    2    1     711
    2    1  151  331  460    0   29    3    3    1     956
    2    1  152  332   27    0    2    1    1    1    1574
    2    1  153  333  290    1   19    2    1    0    1543
    2    1  154  334  372    0   24    3    1    0     796
    2    1  155  335  146    0   10    1    1    1     429
    2    1  156  336  244    0   16    2    2    1    1053
    2    1  157  337  308    0   20    2    2    1    1267
    2    1  158  338  237    0   15    2    2    1    1042
    2    1  159  339  235    0   15    2    3    0    3288
    2    1  160  340  184    0   12    2    2    1     950
    2    1  161  341  195    0   13    2    2    1    1088
    2    1  162  342  367    0   23    3    3    1    2406
    2    1  163  343  452    0   29    3    3    1     567
    2    1  164  344   73    0    5    1    1    1     704
    2    1  165  345  190    0   12    2    3    0    2148
    2    1  166  346  451    0   29    3    2    0     816
    2    1  167  347  127    0    8    1    1    1     703
    2    1  168  348  203    0   13    2    2    1     836
    2    1  169  349   23    0    2    1    3    0    3940
    2    1  170  350  310    0   20    2    2    1    2342
    2    1  171  351   20    0    2    1    3    0    2010
    2    1  172  352  220    0   14    2    2    1    2827
    2    1  173  353  108    0    7    1    1    1     699
    2    1  174  354  249    0   16    2    1    0     624
    2    1  175  355  327    0   21    3    2    0    1128
    2    1  176  356  262    0   17    2    3    0    1308
    2    1  177  357  430    0   27    3    3    1     696
    2    1  178  358  370    0   24    3    1    0     909
    2    1  179  359  379    0   24    3    1    0     730
    2    1  180  360  261    0   17    2    3    0    1069
    2    1  181  361  152    0   10    1    3    0    1619
    2    1  182  362    8    0    1    1    2    0    2228
    2    1  183  363  364    0   23    3    3    1     876
    2    1  184  364  336    0   21    3    3    1    1449
    2    1  185  365  410    0   26    3    2    0     976
    2    1  186  366  139    0    9    1    3    0    1514
    2    1  187  367  442    0   28    3    3    1     574
    2    1  188  368  292    0   19    2    3    0    1288
    2    1  189  369  319    0   20    2    2    1     983
    2    1  190  370  275    0   18    2    1    0     991
    2    1  191  371  289    1   19    2    2    1     873
    2    1  192  372   51    0    4    1    1    1     583
    2    1  193  373   36    1    3    1    1    1     608
    2    1  194  374   71    1    5    1    1    1     633
    2    1  195  375  309    0   20    2    3    0     768
    2    1  196  376  366    0   23    3    3    1     658
    2    1  197  377   33    1    3    1    1    1     585
    2    1  198  378   46    0    3    1    1    1    2002
    2    1  199  379  250    1   16    2    3    0     770
    2    1  200  380  306    0   20    2    2    1    2629
    2    1  201  381  409    1   26    3    3    1     669
    2    1  202  382  458    0   29    3    3    1     563
    2    1  203  383  129    0    9    1    1    1     829
    2    1  204  384  171    0   11    2    1    0    3005
    2    1  205  385  224    0   14    2    3    0    2789
    2    1  206  386  266    1   17    2    3    0    1142
    2    1  207  387  416    0   26    3    3    1     778
    2    1  208  388  463    0   29    3    3    1    1116
    2    1  209  389  318    0   20    2    2    1     720
    2    1  210  390  241    0   16    2    1    0     803
    2    1  211  391  326    1   21    3    2    0    1908
    2    1  212  392   62    0    4    1    1    1    1130
    2    1  213  393  248    0   16    2    2    1    1388
    2    1  214  394  240    1   15    2    2    1    1990
    2    1  215  395   82    0    6    1    3    0    1816
    2    1  216  396  434    0   28    3    3    1    1279
    2    1  217  397  462    0   29    3    3    1     605
    2    1  218  398  176    0   11    2    1    0     918
    2    1  219  399  229    0   15    2    3    0     946
    2    1  220  400  401    0   26    3    3    1     637
    2    1  221  401  236    0   15    2    2    1    1540
    2    1  222  402   43    0    3    1    1    1     729
    2    1  223  403  213    0   14    2    2    1    1916
    2    1  224  404  278    0   18    2    2    1    2112
    2    1  225  405  154    0   10    1    1    1     717
    2    1  226  406  157    0   10    1    1    1    1953
    2    1  227  407  279    0   18    2    3    0    1827
    2    1  228  408  427    0   27    3    3    1     603
    2    1  229  409  178    0   12    2    3    0    1478
    2    1  230  410   26    0    2    1    2    0    1131
    2    1  231  411   78    0    5    1    1    1     574
    2    1  232  412  125    0    8    1    1    1    2536
    2    1  233  413  420    0   27    3    3    1    1235
    2    1  234  414  133    0    9    1    1    1     851
    2    1  235  415  114    0    8    1    1    1     866
    2    1  236  416  300    0   19    2    1    0     800
    2    1  237  417   96    0    6    1    3    0    1760
    2    1  238  418   76    0    5    1    1    1     810
    2    1  239  419  140    0    9    1    1    1    3051
    2    1  240  420   32    0    2    1    3    0    1042
    2    1  241  421   80    1    5    1    1    1     938
    2    1  242  422  101    0    7    1    1    1     852
    2    1  243  423  323    0   21    3    2    0     722
    2    1  244  424  413    0   26    3    3    1     662
    2    1  245  425  390    0   25    3    3    1    1885
    2    1  246  426  183    0   12    2    2    1     770
    2    1  247  427  421    0   27    3    2    0     948
    2    1  248  428  361    0   23    3    3    1     735
    2    1  249  429  431    0   27    3    2    0     580
    2    1  250  430  118    0    8    1    1    1     941
    2    1  251  431    4    1    1    1    1    1     904
    2    1  252  432  400    0   25    3    3    1    1317
    2    1  253  433  373    0   24    3    1    0     705
    2    1  254  434  123    0    8    1    1    1    1574
    2    1  255  435  175    0   11    2    3    0     695
    2    1  256  436  209    0   14    2    3    0    1916
    2    1  257  437   35    1    3    1    1    1     608
    2    1  258  438  106    0    7    1    3    0    1931
    2    1  259  439  404    0   26    3    3    1     924
    2    1  260  440  385    0   25    3    3    1    1161
    2    1  261  441  406    1   26    3    3    1    3323
    2    1  262  442  380    1   24    3    1    0    3511
    2    1  263  443    9    0    1    1    1    1     923
    2    1  264  444   69    0    5    1    1    1     840
    2    1  265  445  303    0   19    2    2    1    1734
    2    1  266  446  322    0   21    3    2    0    1955
    2    1  267  447  173    0   11    2    3    0    5092
    2    1  268  448  298    0   19    2    2    1    1178
    2    1  269  449   16    1    1    1    1    1     524
    2    1  270  450  435    0   28    3    1    0    1032
    2    1  271  451  471    1   30    3    3    1     895
    2    1  272  452  313    0   20    2    3    0    3437
    2    1  273  453  177    0   12    2    2    1    2196
    2    1  274  454   12    0    1    1    1    1     733
    2    1  275  455  144    0    9    1    1    1    1281
    2    1  276  456  208    0   13    2    2    1    2142
    2    1  277  457  111    0    7    1    3    0    1368
    2    1  278  458  357    0   23    3    3    1    1171
    2    1  279  459  288    0   18    2    1    0    1492
    2    1  280  460  155    0   10    1    2    0     937
    2    1  281  461  256    0   16    2    3    0    1173
    2    1  282  462  351    0   22    3    1    0    1575
    2    1  283  463   84    0    6    1    3    0     808
    2    1  284  464  105    0    7    1    1    1    5642
    2    1  285  465  197    0   13    2    1    0     810
    2    1  286  466  348    0   22    3    1    0     747
    2    1  287  467  433    0   28    3    3    1    1038
    2    1  288  468  205    0   13    2    3    0    2852
    2    1  289  469  453    0   29    3    3    1     707
    2    1  290  470  180    0   12    2    3    0    1208
    2    1  291  471  189    0   12    2    2    1    2056
    2    1  292  472  285    0   18    2    3    0    2824
    2    1  293  473   64    0    4    1    3    0    4792
    2    1  294  474  233    0   15    2    1    0    3417
    2    1  295  475  436    0   28    3    3    1     721
    2    1  296  476  446    0   28    3    3    1     660
    2    1  297  477   11    0    1    1    1    1     875
    2    1  298  478  167    0   11    2    1    0     778
    2    1  299  479   31    0    2    1    1    1    1036
    2    1  300  480  166    0   11    2    1    0    3187
