    1    1    1    1  409    1   26    3    1    0    4406
    1    1    2    2  408    1   26    3    3    1    3217
    1    1    3    3   35    1    3    1    2    0    2862
    1    1    4    4  479    1   30    3    3    1    1638
    1    1    5    5   80    1    5    1    2    0    1452
    1    1    6    6  117    1    8    1    1    1    1874
    1    1    7    7  201    1   13    2    2    1    1238
    1    1    8    8  360    1   23    3    2    0    1826
    1    1    9    9  289    1   19    2    2    1    2284
    1    1   10   10  267    1   17    2    2    1    1384
    1    1   11   11   15    1    1    1    1    1    1882
    1    1   12   12  217    1   14    2    2    1    1677
    1    1   13   13  465    1   30    3    3    1    1635
    1    1   14   14   53    1    4    1    1    1    1584
    1    1   15   15   38    1    3    1    1    1    1815
    1    1   16   16   33    1    3    1    1    1    1243
    1    1   17   17   56    1    4    1    1    1    2598
    1    1   18   18  356    1   23    3    3    1    1365
    1    1   19   19  340    1   22    3    1    0    2786
    1    1   20   20    4    1    1    1    1    1    1310
    1    1   21   21    6    1    1    1    1    1     859
    1    1   22   22  216    1   14    2    3    0    2483
    1    1   23   23  266    1   17    2    2    1    1463
    1    1   24   24   16    1    1    1    1    1    1233
    1    1   25   25  164    1   11    2    2    1    2342
    1    1   26   26  359    1   23    3    3    1    1225
    1    1   27   27  245    1   16    2    2    1    2537
    1    1   28   28  240    1   15    2    1    0    3947
    1    1   29   29   37    1    3    1    1    1    1136
    1    1   30   30  448    1   28    3    3    1    2510
    1    1   31   31   58    1    4    1    3    0    3271
    1    1   32   32  272    1   17    2    2    1    2410
    1    1   33   33  406    1   26    3    3    1    2532
    1    1   34   34  269    1   17    2    2    1    1163
    1    1   35   35  252    1   16    2    2    1     781
    1    1   36   36  424    1   27    3    3    1    1528
    1    1   37   37  471    1   30    3    2    0    2863
    1    1   38   38  182    1   12    2    2    1    1309
    1    1   39   39  120    1    8    1    1    1    1226
    1    1   40   40  280    1   18    2    3    0    1625
    1    1   41   41  219    1   14    2    2    1    4845
    1    1   42   42  290    1   19    2    2    1    1814
    1    1   43   43  212    1   14    2    2    1    1110
    1    1   44   44  250    1   16    2    2    1     923
    1    1   45   45  476    1   30    3    3    1    2752
    1    1   46   46   49    1    4    1    1    1    1340
    1    1   47   47  276    1   18    2    1    0    2430
    1    1   48   48  121    1    8    1    1    1    3185
    1    1   49   49  473    1   30    3    2    0    1630
    1    1   50   50  326    1   21    3    1    0    2410
    1    1   51   51  271    1   17    2    2    1    1914
    1    1   52   52   66    1    5    1    1    1    1143
    1    1   53   53   71    1    5    1    1    1     978
    1    1   54   54  353    1   23    3    2    0    2468
    1    1   55   55   36    1    3    1    1    1    1152
    1    1   56   56  380    1   24    3    2    0    1542
    1    1   57   57  396    1   25    3    3    1    1999
    1    1   58   58  411    1   26    3    3    1     781
    1    1   59   59  387    1   25    3    2    0    2595
    1    1   60   60   52    1    4    1    1    1    1104
    1    2    1   61  276    1   18    2    2    1    1321
    1    2    2   62   36    1    3    1    1    1     997
    1    2    3   63  471    1   30    3    3    1    1137
    1    2    4   64    6    1    1    1    1    1    1098
    1    2    5   65   53    1    4    1    1    1    1000
    1    2    6   66  411    1   26    3    3    1     958
    1    2    7   67  212    1   14    2    2    1    1281
    1    2    8   68  326    1   21    3    2    0    1651
    1    2    9   69  406    1   26    3    3    1    1130
    1    2   10   70  448    1   28    3    3    1     777
    1    2   11   71  280    1   18    2    3    0     849
    1    2   12   72  272    1   17    2    2    1    1789
    1    2   13   73  353    1   23    3    3    1    1696
    1    2   14   74  267    1   17    2    2    1    1431
    1    2   15   75  182    1   12    2    2    1     613
    1    2   16   76   80    1    5    1    1    1    1537
    1    2   17   77   71    1    5    1    1    1    1210
    1    2   18   78  245    1   16    2    2    1    1565
    1    2   19   79  473    1   30    3    3    1    1057
    1    2   20   80   52    1    4    1    1    1    1169
    1    2   21   81  252    1   16    2    2    1    1229
    1    2   22   82  217    1   14    2    3    0    1129
    1    2   23   83   58    1    4    1    1    1    1561
    1    2   24   84  360    1   23    3    3    1     950
    1    2   25   85   35    1    3    1    1    1    1111
    1    2   26   86  117    1    8    1    1    1    1405
    1    2   27   87  250    1   16    2    2    1     858
    1    2   28   88  201    1   13    2    2    1     756
    1    2   29   89  266    1   17    2    2    1     667
    1    2   30   90  424    1   27    3    3    1     887
    1    2   31   91   66    1    5    1    1    1    1057
    1    2   32   92  164    1   11    2    1    0    1048
    1    2   33   93  476    1   30    3    3    1    1430
    1    2   34   94  465    1   30    3    3    1    1791
    1    2   35   95   38    1    3    1    1    1    1220
    1    2   36   96  120    1    8    1    1    1    1694
    1    2   37   97  409    1   26    3    3    1    1114
    1    2   38   98  356    1   23    3    3    1    2060
    1    2   39   99   49    1    4    1    1    1    1048
    1    2   40  100  359    1   23    3    3    1     906
    1    2   41  101  396    1   25    3    3    1    1854
    1    2   42  102   56    1    4    1    1    1    1136
    1    2   43  103  271    1   17    2    2    1    1712
    1    2   44  104  340    1   22    3    1    0    4159
    1    2   45  105  269    1   17    2    2    1    1731
    1    2   46  106  240    1   15    2    3    0    1106
    1    2   47  107  408    1   26    3    3    1    1332
    1    2   48  108   16    1    1    1    1    1    1245
    1    2   49  109   15    1    1    1    1    1     707
    1    2   50  110  380    1   24    3    2    0    1127
    1    2   51  111  479    1   30    3    3    1    1831
    1    2   52  112    4    1    1    1    1    1    1197
    1    2   53  113  289    1   19    2    2    1     743
    1    2   54  114   37    1    3    1    1    1    1064
    1    2   55  115  387    1   25    3    3    1    2632
    1    2   56  116  290    1   19    2    2    1    1721
    1    2   57  117  121    1    8    1    1    1    1374
    1    2   58  118   33    1    3    1    1    1    1092
    1    2   59  119  216    1   14    2    3    0    2588
    1    2   60  120  219    1   14    2    2    1    1036
    1    3    1  121   56    1    4    1    1    1    1329
    1    3    2  122  252    1   16    2    2    1     722
    1    3    3  123  326    1   21    3    3    1    2060
    1    3    4  124  245    1   16    2    2    1     934
    1    3    5  125  266    1   17    2    2    1    2000
    1    3    6  126  448    1   28    3    3    1    1083
    1    3    7  127   58    1    4    1    1    1    1692
    1    3    8  128  387    1   25    3    3    1    1342
    1    3    9  129  217    1   14    2    2    1     959
    1    3   10  130  380    1   24    3    3    1    1054
    1    3   11  131    6    1    1    1    1    1    1117
    1    3   12  132  121    1    8    1    1    1    1052
    1    3   13  133   71    1    5    1    1    1    1175
    1    3   14  134  272    1   17    2    2    1    3497
    1    3   15  135   80    1    5    1    1    1    1036
    1    3   16  136   36    1    3    1    1    1     868
    1    3   17  137   52    1    4    1    1    1     972
    1    3   18  138   35    1    3    1    1    1     817
    1    3   19  139  396    1   25    3    3    1     992
    1    3   20  140  409    1   26    3    3    1     843
    1    3   21  141  359    1   23    3    3    1    1379
    1    3   22  142  471    1   30    3    3    1    1359
    1    3   23  143  408    1   26    3    2    0    2181
    1    3   24  144  289    1   19    2    2    1     929
    1    3   25  145  240    1   15    2    2    1    2430
    1    3   26  146  360    1   23    3    3    1     768
    1    3   27  147  280    1   18    2    2    1    4755
    1    3   28  148  120    1    8    1    1    1    1261
    1    3   29  149  212    1   14    2    2    1    2371
    1    3   30  150  424    1   27    3    3    1    1522
    1    3   31  151   37    1    3    1    1    1    1193
    1    3   32  152  267    1   17    2    2    1    1220
    1    3   33  153   53    1    4    1    1    1    1263
    1    3   34  154  216    1   14    2    3    0    1671
    1    3   35  155  201    1   13    2    2    1    1096
    1    3   36  156    4    1    1    1    1    1    1113
    1    3   37  157   15    1    1    1    1    1    1023
    1    3   38  158  269    1   17    2    2    1     990
    1    3   39  159  465    1   30    3    3    1    1535
    1    3   40  160  117    1    8    1    1    1    1000
    1    3   41  161   38    1    3    1    1    1    1089
    1    3   42  162   33    1    3    1    1    1    1049
    1    3   43  163  290    1   19    2    1    0    1316
    1    3   44  164   49    1    4    1    1    1    1602
    1    3   45  165  356    1   23    3    3    1    1210
    1    3   46  166  479    1   30    3    3    1    1186
    1    3   47  167  411    1   26    3    3    1    2133
    1    3   48  168  164    1   11    2    1    0    1158
    1    3   49  169  182    1   12    2    2    1    1289
    1    3   50  170  473    1   30    3    3    1    1198
    1    3   51  171  406    1   26    3    3    1    1854
    1    3   52  172  250    1   16    2    2    1    1115
    1    3   53  173  271    1   17    2    2    1     912
    1    3   54  174  340    1   22    3    3    1    1441
    1    3   55  175   66    1    5    1    1    1    1071
    1    3   56  176   16    1    1    1    1    1    1117
    1    3   57  177  276    1   18    2    1    0    2169
    1    3   58  178  476    1   30    3    3    1    1277
    1    3   59  179  219    1   14    2    3    0    2698
    1    3   60  180  353    1   23    3    2    0    1469
    2    1    1  181  308    0   20    2    3    0    4052
    2    1    2  182  230    0   15    2    3    0    2472
    2    1    3  183  332    0   21    3    2    0    2135
    2    1    4  184  252    1   16    2    2    1    1068
    2    1    5  185  300    0   19    2    1    0    1449
    2    1    6  186  322    0   21    3    3    1    1484
    2    1    7  187  165    0   11    2    1    0    1280
    2    1    8  188   68    0    5    1    1    1    1090
    2    1    9  189  162    0   11    2    2    1    3121
    2    1   10  190  240    1   15    2    1    0    3567
    2    1   11  191  204    0   13    2    2    1    1614
    2    1   12  192  145    0   10    1    1    1    1206
    2    1   13  193  411    1   26    3    3    1    2305
    2    1   14  194  159    0   10    1    3    0    4004
    2    1   15  195  107    0    7    1    1    1    5325
    2    1   16  196    8    0    1    1    1    1    1664
    2    1   17  197   56    1    4    1    1    1    1894
    2    1   18  198  432    0   27    3    3    1    1356
    2    1   19  199   95    0    6    1    3    0    1696
    2    1   20  200    4    1    1    1    1    1    1397
    2    1   21  201  289    1   19    2    1    0    2872
    2    1   22  202  155    0   10    1    2    0    1881
    2    1   23  203  236    0   15    2    3    0    3288
    2    1   24  204  309    0   20    2    3    0    1631
    2    1   25  205   89    0    6    1    3    0    3262
    2    1   26  206  473    1   30    3    3    1    1002
    2    1   27  207  351    0   22    3    1    0    1251
    2    1   28  208  251    0   16    2    2    1    1274
    2    1   29  209  147    0   10    1    2    0    1171
    2    1   30  210  190    0   12    2    3    0    5303
    2    1   31  211   94    0    6    1    3    0    2577
    2    1   32  212  462    0   29    3    3    1    1003
    2    1   33  213    3    0    1    1    1    1    1129
    2    1   34  214  197    0   13    2    1    0    1109
    2    1   35  215  163    0   11    2    2    1    4628
    2    1   36  216  118    0    8    1    1    1    1170
    2    1   37  217  224    0   14    2    2    1    2148
    2    1   38  218  214    0   14    2    3    0    1332
    2    1   39  219   52    1    4    1    1    1    1086
    2    1   40  220  330    0   21    3    3    1    1741
    2    1   41  221  101    0    7    1    1    1    2545
    2    1   42  222  245    1   16    2    2    1    1816
    2    1   43  223  376    0   24    3    1    0    1739
    2    1   44  224   14    0    1    1    1    1    1254
    2    1   45  225  450    0   29    3    2    0    1853
    2    1   46  226  218    0   14    2    3    0    2743
    2    1   47  227  175    0   11    2    3    0    2698
    2    1   48  228  199    0   13    2    2    1    1137
    2    1   49  229  361    0   23    3    3    1    1198
    2    1   50  230   91    0    6    1    3    0     987
    2    1   51  231  247    0   16    2    2    1    1430
    2    1   52  232   84    0    6    1    3    0    3483
    2    1   53  233   88    0    6    1    3    0    1283
    2    1   54  234  136    0    9    1    1    1    2447
    2    1   55  235  347    0   22    3    1    0     967
    2    1   56  236    6    1    1    1    1    1     681
    2    1   57  237  446    0   28    3    3    1    4916
    2    1   58  238  169    0   11    2    1    0    1226
    2    1   59  239   57    0    4    1    1    1    3545
    2    1   60  240   87    0    6    1    2    0    1360
    2    1   61  241  102    0    7    1    3    0    1848
    2    1   62  242  418    0   27    3    3    1    1893
    2    1   63  243  285    0   18    2    1    0    1614
    2    1   64  244  381    0   24    3    1    0    1387
    2    1   65  245  161    0   11    2    3    0    1645
    2    1   66  246  340    1   22    3    3    1    1777
    2    1   67  247  193    0   13    2    2    1    1241
    2    1   68  248  291    0   19    2    2    1    1859
    2    1   69  249  140    0    9    1    1    1    2695
    2    1   70  250  457    0   29    3    2    0    1402
    2    1   71  251   41    0    3    1    1    1    1270
    2    1   72  252  156    0   10    1    1    1    1250
    2    1   73  253  401    0   26    3    3    1    5246
    2    1   74  254   66    1    5    1    1    1    1542
    2    1   75  255  220    0   14    2    3    0    2809
    2    1   76  256  200    0   13    2    2    1    1157
    2    1   77  257  295    0   19    2    1    0    1395
    2    1   78  258  367    0   23    3    2    0    1608
    2    1   79  259  158    0   10    1    1    1    1080
    2    1   80  260  414    0   26    3    3    1    1351
    2    1   81  261  227    0   15    2    3    0    1256
    2    1   82  262  198    0   13    2    2    1    1330
    2    1   83  263  421    0   27    3    2    0    1329
    2    1   84  264  305    0   20    2    2    1    1019
    2    1   85  265  125    0    8    1    1    1    1889
    2    1   86  266  419    0   27    3    3    1    1135
    2    1   87  267  196    0   13    2    2    1    1223
    2    1   88  268  232    0   15    2    3    0    5707
    2    1   89  269  359    1   23    3    3    1    1173
    2    1   90  270  221    0   14    2    3    0    2093
    2    1   91  271   50    0    4    1    3    0    1237
    2    1   92  272  302    0   19    2    2    1    1079
    2    1   93  273  296    0   19    2    2    1    1474
    2    1   94  274  182    1   12    2    2    1     652
    2    1   95  275  205    0   13    2    2    1    1388
    2    1   96  276  402    0   26    3    2    0    1253
    2    1   97  277  223    0   14    2    2    1     847
    2    1   98  278  228    0   15    2    3    0     653
    2    1   99  279   90    0    6    1    3    0     804
    2    1  100  280  298    0   19    2    1    0    1430
    2    1  101  281  104    0    7    1    3    0    2651
    2    1  102  282  407    0   26    3    3    1    1425
    2    1  103  283  382    0   24    3    3    1    1541
    2    1  104  284  270    0   17    2    2    1    1336
    2    1  105  285   45    0    3    1    1    1    1165
    2    1  106  286  184    0   12    2    3    0    1460
    2    1  107  287  338    0   22    3    1    0    1685
    2    1  108  288  420    0   27    3    3    1    1415
    2    1  109  289  437    0   28    3    3    1    1135
    2    1  110  290  238    0   15    2    3    0    1504
    2    1  111  291  138    0    9    1    1    1    1182
    2    1  112  292  134    0    9    1    2    0    2301
    2    1  113  293  374    0   24    3    2    0    3751
    2    1  114  294  187    0   12    2    2    1    1846
    2    1  115  295  239    0   15    2    2    1    1231
    2    1  116  296  209    0   14    2    3    0    1164
    2    1  117  297  109    0    7    1    3    0    1548
    2    1  118  298   39    0    3    1    1    1     890
    2    1  119  299  153    0   10    1    1    1     857
    2    1  120  300   76    0    5    1    1    1     877
    2    1  121  301  438    0   28    3    3    1    1294
    2    1  122  302  131    0    9    1    3    0    1123
    2    1  123  303   35    1    3    1    1    1     948
    2    1  124  304  372    0   24    3    3    1    1146
    2    1  125  305   31    0    2    1    3    0    1443
    2    1  126  306  459    0   29    3    1    0    2857
    2    1  127  307  345    0   22    3    3    1    1105
    2    1  128  308  416    0   26    3    3    1    1307
    2    1  129  309  464    0   29    3    2    0    1155
    2    1  130  310  405    0   26    3    2    0    4778
    2    1  131  311  217    1   14    2    2    1    1578
    2    1  132  312  323    0   21    3    2    0    1838
    2    1  133  313  177    0   12    2    3    0    1160
    2    1  134  314  176    0   11    2    1    0    1192
    2    1  135  315  315    0   20    2    3    0    2021
    2    1  136  316  380    1   24    3    2    0    5706
    2    1  137  317  250    1   16    2    1    0    1062
    2    1  138  318   58    1    4    1    1    1    1537
    2    1  139  319   54    0    4    1    1    1    1170
    2    1  140  320   42    0    3    1    1    1     877
    2    1  141  321  455    0   29    3    2    0    1117
    2    1  142  322   43    0    3    1    1    1    1021
    2    1  143  323  435    0   28    3    3    1    1063
    2    1  144  324  434    0   28    3    3    1    1137
    2    1  145  325   15    1    1    1    1    1    1077
    2    1  146  326  350    0   22    3    1    0    3119
    2    1  147  327  139    0    9    1    3    0    2204
    2    1  148  328  453    0   29    3    2    0    1857
    2    1  149  329   23    0    2    1    3    0    1966
    2    1  150  330  310    0   20    2    2    1    2235
    2    1  151  331  409    1   26    3    3    1    1522
    2    1  152  332    7    0    1    1    1    1    1179
    2    1  153  333  137    0    9    1    3    0    1135
    2    1  154  334  254    0   16    2    2    1    1154
    2    1  155  335  369    0   24    3    3    1    2742
    2    1  156  336  458    0   29    3    1    0    1228
    2    1  157  337  268    0   17    2    2    1    2623
    2    1  158  338  423    0   27    3    3    1    1222
    2    1  159  339   17    0    2    1    3    0    2384
    2    1  160  340   69    0    5    1    1    1    1565
    2    1  161  341  246    0   16    2    2    1    1320
    2    1  162  342  282    0   18    2    2    1    1799
    2    1  163  343  358    0   23    3    3    1    1253
    2    1  164  344  112    0    7    1    3    0    1223
    2    1  165  345    1    0    1    1    1    1    1128
    2    1  166  346   44    0    3    1    1    1    1342
    2    1  167  347  474    0   30    3    3    1    2600
    2    1  168  348  297    0   19    2    1    0    1162
    2    1  169  349  181    0   12    2    3    0    1012
    2    1  170  350  304    0   19    2    2    1    4864
    2    1  171  351   55    0    4    1    1    1    1143
    2    1  172  352   63    0    4    1    1    1    1082
    2    1  173  353  100    0    7    1    1    1    1374
    2    1  174  354  212    1   14    2    3    0    2794
    2    1  175  355  377    0   24    3    1    0    1081
    2    1  176  356  189    0   12    2    3    0    1057
    2    1  177  357   64    0    4    1    3    0    2243
    2    1  178  358  427    0   27    3    3    1    1453
    2    1  179  359   18    0    2    1    3    0    1601
    2    1  180  360   30    0    2    1    2    0    1776
    2    1  181  361  362    0   23    3    3    1    1086
    2    1  182  362   72    0    5    1    1    1    1495
    2    1  183  363  333    0   21    3    2    0    2252
    2    1  184  364  440    0   28    3    3    1    1138
    2    1  185  365  143    0    9    1    3    0    1022
    2    1  186  366  463    0   29    3    3    1    1737
    2    1  187  367  329    0   21    3    3    1    1083
    2    1  188  368  368    0   23    3    3    1    1019
    2    1  189  369  269    1   17    2    2    1    1074
    2    1  190  370  241    0   16    2    2    1    1132
    2    1  191  371  151    0   10    1    2    0     820
    2    1  192  372  168    0   11    2    3    0    1090
    2    1  193  373  179    0   12    2    3    0    1617
    2    1  194  374  121    1    8    1    1    1    1510
    2    1  195  375  447    0   28    3    3    1    1293
    2    1  196  376  442    0   28    3    3    1     926
    2    1  197  377  444    0   28    3    3    1     767
    2    1  198  378  110    0    7    1    2    0    1642
    2    1  199  379  415    0   26    3    3    1    1417
    2    1  200  380  119    0    8    1    1    1     995
    2    1  201  381  349    0   22    3    1    0    2929
    2    1  202  382  286    0   18    2    3    0    4427
    2    1  203  383  394    0   25    3    3    1    1315
    2    1  204  384  258    0   17    2    2    1    1443
    2    1  205  385  465    1   30    3    3    1    2007
    2    1  206  386  424    1   27    3    3    1    1272
    2    1  207  387   59    0    4    1    1    1    1075
    2    1  208  388  149    0   10    1    1    1    1839
    2    1  209  389   11    0    1    1    1    1    1012
    2    1  210  390  194    0   13    2    2    1    1837
    2    1  211  391  133    0    9    1    3    0    1010
    2    1  212  392   81    0    6    1    3    0    1664
    2    1  213  393  210    0   14    2    3    0    3681
    2    1  214  394  211    0   14    2    3    0     947
    2    1  215  395   19    0    2    1    1    1    1233
    2    1  216  396   37    1    3    1    1    1     932
    2    1  217  397  116    0    8    1    1    1    1318
    2    1  218  398  387    1   25    3    2    0    2824
    2    1  219  399  445    0   28    3    3    1    1002
    2    1  220  400  117    1    8    1    1    1    1065
    2    1  221  401  287    0   18    2    1    0    1343
    2    1  222  402  306    0   20    2    3    0    1925
    2    1  223  403  443    0   28    3    3    1    1272
    2    1  224  404  256    0   16    2    2    1    1444
    2    1  225  405  120    1    8    1    1    1    1106
    2    1  226  406  225    0   15    2    3    0    2273
    2    1  227  407  472    0   30    3    3    1    1931
    2    1  228  408  468    0   30    3    3    1    1165
    2    1  229  409   10    0    1    1    1    1     995
    2    1  230  410  288    0   18    2    1    0     894
    2    1  231  411   20    0    2    1    3    0    1200
    2    1  232  412  337    0   22    3    3    1    1663
    2    1  233  413   46    0    3    1    1    1    1238
    2    1  234  414  124    0    8    1    1    1     933
    2    1  235  415  379    0   24    3    1    0    1382
    2    1  236  416  471    1   30    3    3    1    1138
    2    1  237  417  386    0   25    3    3    1    2134
    2    1  238  418  303    0   19    2    2    1    1210
    2    1  239  419  164    1   11    2    2    1    2358
    2    1  240  420  343    0   22    3    1    0    1433
    2    1  241  421  281    0   18    2    1    0    1222
    2    1  242  422  375    0   24    3    3    1    1107
    2    1  243  423  313    0   20    2    2    1    1362
    2    1  244  424  364    0   23    3    3    1    1804
    2    1  245  425  348    0   22    3    3    1    1500
    2    1  246  426  114    0    8    1    1    1    1107
    2    1  247  427  478    0   30    3    3    1    2331
    2    1  248  428  129    0    9    1    3    0    1990
    2    1  249  429   93    0    6    1    3    0     839
    2    1  250  430   33    1    3    1    1    1    1041
    2    1  251  431  108    0    7    1    1    1    2702
    2    1  252  432  206    0   13    2    2    1    1669
    2    1  253  433  346    0   22    3    3    1    2522
    2    1  254  434  188    0   12    2    3    0    1391
    2    1  255  435  152    0   10    1    3    0    3785
    2    1  256  436  317    0   20    2    2    1    4296
    2    1  257  437  186    0   12    2    3    0    1082
    2    1  258  438  355    0   23    3    3    1    1050
    2    1  259  439  255    0   16    2    2    1    1055
    2    1  260  440  191    0   12    2    3    0     913
    2    1  261  441  234    0   15    2    3    0     725
    2    1  262  442  126    0    8    1    1    1    1024
    2    1  263  443  122    0    8    1    1    1    1024
    2    1  264  444  335    0   21    3    3    1    1373
    2    1  265  445   48    0    3    1    1    1    1038
    2    1  266  446  479    1   30    3    3    1     957
    2    1  267  447   21    0    2    1    3    0    1887
    2    1  268  448  403    0   26    3    3    1    1743
    2    1  269  449   73    0    5    1    1    1    2438
    2    1  270  450  260    0   17    2    1    0    1499
    2    1  271  451  130    0    9    1    3    0    1364
    2    1  272  452  406    1   26    3    3    1     957
    2    1  273  453  278    0   18    2    2    1    2767
    2    1  274  454  235    0   15    2    3    0    2325
    2    1  275  455  389    0   25    3    2    0    3218
    2    1  276  456  480    0   30    3    3    1    1879
    2    1  277  457  279    0   18    2    3    0    1813
    2    1  278  458  404    0   26    3    3    1    4508
    2    1  279  459   74    0    5    1    1    1     971
    2    1  280  460  183    0   12    2    3    0    1001
    2    1  281  461   82    0    6    1    3    0    1020
    2    1  282  462  352    0   22    3    2    0    1154
    2    1  283  463  216    1   14    2    3    0    2241
    2    1  284  464  339    0   22    3    1    0    1073
    2    1  285  465  203    0   13    2    2    1    1787
    2    1  286  466  132    0    9    1    3    0    2131
    2    1  287  467   51    0    4    1    1    1    1469
    2    1  288  468  144    0    9    1    3    0    1028
    2    1  289  469  433    0   28    3    3    1    3784
    2    1  290  470  267    1   17    2    2    1    3212
    2    1  291  471  294    0   19    2    1    0    1502
    2    1  292  472  226    0   15    2    3    0     893
    2    1  293  473  208    0   13    2    2    1    1030
    2    1  294  474  266    1   17    2    2    1    3278
    2    1  295  475  215    0   14    2    3    0    1332
    2    1  296  476  451    0   29    3    2    0    1799
    2    1  297  477  222    0   14    2    3    0    1696
    2    1  298  478  431    0   27    3    2    0    1025
    2    1  299  479  231    0   15    2    1    0    1010
    2    1  300  480  283    0   18    2    3    0    5753
