    1    1    1    1  306    1   20    2    1    0    3655
    1    1    2    2  267    1   17    2    1    0    1840
    1    1    3    3  405    1   26    3    3    1    2940
    1    1    4    4   96    1    6    1    1    1    1563
    1    1    5    5  397    1   25    3    2    0    2204
    1    1    6    6   55    1    4    1    2    0    5302
    1    1    7    7  456    1   29    3    2    0    3643
    1    1    8    8  106    1    7    1    1    1    1968
    1    1    9    9  125    1    8    1    1    1    1666
    1    1   10   10  272    1   17    2    3    0    2396
    1    1   11   11   62    1    4    1    2    0    1580
    1    1   12   12  471    1   30    3    1    0    1974
    1    1   13   13  203    1   13    2    2    1    4960
    1    1   14   14   85    1    6    1    1    1    2364
    1    1   15   15  381    1   24    3    3    1    2524
    1    1   16   16  420    1   27    3    1    0    1814
    1    1   17   17  115    1    8    1    1    1     849
    1    1   18   18  136    1    9    1    2    0    3046
    1    1   19   19  339    1   22    3    2    0    1005
    1    1   20   20  224    1   14    2    2    1     938
    1    1   21   21  195    1   13    2    1    0    1396
    1    1   22   22  215    1   14    2    1    0    1463
    1    1   23   23  293    1   19    2    2    1    2957
    1    1   24   24  148    1   10    1    1    1     799
    1    1   25   25  455    1   29    3    1    0    1123
    1    1   26   26  446    1   28    3    1    0    1312
    1    1   27   27   31    1    2    1    2    0    1023
    1    1   28   28   40    1    3    1    2    0     784
    1    1   29   29  135    1    9    1    2    0    1064
    1    1   30   30  111    1    7    1    3    0     708
    1    1   31   31  327    1   21    3    2    0    1084
    1    1   32   32  308    1   20    2    1    0    1707
    1    1   33   33  297    1   19    2    2    1     886
    1    1   34   34  238    1   15    2    1    0     940
    1    1   35   35   73    1    5    1    3    0    1074
    1    1   36   36  278    1   18    2    1    0     737
    1    1   37   37  465    1   30    3    3    1     273
    1    1   38   38  250    1   16    2    2    1     363
    1    1   39   39  190    1   12    2    1    0     434
    1    1   40   40  330    1   21    3    2    0     483
    1    1   41   41  170    1   11    2    3    0     330
    1    1   42   42  229    1   15    2    1    0     518
    1    1   43   43  186    1   12    2    3    0     270
    1    1   44   44   34    1    3    1    1    1     799
    1    1   45   45  376    1   24    3    2    0    1302
    1    1   46   46  241    1   16    2    1    0     747
    1    1   47   47  395    1   25    3    1    0    1059
    1    1   48   48   16    1    1    1    2    0     991
    1    1   49   49  423    1   27    3    1    0     767
    1    1   50   50  279    1   18    2    2    1     710
    1    1   51   51  443    1   28    3    3    1     514
    1    1   52   52   72    1    5    1    1    1     433
    1    1   53   53  413    1   26    3    2    0     437
    1    1   54   54    7    1    1    1    1    1     331
    1    1   55   55   17    1    2    1    1    1     756
    1    1   56   56  163    1   11    2    1    0     736
    1    1   57   57  337    1   22    3    2    0     447
    1    1   58   58  146    1   10    1    2    0     505
    1    1   59   59  359    1   23    3    1    0     317
    1    1   60   60  355    1   23    3    3    1     337
    1    2    1   61  135    1    9    1    2    0     322
    1    2    2   62   34    1    3    1    1    1     293
    1    2    3   63  297    1   19    2    3    0     339
    1    2    4   64  279    1   18    2    2    1     602
    1    2    5   65   31    1    2    1    1    1     406
    1    2    6   66  238    1   15    2    1    0     800
    1    2    7   67  465    1   30    3    1    0     921
    1    2    8   68  355    1   23    3    1    0    1091
    1    2    9   69    7    1    1    1    1    1    1010
    1    2   10   70   16    1    1    1    1    1    1011
    1    2   11   71   85    1    6    1    1    1    1245
    1    2   12   72  267    1   17    2    2    1     788
    1    2   13   73  397    1   25    3    1    0     923
    1    2   14   74  125    1    8    1    1    1    3769
    1    2   15   75   17    1    2    1    1    1    1095
    1    2   16   76  203    1   13    2    3    0    2564
    1    2   17   77  443    1   28    3    1    0    1110
    1    2   18   78  339    1   22    3    2    0    2122
    1    2   19   79  359    1   23    3    1    0     834
    1    2   20   80  293    1   19    2    3    0     499
    1    2   21   81  327    1   21    3    3    1     939
    1    2   22   82  148    1   10    1    1    1     985
    1    2   23   83  190    1   12    2    1    0    1029
    1    2   24   84  106    1    7    1    1    1     777
    1    2   25   85  241    1   16    2    3    0     636
    1    2   26   86   55    1    4    1    3    0     346
    1    2   27   87  278    1   18    2    3    0     271
    1    2   28   88  306    1   20    2    3    0     339
    1    2   29   89  146    1   10    1    3    0     468
    1    2   30   90  456    1   29    3    3    1     524
    1    2   31   91  308    1   20    2    1    0     817
    1    2   32   92  111    1    7    1    3    0     977
    1    2   33   93  423    1   27    3    2    0     597
    1    2   34   94  186    1   12    2    1    0     598
    1    2   35   95  405    1   26    3    1    0     367
    1    2   36   96  215    1   14    2    1    0     856
    1    2   37   97  250    1   16    2    2    1     681
    1    2   38   98  376    1   24    3    2    0    4423
    1    2   39   99  136    1    9    1    2    0    1561
    1    2   40  100  272    1   17    2    1    0     678
    1    2   41  101  224    1   14    2    3    0     453
    1    2   42  102  170    1   11    2    2    1     352
    1    2   43  103  163    1   11    2    1    0     668
    1    2   44  104  395    1   25    3    3    1     456
    1    2   45  105  446    1   28    3    1    0    1402
    1    2   46  106   96    1    6    1    1    1     802
    1    2   47  107  330    1   21    3    2    0     668
    1    2   48  108  337    1   22    3    3    1     770
    1    2   49  109  229    1   15    2    2    1     850
    1    2   50  110   40    1    3    1    1    1    1398
    1    2   51  111  420    1   27    3    2    0    1394
    1    2   52  112   62    1    4    1    2    0     719
    1    2   53  113  195    1   13    2    2    1     845
    1    2   54  114  471    1   30    3    1    0     706
    1    2   55  115   72    1    5    1    2    0     877
    1    2   56  116  115    1    8    1    2    0     826
    1    2   57  117   73    1    5    1    3    0     872
    1    2   58  118  381    1   24    3    2    0     862
    1    2   59  119  413    1   26    3    3    1     791
    1    2   60  120  455    1   29    3    2    0     544
    1    3    1  121  278    1   18    2    2    1     781
    1    3    2  122  115    1    8    1    1    1    1861
    1    3    3  123   96    1    6    1    1    1     976
    1    3    4  124   17    1    2    1    2    0    2335
    1    3    5  125  423    1   27    3    1    0     701
    1    3    6  126  293    1   19    2    2    1     724
    1    3    7  127  125    1    8    1    1    1     782
    1    3    8  128  106    1    7    1    1    1    2010
    1    3    9  129   62    1    4    1    2    0     892
    1    3   10  130  163    1   11    2    2    1     802
    1    3   11  131  135    1    9    1    2    0    1080
    1    3   12  132  395    1   25    3    3    1    1158
    1    3   13  133  471    1   30    3    3    1    1099
    1    3   14  134  339    1   22    3    1    0    2944
    1    3   15  135   73    1    5    1    2    0     712
    1    3   16  136   16    1    1    1    2    0    4285
    1    3   17  137  443    1   28    3    3    1    2587
    1    3   18  138  297    1   19    2    2    1    1205
    1    3   19  139  446    1   28    3    1    0    1342
    1    3   20  140   55    1    4    1    2    0     896
    1    3   21  141   72    1    5    1    2    0    1109
    1    3   22  142  337    1   22    3    3    1    1464
    1    3   23  143  111    1    7    1    1    1     693
    1    3   24  144  267    1   17    2    2    1    1043
    1    3   25  145  381    1   24    3    3    1    1479
    1    3   26  146  148    1   10    1    2    0     830
    1    3   27  147  170    1   11    2    2    1     940
    1    3   28  148  229    1   15    2    2    1     944
    1    3   29  149  241    1   16    2    3    0     702
    1    3   30  150   31    1    2    1    3    0     729
    1    3   31  151  272    1   17    2    3    0     675
    1    3   32  152  455    1   29    3    3    1     700
    1    3   33  153  413    1   26    3    3    1    1669
    1    3   34  154  330    1   21    3    1    0     940
    1    3   35  155  355    1   23    3    1    0     567
    1    3   36  156  376    1   24    3    1    0     619
    1    3   37  157  308    1   20    2    2    1    1469
    1    3   38  158  405    1   26    3    2    0    1528
    1    3   39  159  327    1   21    3    2    0     849
    1    3   40  160  136    1    9    1    2    0     836
    1    3   41  161  215    1   14    2    2    1     696
    1    3   42  162   85    1    6    1    1    1    1571
    1    3   43  163  186    1   12    2    1    0     673
    1    3   44  164  195    1   13    2    2    1     744
    1    3   45  165  465    1   30    3    2    0    1089
    1    3   46  166  420    1   27    3    3    1     279
    1    3   47  167   40    1    3    1    3    0     531
    1    3   48  168  456    1   29    3    2    0    1624
    1    3   49  169  203    1   13    2    3    0     891
    1    3   50  170  250    1   16    2    2    1    2156
    1    3   51  171  306    1   20    2    2    1     935
    1    3   52  172  224    1   14    2    3    0     667
    1    3   53  173  146    1   10    1    2    0     793
    1    3   54  174  238    1   15    2    2    1     754
    1    3   55  175    7    1    1    1    1    1     920
    1    3   56  176  397    1   25    3    2    0     604
    1    3   57  177  279    1   18    2    2    1     916
    1    3   58  178   34    1    3    1    3    0    1080
    1    3   59  179  359    1   23    3    2    0     728
    1    3   60  180  190    1   12    2    1    0     877
    2    1    1  181  405    1   26    3    3    1    2639
    2    1    2  182  419    0   27    3    1    0    2770
    2    1    3  183   97    0    7    1    3    0    2996
    2    1    4  184   82    0    6    1    1    1    1178
    2    1    5  185  161    0   11    2    1    0     799
    2    1    6  186   13    0    1    1    2    0     779
    2    1    7  187  134    0    9    1    2    0    3043
    2    1    8  188  310    0   20    2    2    1     768
    2    1    9  189  201    0   13    2    2    1     831
    2    1   10  190  443    1   28    3    3    1     647
    2    1   11  191  228    0   15    2    1    0     893
    2    1   12  192  245    0   16    2    2    1    1452
    2    1   13  193  122    0    8    1    3    0     629
    2    1   14  194  131    0    9    1    3    0     859
    2    1   15  195  269    0   17    2    2    1     622
    2    1   16  196  138    0    9    1    1    1    2290
    2    1   17  197  125    1    8    1    1    1     490
    2    1   18  198  146    1   10    1    2    0    1131
    2    1   19  199   12    0    1    1    1    1     962
    2    1   20  200   52    0    4    1    2    0     669
    2    1   21  201  230    0   15    2    3    0     759
    2    1   22  202  353    0   23    3    1    0     934
    2    1   23  203  395    1   25    3    2    0     597
    2    1   24  204  275    0   18    2    2    1    1007
    2    1   25  205  343    0   22    3    1    0     904
    2    1   26  206   55    1    4    1    3    0     473
    2    1   27  207  478    0   30    3    2    0     405
    2    1   28  208  117    0    8    1    1    1    1080
    2    1   29  209  436    0   28    3    1    0     545
    2    1   30  210  218    0   14    2    2    1     727
    2    1   31  211  388    0   25    3    2    0     670
    2    1   32  212  352    0   22    3    3    1     862
    2    1   33  213   18    0    2    1    1    1     459
    2    1   34  214  418    0   27    3    1    0     735
    2    1   35  215  101    0    7    1    1    1    1231
    2    1   36  216  216    0   14    2    2    1     531
    2    1   37  217  340    0   22    3    3    1     561
    2    1   38  218   11    0    1    1    2    0     525
    2    1   39  219  446    1   28    3    1    0     326
    2    1   40  220  121    0    8    1    3    0     416
    2    1   41  221  387    0   25    3    2    0     337
    2    1   42  222  172    0   11    2    3    0     418
    2    1   43  223  293    1   19    2    1    0     484
    2    1   44  224  207    0   13    2    3    0     185
    2    1   45  225  392    0   25    3    2    0    2332
    2    1   46  226  135    1    9    1    1    1    1118
    2    1   47  227  329    0   21    3    1    0     897
    2    1   48  228  140    0    9    1    2    0    2050
    2    1   49  229   74    0    5    1    2    0     806
    2    1   50  230  231    0   15    2    2    1     737
    2    1   51  231  302    0   19    2    1    0     603
    2    1   52  232   78    0    5    1    2    0    1106
    2    1   53  233  260    0   17    2    1    0    1266
    2    1   54  234  458    0   29    3    2    0     771
    2    1   55  235  158    0   10    1    1    1    1931
    2    1   56  236  105    0    7    1    2    0     660
    2    1   57  237  234    0   15    2    3    0     740
    2    1   58  238  145    0   10    1    3    0     809
    2    1   59  239  292    0   19    2    2    1     672
    2    1   60  240   38    0    3    1    1    1     875
    2    1   61  241  456    1   29    3    2    0    1191
    2    1   62  242   24    0    2    1    1    1     895
    2    1   63  243   70    0    5    1    3    0    1906
    2    1   64  244  261    0   17    2    2    1     688
    2    1   65  245  402    0   26    3    2    0     679
    2    1   66  246  422    0   27    3    3    1     480
    2    1   67  247  369    0   24    3    3    1    1099
    2    1   68  248  142    0    9    1    3    0     976
    2    1   69  249  427    0   27    3    1    0     606
    2    1   70  250  281    0   18    2    2    1    1399
    2    1   71  251   27    0    2    1    2    0    1280
    2    1   72  252  268    0   17    2    1    0    1463
    2    1   73  253  474    0   30    3    2    0    1572
    2    1   74  254  156    0   10    1    1    1     952
    2    1   75  255  251    0   16    2    2    1     684
    2    1   76  256  240    0   15    2    2    1    1040
    2    1   77  257  149    0   10    1    2    0     644
    2    1   78  258  333    0   21    3    1    0     651
    2    1   79  259  312    0   20    2    2    1    1497
    2    1   80  260  462    0   29    3    3    1     886
    2    1   81  261  143    0    9    1    3    0     924
    2    1   82  262  391    0   25    3    2    0     683
    2    1   83  263  371    0   24    3    1    0     725
    2    1   84  264  424    0   27    3    2    0     712
    2    1   85  265  107    0    7    1    3    0     600
    2    1   86  266   63    0    4    1    1    1     471
    2    1   87  267  360    0   23    3    1    0    1126
    2    1   88  268  248    0   16    2    2    1     632
    2    1   89  269  217    0   14    2    2    1     766
    2    1   90  270  108    0    7    1    2    0     585
    2    1   91  271  277    0   18    2    2    1     850
    2    1   92  272  213    0   14    2    3    0     326
    2    1   93  273  337    1   22    3    1    0     325
    2    1   94  274  348    0   22    3    1    0     443
    2    1   95  275  299    0   19    2    2    1     594
    2    1   96  276  106    1    7    1    3    0     173
    2    1   97  277  160    0   10    1    2    0    1516
    2    1   98  278  225    0   15    2    1    0    1104
    2    1   99  279  155    0   10    1    2    0     696
    2    1  100  280  203    1   13    2    2    1     553
    2    1  101  281  465    1   30    3    3    1     809
    2    1  102  282  417    0   27    3    2    0     955
    2    1  103  283   59    0    4    1    2    0     635
    2    1  104  284  264    0   17    2    1    0    1425
    2    1  105  285   30    0    2    1    3    0    1165
    2    1  106  286  362    0   23    3    3    1    1360
    2    1  107  287  120    0    8    1    1    1     744
    2    1  108  288   45    0    3    1    1    1    1216
    2    1  109  289  440    0   28    3    1    0     782
    2    1  110  290   84    0    6    1    1    1     705
    2    1  111  291   93    0    6    1    1    1     566
    2    1  112  292  224    1   14    2    2    1     877
    2    1  113  293  123    0    8    1    1    1     772
    2    1  114  294  428    0   27    3    1    0     652
    2    1  115  295  344    0   22    3    1    0     864
    2    1  116  296    1    0    1    1    1    1     513
    2    1  117  297   44    0    3    1    2    0     768
    2    1  118  298  200    0   13    2    2    1     500
    2    1  119  299  373    0   24    3    1    0     817
    2    1  120  300   67    0    5    1    2    0     895
    2    1  121  301  451    0   29    3    2    0    2709
    2    1  122  302  252    0   16    2    2    1     791
    2    1  123  303  294    0   19    2    3    0     828
    2    1  124  304  345    0   22    3    1    0     450
    2    1  125  305  274    0   18    2    1    0     534
    2    1  126  306  237    0   15    2    1    0     933
    2    1  127  307  144    0    9    1    3    0     735
    2    1  128  308  279    1   18    2    1    0     746
    2    1  129  309  256    0   16    2    3    0     816
    2    1  130  310  397    1   25    3    2    0     692
    2    1  131  311  327    1   21    3    2    0     663
    2    1  132  312   34    1    3    1    2    0    3072
    2    1  133  313  460    0   29    3    2    0    1038
    2    1  134  314  197    0   13    2    2    1     924
    2    1  135  315  226    0   15    2    2    1     847
    2    1  136  316   32    0    2    1    2    0     861
    2    1  137  317  475    0   30    3    3    1     447
    2    1  138  318  129    0    9    1    3    0     940
    2    1  139  319  192    0   12    2    1    0     713
    2    1  140  320  339    1   22    3    3    1    1819
    2    1  141  321  393    0   25    3    2    0    1133
    2    1  142  322  112    0    7    1    1    1    1169
    2    1  143  323  179    0   12    2    1    0     530
    2    1  144  324  445    0   28    3    1    0     625
    2    1  145  325   43    0    3    1    2    0     985
    2    1  146  326  464    0   29    3    2    0     952
    2    1  147  327  254    0   16    2    2    1     504
    2    1  148  328  209    0   14    2    2    1     290
    2    1  149  329   58    0    4    1    1    1     579
    2    1  150  330  128    0    8    1    3    0     529
    2    1  151  331  249    0   16    2    2    1     771
    2    1  152  332  130    0    9    1    2    0     868
    2    1  153  333  102    0    7    1    3    0     404
    2    1  154  334  316    0   20    2    2    1     334
    2    1  155  335   86    0    6    1    1    1     665
    2    1  156  336  470    0   30    3    1    0     556
    2    1  157  337   81    0    6    1    1    1     720
    2    1  158  338  324    0   21    3    1    0    1123
    2    1  159  339  208    0   13    2    2    1     749
    2    1  160  340   60    0    4    1    2    0     763
    2    1  161  341  223    0   14    2    2    1    1254
    2    1  162  342  367    0   23    3    1    0     677
    2    1  163  343  355    1   23    3    2    0     647
    2    1  164  344  278    1   18    2    3    0     354
    2    1  165  345  247    0   16    2    2    1     388
    2    1  166  346   23    0    2    1    2    0    1093
    2    1  167  347   65    0    5    1    1    1     803
    2    1  168  348   48    0    3    1    1    1     480
    2    1  169  349   89    0    6    1    1    1     823
    2    1  170  350    6    0    1    1    1    1     851
    2    1  171  351  400    0   25    3    2    0     853
    2    1  172  352  335    0   21    3    1    0     815
    2    1  173  353  300    0   19    2    3    0    1303
    2    1  174  354  447    0   28    3    3    1    1669
    2    1  175  355  124    0    8    1    3    0     698
    2    1  176  356  370    0   24    3    3    1     605
    2    1  177  357  190    1   12    2    1    0     627
    2    1  178  358   39    0    3    1    3    0     780
    2    1  179  359  202    0   13    2    1    0     627
    2    1  180  360   99    0    7    1    2    0     510
    2    1  181  361  159    0   10    1    3    0     312
    2    1  182  362  406    0   26    3    1    0     346
    2    1  183  363   96    1    6    1    1    1     625
    2    1  184  364  304    0   19    2    1    0     828
    2    1  185  365  113    0    8    1    2    0     978
    2    1  186  366  403    0   26    3    3    1     588
    2    1  187  367  385    0   25    3    2    0     433
    2    1  188  368  235    0   15    2    1    0     678
    2    1  189  369  322    0   21    3    1    0     691
    2    1  190  370  115    1    8    1    1    1     961
    2    1  191  371  295    0   19    2    3    0    1712
    2    1  192  372  408    0   26    3    3    1     604
    2    1  193  373   73    1    5    1    3    0     542
    2    1  194  374  210    0   14    2    2    1     868
    2    1  195  375  139    0    9    1    2    0     666
    2    1  196  376  439    0   28    3    3    1     687
    2    1  197  377   91    0    6    1    1    1     454
    2    1  198  378  272    1   17    2    2    1    1335
    2    1  199  379  162    0   11    2    3    0     949
    2    1  200  380   66    0    5    1    3    0     924
    2    1  201  381  448    0   28    3    1    0     589
    2    1  202  382  319    0   20    2    2    1     621
    2    1  203  383   94    0    6    1    1    1     736
    2    1  204  384   21    0    2    1    2    0     544
    2    1  205  385  111    1    7    1    3    0    1379
    2    1  206  386  389    0   25    3    2    0     425
    2    1  207  387   53    0    4    1    3    0     638
    2    1  208  388  164    0   11    2    2    1     613
    2    1  209  389  420    1   27    3    3    1     579
    2    1  210  390  468    0   30    3    2    0     863
    2    1  211  391  221    0   14    2    2    1     958
    2    1  212  392  186    1   12    2    1    0     672
    2    1  213  393  222    0   14    2    2    1     754
    2    1  214  394  467    0   30    3    3    1     508
    2    1  215  395   25    0    2    1    2    0     516
    2    1  216  396  133    0    9    1    3    0     607
    2    1  217  397   54    0    4    1    1    1     376
    2    1  218  398  141    0    9    1    3    0     604
    2    1  219  399  426    0   27    3    3    1    1559
    2    1  220  400  313    0   20    2    2    1     784
    2    1  221  401  382    0   24    3    3    1     752
    2    1  222  402  152    0   10    1    2    0     773
    2    1  223  403  429    0   27    3    2    0     891
    2    1  224  404  166    0   11    2    3    0     458
    2    1  225  405  438    0   28    3    2    0     409
    2    1  226  406  452    0   29    3    2    0     456
    2    1  227  407  178    0   12    2    1    0    1259
    2    1  228  408  473    0   30    3    1    0     681
    2    1  229  409  461    0   29    3    3    1     698
    2    1  230  410  167    0   11    2    2    1     928
    2    1  231  411  331    0   21    3    1    0     354
    2    1  232  412  262    0   17    2    1    0     470
    2    1  233  413  286    0   18    2    2    1     630
    2    1  234  414  328    0   21    3    3    1     930
    2    1  235  415   69    0    5    1    3    0     926
    2    1  236  416  471    1   30    3    2    0     538
    2    1  237  417  163    1   11    2    1    0     697
    2    1  238  418  358    0   23    3    3    1    1664
    2    1  239  419   47    0    3    1    3    0     832
    2    1  240  420  442    0   28    3    3    1     974
    2    1  241  421   90    0    6    1    1    1    1082
    2    1  242  422  338    0   22    3    1    0    1093
    2    1  243  423  365    0   23    3    3    1     622
    2    1  244  424  118    0    8    1    2    0     509
    2    1  245  425  409    0   26    3    2    0    1086
    2    1  246  426  423    1   27    3    2    0    1945
    2    1  247  427  196    0   13    2    2    1     988
    2    1  248  428   64    0    4    1    3    0    1687
    2    1  249  429  431    0   27    3    1    0     805
    2    1  250  430  215    1   14    2    2    1     794
    2    1  251  431  414    0   26    3    2    0     604
    2    1  252  432  455    1   29    3    2    0     626
    2    1  253  433  193    0   13    2    3    0    1453
    2    1  254  434  204    0   13    2    3    0     701
    2    1  255  435  185    0   12    2    2    1     580
    2    1  256  436  318    0   20    2    2    1     717
    2    1  257  437  147    0   10    1    3    0     732
    2    1  258  438  238    1   15    2    2    1     889
    2    1  259  439  282    0   18    2    3    0     579
    2    1  260  440   16    1    1    1    1    1     511
    2    1  261  441  480    0   30    3    2    0    1063
    2    1  262  442  410    0   26    3    2    0     773
    2    1  263  443  466    0   30    3    3    1     361
    2    1  264  444  211    0   14    2    3    0     463
    2    1  265  445  383    0   24    3    3    1     337
    2    1  266  446  241    1   16    2    3    0     992
    2    1  267  447  354    0   23    3    1    0     698
    2    1  268  448  194    0   13    2    3    0     549
    2    1  269  449  296    0   19    2    3    0    1040
    2    1  270  450   77    0    5    1    2    0     663
    2    1  271  451  169    0   11    2    2    1     699
    2    1  272  452  154    0   10    1    2    0     608
    2    1  273  453  357    0   23    3    3    1     673
    2    1  274  454  401    0   26    3    2    0    1050
    2    1  275  455  220    0   14    2    1    0     405
    2    1  276  456  450    0   29    3    2    0     581
    2    1  277  457  453    0   29    3    3    1    1006
    2    1  278  458  416    0   26    3    3    1    1337
    2    1  279  459  399    0   25    3    2    0    1302
    2    1  280  460  432    0   27    3    1    0     965
    2    1  281  461  114    0    8    1    1    1     754
    2    1  282  462  326    0   21    3    3    1     866
    2    1  283  463    2    0    1    1    2    0     774
    2    1  284  464   75    0    5    1    3    0     486
    2    1  285  465  342    0   22    3    3    1     559
    2    1  286  466  266    0   17    2    2    1     710
    2    1  287  467   42    0    3    1    3    0     907
    2    1  288  468  435    0   28    3    3    1    1032
    2    1  289  469    5    0    1    1    3    0    1013
    2    1  290  470  291    0   19    2    1    0     889
    2    1  291  471   57    0    4    1    1    1     768
    2    1  292  472  184    0   12    2    1    0     825
    2    1  293  473   72    1    5    1    3    0     990
    2    1  294  474  187    0   12    2    1    0     524
    2    1  295  475  289    0   19    2    2    1     725
    2    1  296  476  303    0   19    2    3    0     619
    2    1  297  477  191    0   12    2    1    0     791
    2    1  298  478  298    0   19    2    2    1    1578
    2    1  299  479  148    1   10    1    3    0     619
    2    1  300  480  290    0   19    2    2    1    2453
