    1    1    1    1  245    1   16    2    1    0    3584
    1    1    2    2   80    1    5    1    1    1    1192
    1    1    3    3  219    1   14    2    2    1     978
    1    1    4    4  217    1   14    2    3    0    1893
    1    1    5    5  406    1   26    3    3    1    1488
    1    1    6    6   16    1    1    1    1    1    1690
    1    1    7    7    4    1    1    1    1    1     857
    1    1    8    8  117    1    8    1    1    1    1263
    1    1    9    9  240    1   15    2    2    1     844
    1    1   10   10  276    1   18    2    3    0     814
    1    1   11   11  182    1   12    2    1    0     640
    1    1   12   12  121    1    8    1    1    1     771
    1    1   13   13  326    1   21    3    1    0    1939
    1    1   14   14  340    1   22    3    1    0    1015
    1    1   15   15  216    1   14    2    1    0    1101
    1    1   16   16  120    1    8    1    1    1     528
    1    1   17   17  396    1   25    3    3    1     909
    1    1   18   18   37    1    3    1    1    1    1213
    1    1   19   19  387    1   25    3    2    0    1341
    1    1   20   20  272    1   17    2    2    1     736
    1    1   21   21   58    1    4    1    1    1     931
    1    1   22   22  353    1   23    3    3    1     654
    1    1   23   23  359    1   23    3    2    0    1280
    1    1   24   24  266    1   17    2    3    0    1476
    1    1   25   25  289    1   19    2    3    0    1386
    1    1   26   26   71    1    5    1    1    1     625
    1    1   27   27   53    1    4    1    1    1     905
    1    1   28   28  465    1   30    3    3    1     971
    1    1   29   29  164    1   11    2    2    1    2840
    1    1   30   30  411    1   26    3    3    1    2249
    1    1   31   31  424    1   27    3    3    1     774
    1    1   32   32  448    1   28    3    1    0     953
    1    1   33   33  380    1   24    3    3    1    1199
    1    1   34   34  271    1   17    2    3    0     871
    1    1   35   35  267    1   17    2    3    0    1141
    1    1   36   36  471    1   30    3    3    1     739
    1    1   37   37  201    1   13    2    3    0     979
    1    1   38   38  360    1   23    3    3    1     974
    1    1   39   39  252    1   16    2    2    1    1943
    1    1   40   40  409    1   26    3    3    1     746
    1    1   41   41  479    1   30    3    2    0    1101
    1    1   42   42   66    1    5    1    1    1    1348
    1    1   43   43    6    1    1    1    2    0    1124
    1    1   44   44   52    1    4    1    1    1     865
    1    1   45   45  280    1   18    2    2    1     670
    1    1   46   46  212    1   14    2    3    0     933
    1    1   47   47   49    1    4    1    1    1    1155
    1    1   48   48  476    1   30    3    3    1     674
    1    1   49   49  290    1   19    2    2    1    1511
    1    1   50   50   15    1    1    1    2    0     955
    1    1   51   51  356    1   23    3    3    1     503
    1    1   52   52   56    1    4    1    2    0     527
    1    1   53   53  408    1   26    3    2    0    1520
    1    1   54   54   35    1    3    1    1    1    1288
    1    1   55   55   33    1    3    1    1    1    1029
    1    1   56   56  269    1   17    2    2    1     987
    1    1   57   57   36    1    3    1    1    1    5641
    1    1   58   58   38    1    3    1    1    1    2751
    1    1   59   59  473    1   30    3    3    1     605
    1    1   60   60  250    1   16    2    1    0    1209
    1    2    1   61   52    1    4    1    1    1     815
    1    2    2   62  280    1   18    2    2    1     560
    1    2    3   63  164    1   11    2    1    0    1248
    1    2    4   64  252    1   16    2    3    0     621
    1    2    5   65  424    1   27    3    3    1     707
    1    2    6   66  217    1   14    2    2    1    1702
    1    2    7   67  448    1   28    3    3    1    1966
    1    2    8   68  289    1   19    2    2    1    1044
    1    2    9   69    6    1    1    1    1    1    1722
    1    2   10   70   58    1    4    1    1    1    1200
    1    2   11   71  356    1   23    3    3    1     668
    1    2   12   72   33    1    3    1    1    1    1061
    1    2   13   73   15    1    1    1    2    0     693
    1    2   14   74  266    1   17    2    3    0     713
    1    2   15   75  360    1   23    3    3    1     565
    1    2   16   76  276    1   18    2    2    1    1058
    1    2   17   77  473    1   30    3    3    1     776
    1    2   18   78  387    1   25    3    3    1    1539
    1    2   19   79   36    1    3    1    2    0    1439
    1    2   20   80   53    1    4    1    1    1    1316
    1    2   21   81  290    1   19    2    2    1    1122
    1    2   22   82  380    1   24    3    3    1    1108
    1    2   23   83  471    1   30    3    3    1     909
    1    2   24   84   35    1    3    1    1    1     853
    1    2   25   85   71    1    5    1    1    1     792
    1    2   26   86  465    1   30    3    3    1     595
    1    2   27   87  271    1   17    2    2    1     857
    1    2   28   88  182    1   12    2    2    1     667
    1    2   29   89  201    1   13    2    2    1     841
    1    2   30   90  396    1   25    3    3    1     637
    1    2   31   91  212    1   14    2    3    0     976
    1    2   32   92  326    1   21    3    1    0    1144
    1    2   33   93  409    1   26    3    3    1     694
    1    2   34   94   37    1    3    1    1    1     711
    1    2   35   95  250    1   16    2    2    1    1005
    1    2   36   96   16    1    1    1    1    1     833
    1    2   37   97  269    1   17    2    3    0     664
    1    2   38   98  408    1   26    3    3    1     688
    1    2   39   99   38    1    3    1    1    1    1066
    1    2   40  100  245    1   16    2    2    1     991
    1    2   41  101  340    1   22    3    3    1     657
    1    2   42  102  272    1   17    2    2    1     804
    1    2   43  103    4    1    1    1    3    0     697
    1    2   44  104  219    1   14    2    2    1     946
    1    2   45  105  216    1   14    2    2    1     626
    1    2   46  106  240    1   15    2    1    0    1755
    1    2   47  107  121    1    8    1    1    1    1420
    1    2   48  108   66    1    5    1    1    1    1661
    1    2   49  109  406    1   26    3    3    1    1076
    1    2   50  110  359    1   23    3    3    1    1133
    1    2   51  111   49    1    4    1    1    1    1202
    1    2   52  112  411    1   26    3    3    1    1688
    1    2   53  113  120    1    8    1    1    1     673
    1    2   54  114   80    1    5    1    1    1    1116
    1    2   55  115  353    1   23    3    3    1    1287
    1    2   56  116   56    1    4    1    1    1     747
    1    2   57  117  267    1   17    2    3    0    3292
    1    2   58  118  476    1   30    3    3    1    1214
    1    2   59  119  479    1   30    3    2    0    1966
    1    2   60  120  117    1    8    1    1    1     938
    1    3    1  121  276    1   18    2    3    0    1709
    1    3    2  122  326    1   21    3    1    0     873
    1    3    3  123  245    1   16    2    2    1     943
    1    3    4  124   33    1    3    1    1    1     631
    1    3    5  125  476    1   30    3    3    1    1328
    1    3    6  126   58    1    4    1    1    1     717
    1    3    7  127   36    1    3    1    1    1     748
    1    3    8  128  409    1   26    3    3    1    1486
    1    3    9  129  280    1   18    2    2    1    1154
    1    3   10  130   56    1    4    1    1    1     750
    1    3   11  131   66    1    5    1    1    1     756
    1    3   12  132   80    1    5    1    1    1     735
    1    3   13  133  479    1   30    3    3    1    2206
    1    3   14  134  473    1   30    3    3    1    1252
    1    3   15  135  290    1   19    2    1    0    1220
    1    3   16  136  387    1   25    3    3    1    1114
    1    3   17  137  252    1   16    2    2    1    1290
    1    3   18  138  380    1   24    3    1    0    1664
    1    3   19  139  212    1   14    2    2    1    1475
    1    3   20  140  271    1   17    2    2    1    1169
    1    3   21  141   53    1    4    1    1    1    1090
    1    3   22  142  408    1   26    3    2    0    2261
    1    3   23  143   49    1    4    1    1    1    1316
    1    3   24  144  266    1   17    2    3    0    1180
    1    3   25  145  340    1   22    3    3    1    1352
    1    3   26  146   38    1    3    1    1    1     777
    1    3   27  147   16    1    1    1    1    1     945
    1    3   28  148  272    1   17    2    1    0    1249
    1    3   29  149  424    1   27    3    3    1    1327
    1    3   30  150  216    1   14    2    2    1    1629
    1    3   31  151  359    1   23    3    3    1    1163
    1    3   32  152   35    1    3    1    1    1     619
    1    3   33  153  353    1   23    3    3    1    1080
    1    3   34  154  250    1   16    2    2    1    1342
    1    3   35  155   52    1    4    1    1    1     696
    1    3   36  156  448    1   28    3    3    1    5690
    1    3   37  157  117    1    8    1    2    0    1411
    1    3   38  158   15    1    1    1    2    0    1478
    1    3   39  159  406    1   26    3    3    1    1150
    1    3   40  160    6    1    1    1    2    0     859
    1    3   41  161  182    1   12    2    2    1     732
    1    3   42  162  267    1   17    2    2    1    2530
    1    3   43  163  471    1   30    3    3    1    1264
    1    3   44  164  201    1   13    2    2    1     720
    1    3   45  165  269    1   17    2    2    1    2180
    1    3   46  166  121    1    8    1    1    1    2278
    1    3   47  167  164    1   11    2    2    1    1128
    1    3   48  168  396    1   25    3    3    1    1277
    1    3   49  169  240    1   15    2    3    0    1923
    1    3   50  170    4    1    1    1    1    1    1340
    1    3   51  171  217    1   14    2    2    1     941
    1    3   52  172  465    1   30    3    3    1    1332
    1    3   53  173  120    1    8    1    1    1     691
    1    3   54  174  219    1   14    2    2    1     914
    1    3   55  175   71    1    5    1    1    1     760
    1    3   56  176  356    1   23    3    3    1    1449
    1    3   57  177  360    1   23    3    3    1    1336
    1    3   58  178  411    1   26    3    3    1    2527
    1    3   59  179   37    1    3    1    1    1     675
    1    3   60  180  289    1   19    2    2    1    1286
    2    1    1  181  408    1   26    3    3    1    2161
    2    1    2  182  266    1   17    2    2    1     933
    2    1    3  183  121    1    8    1    1    1     691
    2    1    4  184  284    0   18    2    3    0     812
    2    1    5  185  385    0   25    3    3    1    1459
    2    1    6  186  224    0   14    2    2    1    1747
    2    1    7  187   70    0    5    1    1    1     602
    2    1    8  188  470    0   30    3    2    0    1256
    2    1    9  189  199    0   13    2    2    1    1029
    2    1   10  190  431    0   27    3    3    1     645
    2    1   11  191  175    0   11    2    3    0    1873
    2    1   12  192   36    1    3    1    1    1     643
    2    1   13  193  139    0    9    1    1    1    1486
    2    1   14  194  272    1   17    2    2    1     790
    2    1   15  195   76    0    5    1    1    1    1915
    2    1   16  196  102    0    7    1    1    1    1331
    2    1   17  197  208    0   13    2    3    0    1567
    2    1   18  198  438    0   28    3    1    0     841
    2    1   19  199  159    0   10    1    1    1     989
    2    1   20  200  443    0   28    3    3    1    1476
    2    1   21  201  337    0   22    3    1    0    1860
    2    1   22  202   95    0    6    1    3    0     738
    2    1   23  203   42    0    3    1    1    1     942
    2    1   24  204  212    1   14    2    2    1     622
    2    1   25  205  128    0    8    1    1    1     684
    2    1   26  206  213    0   14    2    3    0     818
    2    1   27  207  324    0   21    3    1    0    1022
    2    1   28  208   77    0    5    1    2    0    1079
    2    1   29  209  442    0   28    3    3    1     664
    2    1   30  210  327    0   21    3    2    0     646
    2    1   31  211  423    0   27    3    3    1     680
    2    1   32  212   73    0    5    1    1    1     682
    2    1   33  213  171    0   11    2    2    1     994
    2    1   34  214  376    0   24    3    1    0     676
    2    1   35  215  158    0   10    1    3    0     565
    2    1   36  216  333    0   21    3    2    0    1009
    2    1   37  217  320    0   20    2    3    0     633
    2    1   38  218  257    0   17    2    1    0     619
    2    1   39  219  350    0   22    3    2    0     840
    2    1   40  220   97    0    7    1    1    1     740
    2    1   41  221  211    0   14    2    3    0     831
    2    1   42  222  322    0   21    3    2    0    1259
    2    1   43  223  234    0   15    2    3    0     555
    2    1   44  224  405    0   26    3    2    0    1655
    2    1   45  225  318    0   20    2    3    0     669
    2    1   46  226  300    0   19    2    1    0     686
    2    1   47  227  301    0   19    2    3    0     942
    2    1   48  228  340    1   22    3    3    1     654
    2    1   49  229   15    1    1    1    2    0     682
    2    1   50  230  227    0   15    2    3    0     574
    2    1   51  231  245    1   16    2    2    1     718
    2    1   52  232   72    0    5    1    1    1     593
    2    1   53  233  437    0   28    3    3    1     577
    2    1   54  234  126    0    8    1    2    0     918
    2    1   55  235  239    0   15    2    3    0     742
    2    1   56  236  362    0   23    3    3    1     684
    2    1   57  237   53    1    4    1    1    1    1918
    2    1   58  238  216    1   14    2    2    1     831
    2    1   59  239   30    0    2    1    3    0     618
    2    1   60  240  137    0    9    1    1    1    1109
    2    1   61  241  390    0   25    3    3    1     594
    2    1   62  242  434    0   28    3    2    0    2128
    2    1   63  243   75    0    5    1    1    1    1264
    2    1   64  244  363    0   23    3    3    1     669
    2    1   65  245  104    0    7    1    3    0    1162
    2    1   66  246  163    0   11    2    2    1     689
    2    1   67  247  138    0    9    1    1    1     867
    2    1   68  248   43    0    3    1    2    0     836
    2    1   69  249  346    0   22    3    2    0    1118
    2    1   70  250   41    0    3    1    1    1     708
    2    1   71  251  360    1   23    3    3    1     590
    2    1   72  252  372    0   24    3    2    0    1167
    2    1   73  253  204    0   13    2    3    0     733
    2    1   74  254  165    0   11    2    1    0     863
    2    1   75  255   94    0    6    1    3    0     931
    2    1   76  256  295    0   19    2    1    0     864
    2    1   77  257  218    0   14    2    2    1    1032
    2    1   78  258  236    0   15    2    3    0     885
    2    1   79  259  472    0   30    3    3    1     623
    2    1   80  260  270    0   17    2    2    1    2518
    2    1   81  261  172    0   11    2    1    0     685
    2    1   82  262  177    0   12    2    2    1    1825
    2    1   83  263  195    0   13    2    3    0     732
    2    1   84  264  348    0   22    3    1    0     851
    2    1   85  265  167    0   11    2    1    0    1056
    2    1   86  266  254    0   16    2    2    1    1627
    2    1   87  267  129    0    9    1    1    1     852
    2    1   88  268  345    0   22    3    3    1     723
    2    1   89  269  246    0   16    2    2    1    1448
    2    1   90  270  375    0   24    3    1    0    1364
    2    1   91  271  192    0   12    2    2    1     944
    2    1   92  272  288    0   18    2    3    0     704
    2    1   93  273  406    1   26    3    3    1     607
    2    1   94  274   62    0    4    1    2    0     788
    2    1   95  275  206    0   13    2    2    1     980
    2    1   96  276    8    0    1    1    1    1    1075
    2    1   97  277  290    1   19    2    1    0     739
    2    1   98  278   92    0    6    1    3    0     606
    2    1   99  279  274    0   18    2    3    0     713
    2    1  100  280   63    0    4    1    2    0     536
    2    1  101  281  123    0    8    1    1    1     755
    2    1  102  282   49    1    4    1    1    1    5088
    2    1  103  283  108    0    7    1    2    0    1751
    2    1  104  284   13    0    1    1    2    0    1142
    2    1  105  285  182    1   12    2    2    1     936
    2    1  106  286  235    0   15    2    1    0     104
    2    1  107  287  200    0   13    2    2    1     861
    2    1  108  288  427    0   27    3    3    1     597
    2    1  109  289  460    0   29    3    3    1     773
    2    1  110  290  282    0   18    2    2    1     535
    2    1  111  291   11    0    1    1    2    0     702
    2    1  112  292   99    0    7    1    2    0     870
    2    1  113  293  141    0    9    1    3    0     633
    2    1  114  294  447    0   28    3    1    0     858
    2    1  115  295   93    0    6    1    3    0    1085
    2    1  116  296  256    0   16    2    1    0     838
    2    1  117  297  415    0   26    3    2    0    1037
    2    1  118  298  103    0    7    1    1    1     761
    2    1  119  299  367    0   23    3    2    0    1342
    2    1  120  300  419    0   27    3    3    1     586
    2    1  121  301  180    0   12    2    1    0     751
    2    1  122  302  306    0   20    2    2    1    1099
    2    1  123  303  366    0   23    3    3    1     659
    2    1  124  304   81    0    6    1    3    0    1474
    2    1  125  305  432    0   27    3    3    1    1309
    2    1  126  306  197    0   13    2    2    1     639
    2    1  127  307  305    0   20    2    2    1     743
    2    1  128  308    2    0    1    1    1    1     612
    2    1  129  309  210    0   14    2    2    1     651
    2    1  130  310  321    0   21    3    1    0     762
    2    1  131  311  473    1   30    3    3    1     534
    2    1  132  312   91    0    6    1    3    0     835
    2    1  133  313   46    0    3    1    1    1       0
    2    1  134  314  277    0   18    2    3    0     651
    2    1  135  315  186    0   12    2    1    0    1730
    2    1  136  316  453    0   29    3    3    1     711
    2    1  137  317   67    0    5    1    1    1     853
    2    1  138  318  214    0   14    2    2    1    1007
    2    1  139  319  297    0   19    2    2    1     617
    2    1  140  320  312    0   20    2    3    0     608
    2    1  141  321   17    0    2    1    3    0     637
    2    1  142  322   50    0    4    1    2    0     746
    2    1  143  323   86    0    6    1    3    0    1578
    2    1  144  324  209    0   14    2    2    1     954
    2    1  145  325  391    0   25    3    3    1     557
    2    1  146  326  339    0   22    3    1    0     655
    2    1  147  327  293    0   19    2    2    1     789
    2    1  148  328  219    1   14    2    2    1     805
    2    1  149  329  393    0   25    3    2    0     674
    2    1  150  330   12    0    1    1    1    1     616
    2    1  151  331  307    0   20    2    2    1     984
    2    1  152  332  122    0    8    1    1    1     709
    2    1  153  333  368    0   23    3    2    0    2341
    2    1  154  334   16    1    1    1    1    1     790
    2    1  155  335  353    1   23    3    3    1    1039
    2    1  156  336  110    0    7    1    1    1    1071
    2    1  157  337  451    0   29    3    1    0       0
    2    1  158  338   37    1    3    1    1    1    2923
    2    1  159  339  454    0   29    3    3    1    1237
    2    1  160  340  114    0    8    1    2    0     729
    2    1  161  341   20    0    2    1    2    0     658
    2    1  162  342  176    0   11    2    2    1     751
    2    1  163  343  228    0   15    2    3    0     516
    2    1  164  344  448    1   28    3    3    1    2150
    2    1  165  345   27    0    2    1    1    1     975
    2    1  166  346  133    0    9    1    1    1     749
    2    1  167  347  265    0   17    2    2    1     709
    2    1  168  348  343    0   22    3    1    0     963
    2    1  169  349  445    0   28    3    1    0    1869
    2    1  170  350  424    1   27    3    3    1     637
    2    1  171  351  157    0   10    1    1    1    1546
    2    1  172  352  395    0   25    3    2    0     877
    2    1  173  353  140    0    9    1    1    1    1099
    2    1  174  354  194    0   13    2    2    1     721
    2    1  175  355  458    0   29    3    2    0    1443
    2    1  176  356  221    0   14    2    2    1    1839
    2    1  177  357  255    0   16    2    2    1    1010
    2    1  178  358  105    0    7    1    1    1    1579
    2    1  179  359  185    0   12    2    2    1    1596
    2    1  180  360  134    0    9    1    1    1     847
    2    1  181  361  410    0   26    3    3    1     684
    2    1  182  362  479    1   30    3    2    0    1048
    2    1  183  363  237    0   15    2    3    0    1174
    2    1  184  364   79    0    5    1    1    1     852
    2    1  185  365  243    0   16    2    3    0    1002
    2    1  186  366  334    0   21    3    1    0     919
    2    1  187  367  403    0   26    3    1    0     657
    2    1  188  368  335    0   21    3    2    0     707
    2    1  189  369  421    0   27    3    1    0     828
    2    1  190  370  407    0   26    3    2    0    1735
    2    1  191  371  330    0   21    3    2    0     732
    2    1  192  372  435    0   28    3    2    0     768
    2    1  193  373  298    0   19    2    2    1    1439
    2    1  194  374  388    0   25    3    1    0     944
    2    1  195  375   57    0    4    1    1    1    1095
    2    1  196  376  292    0   19    2    1    0     917
    2    1  197  377  198    0   13    2    2    1    1292
    2    1  198  378  455    0   29    3    3    1    1067
    2    1  199  379  308    0   20    2    2    1     964
    2    1  200  380   55    0    4    1    2    0    1151
    2    1  201  381   68    0    5    1    2    0     597
    2    1  202  382   83    0    6    1    2    0     711
    2    1  203  383   21    0    2    1    2    0     781
    2    1  204  384  260    0   17    2    2    1     832
    2    1  205  385  152    0   10    1    3    0     595
    2    1  206  386  136    0    9    1    1    1     705
    2    1  207  387  325    0   21    3    2    0     786
    2    1  208  388  429    0   27    3    3    1     570
    2    1  209  389  205    0   13    2    2    1     610
    2    1  210  390   58    1    4    1    1    1    1240
    2    1  211  391  418    0   27    3    3    1     559
    2    1  212  392   10    0    1    1    2    0    1040
    2    1  213  393  414    0   26    3    3    1     593
    2    1  214  394  106    0    7    1    1    1     943
    2    1  215  395  253    0   16    2    2    1     774
    2    1  216  396  107    0    7    1    1    1     586
    2    1  217  397  331    0   21    3    1    0     791
    2    1  218  398    1    0    1    1    1    1    1194
    2    1  219  399    5    0    1    1    2    0     816
    2    1  220  400  196    0   13    2    3    0    1213
    2    1  221  401  357    0   23    3    2    0    1484
    2    1  222  402  183    0   12    2    2    1     767
    2    1  223  403  203    0   13    2    2    1     818
    2    1  224  404  149    0   10    1    1    1    1268
    2    1  225  405    9    0    1    1    2    0     742
    2    1  226  406  310    0   20    2    2    1    1271
    2    1  227  407  153    0   10    1    1    1     768
    2    1  228  408  264    0   17    2    2    1     930
    2    1  229  409  169    0   11    2    1    0     642
    2    1  230  410  315    0   20    2    3    0     701
    2    1  231  411  342    0   22    3    1    0    1028
    2    1  232  412  161    0   11    2    2    1     630
    2    1  233  413  241    0   16    2    2    1    1315
    2    1  234  414  262    0   17    2    2    1    1103
    2    1  235  415  469    0   30    3    3    1     794
    2    1  236  416  412    0   26    3    3    1     755
    2    1  237  417  112    0    7    1    1    1     803
    2    1  238  418  215    0   14    2    2    1     772
    2    1  239  419  459    0   29    3    1    0    1100
    2    1  240  420   85    0    6    1    1    1     987
    2    1  241  421   89    0    6    1    3    0     838
    2    1  242  422   87    0    6    1    2    0     547
    2    1  243  423  382    0   24    3    2    0     654
    2    1  244  424  101    0    7    1    2    0     802
    2    1  245  425   23    0    2    1    1    1     782
    2    1  246  426  275    0   18    2    2    1     682
    2    1  247  427  249    0   16    2    2    1     698
    2    1  248  428  378    0   24    3    1    0     802
    2    1  249  429   38    1    3    1    1    1    1051
    2    1  250  430  244    0   16    2    1    0    2798
    2    1  251  431  229    0   15    2    2    1     648
    2    1  252  432  173    0   11    2    2    1    1268
    2    1  253  433  189    0   12    2    2    1     804
    2    1  254  434   31    0    2    1    2    0     570
    2    1  255  435    4    1    1    1    2    0     797
    2    1  256  436  155    0   10    1    3    0     670
    2    1  257  437  280    1   18    2    2    1     836
    2    1  258  438  380    1   24    3    1    0     760
    2    1  259  439  386    0   25    3    2    0     856
    2    1  260  440  370    0   24    3    2    0     694
    2    1  261  441  477    0   30    3    2    0    1338
    2    1  262  442  117    1    8    1    1    1    1108
    2    1  263  443  420    0   27    3    1    0     781
    2    1  264  444  328    0   21    3    2    0     755
    2    1  265  445  478    0   30    3    2    0     841
    2    1  266  446   74    0    5    1    1    1    1543
    2    1  267  447  444    0   28    3    3    1     814
    2    1  268  448   14    0    1    1    1    1     713
    2    1  269  449    7    0    1    1    1    1     722
    2    1  270  450  248    0   16    2    2    1     699
    2    1  271  451  383    0   24    3    3    1     803
    2    1  272  452  449    0   29    3    2    0     948
    2    1  273  453  302    0   19    2    2    1     713
    2    1  274  454  233    0   15    2    2    1    1917
    2    1  275  455  190    0   12    2    1    0    1034
    2    1  276  456  276    1   18    2    2    1    1067
    2    1  277  457  329    0   21    3    3    1    1461
    2    1  278  458  436    0   28    3    1    0     685
    2    1  279  459  144    0    9    1    3    0     593
    2    1  280  460  440    0   28    3    3    1     631
    2    1  281  461  364    0   23    3    2    0     935
    2    1  282  462  323    0   21    3    2    0     768
    2    1  283  463  341    0   22    3    1    0     716
    2    1  284  464  162    0   11    2    2    1     609
    2    1  285  465  143    0    9    1    1    1     591
    2    1  286  466  283    0   18    2    3    0     593
    2    1  287  467  381    0   24    3    2    0    1065
    2    1  288  468   65    0    5    1    1    1     703
    2    1  289  469  168    0   11    2    1    0    1071
    2    1  290  470   61    0    4    1    2    0     750
    2    1  291  471  347    0   22    3    2    0     617
    2    1  292  472  392    0   25    3    1    0     542
    2    1  293  473  259    0   17    2    2    1     600
    2    1  294  474  118    0    8    1    1    1     589
    2    1  295  475  317    0   20    2    3    0     882
    2    1  296  476  148    0   10    1    1    1    1397
    2    1  297  477  428    0   27    3    2    0     775
    2    1  298  478  242    0   16    2    2    1    1206
    2    1  299  479  251    0   16    2    2    1    1897
    2    1  300  480  371    0   24    3    1    0    1493
