    1    1    1    1  353    1   23    3    1    0     999
    1    1    2    2  360    1   23    3    2    0    2444
    1    1    3    3    6    1    1    1    1    1    1597
    1    1    4    4  359    1   23    3    2    0    2263
    1    1    5    5   35    1    3    1    1    1    1516
    1    1    6    6   36    1    3    1    1    1    1349
    1    1    7    7   80    1    5    1    1    1    1325
    1    1    8    8  252    1   16    2    2    1    1625
    1    1    9    9  182    1   12    2    2    1    1017
    1    1   10   10  164    1   11    2    1    0    1376
    1    1   11   11  117    1    8    1    2    0    1109
    1    1   12   12  409    1   26    3    3    1    3283
    1    1   13   13  276    1   18    2    3    0    3606
    1    1   14   14  289    1   19    2    2    1    1277
    1    1   15   15  326    1   21    3    1    0    1915
    1    1   16   16  272    1   17    2    1    0    1079
    1    1   17   17   33    1    3    1    1    1     863
    1    1   18   18  479    1   30    3    3    1     773
    1    1   19   19    4    1    1    1    2    0     954
    1    1   20   20  465    1   30    3    3    1     789
    1    1   21   21  424    1   27    3    3    1    2696
    1    1   22   22  406    1   26    3    3    1    1091
    1    1   23   23   52    1    4    1    1    1     864
    1    1   24   24  396    1   25    3    3    1     790
    1    1   25   25   56    1    4    1    1    1    2483
    1    1   26   26  280    1   18    2    3    0    1121
    1    1   27   27  340    1   22    3    2    0    1902
    1    1   28   28  269    1   17    2    2    1    1164
    1    1   29   29  387    1   25    3    2    0    1494
    1    1   30   30  408    1   26    3    3    1    1814
    1    1   31   31  120    1    8    1    1    1     909
    1    1   32   32   53    1    4    1    1    1    1402
    1    1   33   33   66    1    5    1    1    1     851
    1    1   34   34   71    1    5    1    1    1     619
    1    1   35   35  380    1   24    3    3    1    2008
    1    1   36   36  473    1   30    3    3    1    2018
    1    1   37   37  267    1   17    2    2    1    1472
    1    1   38   38  201    1   13    2    2    1     822
    1    1   39   39  250    1   16    2    2    1    2050
    1    1   40   40  212    1   14    2    3    0    1351
    1    1   41   41  476    1   30    3    3    1     885
    1    1   42   42  121    1    8    1    1    1    1002
    1    1   43   43   37    1    3    1    1    1     704
    1    1   44   44  271    1   17    2    2    1    1344
    1    1   45   45   38    1    3    1    1    1     657
    1    1   46   46  471    1   30    3    3    1     668
    1    1   47   47  266    1   17    2    2    1    1360
    1    1   48   48  217    1   14    2    3    0    2076
    1    1   49   49   49    1    4    1    1    1     788
    1    1   50   50  356    1   23    3    3    1     975
    1    1   51   51   16    1    1    1    1    1     787
    1    1   52   52  219    1   14    2    2    1    3939
    1    1   53   53  240    1   15    2    1    0    1157
    1    1   54   54  411    1   26    3    3    1     656
    1    1   55   55  290    1   19    2    2    1     966
    1    1   56   56  216    1   14    2    2    1    1835
    1    1   57   57  245    1   16    2    3    0     737
    1    1   58   58   58    1    4    1    1    1     831
    1    1   59   59  448    1   28    3    1    0     918
    1    1   60   60   15    1    1    1    1    1     739
    1    2    1   61  479    1   30    3    3    1     684
    1    2    2   62  411    1   26    3    3    1     902
    1    2    3   63  471    1   30    3    3    1     654
    1    2    4   64  359    1   23    3    3    1     626
    1    2    5   65  289    1   19    2    2    1    1010
    1    2    6   66  266    1   17    2    2    1     463
    1    2    7   67  409    1   26    3    3    1    1113
    1    2    8   68  448    1   28    3    3    1    2295
    1    2    9   69  360    1   23    3    3    1     715
    1    2   10   70  396    1   25    3    3    1     665
    1    2   11   71  201    1   13    2    2    1     980
    1    2   12   72    4    1    1    1    1    1     782
    1    2   13   73  380    1   24    3    1    0    4088
    1    2   14   74   16    1    1    1    1    1     881
    1    2   15   75  353    1   23    3    3    1     889
    1    2   16   76   37    1    3    1    1    1     822
    1    2   17   77  216    1   14    2    1    0    2718
    1    2   18   78  476    1   30    3    3    1     856
    1    2   19   79  164    1   11    2    2    1    1268
    1    2   20   80   58    1    4    1    1    1    1078
    1    2   21   81  356    1   23    3    3    1     960
    1    2   22   82   66    1    5    1    1    1     666
    1    2   23   83  269    1   17    2    2    1     738
    1    2   24   84  290    1   19    2    2    1    3026
    1    2   25   85  387    1   25    3    3    1     683
    1    2   26   86  473    1   30    3    3    1    1303
    1    2   27   87  252    1   16    2    2    1     677
    1    2   28   88   38    1    3    1    1    1     824
    1    2   29   89   53    1    4    1    1    1     821
    1    2   30   90  212    1   14    2    3    0    1318
    1    2   31   91   80    1    5    1    1    1     794
    1    2   32   92   49    1    4    1    1    1    1414
    1    2   33   93    6    1    1    1    1    1    1129
    1    2   34   94  465    1   30    3    3    1    1115
    1    2   35   95  276    1   18    2    1    0    2142
    1    2   36   96  267    1   17    2    2    1     694
    1    2   37   97   36    1    3    1    1    1     735
    1    2   38   98  406    1   26    3    3    1     818
    1    2   39   99   52    1    4    1    1    1     741
    1    2   40  100  121    1    8    1    1    1    1099
    1    2   41  101   56    1    4    1    1    1     879
    1    2   42  102  117    1    8    1    2    0    2083
    1    2   43  103   35    1    3    1    1    1     985
    1    2   44  104  272    1   17    2    2    1    1271
    1    2   45  105   33    1    3    1    1    1    1005
    1    2   46  106  120    1    8    1    1    1    1092
    1    2   47  107  182    1   12    2    2    1    1429
    1    2   48  108  326    1   21    3    1    0    2945
    1    2   49  109  240    1   15    2    3    0    2116
    1    2   50  110   15    1    1    1    1    1    1235
    1    2   51  111  408    1   26    3    3    1     905
    1    2   52  112  340    1   22    3    3    1    1633
    1    2   53  113  245    1   16    2    2    1    1336
    1    2   54  114  280    1   18    2    2    1    1356
    1    2   55  115  424    1   27    3    3    1     923
    1    2   56  116  219    1   14    2    1    0    2105
    1    2   57  117   71    1    5    1    1    1    1125
    1    2   58  118  250    1   16    2    2    1    1069
    1    2   59  119  217    1   14    2    2    1    1771
    1    2   60  120  271    1   17    2    2    1     956
    1    3    1  121  406    1   26    3    3    1    1240
    1    3    2  122  408    1   26    3    3    1    1193
    1    3    3  123  289    1   19    2    2    1    1112
    1    3    4  124   56    1    4    1    1    1    1486
    1    3    5  125  272    1   17    2    2    1    2112
    1    3    6  126  473    1   30    3    3    1    1618
    1    3    7  127  252    1   16    2    2    1    1027
    1    3    8  128  117    1    8    1    1    1    1371
    1    3    9  129  479    1   30    3    2    0    2251
    1    3   10  130   49    1    4    1    1    1    1183
    1    3   11  131   37    1    3    1    1    1    1004
    1    3   12  132  387    1   25    3    2    0    1499
    1    3   13  133    6    1    1    1    1    1     983
    1    3   14  134   15    1    1    1    1    1     780
    1    3   15  135  326    1   21    3    3    1    2263
    1    3   16  136  216    1   14    2    2    1    1064
    1    3   17  137  359    1   23    3    3    1    1203
    1    3   18  138   71    1    5    1    1    1     916
    1    3   19  139  471    1   30    3    3    1    1145
    1    3   20  140  411    1   26    3    3    1    1179
    1    3   21  141  164    1   11    2    1    0    1412
    1    3   22  142   35    1    3    1    1    1     877
    1    3   23  143  271    1   17    2    2    1    1870
    1    3   24  144  360    1   23    3    3    1    1037
    1    3   25  145   52    1    4    1    1    1    1225
    1    3   26  146   36    1    3    1    1    1    1150
    1    3   27  147   33    1    3    1    1    1    1183
    1    3   28  148   80    1    5    1    1    1     995
    1    3   29  149  353    1   23    3    3    1    1025
    1    3   30  150  121    1    8    1    1    1    1294
    1    3   31  151    4    1    1    1    1    1     705
    1    3   32  152  120    1    8    1    1    1     648
    1    3   33  153   66    1    5    1    1    1     589
    1    3   34  154  217    1   14    2    2    1    1283
    1    3   35  155  219    1   14    2    2    1     975
    1    3   36  156  182    1   12    2    2    1     762
    1    3   37  157  267    1   17    2    2    1     740
    1    3   38  158  201    1   13    2    2    1     879
    1    3   39  159  276    1   18    2    1    0    1167
    1    3   40  160  212    1   14    2    2    1    1936
    1    3   41  161  240    1   15    2    1    0    2342
    1    3   42  162  465    1   30    3    3    1    1206
    1    3   43  163  266    1   17    2    2    1     949
    1    3   44  164  409    1   26    3    3    1    1465
    1    3   45  165  245    1   16    2    3    0       0
    1    3   46  166  290    1   19    2    1    0    1028
    1    3   47  167  356    1   23    3    3    1     631
    1    3   48  168  250    1   16    2    2    1    1463
    1    3   49  169   53    1    4    1    1    1    2469
    1    3   50  170  424    1   27    3    3    1     999
    1    3   51  171  380    1   24    3    2    0    6360
    1    3   52  172  340    1   22    3    3    1    1149
    1    3   53  173  396    1   25    3    3    1     628
    1    3   54  174  269    1   17    2    2    1     777
    1    3   55  175   58    1    4    1    1    1    1184
    1    3   56  176  280    1   18    2    3    0     589
    1    3   57  177  448    1   28    3    3    1    1500
    1    3   58  178   16    1    1    1    1    1    1295
    1    3   59  179  476    1   30    3    3    1    2474
    1    3   60  180   38    1    3    1    1    1     883
    2    1    1  181   89    0    6    1    3    0    1434
    2    1    2  182  445    0   28    3    3    1    1566
    2    1    3  183    4    1    1    1    1    1     735
    2    1    4  184   53    1    4    1    1    1     655
    2    1    5  185  113    0    8    1    1    1    1139
    2    1    6  186   43    0    3    1    1    1     542
    2    1    7  187  213    0   14    2    3    0     451
    2    1    8  188  186    0   12    2    1    0    1592
    2    1    9  189   62    0    4    1    1    1     628
    2    1   10  190  138    0    9    1    1    1     649
    2    1   11  191  404    0   26    3    3    1     583
    2    1   12  192   21    0    2    1    3    0     612
    2    1   13  193  471    1   30    3    3    1     584
    2    1   14  194  261    0   17    2    2    1     436
    2    1   15  195  242    0   16    2    2    1     913
    2    1   16  196   85    0    6    1    1    1     609
    2    1   17  197   69    0    5    1    1    1     963
    2    1   18  198  359    1   23    3    3    1     548
    2    1   19  199  240    1   15    2    2    1     937
    2    1   20  200  202    0   13    2    2    1     491
    2    1   21  201  141    0    9    1    1    1    1098
    2    1   22  202   30    0    2    1    1    1     828
    2    1   23  203  326    1   21    3    3    1     804
    2    1   24  204  350    0   22    3    1    0     905
    2    1   25  205  410    0   26    3    3    1     661
    2    1   26  206   45    0    3    1    1    1     532
    2    1   27  207   12    0    1    1    1    1     583
    2    1   28  208   66    1    5    1    1    1     506
    2    1   29  209  111    0    7    1    2    0    1096
    2    1   30  210  393    0   25    3    3    1    3167
    2    1   31  211  434    0   28    3    1    0     559
    2    1   32  212  469    0   30    3    3    1     539
    2    1   33  213  435    0   28    3    1    0     496
    2    1   34  214  248    0   16    2    2    1     597
    2    1   35  215  403    0   26    3    3    1     645
    2    1   36  216   50    0    4    1    1    1     967
    2    1   37  217  269    1   17    2    2    1     725
    2    1   38  218  367    0   23    3    2    0    1581
    2    1   39  219  126    0    8    1    1    1     505
    2    1   40  220  293    0   19    2    2    1     515
    2    1   41  221   41    0    3    1    1    1     330
    2    1   42  222  443    0   28    3    3    1     558
    2    1   43  223   77    0    5    1    1    1     554
    2    1   44  224   46    0    3    1    1    1     722
    2    1   45  225  193    0   13    2    1    0     495
    2    1   46  226  120    1    8    1    1    1     926
    2    1   47  227  391    0   25    3    3    1     905
    2    1   48  228  370    0   24    3    1    0     640
    2    1   49  229  373    0   24    3    1    0     545
    2    1   50  230  337    0   22    3    1    0     561
    2    1   51  231  343    0   22    3    1    0     437
    2    1   52  232  127    0    8    1    1    1     577
    2    1   53  233  198    0   13    2    2    1     600
    2    1   54  234  197    0   13    2    1    0     538
    2    1   55  235  470    0   30    3    2    0     712
    2    1   56  236  106    0    7    1    2    0     791
    2    1   57  237  468    0   30    3    3    1     575
    2    1   58  238  282    0   18    2    2    1    1351
    2    1   59  239  362    0   23    3    3    1     564
    2    1   60  240  238    0   15    2    1    0    1401
    2    1   61  241  300    0   19    2    1    0     566
    2    1   62  242   84    0    6    1    3    0    1018
    2    1   63  243  353    1   23    3    1    0     366
    2    1   64  244   86    0    6    1    3    0     681
    2    1   65  245  200    0   13    2    2    1     502
    2    1   66  246  232    0   15    2    1    0    1080
    2    1   67  247  401    0   26    3    3    1     657
    2    1   68  248  160    0   10    1    1    1     896
    2    1   69  249  267    1   17    2    2    1     949
    2    1   70  250   11    0    1    1    2    0     536
    2    1   71  251  260    0   17    2    1    0     479
    2    1   72  252  310    0   20    2    2    1    1531
    2    1   73  253  179    0   12    2    1    0     982
    2    1   74  254   95    0    6    1    3    0    1389
    2    1   75  255  380    1   24    3    3    1    1191
    2    1   76  256  441    0   28    3    1    0    1095
    2    1   77  257  183    0   12    2    2    1     246
    2    1   78  258  273    0   18    2    1    0    4179
    2    1   79  259  264    0   17    2    2    1     639
    2    1   80  260  219    1   14    2    1    0     650
    2    1   81  261  150    0   10    1    2    0     625
    2    1   82  262  215    0   14    2    1    0     847
    2    1   83  263   73    0    5    1    1    1     660
    2    1   84  264   33    1    3    1    1    1     536
    2    1   85  265  252    1   16    2    2    1     651
    2    1   86  266  388    0   25    3    1    0     791
    2    1   87  267  476    1   30    3    3    1    1549
    2    1   88  268  148    0   10    1    1    1     694
    2    1   89  269   82    0    6    1    3    0     566
    2    1   90  270  431    0   27    3    2    0    1149
    2    1   91  271  285    0   18    2    1    0    1407
    2    1   92  272  266    1   17    2    2    1     991
    2    1   93  273  360    1   23    3    3    1    1200
    2    1   94  274  142    0    9    1    1    1     492
    2    1   95  275  239    0   15    2    2    1     931
    2    1   96  276  254    0   16    2    2    1     918
    2    1   97  277  170    0   11    2    1    0     451
    2    1   98  278  325    0   21    3    2    0     488
    2    1   99  279   39    0    3    1    1    1     623
    2    1  100  280  295    0   19    2    1    0     886
    2    1  101  281  244    0   16    2    2    1     743
    2    1  102  282  280    1   18    2    2    1     697
    2    1  103  283  174    0   11    2    1    0    2756
    2    1  104  284  245    1   16    2    2    1     549
    2    1  105  285  109    0    7    1    1    1     588
    2    1  106  286   94    0    6    1    3    0     515
    2    1  107  287  416    0   26    3    3    1     849
    2    1  108  288  320    0   20    2    3    0     481
    2    1  109  289  345    0   22    3    3    1     509
    2    1  110  290  154    0   10    1    1    1     729
    2    1  111  291   28    0    2    1    1    1     583
    2    1  112  292  131    0    9    1    1    1     474
    2    1  113  293   37    1    3    1    1    1     787
    2    1  114  294   29    0    2    1    1    1     638
    2    1  115  295  436    0   28    3    1    0     527
    2    1  116  296  408    1   26    3    3    1    1462
    2    1  117  297  256    0   16    2    2    1    1472
    2    1  118  298  309    0   20    2    3    0     765
    2    1  119  299  235    0   15    2    1    0     858
    2    1  120  300  114    0    8    1    1    1     613
    2    1  121  301  378    0   24    3    1    0     461
    2    1  122  302  135    0    9    1    1    1     662
    2    1  123  303  143    0    9    1    1    1     837
    2    1  124  304  382    0   24    3    1    0     554
    2    1  125  305  116    0    8    1    1    1     443
    2    1  126  306  450    0   29    3    2    0     462
    2    1  127  307   52    1    4    1    1    1     687
    2    1  128  308  134    0    9    1    2    0     595
    2    1  129  309  206    0   13    2    2    1     366
    2    1  130  310  385    0   25    3    3    1     509
    2    1  131  311  181    0   12    2    3    0     536
    2    1  132  312   42    0    3    1    2    0     601
    2    1  133  313  212    1   14    2    2    1     495
    2    1  134  314    3    0    1    1    1    1     667
    2    1  135  315  145    0   10    1    1    1     483
    2    1  136  316  328    0   21    3    1    0     808
    2    1  137  317  153    0   10    1    1    1     617
    2    1  138  318  442    0   28    3    1    0     617
    2    1  139  319  286    0   18    2    1    0     582
    2    1  140  320  166    0   11    2    1    0     607
    2    1  141  321  374    0   24    3    1    0     405
    2    1  142  322  152    0   10    1    3    0     643
    2    1  143  323  259    0   17    2    2    1    1008
    2    1  144  324   17    0    2    1    2    0     523
    2    1  145  325  478    0   30    3    3    1    1233
    2    1  146  326  336    0   21    3    3    1     418
    2    1  147  327  103    0    7    1    1    1     935
    2    1  148  328  303    0   19    2    2    1    1320
    2    1  149  329  451    0   29    3    2    0     511
    2    1  150  330  466    0   30    3    2    0    1051
    2    1  151  331  284    0   18    2    2    1    1291
    2    1  152  332  255    0   16    2    2    1     933
    2    1  153  333  294    0   19    2    1    0    1092
    2    1  154  334  128    0    8    1    1    1     571
    2    1  155  335  182    1   12    2    1    0     623
    2    1  156  336  432    0   27    3    2    0    1014
    2    1  157  337   14    0    1    1    1    1    1032
    2    1  158  338  376    0   24    3    1    0    1114
    2    1  159  339  117    1    8    1    1    1    2073
    2    1  160  340  423    0   27    3    2    0    1371
    2    1  161  341  311    0   20    2    2    1    3254
    2    1  162  342  158    0   10    1    1    1     980
    2    1  163  343  377    0   24    3    1    0    1673
    2    1  164  344  327    0   21    3    2    0    1253
    2    1  165  345  304    0   19    2    2    1    2271
    2    1  166  346   67    0    5    1    1    1    1222
    2    1  167  347  381    0   24    3    1    0     467
    2    1  168  348    6    1    1    1    1    1     507
    2    1  169  349   68    0    5    1    1    1     540
    2    1  170  350  308    0   20    2    2    1    1101
    2    1  171  351  223    0   14    2    2    1     885
    2    1  172  352  118    0    8    1    1    1     539
    2    1  173  353   80    1    5    1    1    1    4516
    2    1  174  354   56    1    4    1    1    1     455
    2    1  175  355  155    0   10    1    1    1    1046
    2    1  176  356   19    0    2    1    1    1     511
    2    1  177  357  157    0   10    1    1    1     486
    2    1  178  358  406    1   26    3    2    0    2486
    2    1  179  359  348    0   22    3    1    0     532
    2    1  180  360   36    1    3    1    1    1     424
    2    1  181  361  313    0   20    2    2    1    1138
    2    1  182  362  415    0   26    3    2    0     669
    2    1  183  363  475    0   30    3    2    0     702
    2    1  184  364  358    0   23    3    2    0     517
    2    1  185  365  191    0   12    2    3    0     856
    2    1  186  366  335    0   21    3    3    1     529
    2    1  187  367  249    0   16    2    1    0     618
    2    1  188  368   10    0    1    1    1    1     547
    2    1  189  369  156    0   10    1    1    1     434
    2    1  190  370  424    1   27    3    2    0    1664
    2    1  191  371  349    0   22    3    2    0     544
    2    1  192  372   96    0    6    1    3    0     714
    2    1  193  373  190    0   12    2    3    0     699
    2    1  194  374  430    0   27    3    2    0    2054
    2    1  195  375  298    0   19    2    2    1     649
    2    1  196  376  288    0   18    2    2    1     452
    2    1  197  377   24    0    2    1    3    0    1149
    2    1  198  378  355    0   23    3    2    0     542
    2    1  199  379  316    0   20    2    3    0     839
    2    1  200  380   16    1    1    1    1    1     974
    2    1  201  381  463    0   29    3    1    0    4302
    2    1  202  382   58    1    4    1    1    1     999
    2    1  203  383  221    0   14    2    2    1    1264
    2    1  204  384  422    0   27    3    1    0     863
    2    1  205  385  188    0   12    2    3    0     824
    2    1  206  386  356    1   23    3    1    0    3088
    2    1  207  387  196    0   13    2    2    1     720
    2    1  208  388  275    0   18    2    1    0     806
    2    1  209  389  479    1   30    3    1    0    1686
    2    1  210  390  164    1   11    2    1    0    2783
    2    1  211  391  208    0   13    2    2    1     809
    2    1  212  392  203    0   13    2    2    1     455
    2    1  213  393  229    0   15    2    2    1     594
    2    1  214  394  185    0   12    2    3    0     506
    2    1  215  395  297    0   19    2    1    0    1095
    2    1  216  396  224    0   14    2    2    1    1149
    2    1  217  397  263    0   17    2    2    1    1008
    2    1  218  398  454    0   29    3    2    0     898
    2    1  219  399  307    0   20    2    2    1    1245
    2    1  220  400  189    0   12    2    3    0     688
    2    1  221  401   49    1    4    1    1    1     706
    2    1  222  402  420    0   27    3    2    0     976
    2    1  223  403  467    0   30    3    1    0     805
    2    1  224  404  390    0   25    3    3    1     540
    2    1  225  405   35    1    3    1    1    1     658
    2    1  226  406  398    0   25    3    2    0    2195
    2    1  227  407  122    0    8    1    1    1    6358
    2    1  228  408  323    0   21    3    2    0    1017
    2    1  229  409  228    0   15    2    1    0     744
    2    1  230  410  339    0   22    3    1    0    4940
    2    1  231  411  167    0   11    2    1    0     931
    2    1  232  412  459    0   29    3    1    0     851
    2    1  233  413   63    0    4    1    1    1     640
    2    1  234  414  274    0   18    2    2    1     984
    2    1  235  415  230    0   15    2    2    1    3453
    2    1  236  416  425    0   27    3    2    0    3693
    2    1  237  417  366    0   23    3    2    0     532
    2    1  238  418  347    0   22    3    1    0     633
    2    1  239  419  473    1   30    3    2    0     540
    2    1  240  420  149    0   10    1    2    0     471
    2    1  241  421  301    0   19    2    1    0     489
    2    1  242  422  342    0   22    3    2    0     591
    2    1  243  423  472    0   30    3    1    0     245
    2    1  244  424   57    0    4    1    1    1     977
    2    1  245  425  474    0   30    3    3    1    1288
    2    1  246  426  271    1   17    2    2    1     873
    2    1  247  427  394    0   25    3    2    0     684
    2    1  248  428   61    0    4    1    1    1     540
    2    1  249  429  428    0   27    3    2    0     994
    2    1  250  430    9    0    1    1    1    1     472
    2    1  251  431    5    0    1    1    2    0     405
    2    1  252  432   79    0    5    1    1    1     386
    2    1  253  433  175    0   11    2    2    1    1135
    2    1  254  434  139    0    9    1    1    1     523
    2    1  255  435  226    0   15    2    3    0     798
    2    1  256  436  136    0    9    1    1    1     738
    2    1  257  437  414    0   26    3    3    1     609
    2    1  258  438  130    0    9    1    1    1     590
    2    1  259  439  321    0   21    3    1    0    2835
    2    1  260  440  447    0   28    3    1    0     997
    2    1  261  441  352    0   22    3    2    0    1593
    2    1  262  442  409    1   26    3    2    0     750
    2    1  263  443  396    1   25    3    3    1     478
    2    1  264  444  281    0   18    2    1    0     624
    2    1  265  445  329    0   21    3    3    1    1087
    2    1  266  446  384    0   24    3    1    0    1802
    2    1  267  447  383    0   24    3    1    0     848
    2    1  268  448  159    0   10    1    1    1     659
    2    1  269  449  464    0   29    3    1    0    1598
    2    1  270  450  480    0   30    3    1    0    3206
    2    1  271  451  421    0   27    3    2    0    1032
    2    1  272  452   59    0    4    1    2    0     926
    2    1  273  453   75    0    5    1    1    1     998
    2    1  274  454   90    0    6    1    3    0    1092
    2    1  275  455  173    0   11    2    1    0     685
    2    1  276  456  289    1   19    2    2    1     639
    2    1  277  457  102    0    7    1    2    0    1576
    2    1  278  458  405    0   26    3    2    0     849
    2    1  279  459  437    0   28    3    2    0    1826
    2    1  280  460   71    1    5    1    1    1     568
    2    1  281  461   81    0    6    1    3    0     674
    2    1  282  462  180    0   12    2    3    0     647
    2    1  283  463  172    0   11    2    1    0     525
    2    1  284  464  207    0   13    2    2    1     700
    2    1  285  465  318    0   20    2    3    0     706
    2    1  286  466   78    0    5    1    1    1     369
    2    1  287  467  346    0   22    3    1    0     676
    2    1  288  468  100    0    7    1    1    1     705
    2    1  289  469  218    0   14    2    2    1    1869
    2    1  290  470  105    0    7    1    1    1     808
    2    1  291  471  351    0   22    3    1    0     745
    2    1  292  472  262    0   17    2    2    1     721
    2    1  293  473  402    0   26    3    2    0    1202
    2    1  294  474  460    0   29    3    3    1     631
    2    1  295  475  369    0   24    3    1    0    1083
    2    1  296  476  205    0   13    2    2    1     745
    2    1  297  477  305    0   20    2    2    1     614
    2    1  298  478  427    0   27    3    2    0    1138
    2    1  299  479  400    0   25    3    1    0    1839
    2    1  300  480  354    0   23    3    3    1     828
