    1    1    1    1  290    1   19    2    2    1    6473
    1    1    2    2  326    1   21    3    3    1    3606
    1    1    3    3  360    1   23    3    2    0    3954
    1    1    4    4  280    1   18    2    3    0    1887
    1    1    5    5  216    1   14    2    1    0    3588
    1    1    6    6  219    1   14    2    2    1    1373
    1    1    7    7  465    1   30    3    3    1    2499
    1    1    8    8  408    1   26    3    2    0    1449
    1    1    9    9   56    1    4    1    2    0    3673
    1    1   10   10  250    1   16    2    3    0    2203
    1    1   11   11  448    1   28    3    1    0    4239
    1    1   12   12  406    1   26    3    2    0    4113
    1    1   13   13  117    1    8    1    3    0    1144
    1    1   14   14  411    1   26    3    3    1    5783
    1    1   15   15   49    1    4    1    2    0    1385
    1    1   16   16  240    1   15    2    3    0    2246
    1    1   17   17  164    1   11    2    2    1    7866
    1    1   18   18  182    1   12    2    3    0    1150
    1    1   19   19  396    1   25    3    3    1    1522
    1    1   20   20  201    1   13    2    2    1     871
    1    1   21   21  473    1   30    3    3    1    2187
    1    1   22   22   16    1    1    1    1    1    1919
    1    1   23   23   58    1    4    1    2    0    1619
    1    1   24   24  252    1   16    2    2    1     897
    1    1   25   25  267    1   17    2    2    1    1537
    1    1   26   26  121    1    8    1    1    1    1530
    1    1   27   27  471    1   30    3    3    1    1413
    1    1   28   28  356    1   23    3    3    1    3502
    1    1   29   29   37    1    3    1    1    1    3847
    1    1   30   30  359    1   23    3    3    1     854
    1    1   31   31   38    1    3    1    1    1    2069
    1    1   32   32  271    1   17    2    2    1   10671
    1    1   33   33  217    1   14    2    3    0    2393
    1    1   34   34   53    1    4    1    1    1    1442
    1    1   35   35  266    1   17    2    2    1    1150
    1    1   36   36  479    1   30    3    3    1     774
    1    1   37   37  276    1   18    2    1    0    2004
    1    1   38   38   80    1    5    1    1    1    1233
    1    1   39   39  212    1   14    2    3    0    1715
    1    1   40   40  353    1   23    3    3    1     726
    1    1   41   41   66    1    5    1    1    1    1166
    1    1   42   42  245    1   16    2    2    1    3467
    1    1   43   43  120    1    8    1    1    1    1363
    1    1   44   44   35    1    3    1    1    1    1059
    1    1   45   45  340    1   22    3    2    0    6564
    1    1   46   46   71    1    5    1    1    1     691
    1    1   47   47    4    1    1    1    1    1     782
    1    1   48   48   15    1    1    1    1    1     911
    1    1   49   49  409    1   26    3    3    1    2927
    1    1   50   50   33    1    3    1    1    1     692
    1    1   51   51   36    1    3    1    1    1     641
    1    1   52   52  424    1   27    3    3    1    3321
    1    1   53   53   52    1    4    1    1    1    1201
    1    1   54   54  289    1   19    2    2    1    1414
    1    1   55   55  476    1   30    3    3    1     962
    1    1   56   56  387    1   25    3    3    1    6614
    1    1   57   57  269    1   17    2    2    1     931
    1    1   58   58  380    1   24    3    3    1    1267
    1    1   59   59    6    1    1    1    1    1     660
    1    1   60   60  272    1   17    2    2    1    7650
    1    2    1   61   58    1    4    1    1    1    1161
    1    2    2   62  326    1   21    3    3    1    3726
    1    2    3   63  117    1    8    1    1    1     940
    1    2    4   64  479    1   30    3    3    1    1056
    1    2    5   65   33    1    3    1    1    1     853
    1    2    6   66   38    1    3    1    1    1     557
    1    2    7   67   15    1    1    1    1    1     558
    1    2    8   68  217    1   14    2    3    0    6972
    1    2    9   69   53    1    4    1    1    1    1068
    1    2   10   70  411    1   26    3    3    1     813
    1    2   11   71  406    1   26    3    3    1     754
    1    2   12   72  408    1   26    3    3    1    4816
    1    2   13   73  201    1   13    2    2    1    1353
    1    2   14   74   80    1    5    1    1    1     935
    1    2   15   75  473    1   30    3    3    1    2475
    1    2   16   76  409    1   26    3    3    1    3499
    1    2   17   77  290    1   19    2    1    0    2985
    1    2   18   78  182    1   12    2    2    1    1004
    1    2   19   79  272    1   17    2    3    0    1014
    1    2   20   80  359    1   23    3    3    1    1191
    1    2   21   81  271    1   17    2    2    1    1087
    1    2   22   82   35    1    3    1    1    1     591
    1    2   23   83  266    1   17    2    2    1    1173
    1    2   24   84  353    1   23    3    3    1     925
    1    2   25   85   71    1    5    1    1    1     639
    1    2   26   86  448    1   28    3    1    0    4025
    1    2   27   87   37    1    3    1    1    1     800
    1    2   28   88  164    1   11    2    2    1    1831
    1    2   29   89  252    1   16    2    2    1     980
    1    2   30   90  396    1   25    3    3    1     630
    1    2   31   91   16    1    1    1    1    1     653
    1    2   32   92  212    1   14    2    3    0    1312
    1    2   33   93  280    1   18    2    3    0    1155
    1    2   34   94  465    1   30    3    3    1     650
    1    2   35   95   52    1    4    1    1    1     615
    1    2   36   96  250    1   16    2    2    1    1011
    1    2   37   97  267    1   17    2    2    1     596
    1    2   38   98   36    1    3    1    1    1     604
    1    2   39   99    6    1    1    1    1    1     589
    1    2   40  100   66    1    5    1    1    1     536
    1    2   41  101  219    1   14    2    1    0    3451
    1    2   42  102  289    1   19    2    2    1     661
    1    2   43  103  356    1   23    3    3    1    1123
    1    2   44  104   56    1    4    1    2    0    4046
    1    2   45  105  121    1    8    1    1    1     997
    1    2   46  106  269    1   17    2    2    1     708
    1    2   47  107  387    1   25    3    3    1    2185
    1    2   48  108  424    1   27    3    3    1    1952
    1    2   49  109  216    1   14    2    2    1    3139
    1    2   50  110  245    1   16    2    2    1    1149
    1    2   51  111  471    1   30    3    3    1     935
    1    2   52  112   49    1    4    1    1    1    2280
    1    2   53  113  240    1   15    2    2    1    1761
    1    2   54  114  276    1   18    2    3    0    1471
    1    2   55  115  380    1   24    3    2    0    1292
    1    2   56  116  476    1   30    3    3    1     813
    1    2   57  117  120    1    8    1    1    1    3971
    1    2   58  118  360    1   23    3    3    1     827
    1    2   59  119    4    1    1    1    1    1    1763
    1    2   60  120  340    1   22    3    3    1     852
    1    3    1  121  217    1   14    2    2    1    3058
    1    3    2  122  290    1   19    2    2    1    7710
    1    3    3  123   58    1    4    1    1    1    2518
    1    3    4  124  356    1   23    3    3    1     693
    1    3    5  125   33    1    3    1    1    1     668
    1    3    6  126  276    1   18    2    3    0    1200
    1    3    7  127   35    1    3    1    1    1     700
    1    3    8  128  280    1   18    2    2    1     681
    1    3    9  129   36    1    3    1    1    1    3631
    1    3   10  130  289    1   19    2    2    1     876
    1    3   11  131  164    1   11    2    2    1    2350
    1    3   12  132  411    1   26    3    3    1    2726
    1    3   13  133  471    1   30    3    3    1     655
    1    3   14  134  120    1    8    1    1    1     600
    1    3   15  135   37    1    3    1    1    1     746
    1    3   16  136  359    1   23    3    3    1     660
    1    3   17  137   15    1    1    1    1    1     636
    1    3   18  138   52    1    4    1    1    1    1726
    1    3   19  139    4    1    1    1    1    1     798
    1    3   20  140  252    1   16    2    2    1     721
    1    3   21  141  396    1   25    3    3    1     732
    1    3   22  142  212    1   14    2    2    1    2713
    1    3   23  143  267    1   17    2    2    1    1028
    1    3   24  144  387    1   25    3    3    1    1566
    1    3   25  145  117    1    8    1    1    1    1954
    1    3   26  146  409    1   26    3    2    0    3097
    1    3   27  147  201    1   13    2    2    1    2095
    1    3   28  148   80    1    5    1    1    1    8000
    1    3   29  149  245    1   16    2    2    1    2289
    1    3   30  150  266    1   17    2    2    1     758
    1    3   31  151  408    1   26    3    3    1    9168
    1    3   32  152  360    1   23    3    3    1     503
    1    3   33  153  271    1   17    2    2    1     864
    1    3   34  154  269    1   17    2    2    1     598
    1    3   35  155    6    1    1    1    1    1     639
    1    3   36  156   66    1    5    1    1    1     826
    1    3   37  157  340    1   22    3    3    1   15253
    1    3   38  158  353    1   23    3    3    1     678
    1    3   39  159   56    1    4    1    1    1     672
    1    3   40  160  448    1   28    3    3    1    1982
    1    3   41  161  380    1   24    3    2    0    1123
    1    3   42  162  219    1   14    2    3    0    5086
    1    3   43  163  424    1   27    3    3    1       0
    1    3   44  164  465    1   30    3    3    1    2755
    1    3   45  165  240    1   15    2    2    1    3353
    1    3   46  166  326    1   21    3    1    0    3108
    1    3   47  167  121    1    8    1    1    1     853
    1    3   48  168   53    1    4    1    1    1     729
    1    3   49  169   16    1    1    1    1    1     960
    1    3   50  170  406    1   26    3    3    1    1661
    1    3   51  171   71    1    5    1    1    1     982
    1    3   52  172  479    1   30    3    3    1     771
    1    3   53  173  216    1   14    2    2    1    4100
    1    3   54  174  476    1   30    3    3    1    1015
    1    3   55  175   38    1    3    1    1    1     739
    1    3   56  176  473    1   30    3    3    1     804
    1    3   57  177   49    1    4    1    1    1    1660
    1    3   58  178  182    1   12    2    2    1     811
    1    3   59  179  272    1   17    2    2    1    4896
    1    3   60  180  250    1   16    2    2    1    1014
    2    1    1  181  221    0   14    2    2    1     955
    2    1    2  182   87    0    6    1    3    0    7902
    2    1    3  183  268    0   17    2    2    1    1408
    2    1    4  184  359    1   23    3    3    1     721
    2    1    5  185   69    0    5    1    1    1     896
    2    1    6  186  148    0   10    1    1    1    1876
    2    1    7  187  438    0   28    3    3    1     948
    2    1    8  188  173    0   11    2    3    0    4021
    2    1    9  189  311    0   20    2    3    0     600
    2    1   10  190  285    0   18    2    3    0     569
    2    1   11  191   33    1    3    1    1    1     829
    2    1   12  192  457    0   29    3    2    0     642
    2    1   13  193  458    0   29    3    1    0    1139
    2    1   14  194  453    0   29    3    3    1    2041
    2    1   15  195  159    0   10    1    1    1     748
    2    1   16  196  384    0   24    3    1    0     630
    2    1   17  197  464    0   29    3    2    0    1508
    2    1   18  198   34    0    3    1    1    1     658
    2    1   19  199  379    0   24    3    1    0    1346
    2    1   20  200   66    1    5    1    1    1     550
    2    1   21  201  341    0   22    3    1    0     596
    2    1   22  202  228    0   15    2    3    0     626
    2    1   23  203  110    0    7    1    3    0    3447
    2    1   24  204    5    0    1    1    1    1     776
    2    1   25  205  362    0   23    3    3    1     758
    2    1   26  206  366    0   23    3    3    1     527
    2    1   27  207  474    0   30    3    3    1     632
    2    1   28  208  190    0   12    2    2    1    2891
    2    1   29  209  222    0   14    2    3    0     638
    2    1   30  210  113    0    8    1    3    0     601
    2    1   31  211  260    0   17    2    3    0    1663
    2    1   32  212  204    0   13    2    2    1    1574
    2    1   33  213  392    0   25    3    3    1     579
    2    1   34  214  286    0   18    2    3    0     543
    2    1   35  215    2    0    1    1    1    1     662
    2    1   36  216  188    0   12    2    3    0    2120
    2    1   37  217  199    0   13    2    2    1     709
    2    1   38  218   32    0    2    1    3    0    3463
    2    1   39  219  175    0   11    2    3    0     565
    2    1   40  220  354    0   23    3    3    1     486
    2    1   41  221  270    0   17    2    2    1    1090
    2    1   42  222  316    0   20    2    3    0    1642
    2    1   43  223  251    0   16    2    2    1    1255
    2    1   44  224  331    0   21    3    3    1    1764
    2    1   45  225   59    0    4    1    2    0    2260
    2    1   46  226  323    0   21    3    2    0    1645
    2    1   47  227  326    1   21    3    2    0     902
    2    1   48  228  432    0   27    3    3    1     665
    2    1   49  229  195    0   13    2    3    0     577
    2    1   50  230  231    0   15    2    2    1     694
    2    1   51  231   44    0    3    1    1    1     835
    2    1   52  232  118    0    8    1    1    1     683
    2    1   53  233  380    1   24    3    2    0    1033
    2    1   54  234  441    0   28    3    3    1    1496
    2    1   55  235  218    0   14    2    2    1    1694
    2    1   56  236  234    0   15    2    3    0     797
    2    1   57  237  295    0   19    2    2    1    2843
    2    1   58  238  339    0   22    3    1    0    1501
    2    1   59  239  314    0   20    2    3    0     630
    2    1   60  240  246    0   16    2    2    1    3038
    2    1   61  241  320    0   20    2    3    0     589
    2    1   62  242  412    0   26    3    3    1    1514
    2    1   63  243  171    0   11    2    1    0     798
    2    1   64  244   22    0    2    1    3    0     757
    2    1   65  245  196    0   13    2    2    1    2221
    2    1   66  246  256    0   16    2    3    0     683
    2    1   67  247  318    0   20    2    3    0     495
    2    1   68  248  109    0    7    1    1    1     747
    2    1   69  249   63    0    4    1    1    1     877
    2    1   70  250   95    0    6    1    3    0    1031
    2    1   71  251  290    1   19    2    2    1    2053
    2    1   72  252  223    0   14    2    3    0     648
    2    1   73  253  463    0   29    3    1    0    2906
    2    1   74  254  108    0    7    1    1    1     635
    2    1   75  255  344    0   22    3    1    0     500
    2    1   76  256  434    0   28    3    1    0     604
    2    1   77  257  319    0   20    2    3    0     723
    2    1   78  258  163    0   11    2    3    0     806
    2    1   79  259  281    0   18    2    3    0     823
    2    1   80  260   64    0    4    1    2    0    2247
    2    1   81  261  203    0   13    2    2    1     573
    2    1   82  262  264    0   17    2    3    0    1229
    2    1   83  263  475    0   30    3    2    0    1055
    2    1   84  264  346    0   22    3    1    0    1034
    2    1   85  265  349    0   22    3    1    0     849
    2    1   86  266  214    0   14    2    3    0    2517
    2    1   87  267  131    0    9    1    1    1    2875
    2    1   88  268   29    0    2    1    3    0    1037
    2    1   89  269  157    0   10    1    1    1     850
    2    1   90  270  292    0   19    2    1    0    2953
    2    1   91  271  364    0   23    3    3    1     916
    2    1   92  272  269    1   17    2    2    1     564
    2    1   93  273  224    0   14    2    2    1    1887
    2    1   94  274  150    0   10    1    2    0     486
    2    1   95  275  210    0   14    2    3    0     885
    2    1   96  276   27    0    2    1    1    1    1046
    2    1   97  277  257    0   17    2    1    0     651
    2    1   98  278  402    0   26    3    2    0    1287
    2    1   99  279  138    0    9    1    1    1     911
    2    1  100  280  143    0    9    1    1    1     543
    2    1  101  281  288    0   18    2    1    0    2305
    2    1  102  282  390    0   25    3    3    1     568
    2    1  103  283   98    0    7    1    1    1     637
    2    1  104  284  393    0   25    3    3    1     840
    2    1  105  285   45    0    3    1    1    1     683
    2    1  106  286  153    0   10    1    1    1     859
    2    1  107  287  106    0    7    1    3    0    2310
    2    1  108  288  416    0   26    3    3    1    1063
    2    1  109  289    7    0    1    1    1    1     623
    2    1  110  290  130    0    9    1    1    1    2394
    2    1  111  291  105    0    7    1    1    1    2594
    2    1  112  292  240    1   15    2    2    1    3052
    2    1  113  293  169    0   11    2    1    0    1141
    2    1  114  294   11    0    1    1    1    1     936
    2    1  115  295   54    0    4    1    2    0    2573
    2    1  116  296   48    0    3    1    1    1    1004
    2    1  117  297  422    0   27    3    3    1     571
    2    1  118  298  225    0   15    2    2    1    3284
    2    1  119  299  134    0    9    1    2    0    1892
    2    1  120  300  178    0   12    2    2    1    4394
    2    1  121  301  238    0   15    2    3    0    1069
    2    1  122  302   26    0    2    1    3    0     669
    2    1  123  303  398    0   25    3    3    1     557
    2    1  124  304  142    0    9    1    1    1     964
    2    1  125  305  193    0   13    2    2    1     913
    2    1  126  306  394    0   25    3    3    1    6242
    2    1  127  307  480    0   30    3    3    1     899
    2    1  128  308  255    0   16    2    2    1     873
    2    1  129  309  338    0   22    3    1    0     582
    2    1  130  310   51    0    4    1    1    1    3557
    2    1  131  311  414    0   26    3    3    1     606
    2    1  132  312   72    0    5    1    1    1     561
    2    1  133  313  315    0   20    2    3    0     864
    2    1  134  314  100    0    7    1    1    1    1476
    2    1  135  315  426    0   27    3    3    1     581
    2    1  136  316   84    0    6    1    3    0     766
    2    1  137  317   80    1    5    1    1    1    1938
    2    1  138  318  276    1   18    2    3    0     600
    2    1  139  319  244    0   16    2    2    1     706
    2    1  140  320  235    0   15    2    1    0    1430
    2    1  141  321  336    0   21    3    3    1     689
    2    1  142  322  305    0   20    2    3    0     716
    2    1  143  323  252    1   16    2    2    1     636
    2    1  144  324  248    0   16    2    2    1     483
    2    1  145  325   77    0    5    1    1    1     644
    2    1  146  326  191    0   12    2    3    0    3842
    2    1  147  327  200    0   13    2    2    1    1305
    2    1  148  328  121    1    8    1    1    1     728
    2    1  149  329   81    0    6    1    3    0     796
    2    1  150  330  446    0   28    3    3    1     536
    2    1  151  331    1    0    1    1    1    1     631
    2    1  152  332  233    0   15    2    3    0     608
    2    1  153  333  182    1   12    2    2    1     527
    2    1  154  334  217    1   14    2    2    1    1955
    2    1  155  335  324    0   21    3    3    1    2447
    2    1  156  336  227    0   15    2    3    0     641
    2    1  157  337  471    1   30    3    3    1    1290
    2    1  158  338   60    0    4    1    2    0    1393
    2    1  159  339  401    0   26    3    3    1    2260
    2    1  160  340  404    0   26    3    3    1     706
    2    1  161  341  351    0   22    3    1    0     817
    2    1  162  342   47    0    3    1    1    1     613
    2    1  163  343  348    0   22    3    1    0     528
    2    1  164  344   88    0    6    1    3    0     642
    2    1  165  345   58    1    4    1    2    0    2983
    2    1  166  346   50    0    4    1    2    0     458
    2    1  167  347  117    1    8    1    1    1    2018
    2    1  168  348  273    0   18    2    3    0     669
    2    1  169  349  160    0   10    1    1    1     838
    2    1  170  350  111    0    7    1    1    1    3462
    2    1  171  351  397    0   25    3    3    1     574
    2    1  172  352  395    0   25    3    1    0    1050
    2    1  173  353   10    0    1    1    1    1     621
    2    1  174  354  467    0   30    3    3    1    1396
    2    1  175  355   17    0    2    1    3    0     894
    2    1  176  356  469    0   30    3    3    1     775
    2    1  177  357  112    0    7    1    1    1    2292
    2    1  178  358  152    0   10    1    3    0     529
    2    1  179  359  192    0   12    2    3    0    4532
    2    1  180  360   86    0    6    1    3    0     882
    2    1  181  361   92    0    6    1    3    0     901
    2    1  182  362  201    1   13    2    2    1     833
    2    1  183  363  459    0   29    3    3    1     943
    2    1  184  364   83    0    6    1    3    0     918
    2    1  185  365   55    0    4    1    1    1     707
    2    1  186  366  239    0   15    2    2    1    1109
    2    1  187  367  391    0   25    3    3    1     703
    2    1  188  368   15    1    1    1    1    1     708
    2    1  189  369   61    0    4    1    1    1    1646
    2    1  190  370  122    0    8    1    1    1     604
    2    1  191  371  304    0   19    2    2    1    4820
    2    1  192  372   89    0    6    1    3    0     728
    2    1  193  373  205    0   13    2    2    1     896
    2    1  194  374  317    0   20    2    3    0    1347
    2    1  195  375  155    0   10    1    3    0     585
    2    1  196  376  241    0   16    2    2    1    1282
    2    1  197  377   67    0    5    1    1    1     639
    2    1  198  378  370    0   24    3    1    0     619
    2    1  199  379  306    0   20    2    3    0    1246
    2    1  200  380  461    0   29    3    2    0    1176
    2    1  201  381  125    0    8    1    1    1     647
    2    1  202  382  250    1   16    2    2    1    1474
    2    1  203  383  415    0   26    3    3    1     800
    2    1  204  384  330    0   21    3    2    0    3641
    2    1  205  385   78    0    5    1    1    1     558
    2    1  206  386   18    0    2    1    3    0     995
    2    1  207  387  230    0   15    2    3    0     902
    2    1  208  388  451    0   29    3    3    1     890
    2    1  209  389  104    0    7    1    1    1    2267
    2    1  210  390  433    0   28    3    3    1    2871
    2    1  211  391   12    0    1    1    1    1     677
    2    1  212  392  465    1   30    3    3    1     593
    2    1  213  393  133    0    9    1    1    1     869
    2    1  214  394  466    0   30    3    2    0    3051
    2    1  215  395   56    1    4    1    1    1     771
    2    1  216  396  425    0   27    3    3    1    1320
    2    1  217  397  399    0   25    3    3    1     918
    2    1  218  398  272    1   17    2    2    1    1795
    2    1  219  399   96    0    6    1    3    0     758
    2    1  220  400  363    0   23    3    3    1     652
    2    1  221  401  460    0   29    3    2    0    2078
    2    1  222  402  419    0   27    3    3    1     878
    2    1  223  403  436    0   28    3    3    1     644
    2    1  224  404  373    0   24    3    1    0     574
    2    1  225  405  371    0   24    3    1    0     412
    2    1  226  406  283    0   18    2    3    0    1400
    2    1  227  407  307    0   20    2    3    0     502
    2    1  228  408  342    0   22    3    1    0     949
    2    1  229  409  144    0    9    1    1    1     737
    2    1  230  410  129    0    9    1    1    1     663
    2    1  231  411  123    0    8    1    1    1    1151
    2    1  232  412   35    1    3    1    1    1     608
    2    1  233  413  374    0   24    3    1    0    2287
    2    1  234  414   25    0    2    1    3    0     823
    2    1  235  415  219    1   14    2    3    0    5172
    2    1  236  416  327    0   21    3    2    0    1387
    2    1  237  417    8    0    1    1    1    1    4100
    2    1  238  418  450    0   29    3    1    0     617
    2    1  239  419  476    1   30    3    3    1    3950
    2    1  240  420  174    0   11    2    1    0     879
    2    1  241  421   76    0    5    1    1    1     657
    2    1  242  422  161    0   11    2    1    0     984
    2    1  243  423  280    1   18    2    2    1    2056
    2    1  244  424  291    0   19    2    1    0    1310
    2    1  245  425  444    0   28    3    3    1     932
    2    1  246  426  183    0   12    2    3    0     663
    2    1  247  427  185    0   12    2    3    0     561
    2    1  248  428  101    0    7    1    1    1     832
    2    1  249  429  154    0   10    1    1    1    1023
    2    1  250  430  418    0   27    3    2    0    6105
    2    1  251  431  443    0   28    3    3    1    1602
    2    1  252  432  140    0    9    1    1    1    1367
    2    1  253  433   30    0    2    1    1    1     893
    2    1  254  434  367    0   23    3    2    0    1743
    2    1  255  435  253    0   16    2    1    0     985
    2    1  256  436   13    0    1    1    1    1     751
    2    1  257  437  136    0    9    1    1    1     809
    2    1  258  438   52    1    4    1    2    0    2434
    2    1  259  439  128    0    8    1    1    1    1815
    2    1  260  440  208    0   13    2    2    1     920
    2    1  261  441   97    0    7    1    1    1     758
    2    1  262  442  361    0   23    3    3    1     850
    2    1  263  443   38    1    3    1    1    1    4374
    2    1  264  444  473    1   30    3    3    1    4300
    2    1  265  445   16    1    1    1    1    1     786
    2    1  266  446  127    0    8    1    1    1     593
    2    1  267  447  376    0   24    3    1    0     738
    2    1  268  448   23    0    2    1    1    1    1427
    2    1  269  449  322    0   21    3    2    0    2999
    2    1  270  450  456    0   29    3    3    1     859
    2    1  271  451  365    0   23    3    3    1     939
    2    1  272  452  294    0   19    2    1    0     949
    2    1  273  453  303    0   19    2    2    1    2309
    2    1  274  454  216    1   14    2    2    1    2790
    2    1  275  455  236    0   15    2    2    1     969
    2    1  276  456  107    0    7    1    1    1     781
    2    1  277  457  265    0   17    2    3    0    1321
    2    1  278  458  300    0   19    2    1    0    4454
    2    1  279  459    9    0    1    1    1    1    1527
    2    1  280  460  408    1   26    3    3    1    1202
    2    1  281  461  470    0   30    3    2    0     840
    2    1  282  462  180    0   12    2    3    0    1999
    2    1  283  463   14    0    1    1    1    1    1632
    2    1  284  464  410    0   26    3    3    1     724
    2    1  285  465  372    0   24    3    1    0     664
    2    1  286  466  411    1   26    3    3    1     893
    2    1  287  467    4    1    1    1    1    1     894
    2    1  288  468  139    0    9    1    1    1    1187
    2    1  289  469  472    0   30    3    3    1     654
    2    1  290  470  245    1   16    2    2    1    1401
    2    1  291  471  347    0   22    3    1    0     682
    2    1  292  472   65    0    5    1    1    1    1464
    2    1  293  473  145    0   10    1    1    1     642
    2    1  294  474  184    0   12    2    3    0    1182
    2    1  295  475  428    0   27    3    2    0    2819
    2    1  296  476  293    0   19    2    2    1    2624
    2    1  297  477  124    0    8    1    1    1     683
    2    1  298  478  279    0   18    2    3    0     461
    2    1  299  479  168    0   11    2    1    0     940
    2    1  300  480  146    0   10    1    1    1     748
