    1    1    1    1  224    1   14    2    3    0   12821
    1    1    2    2  446    1   28    3    1    0    5628
    1    1    3    3  339    1   22    3    1    0    2533
    1    1    4    4    7    1    1    1    1    1    2013
    1    1    5    5  229    1   15    2    3    0    4061
    1    1    6    6   16    1    1    1    1    1    1946
    1    1    7    7   17    1    2    1    2    0    1871
    1    1    8    8  267    1   17    2    3    0    4068
    1    1    9    9  306    1   20    2    1    0    2874
    1    1   10   10   72    1    5    1    1    1    2332
    1    1   11   11  395    1   25    3    3    1    7073
    1    1   12   12  327    1   21    3    2    0    2185
    1    1   13   13  241    1   16    2    2    1    3369
    1    1   14   14   73    1    5    1    1    1    1902
    1    1   15   15  455    1   29    3    2    0    4112
    1    1   16   16  465    1   30    3    2    0    2183
    1    1   17   17  115    1    8    1    1    1    1604
    1    1   18   18  203    1   13    2    3    0    2057
    1    1   19   19  423    1   27    3    2    0    3231
    1    1   20   20   34    1    3    1    1    1    5535
    1    1   21   21  238    1   15    2    3    0    2187
    1    1   22   22  279    1   18    2    3    0    4282
    1    1   23   23   31    1    2    1    3    0    2880
    1    1   24   24  148    1   10    1    1    1    2089
    1    1   25   25  190    1   12    2    2    1    4570
    1    1   26   26  195    1   13    2    3    0    1422
    1    1   27   27  297    1   19    2    2    1    2134
    1    1   28   28   62    1    4    1    3    0    2533
    1    1   29   29  376    1   24    3    1    0    1849
    1    1   30   30  125    1    8    1    1    1    2435
    1    1   31   31  106    1    7    1    3    0    3196
    1    1   32   32   40    1    3    1    1    1    1279
    1    1   33   33  330    1   21    3    2    0    3186
    1    1   34   34  186    1   12    2    2    1    1600
    1    1   35   35  278    1   18    2    2    1    1763
    1    1   36   36  250    1   16    2    3    0    1745
    1    1   37   37  163    1   11    2    1    0    2533
    1    1   38   38  397    1   25    3    2    0    5040
    1    1   39   39  111    1    7    1    3    0    3813
    1    1   40   40  293    1   19    2    3    0    3424
    1    1   41   41  456    1   29    3    3    1    2074
    1    1   42   42  355    1   23    3    2    0    4328
    1    1   43   43   55    1    4    1    1    1    1577
    1    1   44   44  136    1    9    1    1    1    1917
    1    1   45   45  443    1   28    3    2    0   20221
    1    1   46   46  420    1   27    3    1    0    1812
    1    1   47   47  170    1   11    2    1    0    1663
    1    1   48   48   85    1    6    1    3    0    2869
    1    1   49   49  471    1   30    3    3    1    2907
    1    1   50   50  381    1   24    3    1    0    1952
    1    1   51   51  215    1   14    2    3    0    4135
    1    1   52   52  272    1   17    2    3    0    3572
    1    1   53   53   96    1    6    1    2    0    2841
    1    1   54   54  405    1   26    3    3    1    2655
    1    1   55   55  337    1   22    3    3    1    1576
    1    1   56   56  413    1   26    3    3    1    1589
    1    1   57   57  308    1   20    2    3    0    2877
    1    1   58   58  135    1    9    1    1    1    1552
    1    1   59   59  146    1   10    1    1    1    1603
    1    1   60   60  359    1   23    3    3    1    2159
    1    2    1   61  376    1   24    3    3    1    1979
    1    2    2   62  241    1   16    2    2    1    2084
    1    2    3   63  446    1   28    3    1    0    2312
    1    2    4   64  278    1   18    2    2    1    4733
    1    2    5   65  229    1   15    2    2    1    2954
    1    2    6   66   40    1    3    1    1    1    1194
    1    2    7   67   96    1    6    1    2    0    3899
    1    2    8   68  238    1   15    2    1    0    3033
    1    2    9   69  306    1   20    2    3    0    1437
    1    2   10   70  250    1   16    2    2    1    1826
    1    2   11   71  190    1   12    2    3    0    2384
    1    2   12   72   72    1    5    1    1    1    2857
    1    2   13   73  163    1   11    2    3    0    5355
    1    2   14   74  405    1   26    3    3    1    1548
    1    2   15   75  355    1   23    3    3    1    4207
    1    2   16   76   16    1    1    1    1    1    1346
    1    2   17   77  308    1   20    2    2    1    4854
    1    2   18   78  471    1   30    3    2    0    3865
    1    2   19   79  148    1   10    1    3    0    2240
    1    2   20   80  195    1   13    2    2    1    1985
    1    2   21   81  395    1   25    3    1    0    1479
    1    2   22   82  136    1    9    1    1    1    1174
    1    2   23   83  456    1   29    3    3    1    1849
    1    2   24   84   55    1    4    1    1    1    2546
    1    2   25   85   34    1    3    1    1    1    2254
    1    2   26   86   31    1    2    1    3    0    3616
    1    2   27   87  359    1   23    3    3    1    1911
    1    2   28   88  146    1   10    1    1    1    1488
    1    2   29   89  423    1   27    3    3    1    3471
    1    2   30   90  125    1    8    1    1    1    1448
    1    2   31   91  267    1   17    2    3    0    2515
    1    2   32   92   17    1    2    1    3    0    2656
    1    2   33   93  186    1   12    2    1    0    5637
    1    2   34   94  135    1    9    1    1    1    1081
    1    2   35   95  443    1   28    3    2    0    4100
    1    2   36   96   85    1    6    1    1    1    3150
    1    2   37   97  272    1   17    2    3    0    3211
    1    2   38   98  337    1   22    3    3    1    3264
    1    2   39   99  297    1   19    2    3    0    8131
    1    2   40  100   62    1    4    1    1    1    2594
    1    2   41  101  397    1   25    3    3    1    1906
    1    2   42  102  106    1    7    1    1    1    1506
    1    2   43  103    7    1    1    1    1    1    1417
    1    2   44  104  111    1    7    1    2    0    3685
    1    2   45  105  381    1   24    3    1    0    1391
    1    2   46  106  224    1   14    2    2    1    3103
    1    2   47  107  279    1   18    2    3    0    1534
    1    2   48  108  170    1   11    2    1    0    1382
    1    2   49  109  203    1   13    2    3    0    1667
    1    2   50  110  293    1   19    2    2    1    4329
    1    2   51  111  115    1    8    1    1    1    1536
    1    2   52  112  327    1   21    3    2    0    2315
    1    2   53  113  330    1   21    3    3    1    6212
    1    2   54  114  413    1   26    3    3    1    1730
    1    2   55  115  420    1   27    3    3    1    2116
    1    2   56  116  455    1   29    3    2    0    2182
    1    2   57  117  215    1   14    2    2    1    2950
    1    2   58  118   73    1    5    1    1    1    2105
    1    2   59  119  339    1   22    3    1    0    4572
    1    2   60  120  465    1   30    3    3    1    2165
    1    3    1  121  455    1   29    3    3    1    2770
    1    3    2  122  111    1    7    1    1    1    8079
    1    3    3  123  215    1   14    2    2    1    2054
    1    3    4  124  339    1   22    3    3    1    2154
    1    3    5  125  443    1   28    3    3    1    1475
    1    3    6  126  297    1   19    2    2    1    2413
    1    3    7  127  241    1   16    2    3    0    2567
    1    3    8  128  446    1   28    3    3    1    3314
    1    3    9  129  203    1   13    2    2    1    1683
    1    3   10  130  136    1    9    1    1    1    1288
    1    3   11  131  125    1    8    1    1    1    1149
    1    3   12  132   72    1    5    1    1    1    1010
    1    3   13  133  135    1    9    1    1    1    1381
    1    3   14  134  420    1   27    3    3    1    1298
    1    3   15  135  355    1   23    3    3    1    1452
    1    3   16  136   40    1    3    1    1    1    3329
    1    3   17  137   17    1    2    1    3    0    3214
    1    3   18  138  190    1   12    2    1    0    4277
    1    3   19  139  465    1   30    3    3    1    1555
    1    3   20  140  359    1   23    3    3    1    1289
    1    3   21  141  423    1   27    3    3    1    1311
    1    3   22  142  330    1   21    3    2    0    1840
    1    3   23  143   96    1    6    1    1    1    2199
    1    3   24  144  267    1   17    2    2    1    1724
    1    3   25  145   55    1    4    1    1    1    2122
    1    3   26  146  224    1   14    2    2    1    3172
    1    3   27  147  170    1   11    2    2    1    2241
    1    3   28  148  115    1    8    1    1    1    1293
    1    3   29  149  279    1   18    2    3    0    1794
    1    3   30  150  278    1   18    2    3    0    1779
    1    3   31  151  272    1   17    2    3    0    1763
    1    3   32  152    7    1    1    1    1    1    1235
    1    3   33  153  405    1   26    3    3    1    1545
    1    3   34  154  397    1   25    3    2    0    2558
    1    3   35  155  186    1   12    2    2    1    2948
    1    3   36  156   31    1    2    1    1    1    1867
    1    3   37  157   85    1    6    1    1    1    1703
    1    3   38  158  306    1   20    2    2    1    2084
    1    3   39  159  250    1   16    2    2    1    3392
    1    3   40  160   62    1    4    1    1    1    3896
    1    3   41  161  381    1   24    3    3    1    1578
    1    3   42  162  238    1   15    2    3    0    3326
    1    3   43  163  337    1   22    3    3    1    1673
    1    3   44  164  376    1   24    3    3    1    1649
    1    3   45  165  148    1   10    1    1    1    1814
    1    3   46  166  471    1   30    3    2    0    3001
    1    3   47  167  229    1   15    2    2    1    2307
    1    3   48  168  395    1   25    3    1    0    1853
    1    3   49  169  413    1   26    3    3    1    1944
    1    3   50  170  106    1    7    1    1    1    4420
    1    3   51  171  456    1   29    3    3    1    1686
    1    3   52  172  195    1   13    2    2    1    1947
    1    3   53  173  308    1   20    2    2    1    1801
    1    3   54  174  293    1   19    2    2    1    4143
    1    3   55  175  327    1   21    3    3    1    2515
    1    3   56  176   16    1    1    1    1    1    1538
    1    3   57  177   34    1    3    1    2    0    2985
    1    3   58  178  146    1   10    1    1    1    1319
    1    3   59  179   73    1    5    1    1    1    1907
    1    3   60  180  163    1   11    2    2    1    4294
    2    1    1  181  112    0    7    1    1    1    5371
    2    1    2  182   76    0    5    1    1    1    2334
    2    1    3  183  403    0   26    3    3    1    1526
    2    1    4  184  387    0   25    3    2    0    4224
    2    1    5  185  396    0   25    3    3    1    4174
    2    1    6  186  420    1   27    3    3    1    1303
    2    1    7  187  298    0   19    2    2    1    2909
    2    1    8  188  357    0   23    3    3    1    1630
    2    1    9  189  378    0   24    3    3    1    3360
    2    1   10  190  206    0   13    2    2    1    3629
    2    1   11  191    2    0    1    1    1    1    1556
    2    1   12  192  270    0   17    2    3    0    1778
    2    1   13  193  104    0    7    1    1    1    1654
    2    1   14  194   64    0    4    1    2    0    2852
    2    1   15  195  431    0   27    3    3    1    4465
    2    1   16  196   44    0    3    1    1    1    1435
    2    1   17  197   28    0    2    1    1    1     786
    2    1   18  198  210    0   14    2    2    1    2838
    2    1   19  199  374    0   24    3    3    1    2040
    2    1   20  200  274    0   18    2    3    0    1824
    2    1   21  201  320    0   20    2    3    0    2315
    2    1   22  202  355    1   23    3    3    1    1300
    2    1   23  203  348    0   22    3    1    0    1442
    2    1   24  204  336    0   21    3    2    0    2936
    2    1   25  205  406    0   26    3    3    1    1728
    2    1   26  206  445    0   28    3    3    1    7056
    2    1   27  207  410    0   26    3    3    1    1361
    2    1   28  208  317    0   20    2    2    1    1616
    2    1   29  209  148    1   10    1    1    1    1871
    2    1   30  210  427    0   27    3    3    1    2680
    2    1   31  211  179    0   12    2    3    0    1386
    2    1   32  212   41    0    3    1    1    1    1052
    2    1   33  213   85    1    6    1    1    1    1170
    2    1   34  214   27    0    2    1    1    1    1313
    2    1   35  215  192    0   12    2    3    0    2675
    2    1   36  216  329    0   21    3    3    1    2856
    2    1   37  217   50    0    4    1    2    0    2295
    2    1   38  218  244    0   16    2    2    1    2704
    2    1   39  219    4    0    1    1    1    1    2753
    2    1   40  220  362    0   23    3    3    1    1355
    2    1   41  221  115    1    8    1    1    1    1235
    2    1   42  222  237    0   15    2    2    1    4143
    2    1   43  223   13    0    1    1    1    1    1058
    2    1   44  224   91    0    6    1    2    0    1898
    2    1   45  225  386    0   25    3    2    0    2017
    2    1   46  226  467    0   30    3    3    1    2157
    2    1   47  227    3    0    1    1    1    1    2992
    2    1   48  228  281    0   18    2    2    1    2714
    2    1   49  229  254    0   16    2    2    1    1918
    2    1   50  230   92    0    6    1    2    0    1536
    2    1   51  231  300    0   19    2    2    1    2213
    2    1   52  232  421    0   27    3    3    1    3282
    2    1   53  233  409    0   26    3    3    1     700
    2    1   54  234   31    1    2    1    1    1    1204
    2    1   55  235  263    0   17    2    3    0    1054
    2    1   56  236  245    0   16    2    2    1    1165
    2    1   57  237  328    0   21    3    2    0    1429
    2    1   58  238  118    0    8    1    3    0    1797
    2    1   59  239  239    0   15    2    3    0    2771
    2    1   60  240  235    0   15    2    2    1    1658
    2    1   61  241  399    0   25    3    3    1     783
    2    1   62  242   96    1    6    1    2    0    2025
    2    1   63  243  347    0   22    3    1    0     929
    2    1   64  244  295    0   19    2    3    0    1675
    2    1   65  245  124    0    8    1    1    1    1211
    2    1   66  246  191    0   12    2    2    1     884
    2    1   67  247  469    0   30    3    3    1     758
    2    1   68  248  288    0   18    2    2    1    3069
    2    1   69  249  182    0   12    2    3    0    1081
    2    1   70  250  430    0   27    3    3    1    1143
    2    1   71  251  197    0   13    2    2    1    2029
    2    1   72  252   49    0    4    1    2    0    1218
    2    1   73  253   52    0    4    1    2    0    2448
    2    1   74  254  425    0   27    3    3    1     802
    2    1   75  255  171    0   11    2    1    0     875
    2    1   76  256  207    0   13    2    3    0     645
    2    1   77  257  227    0   15    2    3    0     682
    2    1   78  258  382    0   24    3    3    1    1872
    2    1   79  259   57    0    4    1    2    0    1585
    2    1   80  260  339    1   22    3    1    0    1140
    2    1   81  261  262    0   17    2    3    0    1474
    2    1   82  262   75    0    5    1    1    1    1383
    2    1   83  263  345    0   22    3    2    0    1764
    2    1   84  264  217    0   14    2    3    0     855
    2    1   85  265  337    1   22    3    3    1    1465
    2    1   86  266  108    0    7    1    2    0    4437
    2    1   87  267  177    0   12    2    2    1    1079
    2    1   88  268  234    0   15    2    3    0     808
    2    1   89  269  429    0   27    3    3    1     622
    2    1   90  270  470    0   30    3    3    1     668
    2    1   91  271  189    0   12    2    2    1     940
    2    1   92  272  391    0   25    3    3    1     728
    2    1   93  273  418    0   27    3    3    1     818
    2    1   94  274  338    0   22    3    3    1    2401
    2    1   95  275  157    0   10    1    1    1     716
    2    1   96  276  292    0   19    2    2    1    1479
    2    1   97  277   83    0    6    1    2    0     639
    2    1   98  278   82    0    6    1    2    0     995
    2    1   99  279   18    0    2    1    3    0     819
    2    1  100  280  156    0   10    1    1    1     867
    2    1  101  281  465    1   30    3    3    1     901
    2    1  102  282  198    0   13    2    2    1    1115
    2    1  103  283  424    0   27    3    3    1     645
    2    1  104  284  110    0    7    1    3    0    2121
    2    1  105  285   33    0    3    1    1    1    1094
    2    1  106  286  243    0   16    2    3    0    1118
    2    1  107  287   94    0    6    1    2    0    1125
    2    1  108  288  220    0   14    2    2    1    4000
    2    1  109  289  205    0   13    2    2    1    1230
    2    1  110  290  360    0   23    3    3    1    1505
    2    1  111  291  293    1   19    2    2    1    1877
    2    1  112  292  456    1   29    3    3    1    1005
    2    1  113  293   15    0    1    1    1    1    1193
    2    1  114  294   45    0    3    1    1    1    1145
    2    1  115  295  250    1   16    2    2    1    1406
    2    1  116  296  222    0   14    2    3    0    1783
    2    1  117  297   47    0    3    1    1    1    1906
    2    1  118  298   78    0    5    1    1    1    1417
    2    1  119  299  444    0   28    3    3    1    1268
    2    1  120  300  407    0   26    3    3    1    1710
    2    1  121  301  173    0   11    2    2    1    1435
    2    1  122  302  440    0   28    3    3    1     627
    2    1  123  303  233    0   15    2    3    0     547
    2    1  124  304  474    0   30    3    3    1     969
    2    1  125  305  434    0   28    3    3    1     729
    2    1  126  306   35    0    3    1    1    1     793
    2    1  127  307  364    0   23    3    2    0    1741
    2    1  128  308  349    0   22    3    1    0    1337
    2    1  129  309  175    0   11    2    3    0     763
    2    1  130  310  141    0    9    1    3    0    2565
    2    1  131  311   24    0    2    1    2    0    1172
    2    1  132  312   16    1    1    1    1    1     766
    2    1  133  313  212    0   14    2    3    0     880
    2    1  134  314  260    0   17    2    2    1    2674
    2    1  135  315  426    0   27    3    3    1     629
    2    1  136  316   84    0    6    1    2    0    1467
    2    1  137  317  134    0    9    1    3    0    1295
    2    1  138  318   51    0    4    1    2    0    3136
    2    1  139  319  401    0   26    3    3    1     665
    2    1  140  320   89    0    6    1    2    0     874
    2    1  141  321  287    0   18    2    2    1    1688
    2    1  142  322  324    0   21    3    2    0    1186
    2    1  143  323  380    0   24    3    3    1     667
    2    1  144  324  414    0   26    3    3    1     650
    2    1  145  325  319    0   20    2    3    0    1136
    2    1  146  326  119    0    8    1    2    0    1089
    2    1  147  327  279    1   18    2    2    1    1339
    2    1  148  328   40    1    3    1    1    1    1127
    2    1  149  329  121    0    8    1    1    1     971
    2    1  150  330  376    1   24    3    1    0     584
    2    1  151  331   55    1    4    1    1    1     850
    2    1  152  332  402    0   26    3    3    1    1461
    2    1  153  333  455    1   29    3    3    1    2794
    2    1  154  334  297    1   19    2    2    1    2363
    2    1  155  335  193    0   13    2    3    0    1182
    2    1  156  336  291    0   19    2    2    1     866
    2    1  157  337   81    0    6    1    2    0     722
    2    1  158  338   98    0    7    1    2    0    1652
    2    1  159  339   26    0    2    1    3    0    2262
    2    1  160  340  284    0   18    2    3    0     526
    2    1  161  341  436    0   28    3    3    1    1112
    2    1  162  342  390    0   25    3    3    1     594
    2    1  163  343  309    0   20    2    2    1    1686
    2    1  164  344   72    1    5    1    1    1     765
    2    1  165  345  146    1   10    1    1    1     588
    2    1  166  346  132    0    9    1    1    1     605
    2    1  167  347   43    0    3    1    1    1     676
    2    1  168  348  397    1   25    3    3    1     749
    2    1  169  349  449    0   29    3    2    0    1483
    2    1  170  350  184    0   12    2    2    1    1156
    2    1  171  351  261    0   17    2    2    1    1672
    2    1  172  352  174    0   11    2    1    0     883
    2    1  173  353  302    0   19    2    2    1     615
    2    1  174  354   21    0    2    1    3    0     996
    2    1  175  355  126    0    8    1    1    1     909
    2    1  176  356  201    0   13    2    2    1    1507
    2    1  177  357  105    0    7    1    3    0     722
    2    1  178  358  208    0   13    2    2    1    1126
    2    1  179  359  372    0   24    3    3    1    2708
    2    1  180  360  354    0   23    3    3    1     672
    2    1  181  361  163    1   11    2    3    0    2182
    2    1  182  362   53    0    4    1    2    0    1488
    2    1  183  363   29    0    2    1    3    0    2682
    2    1  184  364   38    0    3    1    2    0    1592
    2    1  185  365  196    0   13    2    2    1    1313
    2    1  186  366   56    0    4    1    2    0    1329
    2    1  187  367  169    0   11    2    2    1    2319
    2    1  188  368  370    0   24    3    1    0     925
    2    1  189  369  109    0    7    1    2    0    1548
    2    1  190  370  415    0   26    3    3    1    2371
    2    1  191  371  305    0   20    2    2    1    1895
    2    1  192  372  296    0   19    2    2    1    2107
    2    1  193  373  356    0   23    3    3    1     809
    2    1  194  374  473    0   30    3    3    1    1756
    2    1  195  375  172    0   11    2    2    1     873
    2    1  196  376  477    0   30    3    3    1    2227
    2    1  197  377  170    1   11    2    2    1    1096
    2    1  198  378   36    0    3    1    2    0    2370
    2    1  199  379  257    0   17    2    1    0    2264
    2    1  200  380   25    0    2    1    3    0     965
    2    1  201  381  371    0   24    3    1    0     736
    2    1  202  382  187    0   12    2    2    1     716
    2    1  203  383  341    0   22    3    1    0    1811
    2    1  204  384  183    0   12    2    2    1     882
    2    1  205  385  422    0   27    3    3    1     834
    2    1  206  386  107    0    7    1    2    0     808
    2    1  207  387  103    0    7    1    1    1     628
    2    1  208  388   97    0    7    1    1    1    3146
    2    1  209  389  340    0   22    3    1    0    1114
    2    1  210  390  166    0   11    2    2    1     834
    2    1  211  391   46    0    3    1    1    1    1199
    2    1  212  392   79    0    5    1    1    1     581
    2    1  213  393   77    0    5    1    1    1     572
    2    1  214  394  466    0   30    3    3    1    3100
    2    1  215  395   95    0    6    1    2    0     880
    2    1  216  396  278    1   18    2    2    1    1325
    2    1  217  397  131    0    9    1    2    0    1470
    2    1  218  398  249    0   16    2    2    1    1365
    2    1  219  399  142    0    9    1    1    1    2430
    2    1  220  400  194    0   13    2    2    1     739
    2    1  221  401  266    0   17    2    3    0     805
    2    1  222  402   69    0    5    1    2    0    1204
    2    1  223  403  294    0   19    2    2    1    2937
    2    1  224  404  400    0   25    3    3    1    1232
    2    1  225  405  151    0   10    1    3    0     935
    2    1  226  406  352    0   22    3    3    1    1168
    2    1  227  407  451    0   29    3    3    1     637
    2    1  228  408  313    0   20    2    2    1    2464
    2    1  229  409  350    0   22    3    3    1    1833
    2    1  230  410   54    0    4    1    2    0    1105
    2    1  231  411  213    0   14    2    2    1     699
    2    1  232  412  367    0   23    3    2    0    2897
    2    1  233  413  325    0   21    3    2    0     742
    2    1  234  414  242    0   16    2    2    1     988
    2    1  235  415  423    1   27    3    3    1     731
    2    1  236  416  452    0   29    3    3    1     649
    2    1  237  417  219    0   14    2    2    1     828
    2    1  238  418  306    1   20    2    3    0    2674
    2    1  239  419   42    0    3    1    1    1    1269
    2    1  240  420   74    0    5    1    1    1    1050
    2    1  241  421  316    0   20    2    3    0    1631
    2    1  242  422  238    1   15    2    3    0     937
    2    1  243  423  199    0   13    2    2    1    1023
    2    1  244  424  363    0   23    3    2    0     815
    2    1  245  425  478    0   30    3    3    1    1524
    2    1  246  426  315    0   20    2    3    0     588
    2    1  247  427  152    0   10    1    3    0     629
    2    1  248  428  307    0   20    2    3    0     857
    2    1  249  429  365    0   23    3    2    0    2032
    2    1  250  430  437    0   28    3    2    0    2427
    2    1  251  431   34    1    3    1    1    1     444
    2    1  252  432  322    0   21    3    2    0     803
    2    1  253  433  285    0   18    2    3    0    1165
    2    1  254  434  269    0   17    2    3    0    1252
    2    1  255  435  228    0   15    2    3    0     673
    2    1  256  436  160    0   10    1    3    0    1226
    2    1  257  437  289    0   19    2    3    0    2444
    2    1  258  438    8    0    1    1    3    0     984
    2    1  259  439  129    0    9    1    1    1     935
    2    1  260  440  358    0   23    3    3    1    1237
    2    1  261  441  144    0    9    1    1    1     744
    2    1  262  442  251    0   16    2    2    1     906
    2    1  263  443  471    1   30    3    3    1    2427
    2    1  264  444  203    1   13    2    2    1    1707
    2    1  265  445  435    0   28    3    2    0    1194
    2    1  266  446  181    0   12    2    2    1     634
    2    1  267  447  448    0   28    3    2    0    1921
    2    1  268  448  102    0    7    1    2    0    1109
    2    1  269  449  476    0   30    3    3    1     684
    2    1  270  450  346    0   22    3    1    0    2836
    2    1  271  451  231    0   15    2    2    1     869
    2    1  272  452  392    0   25    3    1    0     930
    2    1  273  453  215    1   14    2    2    1     642
    2    1  274  454  211    0   14    2    3    0     752
    2    1  275  455  419    0   27    3    3    1    1227
    2    1  276  456   73    1    5    1    1    1     835
    2    1  277  457  343    0   22    3    1    0     894
    2    1  278  458  253    0   16    2    1    0    1161
    2    1  279  459  441    0   28    3    3    1    1176
    2    1  280  460  143    0    9    1    1    1    2016
    2    1  281  461  149    0   10    1    3    0    2127
    2    1  282  462   62    1    4    1    1    1    1516
    2    1  283  463  232    0   15    2    3    0     802
    2    1  284  464  280    0   18    2    3    0    1224
    2    1  285  465  375    0   24    3    3    1    2288
    2    1  286  466   48    0    3    1    1    1     590
    2    1  287  467  361    0   23    3    3    1     985
    2    1  288  468  252    0   16    2    2    1     838
    2    1  289  469  122    0    8    1    1    1    1059
    2    1  290  470  468    0   30    3    2    0    1484
    2    1  291  471  314    0   20    2    3    0    1348
    2    1  292  472  216    0   14    2    2    1    2672
    2    1  293  473  117    0    8    1    2    0    2050
    2    1  294  474  303    0   19    2    3    0    1146
    2    1  295  475  140    0    9    1    2    0    1979
    2    1  296  476  190    1   12    2    2    1     732
    2    1  297  477  311    0   20    2    3    0     991
    2    1  298  478  176    0   11    2    2    1    1916
    2    1  299  479   12    0    1    1    1    1    1016
    2    1  300  480  332    0   21    3    2    0     540
