    1    1    1    1  465    1   30    3    2    0    4066
    1    1    2    2  170    1   11    2    1    0    2490
    1    1    3    3   72    1    5    1    2    0    2464
    1    1    4    4   16    1    1    1    3    0    3024
    1    1    5    5  297    1   19    2    1    0    4971
    1    1    6    6  111    1    7    1    2    0    4081
    1    1    7    7  238    1   15    2    3    0    2277
    1    1    8    8  306    1   20    2    1    0    3141
    1    1    9    9  125    1    8    1    2    0    2136
    1    1   10   10  224    1   14    2    3    0    2250
    1    1   11   11  376    1   24    3    3    1    1476
    1    1   12   12  471    1   30    3    1    0    2324
    1    1   13   13  146    1   10    1    3    0    4258
    1    1   14   14   96    1    6    1    1    1    2426
    1    1   15   15  148    1   10    1    3    0    2701
    1    1   16   16   17    1    2    1    2    0    1743
    1    1   17   17  423    1   27    3    2    0    2521
    1    1   18   18  405    1   26    3    2    0    2329
    1    1   19   19    7    1    1    1    2    0    1572
    1    1   20   20  359    1   23    3    2    0     518
    1    1   21   21  136    1    9    1    2    0     870
    1    1   22   22   40    1    3    1    2    0     417
    1    1   23   23  186    1   12    2    2    1     733
    1    1   24   24  337    1   22    3    1    0    2035
    1    1   25   25  115    1    8    1    1    1    2061
    1    1   26   26  267    1   17    2    2    1    2349
    1    1   27   27   55    1    4    1    3    0    1399
    1    1   28   28  163    1   11    2    1    0    1205
    1    1   29   29  327    1   21    3    1    0    2287
    1    1   30   30  215    1   14    2    2    1    2518
    1    1   31   31  278    1   18    2    3    0    1753
    1    1   32   32   73    1    5    1    2    0    1349
    1    1   33   33  293    1   19    2    1    0    4394
    1    1   34   34  279    1   18    2    3    0    2521
    1    1   35   35  241    1   16    2    3    0    2064
    1    1   36   36  420    1   27    3    1    0    1813
    1    1   37   37  330    1   21    3    1    0    2133
    1    1   38   38  381    1   24    3    1    0    2296
    1    1   39   39  339    1   22    3    3    1    2308
    1    1   40   40  456    1   29    3    3    1    1851
    1    1   41   41  446    1   28    3    1    0    1831
    1    1   42   42  272    1   17    2    1    0    1780
    1    1   43   43  190    1   12    2    2    1    1345
    1    1   44   44  397    1   25    3    1    0    2725
    1    1   45   45  308    1   20    2    3    0    1630
    1    1   46   46  203    1   13    2    3    0    1525
    1    1   47   47  229    1   15    2    3    0    2885
    1    1   48   48   34    1    3    1    1    1    1605
    1    1   49   49  355    1   23    3    2    0    2891
    1    1   50   50  443    1   28    3    3    1    2263
    1    1   51   51  250    1   16    2    2    1    1853
    1    1   52   52   62    1    4    1    1    1    1522
    1    1   53   53  413    1   26    3    3    1     934
    1    1   54   54  395    1   25    3    2    0    1995
    1    1   55   55   31    1    2    1    3    0    1261
    1    1   56   56  195    1   13    2    3    0    1318
    1    1   57   57  455    1   29    3    3    1    1746
    1    1   58   58  135    1    9    1    1    1    1209
    1    1   59   59   85    1    6    1    2    0    2187
    1    1   60   60  106    1    7    1    2    0    1735
    1    2    1   61  135    1    9    1    1    1    1416
    1    2    2   62  355    1   23    3    2    0    2432
    1    2    3   63  215    1   14    2    1    0    1968
    1    2    4   64  203    1   13    2    3    0    1667
    1    2    5   65  115    1    8    1    2    0    1875
    1    2    6   66  278    1   18    2    3    0    3073
    1    2    7   67  405    1   26    3    1    0    2337
    1    2    8   68   85    1    6    1    2    0    2870
    1    2    9   69   34    1    3    1    2    0    3125
    1    2   10   70   96    1    6    1    3    0    1181
    1    2   11   71  443    1   28    3    3    1    1295
    1    2   12   72    7    1    1    1    1    1    1055
    1    2   13   73   17    1    2    1    3    0    1223
    1    2   14   74  106    1    7    1    1    1    1717
    1    2   15   75  420    1   27    3    2    0    2341
    1    2   16   76   72    1    5    1    2    0    2430
    1    2   17   77  190    1   12    2    1    0    1906
    1    2   18   78  267    1   17    2    2    1    3293
    1    2   19   79  250    1   16    2    3    0    1273
    1    2   20   80  125    1    8    1    1    1    1675
    1    2   21   81  423    1   27    3    3    1    1349
    1    2   22   82  337    1   22    3    1    0    1628
    1    2   23   83  195    1   13    2    2    1    3132
    1    2   24   84   16    1    1    1    2    0    2034
    1    2   25   85  293    1   19    2    2    1    1624
    1    2   26   86  241    1   16    2    2    1    2488
    1    2   27   87  381    1   24    3    2    0    1828
    1    2   28   88  146    1   10    1    3    0    2302
    1    2   29   89  456    1   29    3    3    1    1307
    1    2   30   90  465    1   30    3    2    0    2410
    1    2   31   91  413    1   26    3    3    1    1488
    1    2   32   92  376    1   24    3    1    0    2413
    1    2   33   93  359    1   23    3    3    1    1059
    1    2   34   94   31    1    2    1    3    0    1326
    1    2   35   95  170    1   11    2    1    0     958
    1    2   36   96  224    1   14    2    3    0    1647
    1    2   37   97   62    1    4    1    2    0     399
    1    2   38   98  308    1   20    2    2    1    1449
    1    2   39   99  163    1   11    2    1    0    1995
    1    2   40  100  471    1   30    3    2    0    2378
    1    2   41  101  446    1   28    3    1    0    1184
    1    2   42  102  455    1   29    3    2    0    1992
    1    2   43  103  297    1   19    2    2    1    1343
    1    2   44  104   55    1    4    1    3    0    1760
    1    2   45  105  306    1   20    2    3    0    1657
    1    2   46  106  279    1   18    2    3    0    1943
    1    2   47  107  327    1   21    3    3    1    2546
    1    2   48  108  330    1   21    3    2    0    2382
    1    2   49  109  339    1   22    3    2    0    3359
    1    2   50  110  148    1   10    1    3    0    1399
    1    2   51  111  111    1    7    1    2    0    1529
    1    2   52  112   73    1    5    1    1    1    2178
    1    2   53  113  397    1   25    3    3    1    1391
    1    2   54  114  395    1   25    3    2    0    1381
    1    2   55  115  238    1   15    2    3    0    1258
    1    2   56  116  136    1    9    1    1    1    1564
    1    2   57  117  186    1   12    2    1    0    3169
    1    2   58  118   40    1    3    1    1    1    1465
    1    2   59  119  272    1   17    2    2    1    2547
    1    2   60  120  229    1   15    2    3    0    1309
    1    3    1  121  456    1   29    3    3    1    1291
    1    3    2  122   72    1    5    1    2    0    1793
    1    3    3  123  308    1   20    2    2    1    1826
    1    3    4  124  115    1    8    1    1    1    1668
    1    3    5  125  267    1   17    2    2    1    1664
    1    3    6  126   73    1    5    1    1    1    1190
    1    3    7  127  395    1   25    3    3    1    1756
    1    3    8  128  170    1   11    2    1    0    1460
    1    3    9  129  279    1   18    2    3    0    1187
    1    3   10  130  455    1   29    3    2    0    1491
    1    3   11  131   16    1    1    1    1    1    1592
    1    3   12  132  443    1   28    3    3    1    2113
    1    3   13  133   85    1    6    1    1    1    1192
    1    3   14  134  413    1   26    3    2    0    1893
    1    3   15  135  229    1   15    2    2    1    1729
    1    3   16  136  190    1   12    2    1    0    1296
    1    3   17  137  423    1   27    3    2    0    1830
    1    3   18  138  241    1   16    2    2    1    1004
    1    3   19  139  203    1   13    2    2    1    1565
    1    3   20  140  148    1   10    1    3    0    1383
    1    3   21  141  215    1   14    2    1    0    2042
    1    3   22  142   40    1    3    1    1    1    1594
    1    3   23  143  330    1   21    3    2    0    1344
    1    3   24  144  465    1   30    3    2    0    2343
    1    3   25  145  125    1    8    1    1    1    1066
    1    3   26  146  293    1   19    2    2    1    1543
    1    3   27  147  186    1   12    2    1    0    1119
    1    3   28  148  297    1   19    2    1    0    1634
    1    3   29  149  405    1   26    3    2    0    1937
    1    3   30  150    7    1    1    1    1    1    2103
    1    3   31  151   34    1    3    1    2    0    1378
    1    3   32  152  106    1    7    1    1    1    1193
    1    3   33  153   96    1    6    1    3    0    2090
    1    3   34  154  337    1   22    3    3    1    1619
    1    3   35  155  376    1   24    3    3    1    5144
    1    3   36  156  306    1   20    2    3    0    2071
    1    3   37  157  238    1   15    2    3    0    1428
    1    3   38  158  195    1   13    2    2    1    1811
    1    3   39  159  339    1   22    3    3    1    2020
    1    3   40  160  446    1   28    3    3    1    1587
    1    3   41  161  471    1   30    3    2    0    1964
    1    3   42  162  359    1   23    3    2    0    2678
    1    3   43  163  163    1   11    2    1    0    1122
    1    3   44  164  136    1    9    1    3    0    1305
    1    3   45  165  111    1    7    1    1    1    1717
    1    3   46  166  397    1   25    3    3    1    1062
    1    3   47  167   55    1    4    1    2    0    1801
    1    3   48  168  135    1    9    1    2    0    1673
    1    3   49  169  224    1   14    2    3    0    1292
    1    3   50  170  420    1   27    3    1    0    2668
    1    3   51  171  278    1   18    2    2    1    1256
    1    3   52  172  381    1   24    3    3    1    1777
    1    3   53  173   62    1    4    1    2    0    1208
    1    3   54  174   17    1    2    1    2    0    1231
    1    3   55  175  250    1   16    2    2    1    1705
    1    3   56  176  272    1   17    2    3    0    1388
    1    3   57  177  355    1   23    3    2    0    1618
    1    3   58  178   31    1    2    1    1    1    1005
    1    3   59  179  146    1   10    1    2    0    2235
    1    3   60  180  327    1   21    3    2    0    2376
    2    1    1  181   81    0    6    1    1    1    1593
    2    1    2  182  414    0   26    3    3    1    1269
    2    1    3  183  305    0   20    2    3    0    1653
    2    1    4  184  409    0   26    3    2    0    1199
    2    1    5  185  264    0   17    2    1    0    1394
    2    1    6  186  221    0   14    2    3    0    2338
    2    1    7  187  426    0   27    3    3    1    1042
    2    1    8  188  227    0   15    2    3    0     947
    2    1    9  189  354    0   23    3    2    0    1218
    2    1   10  190  115    1    8    1    1    1     940
    2    1   11  191  375    0   24    3    3    1    1129
    2    1   12  192  390    0   25    3    3    1    1010
    2    1   13  193  476    0   30    3    2    0    1032
    2    1   14  194  355    1   23    3    3    1    1230
    2    1   15  195  269    0   17    2    2    1     999
    2    1   16  196  171    0   11    2    1    0     828
    2    1   17  197  143    0    9    1    2    0    2577
    2    1   18  198  169    0   11    2    2    1     981
    2    1   19  199  339    1   22    3    2    0    1914
    2    1   20  200  199    0   13    2    2    1    1005
    2    1   21  201  207    0   13    2    3    0    1517
    2    1   22  202   38    0    3    1    2    0    1365
    2    1   23  203  216    0   14    2    2    1    1065
    2    1   24  204  180    0   12    2    1    0    1027
    2    1   25  205  190    1   12    2    2    1    1432
    2    1   26  206  251    0   16    2    3    0    2601
    2    1   27  207  300    0   19    2    1    0    1740
    2    1   28  208  248    0   16    2    3    0    1220
    2    1   29  209   14    0    1    1    2    0    1307
    2    1   30  210  386    0   25    3    1    0    1369
    2    1   31  211  225    0   15    2    1    0    1113
    2    1   32  212  332    0   21    3    2    0    1933
    2    1   33  213  402    0   26    3    3    1    1140
    2    1   34  214  246    0   16    2    2    1     900
    2    1   35  215   65    0    5    1    1    1    1395
    2    1   36  216  327    1   21    3    2    0    1009
    2    1   37  217  350    0   22    3    2    0    2101
    2    1   38  218    8    0    1    1    3    0    1334
    2    1   39  219  443    1   28    3    3    1    1127
    2    1   40  220  403    0   26    3    3    1    1179
    2    1   41  221  288    0   18    2    2    1    1359
    2    1   42  222  289    0   19    2    2    1    1051
    2    1   43  223  205    0   13    2    1    0     837
    2    1   44  224   44    0    3    1    1    1     869
    2    1   45  225  218    0   14    2    3    0    1238
    2    1   46  226  418    0   27    3    1    0    3851
    2    1   47  227  383    0   24    3    1    0    1568
    2    1   48  228  371    0   24    3    1    0    1072
    2    1   49  229  404    0   26    3    2    0     864
    2    1   50  230  444    0   28    3    1    0    2019
    2    1   51  231  230    0   15    2    2    1     939
    2    1   52  232   80    0    5    1    1    1    1299
    2    1   53  233   86    0    6    1    2    0    1125
    2    1   54  234  142    0    9    1    3    0    1610
    2    1   55  235  226    0   15    2    3    0     983
    2    1   56  236  274    0   18    2    3    0    1203
    2    1   57  237   54    0    4    1    1    1     966
    2    1   58  238   77    0    5    1    2    0    1715
    2    1   59  239   33    0    3    1    2    0    1421
    2    1   60  240  144    0    9    1    3    0    1357
    2    1   61  241   96    1    6    1    2    0     962
    2    1   62  242  363    0   23    3    2    0     778
    2    1   63  243  322    0   21    3    2    0    1090
    2    1   64  244  470    0   30    3    3    1    1064
    2    1   65  245  311    0   20    2    3    0     850
    2    1   66  246  196    0   13    2    2    1    1468
    2    1   67  247   71    0    5    1    2    0    1744
    2    1   68  248   78    0    5    1    1    1    1467
    2    1   69  249  466    0   30    3    3    1    1188
    2    1   70  250  439    0   28    3    3    1    1911
    2    1   71  251   28    0    2    1    1    1    1125
    2    1   72  252  240    0   15    2    2    1    1282
    2    1   73  253  384    0   24    3    2    0    2306
    2    1   74  254  159    0   10    1    2    0    2778
    2    1   75  255  387    0   25    3    1    0    1227
    2    1   76  256  399    0   25    3    3    1    1195
    2    1   77  257   37    0    3    1    3    0    2041
    2    1   78  258  259    0   17    2    2    1    1568
    2    1   79  259  340    0   22    3    2    0    2801
    2    1   80  260  329    0   21    3    1    0    2993
    2    1   81  261  379    0   24    3    3    1    1297
    2    1   82  262  170    1   11    2    3    0    1917
    2    1   83  263  155    0   10    1    3    0    1108
    2    1   84  264  212    0   14    2    2    1     934
    2    1   85  265  454    0   29    3    3    1    2275
    2    1   86  266   15    0    1    1    1    1    1357
    2    1   87  267   13    0    1    1    1    1     956
    2    1   88  268  430    0   27    3    1    0    4130
    2    1   89  269   92    0    6    1    1    1     913
    2    1   90  270  423    1   27    3    3    1    1507
    2    1   91  271  313    0   20    2    2    1    1507
    2    1   92  272  372    0   24    3    1    0    1294
    2    1   93  273  213    0   14    2    3    0    1323
    2    1   94  274  119    0    8    1    2    0    1676
    2    1   95  275  141    0    9    1    3    0    4258
    2    1   96  276  283    0   18    2    3    0    1148
    2    1   97  277  201    0   13    2    2    1    1616
    2    1   98  278  137    0    9    1    1    1    1577
    2    1   99  279   12    0    1    1    1    1     810
    2    1  100  280  127    0    8    1    1    1     763
    2    1  101  281  315    0   20    2    3    0    1026
    2    1  102  282   67    0    5    1    2    0    1750
    2    1  103  283   34    1    3    1    1    1    1683
    2    1  104  284  424    0   27    3    2    0    2527
    2    1  105  285  316    0   20    2    3    0    1147
    2    1  106  286  140    0    9    1    3    0    2473
    2    1  107  287   20    0    2    1    2    0    1519
    2    1  108  288   55    1    4    1    1    1    1056
    2    1  109  289  111    1    7    1    1    1    1670
    2    1  110  290   41    0    3    1    1    1    1465
    2    1  111  291  120    0    8    1    2    0    1902
    2    1  112  292  429    0   27    3    3    1    1464
    2    1  113  293  197    0   13    2    2    1    1267
    2    1  114  294  450    0   29    3    3    1   11472
    2    1  115  295  110    0    7    1    1    1    1543
    2    1  116  296   59    0    4    1    3    0    1087
    2    1  117  297  345    0   22    3    1    0    1099
    2    1  118  298  479    0   30    3    3    1    1401
    2    1  119  299   83    0    6    1    2    0    1618
    2    1  120  300  198    0   13    2    3    0    1055
    2    1  121  301    9    0    1    1    3    0     688
    2    1  122  302   95    0    6    1    1    1    1605
    2    1  123  303  238    1   15    2    3    0     987
    2    1  124  304   58    0    4    1    2    0    1569
    2    1  125  305  188    0   12    2    1    0    1514
    2    1  126  306  293    1   19    2    1    0    1291
    2    1  127  307  223    0   14    2    3    0     958
    2    1  128  308  252    0   16    2    2    1    1013
    2    1  129  309  295    0   19    2    1    0    1203
    2    1  130  310    7    1    1    1    1    1    2549
    2    1  131  311    4    0    1    1    3    0    1233
    2    1  132  312  191    0   12    2    2    1    1343
    2    1  133  313  412    0   26    3    3    1    1278
    2    1  134  314  152    0   10    1    3    0    1777
    2    1  135  315   84    0    6    1    1    1    1989
    2    1  136  316  307    0   20    2    3    0     902
    2    1  137  317   61    0    4    1    2    0    1088
    2    1  138  318  301    0   19    2    1    0    1492
    2    1  139  319   60    0    4    1    3    0    1346
    2    1  140  320  271    0   17    2    3    0    1223
    2    1  141  321   50    0    4    1    3    0    1106
    2    1  142  322  176    0   11    2    2    1    1344
    2    1  143  323  358    0   23    3    3    1     942
    2    1  144  324  174    0   11    2    1    0    1247
    2    1  145  325   10    0    1    1    2    0    2108
    2    1  146  326  464    0   29    3    3    1    1181
    2    1  147  327  255    0   16    2    2    1    1052
    2    1  148  328  431    0   27    3    2    0    1868
    2    1  149  329  242    0   16    2    3    0     937
    2    1  150  330  228    0   15    2    3    0    1125
    2    1  151  331   30    0    2    1    3    0     928
    2    1  152  332  121    0    8    1    3    0     779
    2    1  153  333  161    0   11    2    1    0    1773
    2    1  154  334  107    0    7    1    1    1    1008
    2    1  155  335   45    0    3    1    1    1    1836
    2    1  156  336  324    0   21    3    2    0    2138
    2    1  157  337   25    0    2    1    3    0    1306
    2    1  158  338  145    0   10    1    3    0    1300
    2    1  159  339  312    0   20    2    3    0    1145
    2    1  160  340   74    0    5    1    1    1    1558
    2    1  161  341   75    0    5    1    2    0    1342
    2    1  162  342   82    0    6    1    1    1    1511
    2    1  163  343  475    0   30    3    2    0    1377
    2    1  164  344  410    0   26    3    3    1    1050
    2    1  165  345  146    1   10    1    1    1    1266
    2    1  166  346  182    0   12    2    1    0    2867
    2    1  167  347  112    0    7    1    1    1    1154
    2    1  168  348  391    0   25    3    3    1    1190
    2    1  169  349  287    0   18    2    3    0     937
    2    1  170  350  224    1   14    2    2    1    1244
    2    1  171  351   87    0    6    1    1    1    1308
    2    1  172  352  231    0   15    2    3    0    1110
    2    1  173  353  253    0   16    2    1    0    1131
    2    1  174  354    6    0    1    1    2    0    1118
    2    1  175  355  353    0   23    3    2    0    1250
    2    1  176  356  357    0   23    3    3    1    1449
    2    1  177  357  360    0   23    3    2    0    1279
    2    1  178  358  341    0   22    3    2    0     736
    2    1  179  359  160    0   10    1    3    0    1032
    2    1  180  360  361    0   23    3    2    0    1433
    2    1  181  361  477    0   30    3    3    1    1107
    2    1  182  362   53    0    4    1    1    1    1326
    2    1  183  363  394    0   25    3    3    1    1162
    2    1  184  364  178    0   12    2    2    1    1906
    2    1  185  365  254    0   16    2    2    1    2037
    2    1  186  366  373    0   24    3    1    0    1044
    2    1  187  367  306    1   20    2    3    0    2744
    2    1  188  368   29    0    2    1    3    0    1507
    2    1  189  369  365    0   23    3    1    0    1631
    2    1  190  370  433    0   28    3    1    0     999
    2    1  191  371  222    0   14    2    3    0    1302
    2    1  192  372  175    0   11    2    3    0    1819
    2    1  193  373  278    1   18    2    2    1    1213
    2    1  194  374  103    0    7    1    1    1    2063
    2    1  195  375  435    0   28    3    1    0    1074
    2    1  196  376  292    0   19    2    2    1    1579
    2    1  197  377  318    0   20    2    3    0    1585
    2    1  198  378  270    0   17    2    1    0    1651
    2    1  199  379  411    0   26    3    3    1    1393
    2    1  200  380  168    0   11    2    1    0    1502
    2    1  201  381  280    0   18    2    3    0    1141
    2    1  202  382  133    0    9    1    2    0    2097
    2    1  203  383  239    0   15    2    2    1    1056
    2    1  204  384  234    0   15    2    3    0    1142
    2    1  205  385  467    0   30    3    3    1    1062
    2    1  206  386  265    0   17    2    3    0    1498
    2    1  207  387  139    0    9    1    3    0    1140
    2    1  208  388  100    0    7    1    1    1    1068
    2    1  209  389  104    0    7    1    1    1    1158
    2    1  210  390  330    1   21    3    2    0    1629
    2    1  211  391  123    0    8    1    2    0    1683
    2    1  212  392  131    0    9    1    3    0    1592
    2    1  213  393  441    0   28    3    2    0    1720
    2    1  214  394  124    0    8    1    2    0    1539
    2    1  215  395  189    0   12    2    1    0    1015
    2    1  216  396  381    1   24    3    3    1    1654
    2    1  217  397  382    0   24    3    2    0    1522
    2    1  218  398  416    0   26    3    3    1    1607
    2    1  219  399  380    0   24    3    3    1    1257
    2    1  220  400  398    0   25    3    3    1    1226
    2    1  221  401   49    0    4    1    2    0    1701
    2    1  222  402   62    1    4    1    2    0    1231
    2    1  223  403  317    0   20    2    3    0    1392
    2    1  224  404  346    0   22    3    1    0    1895
    2    1  225  405  427    0   27    3    2    0    1691
    2    1  226  406    1    0    1    1    1    1    1530
    2    1  227  407   91    0    6    1    1    1     798
    2    1  228  408    3    0    1    1    3    0    1235
    2    1  229  409  275    0   18    2    3    0    1407
    2    1  230  410  128    0    8    1    2    0    1257
    2    1  231  411  401    0   26    3    3    1    1167
    2    1  232  412  260    0   17    2    3    0    1645
    2    1  233  413  333    0   21    3    2    0    1117
    2    1  234  414   99    0    7    1    1    1    1287
    2    1  235  415  370    0   24    3    3    1    2085
    2    1  236  416  304    0   19    2    2    1     995
    2    1  237  417  194    0   13    2    2    1    1820
    2    1  238  418   27    0    2    1    3    0    1931
    2    1  239  419  193    0   13    2    2    1    1100
    2    1  240  420   19    0    2    1    3    0    1858
    2    1  241  421   21    0    2    1    3    0    1188
    2    1  242  422   46    0    3    1    1    1    1202
    2    1  243  423  135    1    9    1    2    0    1414
    2    1  244  424  447    0   28    3    1    0    2270
    2    1  245  425  425    0   27    3    2    0    1577
    2    1  246  426  235    0   15    2    2    1    1365
    2    1  247  427  208    0   13    2    3    0    1632
    2    1  248  428  129    0    9    1    2    0    2388
    2    1  249  429  290    0   19    2    2    1     614
    2    1  250  430  229    1   15    2    3    0     994
    2    1  251  431  233    0   15    2    2    1    1710
    2    1  252  432   72    1    5    1    1    1    1388
    2    1  253  433  408    0   26    3    2    0    1251
    2    1  254  434  106    1    7    1    1    1    1195
    2    1  255  435   56    0    4    1    2    0    1528
    2    1  256  436  279    1   18    2    3    0    1563
    2    1  257  437  138    0    9    1    2    0    1563
    2    1  258  438   43    0    3    1    2    0    2274
    2    1  259  439   23    0    2    1    3    0    1019
    2    1  260  440  249    0   16    2    2    1    1196
    2    1  261  441  282    0   18    2    2    1    2053
    2    1  262  442  132    0    9    1    2    0    1977
    2    1  263  443  281    0   18    2    1    0    1151
    2    1  264  444  323    0   21    3    2    0    1044
    2    1  265  445   11    0    1    1    1    1    1468
    2    1  266  446  453    0   29    3    3    1    1486
    2    1  267  447  459    0   29    3    3    1    1183
    2    1  268  448  163    1   11    2    1    0    1295
    2    1  269  449  148    1   10    1    3    0    1497
    2    1  270  450   32    0    2    1    3    0    1036
    2    1  271  451  446    1   28    3    3    1     886
    2    1  272  452  237    0   15    2    3    0     761
    2    1  273  453  200    0   13    2    2    1    1150
    2    1  274  454  421    0   27    3    1    0    1876
    2    1  275  455  376    1   24    3    1    0    1351
    2    1  276  456  374    0   24    3    2    0    1383
    2    1  277  457  338    0   22    3    1    0    1248
    2    1  278  458  337    1   22    3    1    0    1129
    2    1  279  459  428    0   27    3    2    0    1242
    2    1  280  460   36    0    3    1    3    0    1908
    2    1  281  461   24    0    2    1    3    0    1359
    2    1  282  462   35    0    3    1    2    0    1107
    2    1  283  463   79    0    5    1    2    0    1261
    2    1  284  464   88    0    6    1    1    1     810
    2    1  285  465   51    0    4    1    2    0     595
    2    1  286  466  457    0   29    3    3    1    1288
    2    1  287  467  458    0   29    3    3    1     533
    2    1  288  468  461    0   29    3    2    0    1501
    2    1  289  469  232    0   15    2    2    1     605
    2    1  290  470  203    1   13    2    2    1     594
    2    1  291  471  177    0   12    2    1    0     772
    2    1  292  472  455    1   29    3    3    1     569
    2    1  293  473  126    0    8    1    2    0    1297
    2    1  294  474  308    1   20    2    3    0     629
    2    1  295  475  366    0   23    3    2    0     878
    2    1  296  476    5    0    1    1    1    1    1119
    2    1  297  477  125    1    8    1    1    1     710
    2    1  298  478  422    0   27    3    2    0     842
    2    1  299  479  261    0   17    2    3    0     585
    2    1  300  480  393    0   25    3    3    1    2287
