    1    1    1    1  121    1    8    1    1    1    2636
    1    1    2    2  271    1   17    2    2    1    1291
    1    1    3    3  289    1   19    2    3    0    1483
    1    1    4    4   33    1    3    1    2    0    1434
    1    1    5    5  353    1   23    3    3    1     972
    1    1    6    6  276    1   18    2    3    0    1334
    1    1    7    7  217    1   14    2    2    1     702
    1    1    8    8  272    1   17    2    2    1    1376
    1    1    9    9  182    1   12    2    2    1     973
    1    1   10   10   71    1    5    1    2    0    1450
    1    1   11   11  240    1   15    2    2    1     977
    1    1   12   12   66    1    5    1    1    1    1295
    1    1   13   13  266    1   17    2    3    0    1128
    1    1   14   14    6    1    1    1    1    1    1743
    1    1   15   15  117    1    8    1    1    1    2039
    1    1   16   16  326    1   21    3    1    0    1269
    1    1   17   17  387    1   25    3    2    0    1338
    1    1   18   18  448    1   28    3    3    1     889
    1    1   19   19  340    1   22    3    3    1     883
    1    1   20   20  409    1   26    3    2    0     848
    1    1   21   21   56    1    4    1    2    0     952
    1    1   22   22  245    1   16    2    1    0    1971
    1    1   23   23  424    1   27    3    2    0     609
    1    1   24   24  479    1   30    3    3    1     815
    1    1   25   25  471    1   30    3    2    0     934
    1    1   26   26   16    1    1    1    1    1   20461
    1    1   27   27  411    1   26    3    3    1    7920
    1    1   28   28  465    1   30    3    3    1     991
    1    1   29   29   15    1    1    1    2    0     786
    1    1   30   30  290    1   19    2    2    1    1017
    1    1   31   31  164    1   11    2    3    0     895
    1    1   32   32    4    1    1    1    1    1    1917
    1    1   33   33  406    1   26    3    3    1    1409
    1    1   34   34  280    1   18    2    2    1    1029
    1    1   35   35   49    1    4    1    2    0    1894
    1    1   36   36  250    1   16    2    2    1     897
    1    1   37   37  216    1   14    2    1    0     957
    1    1   38   38   37    1    3    1    2    0     814
    1    1   39   39  476    1   30    3    3    1     922
    1    1   40   40  360    1   23    3    1    0    1515
    1    1   41   41  212    1   14    2    2    1    1103
    1    1   42   42  219    1   14    2    3    0    1016
    1    1   43   43   35    1    3    1    1    1    2811
    1    1   44   44  252    1   16    2    1    0   19177
    1    1   45   45   58    1    4    1    3    0    1817
    1    1   46   46  120    1    8    1    2    0    1267
    1    1   47   47  356    1   23    3    2    0    1497
    1    1   48   48   38    1    3    1    2    0    2112
    1    1   49   49  269    1   17    2    3    0     843
    1    1   50   50   53    1    4    1    2    0    1228
    1    1   51   51  380    1   24    3    2    0    2305
    1    1   52   52  396    1   25    3    3    1     754
    1    1   53   53   80    1    5    1    2    0    1272
    1    1   54   54  267    1   17    2    2    1    1033
    1    1   55   55   36    1    3    1    1    1    2112
    1    1   56   56  201    1   13    2    2    1    2168
    1    1   57   57   52    1    4    1    1    1    1529
    1    1   58   58  408    1   26    3    3    1    1034
    1    1   59   59  359    1   23    3    3    1    1523
    1    1   60   60  473    1   30    3    1    0    1566
    1    2    1   61   35    1    3    1    1    1    2169
    1    2    2   62  406    1   26    3    3    1    2183
    1    2    3   63  212    1   14    2    1    0    1207
    1    2    4   64  250    1   16    2    2    1    1364
    1    2    5   65  353    1   23    3    3    1     829
    1    2    6   66  120    1    8    1    2    0     976
    1    2    7   67   49    1    4    1    1    1    1203
    1    2    8   68  290    1   19    2    1    0     804
    1    2    9   69  465    1   30    3    3    1     756
    1    2   10   70  240    1   15    2    3    0    2583
    1    2   11   71  479    1   30    3    2    0    4771
    1    2   12   72   56    1    4    1    1    1    1040
    1    2   13   73  219    1   14    2    1    0    1901
    1    2   14   74   71    1    5    1    1    1     865
    1    2   15   75   80    1    5    1    1    1     878
    1    2   16   76   33    1    3    1    1    1     907
    1    2   17   77  476    1   30    3    3    1     972
    1    2   18   78  471    1   30    3    3    1    1114
    1    2   19   79  473    1   30    3    3    1     865
    1    2   20   80   15    1    1    1    1    1     990
    1    2   21   81  448    1   28    3    1    0    1368
    1    2   22   82  266    1   17    2    2    1    1162
    1    2   23   83  411    1   26    3    3    1     957
    1    2   24   84  182    1   12    2    2    1     874
    1    2   25   85  380    1   24    3    1    0    1810
    1    2   26   86  269    1   17    2    2    1     870
    1    2   27   87   52    1    4    1    2    0    2804
    1    2   28   88    4    1    1    1    2    0    1237
    1    2   29   89  424    1   27    3    3    1     976
    1    2   30   90  117    1    8    1    3    0    1239
    1    2   31   91  252    1   16    2    2    1    1933
    1    2   32   92  217    1   14    2    3    0    1624
    1    2   33   93  360    1   23    3    2    0    1171
    1    2   34   94  359    1   23    3    3    1     727
    1    2   35   95   36    1    3    1    2    0     953
    1    2   36   96  271    1   17    2    2    1    1001
    1    2   37   97  396    1   25    3    3    1     836
    1    2   38   98  409    1   26    3    3    1     673
    1    2   39   99  276    1   18    2    3    0    2013
    1    2   40  100   37    1    3    1    1    1    1285
    1    2   41  101  280    1   18    2    1    0     833
    1    2   42  102  387    1   25    3    3    1    1629
    1    2   43  103  408    1   26    3    3    1     746
    1    2   44  104   66    1    5    1    3    0     929
    1    2   45  105  326    1   21    3    2    0     867
    1    2   46  106  272    1   17    2    2    1     999
    1    2   47  107   53    1    4    1    2    0    1488
    1    2   48  108  340    1   22    3    3    1     658
    1    2   49  109  267    1   17    2    2    1     814
    1    2   50  110   38    1    3    1    1    1     963
    1    2   51  111  245    1   16    2    2    1     943
    1    2   52  112  289    1   19    2    2    1    1066
    1    2   53  113   16    1    1    1    1    1     816
    1    2   54  114  356    1   23    3    3    1     916
    1    2   55  115   58    1    4    1    1    1     968
    1    2   56  116  201    1   13    2    2    1     708
    1    2   57  117  121    1    8    1    1    1    1586
    1    2   58  118  164    1   11    2    1    0    1822
    1    2   59  119    6    1    1    1    2    0    1349
    1    2   60  120  216    1   14    2    3    0    3671
    1    3    1  121  289    1   19    2    3    0    1172
    1    3    2  122  424    1   27    3    3    1    1031
    1    3    3  123  387    1   25    3    3    1    1304
    1    3    4  124  353    1   23    3    3    1     978
    1    3    5  125  479    1   30    3    3    1    1711
    1    3    6  126   49    1    4    1    2    0    1672
    1    3    7  127   15    1    1    1    1    1    1429
    1    3    8  128  250    1   16    2    2    1    1374
    1    3    9  129   52    1    4    1    1    1    1230
    1    3   10  130  409    1   26    3    3    1    1436
    1    3   11  131  219    1   14    2    2    1    4008
    1    3   12  132  272    1   17    2    3    0    1978
    1    3   13  133  471    1   30    3    3    1    2748
    1    3   14  134  121    1    8    1    1    1    1537
    1    3   15  135  448    1   28    3    1    0    2001
    1    3   16  136  245    1   16    2    2    1    1257
    1    3   17  137  164    1   11    2    2    1    1858
    1    3   18  138  266    1   17    2    2    1    1372
    1    3   19  139   56    1    4    1    2    0    2798
    1    3   20  140  217    1   14    2    2    1    1469
    1    3   21  141  267    1   17    2    2    1    1087
    1    3   22  142  380    1   24    3    2    0    1033
    1    3   23  143  120    1    8    1    1    1     779
    1    3   24  144    4    1    1    1    3    0    3056
    1    3   25  145   38    1    3    1    1    1    1038
    1    3   26  146  212    1   14    2    3    0    1519
    1    3   27  147  271    1   17    2    2    1     840
    1    3   28  148   80    1    5    1    1    1    1559
    1    3   29  149  356    1   23    3    3    1     752
    1    3   30  150  476    1   30    3    3    1     863
    1    3   31  151  276    1   18    2    1    0    1967
    1    3   32  152  411    1   26    3    3    1     809
    1    3   33  153  290    1   19    2    2    1    1612
    1    3   34  154   16    1    1    1    2    0    1410
    1    3   35  155  252    1   16    2    2    1    2287
    1    3   36  156   35    1    3    1    1    1    1573
    1    3   37  157  396    1   25    3    3    1    1243
    1    3   38  158   66    1    5    1    1    1    1592
    1    3   39  159  240    1   15    2    3    0    1034
    1    3   40  160  360    1   23    3    3    1     996
    1    3   41  161   71    1    5    1    2    0    1205
    1    3   42  162   53    1    4    1    2    0   17187
    1    3   43  163   37    1    3    1    2    0    1050
    1    3   44  164   33    1    3    1    1    1     919
    1    3   45  165  280    1   18    2    2    1    1968
    1    3   46  166  359    1   23    3    3    1    1089
    1    3   47  167  408    1   26    3    3    1     704
    1    3   48  168  269    1   17    2    2    1    9410
    1    3   49  169    6    1    1    1    1    1    1128
    1    3   50  170   36    1    3    1    1    1    1318
    1    3   51  171  340    1   22    3    3    1     722
    1    3   52  172  465    1   30    3    3    1    1740
    1    3   53  173  182    1   12    2    2    1     968
    1    3   54  174  117    1    8    1    1    1    1338
    1    3   55  175  326    1   21    3    3    1    7115
    1    3   56  176  201    1   13    2    2    1     726
    1    3   57  177  473    1   30    3    3    1     834
    1    3   58  178   58    1    4    1    1    1     823
    1    3   59  179  216    1   14    2    3    0    1140
    1    3   60  180  406    1   26    3    3    1     776
    2    1    1  181  128    0    8    1    2    0    3507
    2    1    2  182  310    0   20    2    3    0    1038
    2    1    3  183  339    0   22    3    2    0    1127
    2    1    4  184   57    0    4    1    1    1     561
    2    1    5  185  231    0   15    2    2    1    1021
    2    1    6  186  455    0   29    3    3    1     708
    2    1    7  187  438    0   28    3    1    0     816
    2    1    8  188   61    0    4    1    2    0    1856
    2    1    9  189   39    0    3    1    2    0    1994
    2    1   10  190  153    0   10    1    3    0    2759
    2    1   11  191  280    1   18    2    3    0    1154
    2    1   12  192  118    0    8    1    1    1     747
    2    1   13  193   31    0    2    1    1    1    2948
    2    1   14  194  127    0    8    1    1    1     728
    2    1   15  195   13    0    1    1    2    0    2296
    2    1   16  196  384    0   24    3    1    0     949
    2    1   17  197  431    0   27    3    3    1     803
    2    1   18  198  197    0   13    2    2    1    1058
    2    1   19  199  440    0   28    3    3    1     635
    2    1   20  200   95    0    6    1    3    0     862
    2    1   21  201  145    0   10    1    2    0    3077
    2    1   22  202  161    0   11    2    1    0    1032
    2    1   23  203  479    1   30    3    3    1     737
    2    1   24  204  210    0   14    2    3    0     644
    2    1   25  205   78    0    5    1    1    1    1259
    2    1   26  206  181    0   12    2    3    0    1960
    2    1   27  207  123    0    8    1    1    1     902
    2    1   28  208  430    0   27    3    3    1     704
    2    1   29  209  343    0   22    3    2    0    1583
    2    1   30  210   20    0    2    1    3    0     751
    2    1   31  211  383    0   24    3    2    0    5872
    2    1   32  212  261    0   17    2    3    0     704
    2    1   33  213  354    0   23    3    3    1     696
    2    1   34  214  307    0   20    2    3    0     628
    2    1   35  215  408    1   26    3    3    1     773
    2    1   36  216   60    0    4    1    2    0    1055
    2    1   37  217  232    0   15    2    1    0    3462
    2    1   38  218  178    0   12    2    1    0    1574
    2    1   39  219   44    0    3    1    1    1     776
    2    1   40  220  239    0   15    2    1    0    1725
    2    1   41  221   45    0    3    1    1    1    1183
    2    1   42  222  200    0   13    2    2    1     916
    2    1   43  223    6    1    1    1    1    1    1246
    2    1   44  224   74    0    5    1    1    1     974
    2    1   45  225  401    0   26    3    2    0    1384
    2    1   46  226  242    0   16    2    2    1     941
    2    1   47  227  308    0   20    2    3    0     604
    2    1   48  228  220    0   14    2    2    1    2229
    2    1   49  229   16    1    1    1    1    1    1731
    2    1   50  230  105    0    7    1    2    0    1705
    2    1   51  231  108    0    7    1    1    1    1512
    2    1   52  232  278    0   18    2    2    1    1658
    2    1   53  233  285    0   18    2    3    0    2331
    2    1   54  234   37    1    3    1    1    1    1461
    2    1   55  235  284    0   18    2    3    0    2083
    2    1   56  236  373    0   24    3    2    0     926
    2    1   57  237  397    0   25    3    3    1    1115
    2    1   58  238   63    0    4    1    2    0    4588
    2    1   59  239    2    0    1    1    1    1    1084
    2    1   60  240  329    0   21    3    3    1     662
    2    1   61  241  405    0   26    3    3    1    1741
    2    1   62  242  346    0   22    3    2    0    1565
    2    1   63  243  377    0   24    3    2    0    1465
    2    1   64  244  258    0   17    2    3    0     721
    2    1   65  245  388    0   25    3    3    1     711
    2    1   66  246  180    0   12    2    1    0     786
    2    1   67  247  279    0   18    2    3    0     587
    2    1   68  248  169    0   11    2    1    0     568
    2    1   69  249  217    1   14    2    2    1    1006
    2    1   70  250  290    1   19    2    2    1    1102
    2    1   71  251  214    0   14    2    2    1    2019
    2    1   72  252  425    0   27    3    3    1     514
    2    1   73  253   76    0    5    1    1    1    1367
    2    1   74  254  333    0   21    3    2    0    1133
    2    1   75  255  233    0   15    2    1    0    1195
    2    1   76  256   77    0    5    1    1    1     674
    2    1   77  257  192    0   12    2    1    0    2524
    2    1   78  258  359    1   23    3    3    1     948
    2    1   79  259  345    0   22    3    1    0    1671
    2    1   80  260  305    0   20    2    3    0     788
    2    1   81  261  265    0   17    2    2    1     674
    2    1   82  262  369    0   24    3    2    0    4018
    2    1   83  263  190    0   12    2    2    1     934
    2    1   84  264  406    1   26    3    3    1     682
    2    1   85  265    5    0    1    1    2    0    2101
    2    1   86  266  478    0   30    3    3    1     766
    2    1   87  267  240    1   15    2    1    0     990
    2    1   88  268  382    0   24    3    2    0    1011
    2    1   89  269  254    0   16    2    3    0    2156
    2    1   90  270  251    0   16    2    3    0     841
    2    1   91  271  195    0   13    2    3    0    3368
    2    1   92  272  395    0   25    3    2    0    1578
    2    1   93  273  186    0   12    2    1    0    2606
    2    1   94  274  309    0   20    2    3    0    1369
    2    1   95  275  368    0   23    3    1    0    2303
    2    1   96  276  117    1    8    1    1    1     882
    2    1   97  277  283    0   18    2    3    0    1077
    2    1   98  278  314    0   20    2    3    0     708
    2    1   99  279  471    1   30    3    3    1     934
    2    1  100  280    4    1    1    1    2    0    1069
    2    1  101  281  426    0   27    3    3    1     688
    2    1  102  282  390    0   25    3    3    1     552
    2    1  103  283  126    0    8    1    3    0     850
    2    1  104  284  477    0   30    3    3    1     603
    2    1  105  285  419    0   27    3    3    1     587
    2    1  106  286    8    0    1    1    3    0     783
    2    1  107  287  166    0   11    2    3    0     872
    2    1  108  288   18    0    2    1    3    0     686
    2    1  109  289  135    0    9    1    2    0    2152
    2    1  110  290  330    0   21    3    1    0    1015
    2    1  111  291  136    0    9    1    1    1    1973
    2    1  112  292  412    0   26    3    3    1     705
    2    1  113  293  385    0   25    3    3    1     578
    2    1  114  294  371    0   24    3    2    0    1187
    2    1  115  295  336    0   21    3    1    0    1121
    2    1  116  296  414    0   26    3    3    1     666
    2    1  117  297  312    0   20    2    3    0     399
    2    1  118  298   11    0    1    1    2    0     976
    2    1  119  299  315    0   20    2    3    0    1562
    2    1  120  300   55    0    4    1    2    0    1094
    2    1  121  301  130    0    9    1    1    1    1218
    2    1  122  302   64    0    4    1    2    0    2025
    2    1  123  303  154    0   10    1    1    1    2880
    2    1  124  304  458    0   29    3    1    0    1658
    2    1  125  305   73    0    5    1    1    1     687
    2    1  126  306  202    0   13    2    1    0    2020
    2    1  127  307  286    0   18    2    3    0    1378
    2    1  128  308   96    0    6    1    3    0    1616
    2    1  129  309  432    0   27    3    3    1     651
    2    1  130  310  325    0   21    3    3    1     724
    2    1  131  311  120    1    8    1    1    1     899
    2    1  132  312  294    0   19    2    1    0    1796
    2    1  133  313   97    0    7    1    1    1     889
    2    1  134  314  355    0   23    3    3    1    1387
    2    1  135  315   99    0    7    1    1    1    3262
    2    1  136  316   17    0    2    1    3    0    1167
    2    1  137  317  403    0   26    3    2    0    3142
    2    1  138  318  201    1   13    2    2    1    2085
    2    1  139  319  103    0    7    1    2    0    3776
    2    1  140  320  361    0   23    3    3    1    1567
    2    1  141  321   48    0    3    1    2    0    2347
    2    1  142  322  417    0   27    3    1    0    3550
    2    1  143  323  460    0   29    3    3    1    9934
    2    1  144  324   35    1    3    1    2    0    2336
    2    1  145  325  227    0   15    2    3    0    4312
    2    1  146  326  264    0   17    2    2    1    2112
    2    1  147  327  276    1   18    2    2    1    4720
    2    1  148  328  297    0   19    2    2    1    2408
    2    1  149  329  319    0   20    2    3    0     854
    2    1  150  330  122    0    8    1    1    1    4109
    2    1  151  331  269    1   17    2    3    0    1785
    2    1  152  332  334    0   21    3    2    0     957
    2    1  153  333  156    0   10    1    1    1     932
    2    1  154  334  158    0   10    1    3    0     787
    2    1  155  335   90    0    6    1    2    0    2469
    2    1  156  336   33    1    3    1    1    1     984
    2    1  157  337  176    0   11    2    1    0    9738
    2    1  158  338  447    0   28    3    3    1    1890
    2    1  159  339  326    1   21    3    2    0    1723
    2    1  160  340  100    0    7    1    1    1     507
    2    1  161  341  465    1   30    3    3    1     625
    2    1  162  342   87    0    6    1    2    0    1695
    2    1  163  343  450    0   29    3    2    0     858
    2    1  164  344  416    0   26    3    2    0     709
    2    1  165  345  221    0   14    2    2    1     970
    2    1  166  346  205    0   13    2    2    1     835
    2    1  167  347  400    0   25    3    2    0     644
    2    1  168  348   19    0    2    1    1    1     994
    2    1  169  349  131    0    9    1    2    0     559
    2    1  170  350  175    0   11    2    2    1    1020
    2    1  171  351  211    0   14    2    3    0    2132
    2    1  172  352  435    0   28    3    1    0     814
    2    1  173  353  259    0   17    2    2    1    2360
    2    1  174  354  402    0   26    3    2    0     934
    2    1  175  355   56    1    4    1    2    0    1120
    2    1  176  356  155    0   10    1    3    0     630
    2    1  177  357  356    1   23    3    3    1     589
    2    1  178  358  292    0   19    2    1    0     709
    2    1  179  359  182    1   12    2    2    1     964
    2    1  180  360  196    0   13    2    2    1     841
    2    1  181  361  222    0   14    2    3    0     882
    2    1  182  362   25    0    2    1    2    0    1391
    2    1  183  363  147    0   10    1    2    0     949
    2    1  184  364   21    0    2    1    2    0    1368
    2    1  185  365  410    0   26    3    3    1     764
    2    1  186  366  152    0   10    1    3    0     413
    2    1  187  367  299    0   19    2    1    0    1343
    2    1  188  368  146    0   10    1    2    0    2433
    2    1  189  369   91    0    6    1    1    1    1443
    2    1  190  370  139    0    9    1    1    1    1038
    2    1  191  371  263    0   17    2    2    1    1463
    2    1  192  372   85    0    6    1    1    1    1107
    2    1  193  373  398    0   25    3    3    1    1310
    2    1  194  374  459    0   29    3    3    1     870
    2    1  195  375  452    0   29    3    3    1     496
    2    1  196  376  449    0   29    3    2    0     656
    2    1  197  377  245    1   16    2    2    1     683
    2    1  198  378  351    0   22    3    1    0    1182
    2    1  199  379   84    0    6    1    3    0     777
    2    1  200  380   28    0    2    1    1    1    1398
    2    1  201  381  219    1   14    2    1    0    1460
    2    1  202  382  113    0    8    1    1    1    1004
    2    1  203  383  376    0   24    3    1    0     718
    2    1  204  384  134    0    9    1    1    1     709
    2    1  205  385   94    0    6    1    1    1    1110
    2    1  206  386  445    0   28    3    3    1     919
    2    1  207  387  378    0   24    3    1    0     761
    2    1  208  388  101    0    7    1    1    1    1191
    2    1  209  389   65    0    5    1    1    1     547
    2    1  210  390  119    0    8    1    1    1     914
    2    1  211  391  399    0   25    3    3    1     707
    2    1  212  392  396    1   25    3    3    1     565
    2    1  213  393  124    0    8    1    1    1     866
    2    1  214  394  244    0   16    2    2    1    1416
    2    1  215  395  340    1   22    3    1    0    1732
    2    1  216  396  301    0   19    2    1    0    1400
    2    1  217  397   75    0    5    1    1    1    2341
    2    1  218  398  110    0    7    1    1    1     644
    2    1  219  399   40    0    3    1    1    1    1579
    2    1  220  400   26    0    2    1    1    1    1021
    2    1  221  401  212    1   14    2    3    0    3078
    2    1  222  402   72    0    5    1    1    1    1145
    2    1  223  403  287    0   18    2    3    0    1378
    2    1  224  404  143    0    9    1    1    1    1343
    2    1  225  405  142    0    9    1    1    1     713
    2    1  226  406  241    0   16    2    2    1    1004
    2    1  227  407  107    0    7    1    1    1     926
    2    1  228  408  332    0   21    3    2    0    2053
    2    1  229  409  151    0   10    1    3    0     591
    2    1  230  410  442    0   28    3    3    1     768
    2    1  231  411  177    0   12    2    3    0     861
    2    1  232  412  125    0    8    1    1    1     496
    2    1  233  413  374    0   24    3    2    0     807
    2    1  234  414  443    0   28    3    3    1     598
    2    1  235  415  114    0    8    1    1    1     974
    2    1  236  416  250    1   16    2    2    1     680
    2    1  237  417  168    0   11    2    1    0    2143
    2    1  238  418  234    0   15    2    2    1     541
    2    1  239  419  366    0   23    3    3    1    1070
    2    1  240  420   46    0    3    1    1    1    2657
    2    1  241  421   98    0    7    1    1    1     969
    2    1  242  422   42    0    3    1    1    1     638
    2    1  243  423  347    0   22    3    1    0     565
    2    1  244  424  213    0   14    2    3    0    2766
    2    1  245  425  138    0    9    1    2    0    1043
    2    1  246  426   43    0    3    1    1    1     883
    2    1  247  427  295    0   19    2    1    0    1238
    2    1  248  428  338    0   22    3    2    0     989
    2    1  249  429  198    0   13    2    2    1     801
    2    1  250  430  293    0   19    2    1    0    3220
    2    1  251  431  157    0   10    1    2    0    3463
    2    1  252  432  413    0   26    3    3    1     840
    2    1  253  433  394    0   25    3    3    1    2595
    2    1  254  434   83    0    6    1    1    1    1504
    2    1  255  435  104    0    7    1    3    0     860
    2    1  256  436  255    0   16    2    2    1    1043
    2    1  257  437  191    0   12    2    3    0    1784
    2    1  258  438  420    0   27    3    3    1     861
    2    1  259  439  380    1   24    3    2    0    2444
    2    1  260  440  322    0   21    3    1    0    2032
    2    1  261  441   54    0    4    1    1    1    1043
    2    1  262  442   27    0    2    1    2    0    2496
    2    1  263  443  418    0   27    3    1    0    1630
    2    1  264  444   41    0    3    1    1    1    1205
    2    1  265  445  313    0   20    2    2    1    1449
    2    1  266  446  282    0   18    2    2    1    1766
    2    1  267  447   23    0    2    1    2    0    1310
    2    1  268  448  266    1   17    2    2    1     909
    2    1  269  449  439    0   28    3    1    0    2300
    2    1  270  450  173    0   11    2    2    1    1334
    2    1  271  451    9    0    1    1    2    0     904
    2    1  272  452  111    0    7    1    1    1    1029
    2    1  273  453  381    0   24    3    2    0     829
    2    1  274  454  208    0   13    2    2    1     876
    2    1  275  455  421    0   27    3    2    0    1931
    2    1  276  456  328    0   21    3    3    1     623
    2    1  277  457  257    0   17    2    1    0    1072
    2    1  278  458  335    0   21    3    2    0     973
    2    1  279  459  209    0   14    2    2    1    1961
    2    1  280  460   53    1    4    1    2    0     818
    2    1  281  461  260    0   17    2    2    1     872
    2    1  282  462  451    0   29    3    3    1     664
    2    1  283  463  272    1   17    2    2    1     883
    2    1  284  464  163    0   11    2    3    0    2082
    2    1  285  465  228    0   15    2    3    0     539
    2    1  286  466  248    0   16    2    2    1     669
    2    1  287  467  344    0   22    3    2    0    1621
    2    1  288  468   80    1    5    1    1    1     805
    2    1  289  469  194    0   13    2    2    1     711
    2    1  290  470  480    0   30    3    2    0    1810
    2    1  291  471  183    0   12    2    1    0    2153
    2    1  292  472   62    0    4    1    2    0     722
    2    1  293  473  357    0   23    3    3    1    1536
    2    1  294  474  320    0   20    2    3    0     718
    2    1  295  475  102    0    7    1    1    1    1480
    2    1  296  476   82    0    6    1    3    0    2023
    2    1  297  477  159    0   10    1    2    0     864
    2    1  298  478  179    0   12    2    1    0    3214
    2    1  299  479  411    1   26    3    3    1    2402
    2    1  300  480  365    0   23    3    3    1    1445
