    1    1    1    1  337    1   22    3    1    0    8464
    1    1    2    2  420    1   27    3    3    1    3556
    1    1    3    3  250    1   16    2    2    1    2405
    1    1    4    4  135    1    9    1    1    1    5270
    1    1    5    5  186    1   12    2    2    1    2830
    1    1    6    6  306    1   20    2    2    1    2853
    1    1    7    7  224    1   14    2    2    1    3185
    1    1    8    8  229    1   15    2    3    0    3205
    1    1    9    9  148    1   10    1    1    1    3446
    1    1   10   10  215    1   14    2    2    1    2433
    1    1   11   11  355    1   23    3    1    0    2740
    1    1   12   12   96    1    6    1    2    0    5293
    1    1   13   13  136    1    9    1    2    0    2728
    1    1   14   14  308    1   20    2    2    1    2786
    1    1   15   15  455    1   29    3    3    1    2708
    1    1   16   16   55    1    4    1    1    1    2290
    1    1   17   17  413    1   26    3    3    1    2949
    1    1   18   18  423    1   27    3    3    1    2427
    1    1   19   19  456    1   29    3    3    1    3140
    1    1   20   20   17    1    2    1    2    0    2564
    1    1   21   21   85    1    6    1    1    1    2439
    1    1   22   22  203    1   13    2    3    0    2988
    1    1   23   23  471    1   30    3    2    0    2077
    1    1   24   24  146    1   10    1    1    1    3072
    1    1   25   25   40    1    3    1    1    1    3693
    1    1   26   26  395    1   25    3    1    0    3922
    1    1   27   27  267    1   17    2    2    1    2285
    1    1   28   28  278    1   18    2    3    0    3570
    1    1   29   29  293    1   19    2    1    0    1627
    1    1   30   30   31    1    2    1    1    1    1697
    1    1   31   31  272    1   17    2    2    1    2038
    1    1   32   32  446    1   28    3    1    0    2425
    1    1   33   33   62    1    4    1    2    0    2486
    1    1   34   34  195    1   13    2    3    0    1806
    1    1   35   35  115    1    8    1    3    0    1787
    1    1   36   36  238    1   15    2    2    1    2481
    1    1   37   37  397    1   25    3    2    0    2897
    1    1   38   38  405    1   26    3    1    0    2084
    1    1   39   39  443    1   28    3    3    1    2890
    1    1   40   40  170    1   11    2    2    1    2557
    1    1   41   41  106    1    7    1    1    1    3260
    1    1   42   42  111    1    7    1    1    1    7022
    1    1   43   43  125    1    8    1    3    0    5990
    1    1   44   44   72    1    5    1    1    1    6562
    1    1   45   45  359    1   23    3    3    1    3489
    1    1   46   46  279    1   18    2    1    0    3319
    1    1   47   47  327    1   21    3    2    0    2686
    1    1   48   48  241    1   16    2    1    0    2758
    1    1   49   49   16    1    1    1    1    1    2384
    1    1   50   50   34    1    3    1    1    1    1910
    1    1   51   51  465    1   30    3    2    0    2835
    1    1   52   52  297    1   19    2    1    0    1703
    1    1   53   53  163    1   11    2    3    0    3771
    1    1   54   54  330    1   21    3    2    0    5078
    1    1   55   55  376    1   24    3    1    0    1420
    1    1   56   56   73    1    5    1    1    1    2544
    1    1   57   57  381    1   24    3    3    1    3844
    1    1   58   58  339    1   22    3    1    0    5183
    1    1   59   59  190    1   12    2    2    1    3247
    1    1   60   60    7    1    1    1    3    0    2710
    1    2    1   61   40    1    3    1    1    1    2063
    1    2    2   62   55    1    4    1    1    1    4421
    1    2    3   63  339    1   22    3    1    0    5981
    1    2    4   64  278    1   18    2    3    0    3805
    1    2    5   65  397    1   25    3    2    0    1531
    1    2    6   66  170    1   11    2    1    0    1584
    1    2    7   67  405    1   26    3    3    1    3519
    1    2    8   68  306    1   20    2    3    0    1407
    1    2    9   69   73    1    5    1    2    0    2642
    1    2   10   70   62    1    4    1    2    0    2366
    1    2   11   71  443    1   28    3    3    1    1474
    1    2   12   72  420    1   27    3    1    0    1844
    1    2   13   73  308    1   20    2    2    1    2536
    1    2   14   74  355    1   23    3    3    1    4381
    1    2   15   75  136    1    9    1    1    1    1575
    1    2   16   76  215    1   14    2    2    1    2343
    1    2   17   77  337    1   22    3    1    0    1902
    1    2   18   78    7    1    1    1    1    1    3350
    1    2   19   79   31    1    2    1    1    1    1622
    1    2   20   80  423    1   27    3    3    1    1883
    1    2   21   81  125    1    8    1    2    0    3238
    1    2   22   82  186    1   12    2    2    1    2981
    1    2   23   83  395    1   25    3    1    0    1963
    1    2   24   84  238    1   15    2    3    0    2276
    1    2   25   85  115    1    8    1    1    1    3243
    1    2   26   86  446    1   28    3    3    1    1763
    1    2   27   87  241    1   16    2    2    1    4081
    1    2   28   88  293    1   19    2    2    1    2261
    1    2   29   89  135    1    9    1    1    1    2536
    1    2   30   90  163    1   11    2    2    1    2391
    1    2   31   91  106    1    7    1    3    0    1662
    1    2   32   92  272    1   17    2    2    1    1810
    1    2   33   93  279    1   18    2    2    1    2828
    1    2   34   94   16    1    1    1    1    1    1842
    1    2   35   95  471    1   30    3    2    0    2546
    1    2   36   96  229    1   15    2    2    1    3794
    1    2   37   97  456    1   29    3    3    1    1890
    1    2   38   98  359    1   23    3    2    0    2585
    1    2   39   99  327    1   21    3    2    0    3384
    1    2   40  100   17    1    2    1    2    0    2917
    1    2   41  101   85    1    6    1    3    0    4321
    1    2   42  102  267    1   17    2    1    0    2070
    1    2   43  103  148    1   10    1    2    0    3207
    1    2   44  104   34    1    3    1    1    1    2532
    1    2   45  105   96    1    6    1    2    0    2505
    1    2   46  106  413    1   26    3    2    0    4074
    1    2   47  107  250    1   16    2    1    0    3555
    1    2   48  108  203    1   13    2    2    1    2994
    1    2   49  109  381    1   24    3    3    1    1599
    1    2   50  110  455    1   29    3    3    1    1837
    1    2   51  111  146    1   10    1    1    1    1848
    1    2   52  112  224    1   14    2    2    1    3600
    1    2   53  113  465    1   30    3    2    0    4128
    1    2   54  114  190    1   12    2    2    1    4973
    1    2   55  115  330    1   21    3    2    0    3437
    1    2   56  116  195    1   13    2    3    0    2140
    1    2   57  117  297    1   19    2    1    0    2259
    1    2   58  118  376    1   24    3    1    0    2949
    1    2   59  119  111    1    7    1    2    0    4872
    1    2   60  120   72    1    5    1    1    1    1580
    1    3    1  121  327    1   21    3    3    1    2979
    1    3    2  122  308    1   20    2    2    1    2007
    1    3    3  123  471    1   30    3    3    1    4542
    1    3    4  124  337    1   22    3    1    0    2051
    1    3    5  125  279    1   18    2    2    1    1884
    1    3    6  126  203    1   13    2    2    1    2353
    1    3    7  127  111    1    7    1    1    1    2401
    1    3    8  128   73    1    5    1    1    1    2182
    1    3    9  129  423    1   27    3    3    1    1769
    1    3   10  130   17    1    2    1    2    0    1425
    1    3   11  131  250    1   16    2    2    1    2260
    1    3   12  132   96    1    6    1    1    1    1800
    1    3   13  133   85    1    6    1    1    1    4140
    1    3   14  134   55    1    4    1    1    1    1569
    1    3   15  135  306    1   20    2    3    0    2559
    1    3   16  136  272    1   17    2    2    1    2075
    1    3   17  137   31    1    2    1    1    1    2105
    1    3   18  138  456    1   29    3    3    1    1617
    1    3   19  139  136    1    9    1    1    1    1637
    1    3   20  140  278    1   18    2    3    0    2934
    1    3   21  141  229    1   15    2    2    1    3341
    1    3   22  142  267    1   17    2    1    0    3419
    1    3   23  143  330    1   21    3    3    1    1799
    1    3   24  144   40    1    3    1    1    1    1625
    1    3   25  145  446    1   28    3    3    1    1805
    1    3   26  146  241    1   16    2    2    1    4297
    1    3   27  147  146    1   10    1    1    1    1574
    1    3   28  148  215    1   14    2    3    0    3219
    1    3   29  149  359    1   23    3    1    0    2308
    1    3   30  150  186    1   12    2    2    1    2921
    1    3   31  151   16    1    1    1    1    1    1660
    1    3   32  152  381    1   24    3    3    1    1987
    1    3   33  153  148    1   10    1    1    1    1947
    1    3   34  154  224    1   14    2    2    1    2040
    1    3   35  155  106    1    7    1    3    0    4888
    1    3   36  156  190    1   12    2    2    1    2840
    1    3   37  157  455    1   29    3    3    1    1426
    1    3   38  158  420    1   27    3    3    1    2568
    1    3   39  159  397    1   25    3    2    0    2219
    1    3   40  160  413    1   26    3    3    1    8008
    1    3   41  161   34    1    3    1    1    1    1427
    1    3   42  162  170    1   11    2    1    0    1705
    1    3   43  163  115    1    8    1    1    1    1595
    1    3   44  164  195    1   13    2    2    1    3070
    1    3   45  165    7    1    1    1    1    1    2236
    1    3   46  166  163    1   11    2    2    1    2061
    1    3   47  167  293    1   19    2    3    0    3425
    1    3   48  168   72    1    5    1    1    1    1663
    1    3   49  169  125    1    8    1    1    1    4543
    1    3   50  170  465    1   30    3    3    1    3219
    1    3   51  171  238    1   15    2    3    0    3878
    1    3   52  172  135    1    9    1    1    1    1478
    1    3   53  173  443    1   28    3    3    1    2561
    1    3   54  174  376    1   24    3    3    1    2666
    1    3   55  175  395    1   25    3    1    0    2219
    1    3   56  176  297    1   19    2    2    1    2289
    1    3   57  177   62    1    4    1    1    1    3103
    1    3   58  178  339    1   22    3    3    1    3170
    1    3   59  179  355    1   23    3    3    1    2133
    1    3   60  180  405    1   26    3    3    1    6341
    2    1    1  181   52    0    4    1    1    1    2139
    2    1    2  182  301    0   19    2    2    1    1311
    2    1    3  183  285    0   18    2    3    0    1997
    2    1    4  184  468    0   30    3    3    1    2387
    2    1    5  185  302    0   19    2    3    0    2394
    2    1    6  186  308    1   20    2    3    0    1771
    2    1    7  187  111    1    7    1    1    1    2276
    2    1    8  188  168    0   11    2    1    0    1774
    2    1    9  189  447    0   28    3    3    1    1429
    2    1   10  190  362    0   23    3    3    1    3934
    2    1   11  191  354    0   23    3    3    1    1962
    2    1   12  192  221    0   14    2    2    1    3814
    2    1   13  193  462    0   29    3    3    1    1096
    2    1   14  194  215    1   14    2    2    1    1116
    2    1   15  195  342    0   22    3    3    1    3248
    2    1   16  196  377    0   24    3    3    1    1314
    2    1   17  197   43    0    3    1    1    1    2619
    2    1   18  198  286    0   18    2    2    1    1989
    2    1   19  199  393    0   25    3    3    1    1912
    2    1   20  200  397    1   25    3    2    0    1393
    2    1   21  201  110    0    7    1    3    0    2139
    2    1   22  202  317    0   20    2    3    0    2451
    2    1   23  203  192    0   12    2    2    1    3126
    2    1   24  204    8    0    1    1    1    1    1341
    2    1   25  205  457    0   29    3    3    1    1059
    2    1   26  206  211    0   14    2    2    1    1956
    2    1   27  207   58    0    4    1    1    1    1014
    2    1   28  208  403    0   26    3    3    1    2063
    2    1   29  209  160    0   10    1    1    1    1443
    2    1   30  210  236    0   15    2    3    0    4182
    2    1   31  211  117    0    8    1    1    1    3009
    2    1   32  212    2    0    1    1    1    1    1445
    2    1   33  213  131    0    9    1    1    1    1027
    2    1   34  214  250    1   16    2    2    1    3262
    2    1   35  215   79    0    5    1    1    1    1456
    2    1   36  216  473    0   30    3    2    0    3288
    2    1   37  217   19    0    2    1    1    1    1311
    2    1   38  218   23    0    2    1    1    1    1122
    2    1   39  219  267    1   17    2    2    1    2503
    2    1   40  220  461    0   29    3    3    1    2397
    2    1   41  221  108    0    7    1    3    0    1931
    2    1   42  222  191    0   12    2    2    1    2098
    2    1   43  223   65    0    5    1    1    1    1276
    2    1   44  224  238    1   15    2    2    1    5036
    2    1   45  225   80    0    5    1    1    1    1331
    2    1   46  226   17    1    2    1    2    0    3473
    2    1   47  227  405    1   26    3    3    1    3851
    2    1   48  228  200    0   13    2    3    0    2469
    2    1   49  229  113    0    8    1    2    0    1365
    2    1   50  230  147    0   10    1    3    0    2445
    2    1   51  231   70    0    5    1    1    1    1436
    2    1   52  232  146    1   10    1    1    1    1380
    2    1   53  233    9    0    1    1    1    1    1094
    2    1   54  234  431    0   27    3    3    1    1377
    2    1   55  235  387    0   25    3    3    1    2136
    2    1   56  236   77    0    5    1    1    1     915
    2    1   57  237   37    0    3    1    1    1     992
    2    1   58  238   90    0    6    1    3    0    1355
    2    1   59  239  324    0   21    3    2    0    2039
    2    1   60  240  436    0   28    3    3    1    1336
    2    1   61  241  452    0   29    3    2    0    3012
    2    1   62  242  374    0   24    3    2    0    1585
    2    1   63  243   84    0    6    1    3    0    1235
    2    1   64  244  231    0   15    2    1    0    2117
    2    1   65  245  190    1   12    2    2    1    6401
    2    1   66  246  226    0   15    2    3    0    1687
    2    1   67  247   53    0    4    1    1    1    2869
    2    1   68  248   14    0    1    1    1    1    5189
    2    1   69  249  417    0   27    3    3    1    1426
    2    1   70  250   73    1    5    1    1    1     987
    2    1   71  251  375    0   24    3    3    1    1064
    2    1   72  252  409    0   26    3    3    1    1055
    2    1   73  253   87    0    6    1    3    0    2510
    2    1   74  254   24    0    2    1    2    0    6030
    2    1   75  255  203    1   13    2    2    1    4520
    2    1   76  256  465    1   30    3    3    1    1508
    2    1   77  257  456    1   29    3    3    1    1328
    2    1   78  258  351    0   22    3    1    0    4525
    2    1   79  259  136    1    9    1    1    1    1720
    2    1   80  260  124    0    8    1    1    1     921
    2    1   81  261  279    1   18    2    2    1    2689
    2    1   82  262  197    0   13    2    1    0    1377
    2    1   83  263   60    0    4    1    2    0    2804
    2    1   84  264  389    0   25    3    3    1    1583
    2    1   85  265  139    0    9    1    1    1    1024
    2    1   86  266   97    0    7    1    1    1    1385
    2    1   87  267  372    0   24    3    1    0    6527
    2    1   88  268  233    0   15    2    3    0    1631
    2    1   89  269   93    0    6    1    3    0    1462
    2    1   90  270  101    0    7    1    1    1    1183
    2    1   91  271   78    0    5    1    1    1    1100
    2    1   92  272  419    0   27    3    3    1    1159
    2    1   93  273  257    0   17    2    1    0    5442
    2    1   94  274  386    0   25    3    2    0    1531
    2    1   95  275  222    0   14    2    3    0    2066
    2    1   96  276  367    0   23    3    2    0    1041
    2    1   97  277  365    0   23    3    3    1    1311
    2    1   98  278    5    0    1    1    1    1    1018
    2    1   99  279  291    0   19    2    1    0    1392
    2    1  100  280  186    1   12    2    2    1    2711
    2    1  101  281  115    1    8    1    1    1    1263
    2    1  102  282  332    0   21    3    2    0    1857
    2    1  103  283   12    0    1    1    1    1    1421
    2    1  104  284   38    0    3    1    1    1     992
    2    1  105  285  116    0    8    1    2    0    2282
    2    1  106  286  268    0   17    2    3    0    1311
    2    1  107  287  119    0    8    1    1    1    1141
    2    1  108  288  184    0   12    2    3    0    1879
    2    1  109  289  273    0   18    2    3    0    1568
    2    1  110  290   39    0    3    1    1    1     891
    2    1  111  291  142    0    9    1    1    1    1001
    2    1  112  292  321    0   21    3    2    0    2421
    2    1  113  293  152    0   10    1    1    1    2797
    2    1  114  294  100    0    7    1    3    0    4761
    2    1  115  295  453    0   29    3    3    1    2847
    2    1  116  296  370    0   24    3    3    1    1562
    2    1  117  297  145    0   10    1    1    1    1043
    2    1  118  298   86    0    6    1    3    0    5658
    2    1  119  299  338    0   22    3    2    0    8751
    2    1  120  300  428    0   27    3    2    0    2411
    2    1  121  301  451    0   29    3    3    1    1801
    2    1  122  302  255    0   16    2    3    0    2554
    2    1  123  303  395    1   25    3    3    1    1552
    2    1  124  304  148    1   10    1    1    1    1620
    2    1  125  305  196    0   13    2    3    0    1755
    2    1  126  306  234    0   15    2    3    0    1723
    2    1  127  307  105    0    7    1    1    1    2579
    2    1  128  308  188    0   12    2    2    1    1198
    2    1  129  309   89    0    6    1    3    0    1008
    2    1  130  310  162    0   11    2    2    1    1129
    2    1  131  311  398    0   25    3    3    1     866
    2    1  132  312  331    0   21    3    2    0    1561
    2    1  133  313   22    0    2    1    3    0    1007
    2    1  134  314  474    0   30    3    2    0     950
    2    1  135  315  144    0    9    1    1    1     548
    2    1  136  316  159    0   10    1    3    0    1887
    2    1  137  317  293    1   19    2    2    1     855
    2    1  138  318  210    0   14    2    3    0    1032
    2    1  139  319  440    0   28    3    3    1     878
    2    1  140  320  460    0   29    3    3    1    2046
    2    1  141  321  185    0   12    2    2    1    1255
    2    1  142  322  469    0   30    3    3    1    1025
    2    1  143  323  183    0   12    2    2    1     830
    2    1  144  324   55    1    4    1    1    1     810
    2    1  145  325  112    0    7    1    1    1    1008
    2    1  146  326  307    0   20    2    2    1    2327
    2    1  147  327  208    0   13    2    2    1    2602
    2    1  148  328  173    0   11    2    1    0    1298
    2    1  149  329   59    0    4    1    2    0    6180
    2    1  150  330  445    0   28    3    3    1    1871
    2    1  151  331  295    0   19    2    1    0    1641
    2    1  152  332  309    0   20    2    3    0    1318
    2    1  153  333  259    0   17    2    2    1    1078
    2    1  154  334  283    0   18    2    3    0     811
    2    1  155  335  379    0   24    3    3    1    1013
    2    1  156  336  421    0   27    3    2    0    1696
    2    1  157  337  260    0   17    2    2    1     931
    2    1  158  338  356    0   23    3    3    1    3704
    2    1  159  339  154    0   10    1    1    1    1069
    2    1  160  340  170    1   11    2    1    0    1210
    2    1  161  341  213    0   14    2    2    1     944
    2    1  162  342  432    0   27    3    3    1     812
    2    1  163  343  237    0   15    2    3    0    1155
    2    1  164  344  156    0   10    1    1    1     818
    2    1  165  345  167    0   11    2    2    1    2128
    2    1  166  346  427    0   27    3    3    1     802
    2    1  167  347   98    0    7    1    2    0    1871
    2    1  168  348  277    0   18    2    3    0     871
    2    1  169  349  201    0   13    2    3    0    1956
    2    1  170  350  161    0   11    2    1    0    1179
    2    1  171  351  104    0    7    1    1    1    1019
    2    1  172  352  414    0   26    3    2    0    1290
    2    1  173  353  407    0   26    3    3    1    1861
    2    1  174  354  274    0   18    2    3    0    1612
    2    1  175  355  364    0   23    3    3    1    2841
    2    1  176  356  339    1   22    3    3    1    2456
    2    1  177  357   29    0    2    1    2    0    1874
    2    1  178  358  175    0   11    2    3    0     925
    2    1  179  359  209    0   14    2    2    1    1784
    2    1  180  360   62    1    4    1    2    0    2397
    2    1  181  361  245    0   16    2    2    1    6343
    2    1  182  362  341    0   22    3    1    0    2566
    2    1  183  363  300    0   19    2    1    0     918
    2    1  184  364  155    0   10    1    1    1    1477
    2    1  185  365  480    0   30    3    2    0    1184
    2    1  186  366  137    0    9    1    1    1     735
    2    1  187  367    4    0    1    1    1    1    3091
    2    1  188  368  165    0   11    2    1    0    2499
    2    1  189  369  290    0   19    2    2    1    1751
    2    1  190  370  249    0   16    2    1    0    1816
    2    1  191  371  376    1   24    3    3    1    1486
    2    1  192  372   46    0    3    1    2    0    2918
    2    1  193  373  220    0   14    2    3    0    1236
    2    1  194  374  353    0   23    3    3    1    1251
    2    1  195  375   85    1    6    1    1    1    2580
    2    1  196  376   99    0    7    1    1    1    1163
    2    1  197  377  118    0    8    1    1    1    1213
    2    1  198  378  172    0   11    2    1    0    1187
    2    1  199  379  198    0   13    2    3    0    1299
    2    1  200  380  323    0   21    3    1    0    1574
    2    1  201  381  297    1   19    2    1    0    2850
    2    1  202  382  158    0   10    1    3    0    2813
    2    1  203  383   94    0    6    1    3    0     922
    2    1  204  384  106    1    7    1    1    1    1582
    2    1  205  385  449    0   29    3    3    1     698
    2    1  206  386  399    0   25    3    2    0    2376
    2    1  207  387  402    0   26    3    2    0    1479
    2    1  208  388   36    0    3    1    2    0    2390
    2    1  209  389  467    0   30    3    2    0    1128
    2    1  210  390  424    0   27    3    3    1     835
    2    1  211  391  369    0   24    3    1    0    1193
    2    1  212  392  355    1   23    3    3    1     762
    2    1  213  393  352    0   22    3    3    1    4063
    2    1  214  394  435    0   28    3    3    1     765
    2    1  215  395   96    1    6    1    1    1    1978
    2    1  216  396   20    0    2    1    2    0    1377
    2    1  217  397  343    0   22    3    1    0    2072
    2    1  218  398  276    0   18    2    3    0    1370
    2    1  219  399  292    0   19    2    2    1    2329
    2    1  220  400  378    0   24    3    3    1    1592
    2    1  221  401  479    0   30    3    2    0    1649
    2    1  222  402  330    1   21    3    3    1    1629
    2    1  223  403  312    0   20    2    3    0    1109
    2    1  224  404   83    0    6    1    2    0    1261
    2    1  225  405   72    1    5    1    1    1    1860
    2    1  226  406   10    0    1    1    1    1     982
    2    1  227  407   82    0    6    1    3    0    2456
    2    1  228  408  455    1   29    3    3    1    1031
    2    1  229  409  463    0   29    3    1    0    1718
    2    1  230  410  218    0   14    2    2    1    1349
    2    1  231  411  107    0    7    1    1    1    2741
    2    1  232  412  340    0   22    3    3    1    1660
    2    1  233  413  441    0   28    3    3    1    1400
    2    1  234  414  248    0   16    2    1    0    1701
    2    1  235  415   51    0    4    1    1    1    1472
    2    1  236  416  130    0    9    1    1    1    1146
    2    1  237  417  430    0   27    3    3    1    1090
    2    1  238  418  264    0   17    2    3    0    2185
    2    1  239  419  384    0   24    3    1    0    1719
    2    1  240  420  306    1   20    2    2    1    3356
    2    1  241  421  169    0   11    2    1    0    1434
    2    1  242  422  258    0   17    2    3    0    2118
    2    1  243  423  345    0   22    3    2    0    2791
    2    1  244  424  181    0   12    2    2    1    1273
    2    1  245  425  261    0   17    2    3    0    1350
    2    1  246  426  244    0   16    2    2    1    7830
    2    1  247  427  174    0   11    2    1    0     925
    2    1  248  428  263    0   17    2    3    0    1686
    2    1  249  429  381    1   24    3    3    1    1101
    2    1  250  430  143    0    9    1    1    1     993
    2    1  251  431    7    1    1    1    1    1    2281
    2    1  252  432  177    0   12    2    2    1    1384
    2    1  253  433  149    0   10    1    1    1    1133
    2    1  254  434  126    0    8    1    2    0    1368
    2    1  255  435  328    0   21    3    2    0    1478
    2    1  256  436  212    0   14    2    2    1    1050
    2    1  257  437  262    0   17    2    3    0     904
    2    1  258  438  121    0    8    1    2    0    2691
    2    1  259  439  247    0   16    2    3    0    1540
    2    1  260  440   40    1    3    1    1    1    2147
    2    1  261  441  347    0   22    3    1    0    2211
    2    1  262  442  298    0   19    2    2    1    1390
    2    1  263  443  199    0   13    2    2    1    1306
    2    1  264  444  294    0   19    2    2    1    1978
    2    1  265  445  429    0   27    3    3    1     770
    2    1  266  446  150    0   10    1    2    0    1938
    2    1  267  447   88    0    6    1    3    0    1184
    2    1  268  448  235    0   15    2    3    0    1130
    2    1  269  449  329    0   21    3    2    0     621
    2    1  270  450   69    0    5    1    1    1     594
    2    1  271  451  434    0   28    3    1    0     995
    2    1  272  452   74    0    5    1    1    1     746
    2    1  273  453  272    1   17    2    2    1    1009
    2    1  274  454  109    0    7    1    1    1    1660
    2    1  275  455  433    0   28    3    3    1    1184
    2    1  276  456   75    0    5    1    1    1    1482
    2    1  277  457  416    0   26    3    3    1    1023
    2    1  278  458  232    0   15    2    3    0     920
    2    1  279  459  251    0   16    2    2    1     873
    2    1  280  460  442    0   28    3    3    1     884
    2    1  281  461  223    0   14    2    2    1    2909
    2    1  282  462  275    0   18    2    1    0    1235
    2    1  283  463  239    0   15    2    2    1    2194
    2    1  284  464  287    0   18    2    3    0     821
    2    1  285  465  254    0   16    2    2    1    1345
    2    1  286  466  350    0   22    3    1    0     842
    2    1  287  467  446    1   28    3    3    1     687
    2    1  288  468  476    0   30    3    2    0     789
    2    1  289  469  406    0   26    3    2    0    1227
    2    1  290  470  153    0   10    1    1    1    1463
    2    1  291  471   11    0    1    1    2    0     788
    2    1  292  472   13    0    1    1    1    1     824
    2    1  293  473  477    0   30    3    2    0     851
    2    1  294  474   66    0    5    1    1    1     883
    2    1  295  475  478    0   30    3    3    1    1160
    2    1  296  476  470    0   30    3    3    1    1092
    2    1  297  477  228    0   15    2    3    0     895
    2    1  298  478  392    0   25    3    1    0    1037
    2    1  299  479  114    0    8    1    1    1    1333
    2    1  300  480  240    0   15    2    2    1    1382
