    1    1    1    1  411    1   26    3    1    0    2824
    1    1    2    2  406    1   26    3    3    1    4814
    1    1    3    3  266    1   17    2    1    0    3646
    1    1    4    4  396    1   25    3    3    1    3451
    1    1    5    5   37    1    3    1    1    1    1429
    1    1    6    6  290    1   19    2    2    1    3514
    1    1    7    7   58    1    4    1    1    1    1481
    1    1    8    8  479    1   30    3    3    1    1409
    1    1    9    9  356    1   23    3    3    1    3343
    1    1   10   10  212    1   14    2    3    0    3792
    1    1   11   11   49    1    4    1    2    0    2329
    1    1   12   12   56    1    4    1    1    1    1423
    1    1   13   13  252    1   16    2    2    1    3549
    1    1   14   14  245    1   16    2    2    1    3108
    1    1   15   15  448    1   28    3    1    0    3793
    1    1   16   16   16    1    1    1    1    1    1618
    1    1   17   17  360    1   23    3    3    1    1697
    1    1   18   18  120    1    8    1    2    0    2505
    1    1   19   19  280    1   18    2    3    0    1304
    1    1   20   20  359    1   23    3    3    1    1813
    1    1   21   21  340    1   22    3    2    0    5566
    1    1   22   22  473    1   30    3    1    0    2205
    1    1   23   23  465    1   30    3    1    0     835
    1    1   24   24  276    1   18    2    2    1    2174
    1    1   25   25   36    1    3    1    2    0    4455
    1    1   26   26  269    1   17    2    3    0    1429
    1    1   27   27  380    1   24    3    3    1    3250
    1    1   28   28   35    1    3    1    2    0    3428
    1    1   29   29   53    1    4    1    1    1    1399
    1    1   30   30   71    1    5    1    2    0    2252
    1    1   31   31   52    1    4    1    1    1    1224
    1    1   32   32    6    1    1    1    2    0    2169
    1    1   33   33  409    1   26    3    3    1    1519
    1    1   34   34  164    1   11    2    1    0    1223
    1    1   35   35  240    1   15    2    3    0    2740
    1    1   36   36  272    1   17    2    2    1    4332
    1    1   37   37  219    1   14    2    2    1    4150
    1    1   38   38  353    1   23    3    3    1    2368
    1    1   39   39  424    1   27    3    3    1   11431
    1    1   40   40   33    1    3    1    1    1    8109
    1    1   41   41  216    1   14    2    2    1    2765
    1    1   42   42  250    1   16    2    2    1    5371
    1    1   43   43  289    1   19    2    2    1    2449
    1    1   44   44  182    1   12    2    2    1    3626
    1    1   45   45   15    1    1    1    2    0    4054
    1    1   46   46  201    1   13    2    2    1    1608
    1    1   47   47  267    1   17    2    2    1    2809
    1    1   48   48   80    1    5    1    1    1    2855
    1    1   49   49  217    1   14    2    2    1    2128
    1    1   50   50  387    1   25    3    2    0    4483
    1    1   51   51  117    1    8    1    3    0    2805
    1    1   52   52  476    1   30    3    3    1    1815
    1    1   53   53   38    1    3    1    1    1    1570
    1    1   54   54  471    1   30    3    3    1    2471
    1    1   55   55  121    1    8    1    1    1    4836
    1    1   56   56  271    1   17    2    2    1    2555
    1    1   57   57    4    1    1    1    1    1   10200
    1    1   58   58  326    1   21    3    1    0    3015
    1    1   59   59   66    1    5    1    1    1    1362
    1    1   60   60  408    1   26    3    3    1    2691
    1    2    1   61  217    1   14    2    2    1    1660
    1    2    2   62   71    1    5    1    1    1    1468
    1    2    3   63  360    1   23    3    3    1    1245
    1    2    4   64   52    1    4    1    1    1    6062
    1    2    5   65  201    1   13    2    2    1    2325
    1    2    6   66   35    1    3    1    1    1    1277
    1    2    7   67    6    1    1    1    1    1    1292
    1    2    8   68  465    1   30    3    3    1    1366
    1    2    9   69  356    1   23    3    3    1    1686
    1    2   10   70  120    1    8    1    1    1    1701
    1    2   11   71  353    1   23    3    3    1    1198
    1    2   12   72  408    1   26    3    3    1    1339
    1    2   13   73  359    1   23    3    3    1    1293
    1    2   14   74  396    1   25    3    3    1    1311
    1    2   15   75  266    1   17    2    2    1    1340
    1    2   16   76  267    1   17    2    2    1    2652
    1    2   17   77  476    1   30    3    3    1    1619
    1    2   18   78  409    1   26    3    3    1    1149
    1    2   19   79    4    1    1    1    1    1    1847
    1    2   20   80  272    1   17    2    2    1    2763
    1    2   21   81  164    1   11    2    2    1    2340
    1    2   22   82  121    1    8    1    1    1    1347
    1    2   23   83  240    1   15    2    2    1    4514
    1    2   24   84  216    1   14    2    3    0    2357
    1    2   25   85  212    1   14    2    3    0    2391
    1    2   26   86   36    1    3    1    1    1    1912
    1    2   27   87  479    1   30    3    3    1    1810
    1    2   28   88  250    1   16    2    2    1    1300
    1    2   29   89   49    1    4    1    2    0    6717
    1    2   30   90  406    1   26    3    3    1    3216
    1    2   31   91  117    1    8    1    1    1    1751
    1    2   32   92   80    1    5    1    1    1    1893
    1    2   33   93  380    1   24    3    3    1    4117
    1    2   34   94  411    1   26    3    3    1    1034
    1    2   35   95   15    1    1    1    2    0    1397
    1    2   36   96  290    1   19    2    1    0    1493
    1    2   37   97   53    1    4    1    1    1    2218
    1    2   38   98  289    1   19    2    2    1    1444
    1    2   39   99  219    1   14    2    1    0    2620
    1    2   40  100  269    1   17    2    2    1    1506
    1    2   41  101  387    1   25    3    2    0    2305
    1    2   42  102   33    1    3    1    1    1    1385
    1    2   43  103  473    1   30    3    3    1    1375
    1    2   44  104  276    1   18    2    2    1    1405
    1    2   45  105   66    1    5    1    1    1     934
    1    2   46  106   38    1    3    1    1    1     938
    1    2   47  107  471    1   30    3    3    1    2094
    1    2   48  108  326    1   21    3    1    0    5929
    1    2   49  109   37    1    3    1    1    1    1035
    1    2   50  110  245    1   16    2    2    1    1105
    1    2   51  111  252    1   16    2    2    1    1099
    1    2   52  112  424    1   27    3    3    1    2150
    1    2   53  113  182    1   12    2    2    1    3252
    1    2   54  114   56    1    4    1    1    1    2259
    1    2   55  115  448    1   28    3    3    1    1225
    1    2   56  116  280    1   18    2    2    1    2315
    1    2   57  117   58    1    4    1    1    1    1170
    1    2   58  118  340    1   22    3    2    0    1220
    1    2   59  119  271    1   17    2    2    1     908
    1    2   60  120   16    1    1    1    1    1    1981
    1    3    1  121   66    1    5    1    1    1     922
    1    3    2  122  387    1   25    3    2    0    2004
    1    3    3  123  356    1   23    3    3    1    1108
    1    3    4  124  408    1   26    3    3    1    1166
    1    3    5  125  406    1   26    3    3    1    2440
    1    3    6  126  266    1   17    2    2    1    1571
    1    3    7  127  353    1   23    3    3    1    1164
    1    3    8  128  212    1   14    2    2    1    1751
    1    3    9  129  424    1   27    3    3    1    1524
    1    3   10  130  117    1    8    1    1    1    2207
    1    3   11  131  289    1   19    2    2    1    1660
    1    3   12  132   53    1    4    1    1    1    1896
    1    3   13  133   80    1    5    1    1    1    1468
    1    3   14  134  479    1   30    3    3    1    1571
    1    3   15  135  271    1   17    2    2    1    1143
    1    3   16  136  411    1   26    3    3    1    1573
    1    3   17  137  216    1   14    2    2    1    4620
    1    3   18  138   16    1    1    1    1    1     838
    1    3   19  139  396    1   25    3    3    1    1097
    1    3   20  140  280    1   18    2    3    0    1151
    1    3   21  141  409    1   26    3    3    1    1047
    1    3   22  142  121    1    8    1    1    1    1317
    1    3   23  143  340    1   22    3    3    1    1527
    1    3   24  144  359    1   23    3    3    1     949
    1    3   25  145  326    1   21    3    3    1    1722
    1    3   26  146  380    1   24    3    3    1    3715
    1    3   27  147   36    1    3    1    1    1    2129
    1    3   28  148  250    1   16    2    2    1    1354
    1    3   29  149  182    1   12    2    2    1    1283
    1    3   30  150   49    1    4    1    2    0    2918
    1    3   31  151  245    1   16    2    3    0    1430
    1    3   32  152  201    1   13    2    2    1    1192
    1    3   33  153    6    1    1    1    1    1    1802
    1    3   34  154   35    1    3    1    1    1     882
    1    3   35  155  465    1   30    3    3    1    1102
    1    3   36  156  120    1    8    1    1    1    1716
    1    3   37  157  219    1   14    2    1    0    1887
    1    3   38  158  471    1   30    3    3    1     975
    1    3   39  159  164    1   11    2    1    0    3777
    1    3   40  160  360    1   23    3    3    1    1090
    1    3   41  161   38    1    3    1    1    1    1806
    1    3   42  162   33    1    3    1    1    1    2532
    1    3   43  163  217    1   14    2    2    1    2548
    1    3   44  164  448    1   28    3    3    1    1503
    1    3   45  165  476    1   30    3    3    1    1080
    1    3   46  166   71    1    5    1    1    1    1248
    1    3   47  167  272    1   17    2    2    1    1567
    1    3   48  168   52    1    4    1    1    1    1447
    1    3   49  169  473    1   30    3    3    1    1041
    1    3   50  170  267    1   17    2    2    1    1811
    1    3   51  171   56    1    4    1    2    0    3749
    1    3   52  172  276    1   18    2    2    1    1424
    1    3   53  173  269    1   17    2    2    1     782
    1    3   54  174    4    1    1    1    1    1    2171
    1    3   55  175  240    1   15    2    2    1    2727
    1    3   56  176  252    1   16    2    2    1    1145
    1    3   57  177   58    1    4    1    1    1     957
    1    3   58  178   37    1    3    1    1    1     774
    1    3   59  179   15    1    1    1    2    0    1617
    1    3   60  180  290    1   19    2    1    0    3529
    2    1    1  181  414    0   26    3    3    1    1488
    2    1    2  182  190    0   12    2    1    0    1826
    2    1    3  183  364    0   23    3    2    0    5178
    2    1    4  184  189    0   12    2    1    0    5592
    2    1    5  185   86    0    6    1    1    1    6366
    2    1    6  186  139    0    9    1    2    0    5153
    2    1    7  187  263    0   17    2    2    1    1293
    2    1    8  188  154    0   10    1    2    0    1775
    2    1    9  189  127    0    8    1    1    1    1158
    2    1   10  190  151    0   10    1    2    0    1776
    2    1   11  191  389    0   25    3    3    1    1802
    2    1   12  192   64    0    4    1    3    0    3064
    2    1   13  193  274    0   18    2    2    1    1555
    2    1   14  194  104    0    7    1    1    1    5836
    2    1   15  195  311    0   20    2    3    0    6457
    2    1   16  196  112    0    7    1    1    1    2047
    2    1   17  197  160    0   10    1    1    1     968
    2    1   18  198  461    0   29    3    2    0    2220
    2    1   19  199  410    0   26    3    3    1    2080
    2    1   20  200  124    0    8    1    1    1    1174
    2    1   21  201   32    0    2    1    3    0    4882
    2    1   22  202   37    1    3    1    1    1     977
    2    1   23  203   60    0    4    1    2    0    1348
    2    1   24  204  106    0    7    1    1    1     958
    2    1   25  205  452    0   29    3    3    1     677
    2    1   26  206   59    0    4    1    2    0    1565
    2    1   27  207  153    0   10    1    1    1    1873
    2    1   28  208   27    0    2    1    3    0    4881
    2    1   29  209  282    0   18    2    2    1    1461
    2    1   30  210  231    0   15    2    1    0    1332
    2    1   31  211  122    0    8    1    1    1     914
    2    1   32  212  319    0   20    2    3    0     753
    2    1   33  213  145    0   10    1    1    1     775
    2    1   34  214  279    0   18    2    3    0    1530
    2    1   35  215  395    0   25    3    2    0    4289
    2    1   36  216  317    0   20    2    3    0    1025
    2    1   37  217  355    0   23    3    3    1     737
    2    1   38  218   69    0    5    1    1    1    1456
    2    1   39  219  207    0   13    2    2    1    1029
    2    1   40  220  378    0   24    3    2    0    3419
    2    1   41  221  334    0   21    3    1    0    7212
    2    1   42  222  257    0   17    2    2    1    2325
    2    1   43  223  224    0   14    2    2    1    2524
    2    1   44  224  422    0   27    3    3    1     728
    2    1   45  225  388    0   25    3    3    1     785
    2    1   46  226   61    0    4    1    3    0    4814
    2    1   47  227  187    0   12    2    1    0     950
    2    1   48  228  168    0   11    2    1    0     857
    2    1   49  229  169    0   11    2    1    0    1160
    2    1   50  230  333    0   21    3    1    0     746
    2    1   51  231  165    0   11    2    1    0    2213
    2    1   52  232  147    0   10    1    2    0    1239
    2    1   53  233   83    0    6    1    1    1     950
    2    1   54  234  411    1   26    3    3    1     596
    2    1   55  235  181    0   12    2    1    0     672
    2    1   56  236  448    1   28    3    3    1     946
    2    1   57  237  409    1   26    3    3    1     661
    2    1   58  238  424    1   27    3    3    1     646
    2    1   59  239  376    0   24    3    1    0    3482
    2    1   60  240   75    0    5    1    1    1     854
    2    1   61  241  419    0   27    3    3    1    1320
    2    1   62  242   79    0    5    1    1    1     887
    2    1   63  243  208    0   13    2    2    1    1391
    2    1   64  244  216    1   14    2    3    0    1558
    2    1   65  245  432    0   27    3    3    1     724
    2    1   66  246  163    0   11    2    1    0     847
    2    1   67  247  375    0   24    3    2    0    2221
    2    1   68  248  438    0   28    3    1    0    3492
    2    1   69  249  143    0    9    1    2    0    1591
    2    1   70  250  315    0   20    2    3    0    1274
    2    1   71  251  453    0   29    3    2    0    3100
    2    1   72  252  149    0   10    1    1    1    3335
    2    1   73  253  346    0   22    3    1    0    2120
    2    1   74  254  258    0   17    2    2    1     813
    2    1   75  255  113    0    8    1    2    0    4502
    2    1   76  256  450    0   29    3    3    1     635
    2    1   77  257   67    0    5    1    1    1    1147
    2    1   78  258  472    0   30    3    3    1     816
    2    1   79  259   54    0    4    1    1    1    2526
    2    1   80  260  259    0   17    2    2    1    1330
    2    1   81  261   98    0    7    1    1    1    1165
    2    1   82  262   36    1    3    1    1    1    1230
    2    1   83  263  209    0   14    2    1    0    1030
    2    1   84  264   39    0    3    1    1    1     888
    2    1   85  265  309    0   20    2    3    0    1002
    2    1   86  266   63    0    4    1    1    1    1369
    2    1   87  267   82    0    6    1    1    1     864
    2    1   88  268  225    0   15    2    2    1     912
    2    1   89  269  157    0   10    1    1    1    2096
    2    1   90  270  297    0   19    2    2    1    2917
    2    1   91  271  301    0   19    2    2    1    1452
    2    1   92  272  247    0   16    2    2    1    1858
    2    1   93  273  103    0    7    1    1    1     899
    2    1   94  274  348    0   22    3    2    0    2945
    2    1   95  275   49    1    4    1    2    0    1059
    2    1   96  276  396    1   25    3    3    1     640
    2    1   97  277  166    0   11    2    1    0    2598
    2    1   98  278  174    0   11    2    1    0    2528
    2    1   99  279  302    0   19    2    2    1    1211
    2    1  100  280   48    0    3    1    2    0    2409
    2    1  101  281  316    0   20    2    3    0     753
    2    1  102  282  462    0   29    3    3    1    2346
    2    1  103  283  340    1   22    3    3    1    1158
    2    1  104  284  202    0   13    2    2    1    1718
    2    1  105  285   56    1    4    1    1    1    2344
    2    1  106  286  425    0   27    3    3    1     883
    2    1  107  287  119    0    8    1    1    1    4550
    2    1  108  288  358    0   23    3    3    1    3148
    2    1  109  289  366    0   23    3    3    1     923
    2    1  110  290  205    0   13    2    1    0    3168
    2    1  111  291  137    0    9    1    2    0    1165
    2    1  112  292  397    0   25    3    3    1    1450
    2    1  113  293  221    0   14    2    2    1    2192
    2    1  114  294  196    0   13    2    2    1    3081
    2    1  115  295  215    0   14    2    1    0     884
    2    1  116  296  336    0   21    3    3    1    3057
    2    1  117  297  249    0   16    2    2    1    2509
    2    1  118  298   74    0    5    1    1    1    5269
    2    1  119  299    5    0    1    1    2    0    1375
    2    1  120  300  321    0   21    3    1    0    1198
    2    1  121  301  467    0   30    3    3    1     781
    2    1  122  302   66    1    5    1    2    0     867
    2    1  123  303  179    0   12    2    1    0    4512
    2    1  124  304  362    0   23    3    2    0    5553
    2    1  125  305  357    0   23    3    3    1    2701
    2    1  126  306  265    0   17    2    3    0    7576
    2    1  127  307  188    0   12    2    1    0     764
    2    1  128  308  459    0   29    3    1    0    1289
    2    1  129  309   14    0    1    1    1    1     887
    2    1  130  310  478    0   30    3    3    1     729
    2    1  131  311  292    0   19    2    1    0    1617
    2    1  132  312  387    1   25    3    2    0    2139
    2    1  133  313   50    0    4    1    1    1    1155
    2    1  134  314  352    0   22    3    3    1    1446
    2    1  135  315  243    0   16    2    2    1     889
    2    1  136  316  469    0   30    3    3    1     773
    2    1  137  317   30    0    2    1    1    1    1599
    2    1  138  318  454    0   29    3    2    0    1878
    2    1  139  319  330    0   21    3    1    0     817
    2    1  140  320  344    0   22    3    2    0    1141
    2    1  141  321  384    0   24    3    3    1    2032
    2    1  142  322  290    1   19    2    2    1    1257
    2    1  143  323  406    1   26    3    3    1    2650
    2    1  144  324  120    1    8    1    1    1    1349
    2    1  145  325   73    0    5    1    1    1    1842
    2    1  146  326  276    1   18    2    2    1    1505
    2    1  147  327  233    0   15    2    3    0    1162
    2    1  148  328    8    0    1    1    1    1    3319
    2    1  149  329  360    1   23    3    3    1     769
    2    1  150  330   38    1    3    1    1    1     914
    2    1  151  331  460    0   29    3    2    0    1627
    2    1  152  332  192    0   12    2    1    0     716
    2    1  153  333  204    0   13    2    2    1     874
    2    1  154  334   29    0    2    1    3    0    2493
    2    1  155  335  286    0   18    2    3    0     998
    2    1  156  336  251    0   16    2    2    1    1733
    2    1  157  337  382    0   24    3    2    0     915
    2    1  158  338   51    0    4    1    1    1    1030
    2    1  159  339  326    1   21    3    1    0    1745
    2    1  160  340   97    0    7    1    3    0    6826
    2    1  161  341  230    0   15    2    3    0    2315
    2    1  162  342  245    1   16    2    3    0    2866
    2    1  163  343  351    0   22    3    2    0    2109
    2    1  164  344  293    0   19    2    1    0    1476
    2    1  165  345  253    0   16    2    2    1    1112
    2    1  166  346    7    0    1    1    2    0    1083
    2    1  167  347   10    0    1    1    1    1     751
    2    1  168  348  405    0   26    3    2    0    4398
    2    1  169  349  471    1   30    3    3    1     923
    2    1  170  350  415    0   26    3    3    1    1627
    2    1  171  351  356    1   23    3    3    1     796
    2    1  172  352  464    0   29    3    3    1    1475
    2    1  173  353  416    0   26    3    3    1     792
    2    1  174  354  343    0   22    3    2    0     906
    2    1  175  355   16    1    1    1    1    1     839
    2    1  176  356  211    0   14    2    1    0    2165
    2    1  177  357   88    0    6    1    1    1     608
    2    1  178  358  296    0   19    2    2    1    2114
    2    1  179  359  318    0   20    2    3    0    3880
    2    1  180  360  240    1   15    2    1    0    4054
    2    1  181  361  335    0   21    3    1    0     614
    2    1  182  362  294    0   19    2    1    0    1614
    2    1  183  363  161    0   11    2    1    0    1401
    2    1  184  364  347    0   22    3    2    0    1288
    2    1  185  365  213    0   14    2    1    0    1522
    2    1  186  366   21    0    2    1    3    0     942
    2    1  187  367  320    0   20    2    3    0     653
    2    1  188  368  102    0    7    1    2    0     873
    2    1  189  369   19    0    2    1    1    1    5525
    2    1  190  370  418    0   27    3    3    1    1381
    2    1  191  371  178    0   12    2    1    0     734
    2    1  192  372  370    0   24    3    2    0    3406
    2    1  193  373  477    0   30    3    3    1    1071
    2    1  194  374  182    1   12    2    2    1    1288
    2    1  195  375  455    0   29    3    2    0    1805
    2    1  196  376  217    1   14    2    2    1    2624
    2    1  197  377  109    0    7    1    1    1     961
    2    1  198  378  222    0   14    2    1    0    1611
    2    1  199  379  229    0   15    2    3    0    1153
    2    1  200  380  440    0   28    3    3    1    1139
    2    1  201  381   68    0    5    1    1    1     717
    2    1  202  382  386    0   25    3    2    0    1153
    2    1  203  383  451    0   29    3    3    1     592
    2    1  204  384  226    0   15    2    3    0     600
    2    1  205  385   41    0    3    1    1    1     669
    2    1  206  386   70    0    5    1    1    1     483
    2    1  207  387  365    0   23    3    3    1    5859
    2    1  208  388  304    0   19    2    2    1    1424
    2    1  209  389   17    0    2    1    2    0    3243
    2    1  210  390  210    0   14    2    3    0    1133
    2    1  211  391  175    0   11    2    2    1    1503
    2    1  212  392  329    0   21    3    1    0     563
    2    1  213  393   72    0    5    1    1    1     974
    2    1  214  394  439    0   28    3    3    1    1145
    2    1  215  395   94    0    6    1    1    1     703
    2    1  216  396  234    0   15    2    3    0    1515
    2    1  217  397   71    1    5    1    1    1     893
    2    1  218  398  201    1   13    2    2    1     803
    2    1  219  399  331    0   21    3    1    0     599
    2    1  220  400  444    0   28    3    3    1     673
    2    1  221  401  291    0   19    2    2    1    1284
    2    1  222  402  288    0   18    2    2    1    2333
    2    1  223  403   93    0    6    1    1    1     621
    2    1  224  404  463    0   29    3    3    1    1399
    2    1  225  405  429    0   27    3    3    1     557
    2    1  226  406  134    0    9    1    3    0    2120
    2    1  227  407  180    0   12    2    1    0     593
    2    1  228  408  125    0    8    1    1    1     810
    2    1  229  409  383    0   24    3    2    0    2638
    2    1  230  410  361    0   23    3    3    1     717
    2    1  231  411  289    1   19    2    2    1    2002
    2    1  232  412  442    0   28    3    3    1    1627
    2    1  233  413   78    0    5    1    1    1     619
    2    1  234  414  220    0   14    2    3    0    1060
    2    1  235  415   34    0    3    1    1    1     603
    2    1  236  416  164    1   11    2    1    0    1385
    2    1  237  417  152    0   10    1    3    0    1043
    2    1  238  418  437    0   28    3    3    1    2607
    2    1  239  419  162    0   11    2    1    0    1907
    2    1  240  420  267    1   17    2    2    1     782
    2    1  241  421  349    0   22    3    2    0    1107
    2    1  242  422  155    0   10    1    3    0     941
    2    1  243  423  248    0   16    2    2    1     871
    2    1  244  424  354    0   23    3    3    1     813
    2    1  245  425  184    0   12    2    1    0     611
    2    1  246  426  381    0   24    3    2    0     937
    2    1  247  427  299    0   19    2    1    0    1135
    2    1  248  428  402    0   26    3    3    1    1265
    2    1  249  429   33    1    3    1    1    1     636
    2    1  250  430   40    0    3    1    1    1     657
    2    1  251  431  261    0   17    2    3    0     774
    2    1  252  432  285    0   18    2    3    0    1604
    2    1  253  433  310    0   20    2    3    0     877
    2    1  254  434  307    0   20    2    3    0     872
    2    1  255  435  254    0   16    2    2    1     866
    2    1  256  436  218    0   14    2    3    0    2477
    2    1  257  437  126    0    8    1    1    1    1657
    2    1  258  438  232    0   15    2    2    1    1255
    2    1  259  439  431    0   27    3    3    1     685
    2    1  260  440   12    0    1    1    1    1     799
    2    1  261  441   31    0    2    1    1    1    3754
    2    1  262  442  339    0   22    3    1    0    2751
    2    1  263  443   55    0    4    1    2    0    2102
    2    1  264  444   43    0    3    1    1    1     868
    2    1  265  445    4    1    1    1    1    1     762
    2    1  266  446  394    0   25    3    3    1    3205
    2    1  267  447  465    1   30    3    3    1    1018
    2    1  268  448  244    0   16    2    2    1    3338
    2    1  269  449   95    0    6    1    1    1     671
    2    1  270  450  305    0   20    2    1    0     673
    2    1  271  451  374    0   24    3    3    1    1360
    2    1  272  452  435    0   28    3    3    1    1113
    2    1  273  453  146    0   10    1    2    0    3582
    2    1  274  454  176    0   11    2    1    0    1671
    2    1  275  455    9    0    1    1    1    1     784
    2    1  276  456  456    0   29    3    3    1     875
    2    1  277  457  401    0   26    3    3    1     779
    2    1  278  458   90    0    6    1    1    1     953
    2    1  279  459  353    1   23    3    3    1    1344
    2    1  280  460  121    1    8    1    1    1     787
    2    1  281  461  223    0   14    2    3    0     923
    2    1  282  462    3    0    1    1    2    0     945
    2    1  283  463  385    0   25    3    3    1     929
    2    1  284  464  441    0   28    3    3    1     861
    2    1  285  465   84    0    6    1    1    1     749
    2    1  286  466  408    1   26    3    3    1    1365
    2    1  287  467  123    0    8    1    1    1     830
    2    1  288  468  238    0   15    2    3    0    1264
    2    1  289  469  323    0   21    3    1    0    1256
    2    1  290  470  428    0   27    3    3    1    1149
    2    1  291  471  203    0   13    2    2    1    2265
    2    1  292  472  173    0   11    2    3    0    1484
    2    1  293  473  156    0   10    1    2    0     907
    2    1  294  474   13    0    1    1    1    1     864
    2    1  295  475  341    0   22    3    2    0     769
    2    1  296  476  228    0   15    2    3    0    1817
    2    1  297  477    6    1    1    1    2    0    1598
    2    1  298  478  328    0   21    3    1    0     626
    2    1  299  479   62    0    4    1    3    0    1886
    2    1  300  480   52    1    4    1    1    1    1026
