    1    1    1    1  276    1   18    2    2    1    9381
    1    1    2    2    6    1    1    1    2    0    5107
    1    1    3    3   36    1    3    1    3    0    3740
    1    1    4    4  448    1   28    3    2    0    2635
    1    1    5    5    4    1    1    1    1    1    1910
    1    1    6    6  473    1   30    3    1    0    1055
    1    1    7    7   37    1    3    1    1    1    1610
    1    1    8    8  201    1   13    2    3    0    2494
    1    1    9    9  326    1   21    3    2    0    3103
    1    1   10   10  266    1   17    2    1    0    3591
    1    1   11   11  380    1   24    3    1    0    4461
    1    1   12   12  219    1   14    2    1    0    1199
    1    1   13   13   56    1    4    1    3    0    1364
    1    1   14   14   80    1    5    1    3    0    6801
    1    1   15   15  240    1   15    2    1    0    4887
    1    1   16   16  359    1   23    3    2    0    4200
    1    1   17   17  387    1   25    3    3    1    2614
    1    1   18   18   71    1    5    1    2    0    2193
    1    1   19   19   52    1    4    1    3    0    6543
    1    1   20   20  182    1   12    2    3    0   11102
    1    1   21   21  272    1   17    2    3    0    2791
    1    1   22   22  120    1    8    1    1    1    2188
    1    1   23   23  424    1   27    3    2    0    3082
    1    1   24   24  465    1   30    3    3    1    2579
    1    1   25   25  411    1   26    3    1    0    2673
    1    1   26   26  408    1   26    3    2    0     282
    1    1   27   27  121    1    8    1    2    0    1380
    1    1   28   28  356    1   23    3    1    0    2657
    1    1   29   29  245    1   16    2    2    1    1757
    1    1   30   30  216    1   14    2    3    0    2475
    1    1   31   31  471    1   30    3    3    1    4381
    1    1   32   32  409    1   26    3    1    0    1811
    1    1   33   33  117    1    8    1    1    1    4191
    1    1   34   34   49    1    4    1    1    1    2124
    1    1   35   35  250    1   16    2    2    1    1052
    1    1   36   36  340    1   22    3    3    1    1383
    1    1   37   37  479    1   30    3    2    0     852
    1    1   38   38  290    1   19    2    1    0    2215
    1    1   39   39   38    1    3    1    2    0    6035
    1    1   40   40  360    1   23    3    3    1    2374
    1    1   41   41  271    1   17    2    2    1    2684
    1    1   42   42   16    1    1    1    1    1    1862
    1    1   43   43   58    1    4    1    1    1    1664
    1    1   44   44  269    1   17    2    2    1    1761
    1    1   45   45  164    1   11    2    2    1    1487
    1    1   46   46   66    1    5    1    3    0    1225
    1    1   47   47   15    1    1    1    2    0    3293
    1    1   48   48  353    1   23    3    3    1     830
    1    1   49   49   33    1    3    1    1    1    2754
    1    1   50   50  280    1   18    2    3    0     968
    1    1   51   51  267    1   17    2    2    1    3942
    1    1   52   52  406    1   26    3    2    0    1967
    1    1   53   53  289    1   19    2    3    0    1460
    1    1   54   54  212    1   14    2    1    0    2861
    1    1   55   55   53    1    4    1    2    0    2368
    1    1   56   56  252    1   16    2    3    0    2038
    1    1   57   57   35    1    3    1    1    1    3449
    1    1   58   58  217    1   14    2    3    0    7124
    1    1   59   59  476    1   30    3    3    1    1197
    1    1   60   60  396    1   25    3    3    1     945
    1    2    1   61  465    1   30    3    2    0    2351
    1    2    2   62   49    1    4    1    2    0    1510
    1    2    3   63   15    1    1    1    1    1    1375
    1    2    4   64  216    1   14    2    2    1     829
    1    2    5   65   56    1    4    1    1    1    1232
    1    2    6   66  387    1   25    3    3    1    1108
    1    2    7   67  353    1   23    3    3    1     925
    1    2    8   68  271    1   17    2    2    1    3197
    1    2    9   69  280    1   18    2    3    0    1266
    1    2   10   70  272    1   17    2    2    1    1604
    1    2   11   71  479    1   30    3    3    1    1592
    1    2   12   72   53    1    4    1    1    1    1582
    1    2   13   73  471    1   30    3    3    1     787
    1    2   14   74   52    1    4    1    1    1    1097
    1    2   15   75  326    1   21    3    2    0    7729
    1    2   16   76  380    1   24    3    2    0    1856
    1    2   17   77  356    1   23    3    3    1    1405
    1    2   18   78    6    1    1    1    2    0    1257
    1    2   19   79  360    1   23    3    3    1     779
    1    2   20   80  290    1   19    2    1    0     865
    1    2   21   81  473    1   30    3    2    0    2467
    1    2   22   82  266    1   17    2    2    1    4838
    1    2   23   83  201    1   13    2    2    1    1833
    1    2   24   84   37    1    3    1    3    0    1557
    1    2   25   85  240    1   15    2    3    0    2666
    1    2   26   86   36    1    3    1    1    1    2453
    1    2   27   87   66    1    5    1    1    1    2104
    1    2   28   88   33    1    3    1    2    0    1305
    1    2   29   89  476    1   30    3    3    1    3258
    1    2   30   90  411    1   26    3    3    1   10156
    1    2   31   91   71    1    5    1    1    1     843
    1    2   32   92   80    1    5    1    1    1     879
    1    2   33   93  117    1    8    1    1    1     735
    1    2   34   94  245    1   16    2    2    1     806
    1    2   35   95  252    1   16    2    2    1     844
    1    2   36   96  164    1   11    2    1    0    1263
    1    2   37   97    4    1    1    1    3    0     865
    1    2   38   98  424    1   27    3    3    1     818
    1    2   39   99  406    1   26    3    2    0    5175
    1    2   40  100   16    1    1    1    1    1    1245
    1    2   41  101  359    1   23    3    3    1    2064
    1    2   42  102  269    1   17    2    1    0    1938
    1    2   43  103  289    1   19    2    2    1    1529
    1    2   44  104  120    1    8    1    1    1     785
    1    2   45  105   38    1    3    1    1    1     662
    1    2   46  106  396    1   25    3    3    1    2912
    1    2   47  107  448    1   28    3    1    0     944
    1    2   48  108  217    1   14    2    2    1    1423
    1    2   49  109   35    1    3    1    1    1     763
    1    2   50  110  219    1   14    2    2    1    1233
    1    2   51  111   58    1    4    1    1    1    1060
    1    2   52  112  267    1   17    2    2    1    1086
    1    2   53  113  182    1   12    2    2    1    1112
    1    2   54  114  121    1    8    1    1    1    1264
    1    2   55  115  212    1   14    2    2    1    4002
    1    2   56  116  250    1   16    2    2    1    1382
    1    2   57  117  409    1   26    3    2    0    1508
    1    2   58  118  340    1   22    3    3    1    1276
    1    2   59  119  408    1   26    3    3    1     719
    1    2   60  120  276    1   18    2    3    0     775
    1    3    1  121  272    1   17    2    2    1    1309
    1    3    2  122  353    1   23    3    3    1     845
    1    3    3  123   53    1    4    1    1    1     832
    1    3    4  124  359    1   23    3    3    1    4083
    1    3    5  125  408    1   26    3    1    0    1412
    1    3    6  126  360    1   23    3    2    0     128
    1    3    7  127   15    1    1    1    1    1     735
    1    3    8  128  182    1   12    2    2    1    1335
    1    3    9  129   49    1    4    1    2    0    2567
    1    3   10  130  411    1   26    3    2    0    1749
    1    3   11  131  219    1   14    2    2    1    5971
    1    3   12  132  250    1   16    2    2    1    1050
    1    3   13  133  289    1   19    2    2    1    1188
    1    3   14  134  216    1   14    2    2    1    1130
    1    3   15  135  252    1   16    2    2    1    1712
    1    3   16  136   38    1    3    1    1    1    1345
    1    3   17  137  465    1   30    3    3    1    3311
    1    3   18  138  266    1   17    2    2    1    1345
    1    3   19  139  217    1   14    2    1    0    2143
    1    3   20  140  117    1    8    1    1    1     862
    1    3   21  141  212    1   14    2    2    1    1697
    1    3   22  142   16    1    1    1    1    1    1297
    1    3   23  143   33    1    3    1    1    1    1250
    1    3   24  144  201    1   13    2    2    1    1141
    1    3   25  145   56    1    4    1    1    1    1196
    1    3   26  146  340    1   22    3    3    1    2577
    1    3   27  147  396    1   25    3    3    1    1695
    1    3   28  148   58    1    4    1    1    1     784
    1    3   29  149  121    1    8    1    1    1     757
    1    3   30  150   66    1    5    1    1    1    1515
    1    3   31  151  479    1   30    3    2    0    1139
    1    3   32  152  380    1   24    3    1    0     858
    1    3   33  153  406    1   26    3    3    1    1582
    1    3   34  154  271    1   17    2    2    1    1315
    1    3   35  155  387    1   25    3    2    0    1636
    1    3   36  156  269    1   17    2    3    0     150
    1    3   37  157   36    1    3    1    1    1     709
    1    3   38  158  120    1    8    1    1    1     814
    1    3   39  159  448    1   28    3    3    1    1778
    1    3   40  160  471    1   30    3    3    1    2272
    1    3   41  161  476    1   30    3    3    1    2234
    1    3   42  162  326    1   21    3    1    0    1158
    1    3   43  163  424    1   27    3    3    1    1117
    1    3   44  164   37    1    3    1    1    1    1205
    1    3   45  165   80    1    5    1    1    1    1769
    1    3   46  166  290    1   19    2    1    0    1095
    1    3   47  167  356    1   23    3    3    1     864
    1    3   48  168   71    1    5    1    1    1    1714
    1    3   49  169    4    1    1    1    2    0    2066
    1    3   50  170   52    1    4    1    1    1     868
    1    3   51  171    6    1    1    1    1    1    1846
    1    3   52  172  164    1   11    2    2    1    1553
    1    3   53  173  280    1   18    2    3    0    1800
    1    3   54  174  473    1   30    3    2    0    1380
    1    3   55  175  409    1   26    3    3    1    1938
    1    3   56  176  267    1   17    2    2    1    2137
    1    3   57  177  276    1   18    2    3    0    2137
    1    3   58  178  240    1   15    2    3    0    2696
    1    3   59  179   35    1    3    1    1    1    1553
    1    3   60  180  245    1   16    2    2    1    1527
    2    1    1  181   94    0    6    1    2    0   10194
    2    1    2  182  438    0   28    3    1    0     750
    2    1    3  183  115    0    8    1    1    1     721
    2    1    4  184  369    0   24    3    1    0     613
    2    1    5  185  341    0   22    3    1    0     605
    2    1    6  186  476    1   30    3    2    0     646
    2    1    7  187   81    0    6    1    2    0     717
    2    1    8  188  208    0   13    2    2    1     704
    2    1    9  189  340    1   22    3    3    1     677
    2    1   10  190  409    1   26    3    2    0    2059
    2    1   11  191  336    0   21    3    2    0     681
    2    1   12  192  114    0    8    1    1    1     686
    2    1   13  193  318    0   20    2    2    1    1124
    2    1   14  194  376    0   24    3    1    0     840
    2    1   15  195   33    1    3    1    1    1     647
    2    1   16  196  279    0   18    2    3    0    1806
    2    1   17  197  156    0   10    1    1    1     791
    2    1   18  198  216    1   14    2    2    1    1064
    2    1   19  199  425    0   27    3    3    1     781
    2    1   20  200  460    0   29    3    3    1    2175
    2    1   21  201  194    0   13    2    1    0     825
    2    1   22  202  330    0   21    3    2    0     968
    2    1   23  203  237    0   15    2    3    0    2931
    2    1   24  204   63    0    4    1    1    1     766
    2    1   25  205  446    0   28    3    3    1    2897
    2    1   26  206   95    0    6    1    2    0     877
    2    1   27  207  191    0   12    2    2    1     794
    2    1   28  208  235    0   15    2    1    0     923
    2    1   29  209  390    0   25    3    3    1    1335
    2    1   30  210   75    0    5    1    1    1     770
    2    1   31  211  243    0   16    2    2    1    1972
    2    1   32  212  395    0   25    3    2    0    4822
    2    1   33  213   55    0    4    1    1    1     774
    2    1   34  214  242    0   16    2    2    1     824
    2    1   35  215  123    0    8    1    1    1     761
    2    1   36  216  202    0   13    2    1    0    2123
    2    1   37  217  293    0   19    2    1    0    2535
    2    1   38  218  474    0   30    3    2    0     931
    2    1   39  219  130    0    9    1    1    1     765
    2    1   40  220   73    0    5    1    1    1     752
    2    1   41  221  432    0   27    3    3    1     674
    2    1   42  222  427    0   27    3    3    1     599
    2    1   43  223   29    0    2    1    2    0     577
    2    1   44  224  135    0    9    1    1    1     731
    2    1   45  225  392    0   25    3    3    1    2846
    2    1   46  226  275    0   18    2    3    0    1709
    2    1   47  227  404    0   26    3    2    0    1289
    2    1   48  228  117    1    8    1    1    1    1718
    2    1   49  229  127    0    8    1    1    1    1090
    2    1   50  230    1    0    1    1    2    0    1864
    2    1   51  231  450    0   29    3    3    1    1070
    2    1   52  232   66    1    5    1    1    1     803
    2    1   53  233  260    0   17    2    2    1    1189
    2    1   54  234  290    1   19    2    1    0     917
    2    1   55  235  253    0   16    2    1    0    4962
    2    1   56  236  355    0   23    3    3    1    2988
    2    1   57  237   64    0    4    1    2    0     693
    2    1   58  238  139    0    9    1    1    1    1243
    2    1   59  239  102    0    7    1    3    0    3753
    2    1   60  240  401    0   26    3    3    1     916
    2    1   61  241  320    0   20    2    2    1     432
    2    1   62  242  453    0   29    3    2    0    1600
    2    1   63  243  170    0   11    2    1    0     704
    2    1   64  244  248    0   16    2    2    1    3558
    2    1   65  245  305    0   20    2    2    1     903
    2    1   66  246  426    0   27    3    3    1     628
    2    1   67  247  354    0   23    3    3    1     524
    2    1   68  248  479    1   30    3    2    0     984
    2    1   69  249  255    0   16    2    1    0    1313
    2    1   70  250   38    1    3    1    1    1     846
    2    1   71  251  316    0   20    2    2    1    1804
    2    1   72  252  280    1   18    2    3    0    1685
    2    1   73  253   98    0    7    1    1    1     707
    2    1   74  254  331    0   21    3    2    0    1352
    2    1   75  255  178    0   12    2    2    1    1730
    2    1   76  256  416    0   26    3    3    1    2957
    2    1   77  257  431    0   27    3    3    1     776
    2    1   78  258   82    0    6    1    2    0     554
    2    1   79  259   92    0    6    1    2    0     501
    2    1   80  260  452    0   29    3    3    1    1442
    2    1   81  261   14    0    1    1    1    1     809
    2    1   82  262  129    0    9    1    1    1     681
    2    1   83  263  271    1   17    2    2    1    1695
    2    1   84  264  158    0   10    1    3    0    1340
    2    1   85  265  110    0    7    1    1    1     919
    2    1   86  266  368    0   23    3    1    0     899
    2    1   87  267   20    0    2    1    2    0     512
    2    1   88  268  345    0   22    3    2    0     891
    2    1   89  269  270    0   17    2    2    1    4617
    2    1   90  270  201    1   13    2    2    1    3377
    2    1   91  271  264    0   17    2    2    1    4795
    2    1   92  272  187    0   12    2    2    1    2027
    2    1   93  273   47    0    3    1    1    1     987
    2    1   94  274  436    0   28    3    1    0    1636
    2    1   95  275  322    0   21    3    2    0     691
    2    1   96  276  365    0   23    3    3    1    1671
    2    1   97  277  132    0    9    1    1    1     885
    2    1   98  278   74    0    5    1    1    1     803
    2    1   99  279  172    0   11    2    1    0     835
    2    1  100  280  263    0   17    2    2    1    1010
    2    1  101  281   51    0    4    1    1    1     859
    2    1  102  282  458    0   29    3    3    1    1866
    2    1  103  283  226    0   15    2    3    0     912
    2    1  104  284  477    0   30    3    3    1     683
    2    1  105  285   42    0    3    1    1    1    1488
    2    1  106  286  334    0   21    3    2    0     998
    2    1  107  287  351    0   22    3    1    0    4495
    2    1  108  288  472    0   30    3    2    0     875
    2    1  109  289   78    0    5    1    1    1     778
    2    1  110  290  182    1   12    2    2    1     763
    2    1  111  291  200    0   13    2    2    1    4076
    2    1  112  292  439    0   28    3    3    1     714
    2    1  113  293  107    0    7    1    1    1    1918
    2    1  114  294  285    0   18    2    3    0    1713
    2    1  115  295  239    0   15    2    3    0    1102
    2    1  116  296  207    0   13    2    2    1    1201
    2    1  117  297  197    0   13    2    2    1    4116
    2    1  118  298  162    0   11    2    2    1    1279
    2    1  119  299  367    0   23    3    2    0     764
    2    1  120  300  246    0   16    2    3    0    1087
    2    1  121  301  113    0    8    1    2    0     708
    2    1  122  302   97    0    7    1    1    1    1096
    2    1  123  303  277    0   18    2    3    0     909
    2    1  124  304  214    0   14    2    2    1     714
    2    1  125  305  430    0   27    3    3    1     638
    2    1  126  306  350    0   22    3    1    0    1461
    2    1  127  307  244    0   16    2    3    0    1867
    2    1  128  308  120    1    8    1    1    1    2097
    2    1  129  309  379    0   24    3    1    0    1438
    2    1  130  310  297    0   19    2    2    1    1413
    2    1  131  311   10    0    1    1    3    0    3085
    2    1  132  312  339    0   22    3    1    0    1107
    2    1  133  313   44    0    3    1    1    1    2695
    2    1  134  314  150    0   10    1    3    0     843
    2    1  135  315  177    0   12    2    2    1     763
    2    1  136  316  454    0   29    3    3    1    4461
    2    1  137  317  193    0   13    2    3    0    1387
    2    1  138  318  349    0   22    3    1    0     788
    2    1  139  319  424    1   27    3    3    1     774
    2    1  140  320   13    0    1    1    2    0     759
    2    1  141  321  145    0   10    1    1    1     874
    2    1  142  322  154    0   10    1    1    1    1320
    2    1  143  323  443    0   28    3    3    1     835
    2    1  144  324   83    0    6    1    2    0     690
    2    1  145  325  174    0   11    2    2    1    1929
    2    1  146  326  421    0   27    3    2    0    1468
    2    1  147  327  147    0   10    1    2    0    1298
    2    1  148  328  418    0   27    3    3    1     542
    2    1  149  329  144    0    9    1    1    1     794
    2    1  150  330   58    1    4    1    2    0     859
    2    1  151  331  105    0    7    1    1    1     921
    2    1  152  332  306    0   20    2    3    0    1286
    2    1  153  333   25    0    2    1    2    0     964
    2    1  154  334  384    0   24    3    1    0     717
    2    1  155  335  464    0   29    3    3    1    1537
    2    1  156  336  423    0   27    3    3    1     949
    2    1  157  337  422    0   27    3    3    1     880
    2    1  158  338   90    0    6    1    2    0     621
    2    1  159  339  163    0   11    2    2    1     630
    2    1  160  340  131    0    9    1    1    1    1085
    2    1  161  341  166    0   11    2    2    1    2018
    2    1  162  342   35    1    3    1    1    1     658
    2    1  163  343  449    0   29    3    2    0    1049
    2    1  164  344  125    0    8    1    2    0     768
    2    1  165  345  385    0   25    3    3    1    1041
    2    1  166  346  136    0    9    1    3    0     857
    2    1  167  347   50    0    4    1    3    0     936
    2    1  168  348   65    0    5    1    1    1    1523
    2    1  169  349  406    1   26    3    3    1     998
    2    1  170  350   77    0    5    1    1    1     687
    2    1  171  351  122    0    8    1    1    1     676
    2    1  172  352  267    1   17    2    2    1    3130
    2    1  173  353  372    0   24    3    1    0     798
    2    1  174  354   62    0    4    1    1    1    3919
    2    1  175  355  186    0   12    2    2    1     931
    2    1  176  356   96    0    6    1    2    0     541
    2    1  177  357   59    0    4    1    3    0    1544
    2    1  178  358   52    1    4    1    1    1     922
    2    1  179  359  173    0   11    2    3    0    3639
    2    1  180  360  386    0   25    3    3    1    1030
    2    1  181  361  116    0    8    1    1    1     686
    2    1  182  362  219    1   14    2    3    0    4019
    2    1  183  363  415    0   26    3    3    1     787
    2    1  184  364   41    0    3    1    1    1    1124
    2    1  185  365   16    1    1    1    1    1     713
    2    1  186  366  471    1   30    3    3    1     668
    2    1  187  367   22    0    2    1    2    0     691
    2    1  188  368  176    0   11    2    2    1    1864
    2    1  189  369  229    0   15    2    3    0     525
    2    1  190  370  410    0   26    3    3    1     682
    2    1  191  371  360    1   23    3    3    1     607
    2    1  192  372    3    0    1    1    2    0    1895
    2    1  193  373  262    0   17    2    3    0     861
    2    1  194  374  389    0   25    3    3    1     556
    2    1  195  375  470    0   30    3    2    0     742
    2    1  196  376  185    0   12    2    2    1     489
    2    1  197  377  441    0   28    3    3    1     710
    2    1  198  378   15    1    1    1    1    1    1179
    2    1  199  379  465    1   30    3    3    1    3868
    2    1  200  380  189    0   12    2    2    1    3330
    2    1  201  381  405    0   26    3    3    1    2253
    2    1  202  382  467    0   30    3    3    1     869
    2    1  203  383  358    0   23    3    3    1    1026
    2    1  204  384   69    0    5    1    3    0     938
    2    1  205  385  466    0   30    3    2    0    1125
    2    1  206  386   71    1    5    1    1    1    1017
    2    1  207  387  209    0   14    2    2    1     673
    2    1  208  388  342    0   22    3    1    0    1815
    2    1  209  389  308    0   20    2    2    1     750
    2    1  210  390   23    0    2    1    1    1     898
    2    1  211  391   27    0    2    1    1    1     767
    2    1  212  392  169    0   11    2    1    0     993
    2    1  213  393  325    0   21    3    2    0     778
    2    1  214  394  199    0   13    2    3    0    1563
    2    1  215  395  250    1   16    2    3    0     717
    2    1  216  396  356    1   23    3    3    1    1201
    2    1  217  397  311    0   20    2    3    0     610
    2    1  218  398  375    0   24    3    1    0     939
    2    1  219  399  287    0   18    2    3    0     726
    2    1  220  400  183    0   12    2    2    1     666
    2    1  221  401  221    0   14    2    2    1    2048
    2    1  222  402   21    0    2    1    3    0     798
    2    1  223  403  304    0   19    2    1    0    1679
    2    1  224  404  420    0   27    3    3    1     764
    2    1  225  405  319    0   20    2    3    0     942
    2    1  226  406   28    0    2    1    1    1    2377
    2    1  227  407  198    0   13    2    3    0     827
    2    1  228  408  317    0   20    2    2    1    1306
    2    1  229  409  171    0   11    2    1    0     968
    2    1  230  410  396    1   25    3    3    1     850
    2    1  231  411  195    0   13    2    3    0    1536
    2    1  232  412  288    0   18    2    3    0    1348
    2    1  233  413  480    0   30    3    2    0     766
    2    1  234  414  236    0   15    2    1    0    2960
    2    1  235  415  274    0   18    2    3    0    1338
    2    1  236  416  397    0   25    3    3    1    2502
    2    1  237  417  403    0   26    3    1    0     770
    2    1  238  418  249    0   16    2    1    0    1012
    2    1  239  419   89    0    6    1    2    0     572
    2    1  240  420  258    0   17    2    3    0    1110
    2    1  241  421   12    0    1    1    1    1     651
    2    1  242  422   48    0    3    1    1    1    1170
    2    1  243  423  206    0   13    2    3    0     788
    2    1  244  424  307    0   20    2    3    0     997
    2    1  245  425  257    0   17    2    2    1     638
    2    1  246  426  323    0   21    3    2    0     661
    2    1  247  427  278    0   18    2    3    0     620
    2    1  248  428  190    0   12    2    2    1     563
    2    1  249  429  298    0   19    2    1    0    2813
    2    1  250  430  314    0   20    2    2    1     845
    2    1  251  431  153    0   10    1    1    1     875
    2    1  252  432  103    0    7    1    1    1     697
    2    1  253  433  455    0   29    3    3    1    1022
    2    1  254  434  138    0    9    1    1    1     742
    2    1  255  435  463    0   29    3    3    1     969
    2    1  256  436  363    0   23    3    3    1    1090
    2    1  257  437  179    0   12    2    2    1    1288
    2    1  258  438   49    1    4    1    1    1    1445
    2    1  259  439   32    0    2    1    3    0     812
    2    1  260  440  371    0   24    3    1    0     812
    2    1  261  441  324    0   21    3    2    0     748
    2    1  262  442  381    0   24    3    1    0     606
    2    1  263  443  473    1   30    3    2    0    1959
    2    1  264  444   70    0    5    1    1    1     698
    2    1  265  445  359    1   23    3    3    1     734
    2    1  266  446  387    1   25    3    3    1    3521
    2    1  267  447  140    0    9    1    3    0    1733
    2    1  268  448  181    0   12    2    2    1     801
    2    1  269  449   36    1    3    1    1    1     881
    2    1  270  450   91    0    6    1    2    0    1039
    2    1  271  451  377    0   24    3    1    0     630
    2    1  272  452   24    0    2    1    2    0     798
    2    1  273  453  451    0   29    3    3    1     654
    2    1  274  454  148    0   10    1    3    0     885
    2    1  275  455   26    0    2    1    2    0     578
    2    1  276  456   61    0    4    1    1    1     748
    2    1  277  457  180    0   12    2    2    1     638
    2    1  278  458  188    0   12    2    2    1     597
    2    1  279  459  108    0    7    1    1    1    1006
    2    1  280  460  109    0    7    1    1    1    1398
    2    1  281  461  478    0   30    3    3    1    1151
    2    1  282  462   53    1    4    1    1    1     946
    2    1  283  463   80    1    5    1    1    1     765
    2    1  284  464  269    1   17    2    3    0     798
    2    1  285  465  141    0    9    1    3    0    1664
    2    1  286  466  254    0   16    2    3    0     781
    2    1  287  467  300    0   19    2    1    0     639
    2    1  288  468  224    0   14    2    2    1     775
    2    1  289  469  456    0   29    3    3    1     649
    2    1  290  470  266    1   17    2    2    1     479
    2    1  291  471  370    0   24    3    1    0     861
    2    1  292  472  230    0   15    2    3    0    1051
    2    1  293  473  296    0   19    2    1    0    1218
    2    1  294  474  289    1   19    2    3    0     770
    2    1  295  475  459    0   29    3    3    1    1028
    2    1  296  476  337    0   22    3    1    0    1004
    2    1  297  477   60    0    4    1    1    1     900
    2    1  298  478  313    0   20    2    2    1     656
    2    1  299  479  428    0   27    3    3    1     742
    2    1  300  480  196    0   13    2    3    0    2858
