    1    1    1    1  203    1   13    2    1    0    3373
    1    1    2    2  125    1    8    1    2    0    2434
    1    1    3    3   40    1    3    1    2    0    2245
    1    1    4    4   85    1    6    1    1    1    2303
    1    1    5    5  381    1   24    3    3    1    2216
    1    1    6    6  423    1   27    3    2    0    1924
    1    1    7    7   17    1    2    1    1    1    1435
    1    1    8    8  111    1    7    1    2    0    1719
    1    1    9    9  241    1   16    2    3    0    2216
    1    1   10   10   34    1    3    1    1    1    2083
    1    1   11   11  359    1   23    3    2    0    1333
    1    1   12   12  115    1    8    1    2    0    1556
    1    1   13   13  330    1   21    3    1    0    1562
    1    1   14   14  135    1    9    1    3    0    1745
    1    1   15   15  395    1   25    3    3    1    1615
    1    1   16   16  215    1   14    2    1    0    2083
    1    1   17   17  471    1   30    3    2    0    1331
    1    1   18   18  272    1   17    2    1    0    1940
    1    1   19   19  446    1   28    3    1    0   14139
    1    1   20   20  195    1   13    2    2    1    2730
    1    1   21   21  238    1   15    2    3    0    1809
    1    1   22   22   55    1    4    1    1    1    1390
    1    1   23   23  146    1   10    1    2    0    1772
    1    1   24   24  355    1   23    3    3    1    1514
    1    1   25   25  186    1   12    2    1    0    1922
    1    1   26   26  420    1   27    3    3    1    4458
    1    1   27   27  293    1   19    2    2    1    4893
    1    1   28   28  456    1   29    3    3    1    1838
    1    1   29   29    7    1    1    1    3    0    4297
    1    1   30   30  106    1    7    1    3    0    3954
    1    1   31   31  405    1   26    3    1    0    3833
    1    1   32   32  308    1   20    2    3    0    2356
    1    1   33   33  306    1   20    2    2    1    6140
    1    1   34   34  455    1   29    3    3    1    3115
    1    1   35   35  279    1   18    2    3    0    3347
    1    1   36   36  136    1    9    1    3    0    3650
    1    1   37   37  397    1   25    3    2    0    5317
    1    1   38   38   31    1    2    1    2    0    1397
    1    1   39   39  465    1   30    3    1    0   11617
    1    1   40   40  170    1   11    2    2    1    2388
    1    1   41   41  229    1   15    2    1    0    2411
    1    1   42   42  337    1   22    3    3    1    2015
    1    1   43   43  278    1   18    2    3    0    3395
    1    1   44   44  190    1   12    2    1    0    3855
    1    1   45   45  339    1   22    3    2    0    1578
    1    1   46   46   73    1    5    1    1    1   13152
    1    1   47   47  376    1   24    3    3    1    6230
    1    1   48   48   16    1    1    1    2    0    5042
    1    1   49   49  413    1   26    3    3    1    1229
    1    1   50   50  163    1   11    2    1    0    1984
    1    1   51   51   72    1    5    1    2    0    1111
    1    1   52   52  443    1   28    3    3    1    1694
    1    1   53   53  327    1   21    3    2    0     783
    1    1   54   54  250    1   16    2    3    0    6981
    1    1   55   55  148    1   10    1    3    0    1442
    1    1   56   56  297    1   19    2    2    1    1406
    1    1   57   57   96    1    6    1    1    1    2298
    1    1   58   58   62    1    4    1    2    0    1859
    1    1   59   59  224    1   14    2    3    0    2590
    1    1   60   60  267    1   17    2    2    1     955
    1    2    1   61  163    1   11    2    2    1    1049
    1    2    2   62   73    1    5    1    3    0    1892
    1    2    3   63  443    1   28    3    3    1    1214
    1    2    4   64  148    1   10    1    1    1    1314
    1    2    5   65  413    1   26    3    3    1    1186
    1    2    6   66  306    1   20    2    2    1    1735
    1    2    7   67  115    1    8    1    2    0    1655
    1    2    8   68  381    1   24    3    3    1    2282
    1    2    9   69    7    1    1    1    2    0    1427
    1    2   10   70  224    1   14    2    1    0    5934
    1    2   11   71  337    1   22    3    2    0    2294
    1    2   12   72  397    1   25    3    1    0    2351
    1    2   13   73  106    1    7    1    3    0    5109
    1    2   14   74  215    1   14    2    2    1    1182
    1    2   15   75  125    1    8    1    2    0    1268
    1    2   16   76   62    1    4    1    3    0     950
    1    2   17   77  359    1   23    3    3    1    1077
    1    2   18   78  279    1   18    2    2    1    1118
    1    2   19   79  471    1   30    3    2    0    1079
    1    2   20   80  420    1   27    3    2    0    1425
    1    2   21   81   85    1    6    1    1    1    1597
    1    2   22   82  278    1   18    2    3    0     946
    1    2   23   83  455    1   29    3    3    1    1072
    1    2   24   84  229    1   15    2    1    0    4683
    1    2   25   85  203    1   13    2    3    0    3316
    1    2   26   86   96    1    6    1    1    1    1747
    1    2   27   87  241    1   16    2    2    1    3939
    1    2   28   88   17    1    2    1    1    1    1561
    1    2   29   89  136    1    9    1    1    1    2863
    1    2   30   90  456    1   29    3    3    1    1154
    1    2   31   91  135    1    9    1    2    0    1129
    1    2   32   92  111    1    7    1    2    0     720
    1    2   33   93   16    1    1    1    1    1    1704
    1    2   34   94  190    1   12    2    2    1     873
    1    2   35   95  330    1   21    3    2    0    1083
    1    2   36   96  186    1   12    2    2    1    1044
    1    2   37   97   31    1    2    1    3    0    1215
    1    2   38   98  376    1   24    3    2    0     947
    1    2   39   99  272    1   17    2    1    0    1425
    1    2   40  100   34    1    3    1    1    1    1822
    1    2   41  101  308    1   20    2    3    0     843
    1    2   42  102  250    1   16    2    3    0    2029
    1    2   43  103  339    1   22    3    2    0    1537
    1    2   44  104  395    1   25    3    1    0    1609
    1    2   45  105  465    1   30    3    3    1    1917
    1    2   46  106  146    1   10    1    2    0    4549
    1    2   47  107  355    1   23    3    3    1    1556
    1    2   48  108  267    1   17    2    1    0    2923
    1    2   49  109  195    1   13    2    3    0    1307
    1    2   50  110  293    1   19    2    2    1    1003
    1    2   51  111  170    1   11    2    1    0    1000
    1    2   52  112  297    1   19    2    1    0    7477
    1    2   53  113  446    1   28    3    2    0   14254
    1    2   54  114   72    1    5    1    1    1    2201
    1    2   55  115  327    1   21    3    3    1    2310
    1    2   56  116  423    1   27    3    1    0     910
    1    2   57  117  405    1   26    3    3    1    2127
    1    2   58  118   55    1    4    1    1    1    1759
    1    2   59  119  238    1   15    2    2    1    1069
    1    2   60  120   40    1    3    1    1    1    1016
    1    3    1  121  297    1   19    2    2    1     788
    1    3    2  122  238    1   15    2    1    0    2218
    1    3    3  123  308    1   20    2    3    0     647
    1    3    4  124  405    1   26    3    3    1     961
    1    3    5  125  381    1   24    3    3    1     958
    1    3    6  126   17    1    2    1    2    0    1597
    1    3    7  127   73    1    5    1    1    1    1346
    1    3    8  128  250    1   16    2    3    0    1472
    1    3    9  129  359    1   23    3    3    1    2522
    1    3   10  130  455    1   29    3    3    1    1194
    1    3   11  131  136    1    9    1    2    0    3519
    1    3   12  132  229    1   15    2    1    0    2952
    1    3   13  133  148    1   10    1    3    0     950
    1    3   14  134  330    1   21    3    2    0    2133
    1    3   15  135  215    1   14    2    2    1     868
    1    3   16  136  163    1   11    2    1    0    1830
    1    3   17  137   34    1    3    1    1    1    3634
    1    3   18  138  267    1   17    2    3    0    4165
    1    3   19  139  465    1   30    3    3    1    1331
    1    3   20  140  327    1   21    3    1    0    1954
    1    3   21  141   31    1    2    1    2    0    1465
    1    3   22  142  203    1   13    2    1    0    1299
    1    3   23  143  146    1   10    1    1    1     996
    1    3   24  144  395    1   25    3    2    0    1041
    1    3   25  145  423    1   27    3    2    0    1692
    1    3   26  146  413    1   26    3    3    1    1213
    1    3   27  147  420    1   27    3    1    0    1073
    1    3   28  148  376    1   24    3    3    1    1035
    1    3   29  149  111    1    7    1    2    0     999
    1    3   30  150  115    1    8    1    3    0    1316
    1    3   31  151  278    1   18    2    1    0    1076
    1    3   32  152   72    1    5    1    2    0    1150
    1    3   33  153  190    1   12    2    2    1    5908
    1    3   34  154  272    1   17    2    3    0     941
    1    3   35  155  195    1   13    2    3    0    1756
    1    3   36  156  306    1   20    2    1    0    3163
    1    3   37  157  397    1   25    3    3    1    1683
    1    3   38  158  337    1   22    3    3    1     868
    1    3   39  159  293    1   19    2    2    1    1574
    1    3   40  160   85    1    6    1    1    1    1260
    1    3   41  161  471    1   30    3    2    0    1935
    1    3   42  162  355    1   23    3    3    1     870
    1    3   43  163  135    1    9    1    1    1    1896
    1    3   44  164   55    1    4    1    3    0     961
    1    3   45  165  443    1   28    3    3    1    2863
    1    3   46  166  186    1   12    2    1    0    2432
    1    3   47  167  456    1   29    3    3    1    1012
    1    3   48  168   62    1    4    1    2    0     864
    1    3   49  169   40    1    3    1    1    1     754
    1    3   50  170   16    1    1    1    1    1     857
    1    3   51  171   96    1    6    1    2    0     668
    1    3   52  172  224    1   14    2    1    0     758
    1    3   53  173  339    1   22    3    3    1    1261
    1    3   54  174    7    1    1    1    2    0    2367
    1    3   55  175  279    1   18    2    1    0     773
    1    3   56  176  241    1   16    2    3    0    1067
    1    3   57  177  125    1    8    1    2    0    1493
    1    3   58  178  170    1   11    2    2    1    1150
    1    3   59  179  446    1   28    3    2    0    1285
    1    3   60  180  106    1    7    1    3    0    2104
    2    1    1  181  419    0   27    3    2    0    6396
    2    1    2  182  300    0   19    2    1    0   33757
    2    1    3  183  313    0   20    2    2    1    1148
    2    1    4  184  269    0   17    2    1    0    1022
    2    1    5  185  162    0   11    2    2    1     886
    2    1    6  186   86    0    6    1    2    0     980
    2    1    7  187  375    0   24    3    3    1     877
    2    1    8  188  420    1   27    3    3    1     683
    2    1    9  189  181    0   12    2    2    1    1361
    2    1   10  190  255    0   16    2    1    0    1947
    2    1   11  191  215    1   14    2    3    0    4109
    2    1   12  192  355    1   23    3    3    1     874
    2    1   13  193  150    0   10    1    3    0    1367
    2    1   14  194   56    0    4    1    2    0     946
    2    1   15  195  451    0   29    3    3    1     813
    2    1   16  196   51    0    4    1    1    1    1341
    2    1   17  197   77    0    5    1    2    0     872
    2    1   18  198  347    0   22    3    2    0     871
    2    1   19  199   95    0    6    1    1    1    1012
    2    1   20  200  268    0   17    2    3    0     748
    2    1   21  201  120    0    8    1    3    0    1231
    2    1   22  202  408    0   26    3    3    1     878
    2    1   23  203  285    0   18    2    2    1    1132
    2    1   24  204  141    0    9    1    3    0     879
    2    1   25  205   46    0    3    1    1    1     796
    2    1   26  206  135    1    9    1    1    1    3004
    2    1   27  207   93    0    6    1    1    1    2789
    2    1   28  208  362    0   23    3    3    1    1143
    2    1   29  209  246    0   16    2    2    1     714
    2    1   30  210  458    0   29    3    3    1     767
    2    1   31  211   87    0    6    1    2    0     800
    2    1   32  212  326    0   21    3    1    0     817
    2    1   33  213  329    0   21    3    1    0     736
    2    1   34  214  390    0   25    3    2    0     916
    2    1   35  215  421    0   27    3    3    1     687
    2    1   36  216  217    0   14    2    1    0     598
    2    1   37  217   62    1    4    1    1    1     655
    2    1   38  218  470    0   30    3    2    0     788
    2    1   39  219   42    0    3    1    1    1    1029
    2    1   40  220  341    0   22    3    3    1     653
    2    1   41  221  105    0    7    1    3    0     787
    2    1   42  222  469    0   30    3    3    1    5141
    2    1   43  223   94    0    6    1    2    0    9416
    2    1   44  224  235    0   15    2    3    0    1156
    2    1   45  225  282    0   18    2    3    0     663
    2    1   46  226   60    0    4    1    2    0     973
    2    1   47  227  155    0   10    1    3    0     631
    2    1   48  228   16    1    1    1    1    1     542
    2    1   49  229  186    1   12    2    2    1     219
    2    1   50  230  363    0   23    3    2    0    1815
    2    1   51  231  158    0   10    1    3    0     958
    2    1   52  232  437    0   28    3    3    1     745
    2    1   53  233  102    0    7    1    1    1     779
    2    1   54  234  226    0   15    2    3    0    1053
    2    1   55  235    7    1    1    1    1    1     899
    2    1   56  236  175    0   11    2    1    0     608
    2    1   57  237  115    1    8    1    1    1     713
    2    1   58  238   21    0    2    1    2    0     621
    2    1   59  239  182    0   12    2    2    1     901
    2    1   60  240  111    1    7    1    1    1     785
    2    1   61  241  177    0   12    2    2    1     771
    2    1   62  242  357    0   23    3    3    1     965
    2    1   63  243  382    0   24    3    3    1     879
    2    1   64  244  366    0   23    3    2    0     780
    2    1   65  245  291    0   19    2    1    0    1486
    2    1   66  246   13    0    1    1    3    0     931
    2    1   67  247   25    0    2    1    3    0     942
    2    1   68  248  439    0   28    3    2    0     937
    2    1   69  249   58    0    4    1    2    0     917
    2    1   70  250  233    0   15    2    1    0     673
    2    1   71  251   85    1    6    1    1    1     967
    2    1   72  252  202    0   13    2    3    0    1041
    2    1   73  253   84    0    6    1    1    1     840
    2    1   74  254  312    0   20    2    3    0    1063
    2    1   75  255  113    0    8    1    2    0     749
    2    1   76  256  386    0   25    3    1    0     656
    2    1   77  257  389    0   25    3    3    1     840
    2    1   78  258  127    0    8    1    2    0     711
    2    1   79  259  406    0   26    3    3    1     906
    2    1   80  260  204    0   13    2    1    0    1032
    2    1   81  261  222    0   14    2    2    1    1007
    2    1   82  262  423    1   27    3    3    1     823
    2    1   83  263  252    0   16    2    1    0     840
    2    1   84  264  381    1   24    3    3    1     773
    2    1   85  265  400    0   25    3    3    1     647
    2    1   86  266  107    0    7    1    2    0     895
    2    1   87  267   80    0    5    1    1    1     715
    2    1   88  268  199    0   13    2    3    0     767
    2    1   89  269   32    0    2    1    2    0     834
    2    1   90  270  262    0   17    2    1    0     752
    2    1   91  271  264    0   17    2    2    1     820
    2    1   92  272  396    0   25    3    3    1     755
    2    1   93  273  433    0   28    3    1    0     869
    2    1   94  274   90    0    6    1    1    1     916
    2    1   95  275   18    0    2    1    2    0    1184
    2    1   96  276  453    0   29    3    3    1     834
    2    1   97  277    8    0    1    1    1    1     689
    2    1   98  278  348    0   22    3    3    1    1334
    2    1   99  279  301    0   19    2    1    0    1009
    2    1  100  280  441    0   28    3    2    0    1081
    2    1  101  281  475    0   30    3    3    1     959
    2    1  102  282  197    0   13    2    1    0    1450
    2    1  103  283   92    0    6    1    1    1     896
    2    1  104  284  288    0   18    2    3    0     685
    2    1  105  285  452    0   29    3    3    1     930
    2    1  106  286  367    0   23    3    1    0     925
    2    1  107  287  476    0   30    3    1    0     953
    2    1  108  288  350    0   22    3    3    1    1108
    2    1  109  289   40    1    3    1    1    1     953
    2    1  110  290  196    0   13    2    1    0    1044
    2    1  111  291  248    0   16    2    3    0    1900
    2    1  112  292  414    0   26    3    3    1     864
    2    1  113  293  317    0   20    2    2    1     925
    2    1  114  294   43    0    3    1    1    1     811
    2    1  115  295  156    0   10    1    2    0     795
    2    1  116  296  143    0    9    1    3    0     859
    2    1  117  297  146    1   10    1    1    1     730
    2    1  118  298  377    0   24    3    2    0     765
    2    1  119  299  336    0   21    3    1    0     735
    2    1  120  300   59    0    4    1    2    0     963
    2    1  121  301  212    0   14    2    2    1     844
    2    1  122  302  139    0    9    1    1    1     859
    2    1  123  303  466    0   30    3    3    1     890
    2    1  124  304  112    0    7    1    2    0    1094
    2    1  125  305  194    0   13    2    1    0     924
    2    1  126  306  245    0   16    2    1    0    1112
    2    1  127  307  164    0   11    2    2    1     668
    2    1  128  308    3    0    1    1    1    1     673
    2    1  129  309   54    0    4    1    2    0     840
    2    1  130  310   52    0    4    1    2    0     727
    2    1  131  311  449    0   29    3    3    1     618
    2    1  132  312   55    1    4    1    3    0     675
    2    1  133  313  287    0   18    2    3    0     793
    2    1  134  314  471    1   30    3    1    0    1530
    2    1  135  315    1    0    1    1    1    1     845
    2    1  136  316   98    0    7    1    2    0     764
    2    1  137  317  165    0   11    2    2    1    2142
    2    1  138  318   27    0    2    1    3    0     746
    2    1  139  319  388    0   25    3    1    0     765
    2    1  140  320  324    0   21    3    2    0     750
    2    1  141  321  417    0   27    3    1    0     609
    2    1  142  322   63    0    4    1    1    1    1018
    2    1  143  323   64    0    4    1    2    0    1858
    2    1  144  324  251    0   16    2    1    0    1672
    2    1  145  325  152    0   10    1    3    0    1014
    2    1  146  326  405    1   26    3    3    1    1358
    2    1  147  327   83    0    6    1    1    1     984
    2    1  148  328  219    0   14    2    2    1     658
    2    1  149  329  106    1    7    1    2    0    1161
    2    1  150  330  337    1   22    3    3    1    1211
    2    1  151  331  328    0   21    3    1    0     794
    2    1  152  332  425    0   27    3    2    0     796
    2    1  153  333  340    0   22    3    3    1     988
    2    1  154  334  450    0   29    3    1    0     662
    2    1  155  335   37    0    3    1    1    1     988
    2    1  156  336  278    1   18    2    3    0    1413
    2    1  157  337  176    0   11    2    1    0    1069
    2    1  158  338  188    0   12    2    1    0    2611
    2    1  159  339  349    0   22    3    3    1    1723
    2    1  160  340  358    0   23    3    3    1     871
    2    1  161  341  479    0   30    3    1    0    1061
    2    1  162  342  378    0   24    3    3    1    1147
    2    1  163  343  124    0    8    1    1    1     957
    2    1  164  344  119    0    8    1    1    1    1720
    2    1  165  345  172    0   11    2    2    1    1205
    2    1  166  346  104    0    7    1    2    0     645
    2    1  167  347  145    0   10    1    2    0    1084
    2    1  168  348  472    0   30    3    2    0     977
    2    1  169  349  242    0   16    2    1    0     890
    2    1  170  350   72    1    5    1    1    1     840
    2    1  171  351  304    0   19    2    2    1     727
    2    1  172  352   22    0    2    1    3    0    1035
    2    1  173  353  236    0   15    2    1    0     834
    2    1  174  354   67    0    5    1    3    0     962
    2    1  175  355   99    0    7    1    2    0     908
    2    1  176  356  435    0   28    3    1    0     552
    2    1  177  357  229    1   15    2    3    0    1347
    2    1  178  358   30    0    2    1    1    1    1501
    2    1  179  359  392    0   25    3    2    0     994
    2    1  180  360   89    0    6    1    1    1    1914
    2    1  181  361   49    0    4    1    2    0     974
    2    1  182  362  241    1   16    2    1    0     777
    2    1  183  363  371    0   24    3    3    1     715
    2    1  184  364  101    0    7    1    1    1    1119
    2    1  185  365  253    0   16    2    2    1    1043
    2    1  186  366  258    0   17    2    3    0    1611
    2    1  187  367  227    0   15    2    1    0     938
    2    1  188  368  157    0   10    1    1    1    3046
    2    1  189  369  211    0   14    2    2    1    1534
    2    1  190  370  464    0   29    3    3    1     912
    2    1  191  371  114    0    8    1    3    0    1372
    2    1  192  372   81    0    6    1    1    1     967
    2    1  193  373  190    1   12    2    1    0    2017
    2    1  194  374  109    0    7    1    3    0     848
    2    1  195  375  438    0   28    3    2    0    1583
    2    1  196  376  225    0   15    2    1    0     833
    2    1  197  377  345    0   22    3    1    0     816
    2    1  198  378  380    0   24    3    2    0     688
    2    1  199  379  244    0   16    2    3    0     678
    2    1  200  380  368    0   23    3    3    1    1531
    2    1  201  381  322    0   21    3    1    0    1086
    2    1  202  382  331    0   21    3    2    0     531
    2    1  203  383    5    0    1    1    3    0     879
    2    1  204  384  121    0    8    1    1    1    1148
    2    1  205  385  403    0   26    3    3    1    2303
    2    1  206  386  309    0   20    2    3    0     804
    2    1  207  387  206    0   13    2    1    0    1428
    2    1  208  388  359    1   23    3    2    0     923
    2    1  209  389   71    0    5    1    3    0    1399
    2    1  210  390  193    0   13    2    1    0     752
    2    1  211  391  404    0   26    3    2    0     723
    2    1  212  392  205    0   13    2    2    1    1126
    2    1  213  393  457    0   29    3    3    1     683
    2    1  214  394  456    1   29    3    3    1     672
    2    1  215  395  179    0   12    2    1    0     791
    2    1  216  396  455    1   29    3    3    1     856
    2    1  217  397  161    0   11    2    1    0    2198
    2    1  218  398  296    0   19    2    2    1     910
    2    1  219  399  422    0   27    3    3    1     587
    2    1  220  400   38    0    3    1    1    1     805
    2    1  221  401  185    0   12    2    1    0     837
    2    1  222  402  379    0   24    3    1    0     628
    2    1  223  403  448    0   28    3    1    0       0
    2    1  224  404    9    0    1    1    1    1    2656
    2    1  225  405  399    0   25    3    3    1     694
    2    1  226  406  209    0   14    2    3    0    1052
    2    1  227  407  316    0   20    2    3    0     930
    2    1  228  408  170    1   11    2    1    0     702
    2    1  229  409  125    1    8    1    2    0     690
    2    1  230  410  424    0   27    3    2    0     776
    2    1  231  411   97    0    7    1    3    0     922
    2    1  232  412  117    0    8    1    2    0     582
    2    1  233  413  270    0   17    2    3    0     735
    2    1  234  414  116    0    8    1    3    0     642
    2    1  235  415  230    0   15    2    1    0     713
    2    1  236  416  239    0   15    2    2    1    1518
    2    1  237  417  144    0    9    1    3    0     898
    2    1  238  418  167    0   11    2    2    1    1983
    2    1  239  419  432    0   27    3    1    0    2176
    2    1  240  420  148    1   10    1    3    0    2698
    2    1  241  421  402    0   26    3    1    0    1486
    2    1  242  422  320    0   20    2    2    1     980
    2    1  243  423   14    0    1    1    2    0    1501
    2    1  244  424  372    0   24    3    3    1     930
    2    1  245  425  153    0   10    1    3    0     701
    2    1  246  426  256    0   16    2    1    0    1250
    2    1  247  427  394    0   25    3    2    0     832
    2    1  248  428  133    0    9    1    3    0     833
    2    1  249  429  220    0   14    2    1    0    3743
    2    1  250  430  294    0   19    2    2    1    1226
    2    1  251  431  364    0   23    3    3    1     843
    2    1  252  432  178    0   12    2    1    0     938
    2    1  253  433   82    0    6    1    1    1     758
    2    1  254  434  213    0   14    2    1    0     856
    2    1  255  435  467    0   30    3    2    0    2167
    2    1  256  436  118    0    8    1    2    0    1937
    2    1  257  437   35    0    3    1    1    1    1492
    2    1  258  438  333    0   21    3    1    0    1145
    2    1  259  439  299    0   19    2    2    1     540
    2    1  260  440  159    0   10    1    3    0     695
    2    1  261  441   65    0    5    1    3    0     907
    2    1  262  442   73    1    5    1    2    0     825
    2    1  263  443  154    0   10    1    1    1     681
    2    1  264  444  459    0   29    3    1    0     590
    2    1  265  445  318    0   20    2    2    1    1271
    2    1  266  446  293    1   19    2    2    1    1270
    2    1  267  447  183    0   12    2    3    0    1123
    2    1  268  448  122    0    8    1    2    0    1719
    2    1  269  449  306    1   20    2    1    0    1060
    2    1  270  450   12    0    1    1    3    0    1402
    2    1  271  451  374    0   24    3    1    0     867
    2    1  272  452  136    1    9    1    2    0    1393
    2    1  273  453  339    1   22    3    1    0    2556
    2    1  274  454  384    0   24    3    3    1     902
    2    1  275  455   74    0    5    1    1    1     770
    2    1  276  456  360    0   23    3    2    0     884
    2    1  277  457  283    0   18    2    3    0    1826
    2    1  278  458  149    0   10    1    2    0    2105
    2    1  279  459  216    0   14    2    1    0     710
    2    1  280  460  447    0   28    3    2    0    1243
    2    1  281  461  295    0   19    2    3    0    1882
    2    1  282  462   70    0    5    1    1    1    1280
    2    1  283  463  180    0   12    2    2    1     988
    2    1  284  464  166    0   11    2    1    0    2406
    2    1  285  465  260    0   17    2    1    0    1767
    2    1  286  466  203    1   13    2    2    1    2129
    2    1  287  467  346    0   22    3    3    1    1212
    2    1  288  468  286    0   18    2    1    0    1388
    2    1  289  469  289    0   19    2    2    1    1253
    2    1  290  470  411    0   26    3    3    1    1716
    2    1  291  471  401    0   26    3    3    1     721
    2    1  292  472  272    1   17    2    2    1     565
    2    1  293  473  478    0   30    3    1    0     671
    2    1  294  474  280    0   18    2    2    1     660
    2    1  295  475  426    0   27    3    2    0     763
    2    1  296  476  361    0   23    3    3    1     749
    2    1  297  477  234    0   15    2    3    0     559
    2    1  298  478  192    0   12    2    2    1    1146
    2    1  299  479  218    0   14    2    1    0     940
    2    1  300  480  436    0   28    3    2    0     855
