    1    1    1    1    6    1    1    1    3    0    4397
    1    1    2    2  280    1   18    2    2    1    1684
    1    1    3    3   36    1    3    1    3    0    2501
    1    1    4    4   15    1    1    1    1    1    1286
    1    1    5    5   53    1    4    1    1    1    1048
    1    1    6    6  411    1   26    3    3    1    1074
    1    1    7    7  340    1   22    3    2    0    1404
    1    1    8    8  471    1   30    3    2    0    1336
    1    1    9    9  267    1   17    2    2    1     728
    1    1   10   10  217    1   14    2    1    0    1616
    1    1   11   11   49    1    4    1    1    1    1381
    1    1   12   12   80    1    5    1    2    0     945
    1    1   13   13  266    1   17    2    2    1    1952
    1    1   14   14  408    1   26    3    3    1    1863
    1    1   15   15  356    1   23    3    3    1    3121
    1    1   16   16  250    1   16    2    2    1    1082
    1    1   17   17    4    1    1    1    2    0     882
    1    1   18   18  396    1   25    3    3    1    1252
    1    1   19   19  448    1   28    3    2    0    1511
    1    1   20   20  216    1   14    2    1    0     896
    1    1   21   21  269    1   17    2    2    1     976
    1    1   22   22  326    1   21    3    1    0     767
    1    1   23   23   35    1    3    1    2    0     917
    1    1   24   24  164    1   11    2    2    1    1012
    1    1   25   25  212    1   14    2    3    0    1377
    1    1   26   26  465    1   30    3    1    0    1583
    1    1   27   27  219    1   14    2    1    0     740
    1    1   28   28  290    1   19    2    2    1    2252
    1    1   29   29  276    1   18    2    3    0    1335
    1    1   30   30  201    1   13    2    2    1    1254
    1    1   31   31  289    1   19    2    2    1    1320
    1    1   32   32  240    1   15    2    2    1    1977
    1    1   33   33  406    1   26    3    3    1    1007
    1    1   34   34  271    1   17    2    1    0     698
    1    1   35   35  359    1   23    3    1    0    1252
    1    1   36   36  380    1   24    3    2    0     951
    1    1   37   37   37    1    3    1    1    1     949
    1    1   38   38  120    1    8    1    2    0    1892
    1    1   39   39  409    1   26    3    3    1    1421
    1    1   40   40   66    1    5    1    1    1    1705
    1    1   41   41  252    1   16    2    2    1    1082
    1    1   42   42  182    1   12    2    1    0    1331
    1    1   43   43   56    1    4    1    3    0    3043
    1    1   44   44  353    1   23    3    2    0     958
    1    1   45   45  424    1   27    3    1    0    1372
    1    1   46   46   58    1    4    1    1    1    1147
    1    1   47   47  479    1   30    3    3    1     690
    1    1   48   48  117    1    8    1    2    0    1211
    1    1   49   49   33    1    3    1    2    0     783
    1    1   50   50  121    1    8    1    2    0    1093
    1    1   51   51  387    1   25    3    2    0    1086
    1    1   52   52  476    1   30    3    3    1     935
    1    1   53   53  473    1   30    3    2    0    2055
    1    1   54   54  360    1   23    3    1    0    1994
    1    1   55   55   52    1    4    1    1    1     959
    1    1   56   56  272    1   17    2    2    1    1469
    1    1   57   57   71    1    5    1    1    1    1159
    1    1   58   58  245    1   16    2    3    0    1006
    1    1   59   59   16    1    1    1    1    1    1179
    1    1   60   60   38    1    3    1    1    1    1010
    1    2    1   61  201    1   13    2    2    1     750
    1    2    2   62  353    1   23    3    3    1    1029
    1    2    3   63  473    1   30    3    2    0    3169
    1    2    4   64  280    1   18    2    2    1    1415
    1    2    5   65  424    1   27    3    1    0    1187
    1    2    6   66  219    1   14    2    1    0     888
    1    2    7   67  360    1   23    3    3    1    1113
    1    2    8   68  448    1   28    3    1    0     769
    1    2    9   69   16    1    1    1    1    1    1016
    1    2   10   70  182    1   12    2    2    1     948
    1    2   11   71   37    1    3    1    1    1     835
    1    2   12   72  409    1   26    3    3    1     822
    1    2   13   73  471    1   30    3    2    0    1257
    1    2   14   74   58    1    4    1    1    1    1228
    1    2   15   75  245    1   16    2    2    1    1712
    1    2   16   76  411    1   26    3    3    1     769
    1    2   17   77  271    1   17    2    2    1    1831
    1    2   18   78   33    1    3    1    1    1    1011
    1    2   19   79  117    1    8    1    2    0    2079
    1    2   20   80  359    1   23    3    3    1     785
    1    2   21   81  272    1   17    2    2    1    1813
    1    2   22   82   80    1    5    1    1    1    2067
    1    2   23   83  212    1   14    2    2    1    1428
    1    2   24   84  120    1    8    1    3    0    2272
    1    2   25   85  252    1   16    2    2    1     747
    1    2   26   86  267    1   17    2    2    1    1441
    1    2   27   87   53    1    4    1    3    0    3245
    1    2   28   88  216    1   14    2    3    0    1695
    1    2   29   89  276    1   18    2    2    1    1569
    1    2   30   90   56    1    4    1    1    1    1287
    1    2   31   91   49    1    4    1    1    1    1112
    1    2   32   92    6    1    1    1    1    1    1073
    1    2   33   93   35    1    3    1    1    1     843
    1    2   34   94  266    1   17    2    2    1     957
    1    2   35   95  290    1   19    2    3    0    1069
    1    2   36   96   71    1    5    1    1    1    1527
    1    2   37   97  380    1   24    3    3    1    2191
    1    2   38   98  465    1   30    3    2    0     941
    1    2   39   99  479    1   30    3    3    1    1179
    1    2   40  100  250    1   16    2    1    0    1185
    1    2   41  101  476    1   30    3    3    1    1318
    1    2   42  102  356    1   23    3    3    1    3767
    1    2   43  103  164    1   11    2    1    0     948
    1    2   44  104   15    1    1    1    1    1     819
    1    2   45  105  269    1   17    2    2    1     888
    1    2   46  106  121    1    8    1    1    1    1178
    1    2   47  107  396    1   25    3    3    1     768
    1    2   48  108  217    1   14    2    2    1    2758
    1    2   49  109   38    1    3    1    1    1    1325
    1    2   50  110  289    1   19    2    2    1    3613
    1    2   51  111  340    1   22    3    3    1    1777
    1    2   52  112  240    1   15    2    2    1    1807
    1    2   53  113  408    1   26    3    3    1    1115
    1    2   54  114   36    1    3    1    1    1    1012
    1    2   55  115  387    1   25    3    3    1    1778
    1    2   56  116  326    1   21    3    3    1    2638
    1    2   57  117   52    1    4    1    1    1    1546
    1    2   58  118    4    1    1    1    1    1    1489
    1    2   59  119  406    1   26    3    3    1     681
    1    2   60  120   66    1    5    1    1    1     787
    1    3    1  121  408    1   26    3    3    1     664
    1    3    2  122   36    1    3    1    1    1     595
    1    3    3  123  250    1   16    2    2    1    1583
    1    3    4  124  326    1   21    3    3    1     725
    1    3    5  125  471    1   30    3    3    1    1021
    1    3    6  126  117    1    8    1    3    0    6249
    1    3    7  127  269    1   17    2    2    1     916
    1    3    8  128  290    1   19    2    1    0    1860
    1    3    9  129  406    1   26    3    3    1     592
    1    3   10  130   15    1    1    1    1    1     684
    1    3   11  131   52    1    4    1    1    1    1541
    1    3   12  132  182    1   12    2    2    1     876
    1    3   13  133   80    1    5    1    1    1    1103
    1    3   14  134  252    1   16    2    2    1     903
    1    3   15  135   58    1    4    1    1    1    1240
    1    3   16  136  212    1   14    2    3    0    3036
    1    3   17  137  380    1   24    3    3    1    1958
    1    3   18  138  201    1   13    2    2    1     829
    1    3   19  139   71    1    5    1    1    1    1568
    1    3   20  140   56    1    4    1    3    0    2103
    1    3   21  141  411    1   26    3    3    1     856
    1    3   22  142  340    1   22    3    3    1    1163
    1    3   23  143  120    1    8    1    1    1     800
    1    3   24  144   16    1    1    1    1    1     885
    1    3   25  145   49    1    4    1    1    1     950
    1    3   26  146  360    1   23    3    3    1     805
    1    3   27  147  353    1   23    3    3    1    2266
    1    3   28  148  359    1   23    3    3    1     804
    1    3   29  149  476    1   30    3    3    1     889
    1    3   30  150  396    1   25    3    3    1    1257
    1    3   31  151   53    1    4    1    1    1    1036
    1    3   32  152  272    1   17    2    2    1    1528
    1    3   33  153  245    1   16    2    2    1    2178
    1    3   34  154    6    1    1    1    1    1     687
    1    3   35  155   37    1    3    1    1    1    1689
    1    3   36  156   35    1    3    1    1    1     794
    1    3   37  157   33    1    3    1    1    1    1711
    1    3   38  158  280    1   18    2    2    1     976
    1    3   39  159  219    1   14    2    1    0     877
    1    3   40  160  216    1   14    2    2    1    1872
    1    3   41  161  448    1   28    3    3    1    1018
    1    3   42  162  240    1   15    2    2    1    1334
    1    3   43  163  266    1   17    2    2    1    1445
    1    3   44  164  267    1   17    2    2    1    1745
    1    3   45  165    4    1    1    1    1    1     768
    1    3   46  166  424    1   27    3    3    1     902
    1    3   47  167  289    1   19    2    2    1     743
    1    3   48  168   38    1    3    1    1    1     734
    1    3   49  169  479    1   30    3    3    1    1478
    1    3   50  170  271    1   17    2    2    1    1263
    1    3   51  171  217    1   14    2    2    1     962
    1    3   52  172  465    1   30    3    3    1     961
    1    3   53  173  164    1   11    2    1    0    3952
    1    3   54  174  276    1   18    2    3    0     966
    1    3   55  175  409    1   26    3    3    1     788
    1    3   56  176  387    1   25    3    2    0     905
    1    3   57  177   66    1    5    1    1    1     746
    1    3   58  178  356    1   23    3    3    1     641
    1    3   59  179  473    1   30    3    2    0    2236
    1    3   60  180  121    1    8    1    1    1     792
    2    1    1  181  449    0   29    3    2    0    1440
    2    1    2  182  241    0   16    2    2    1    1207
    2    1    3  183  364    0   23    3    2    0    1768
    2    1    4  184   13    0    1    1    1    1     866
    2    1    5  185  250    1   16    2    2    1    1264
    2    1    6  186   43    0    3    1    1    1    1102
    2    1    7  187  260    0   17    2    2    1    1890
    2    1    8  188  221    0   14    2    2    1    1160
    2    1    9  189  147    0   10    1    2    0     906
    2    1   10  190  360    1   23    3    3    1     599
    2    1   11  191  182    1   12    2    2    1     863
    2    1   12  192  189    0   12    2    3    0     862
    2    1   13  193  437    0   28    3    3    1     861
    2    1   14  194  137    0    9    1    3    0    2475
    2    1   15  195  161    0   11    2    1    0    1273
    2    1   16  196  245    1   16    2    2    1     999
    2    1   17  197  103    0    7    1    1    1    1056
    2    1   18  198  193    0   13    2    2    1     790
    2    1   19  199  178    0   12    2    3    0    1191
    2    1   20  200  453    0   29    3    2    0    2185
    2    1   21  201  371    0   24    3    1    0    1746
    2    1   22  202  470    0   30    3    2    0     781
    2    1   23  203   86    0    6    1    1    1    4078
    2    1   24  204  129    0    9    1    1    1    1244
    2    1   25  205   37    1    3    1    1    1     651
    2    1   26  206  220    0   14    2    3    0     850
    2    1   27  207   27    0    2    1    1    1     833
    2    1   28  208   40    0    3    1    1    1     624
    2    1   29  209  226    0   15    2    3    0    1720
    2    1   30  210  357    0   23    3    2    0    1156
    2    1   31  211  177    0   12    2    1    0    1927
    2    1   32  212  186    0   12    2    1    0    1435
    2    1   33  213  292    0   19    2    2    1    1635
    2    1   34  214   92    0    6    1    3    0     834
    2    1   35  215  120    1    8    1    3    0    1569
    2    1   36  216  151    0   10    1    2    0    1139
    2    1   37  217  384    0   24    3    1    0    2918
    2    1   38  218  104    0    7    1    3    0    1346
    2    1   39  219   26    0    2    1    3    0    1677
    2    1   40  220  167    0   11    2    1    0     668
    2    1   41  221  427    0   27    3    2    0     624
    2    1   42  222  127    0    8    1    1    1     856
    2    1   43  223  407    0   26    3    3    1     824
    2    1   44  224  128    0    8    1    2    0    1288
    2    1   45  225  327    0   21    3    2    0     821
    2    1   46  226  176    0   11    2    1    0     853
    2    1   47  227  301    0   19    2    1    0     915
    2    1   48  228  286    0   18    2    3    0     752
    2    1   49  229  456    0   29    3    3    1     978
    2    1   50  230  318    0   20    2    3    0     669
    2    1   51  231  267    1   17    2    2    1    1203
    2    1   52  232  433    0   28    3    3    1    2579
    2    1   53  233   14    0    1    1    1    1     780
    2    1   54  234  247    0   16    2    2    1    1054
    2    1   55  235  196    0   13    2    2    1    1429
    2    1   56  236  333    0   21    3    3    1    1517
    2    1   57  237  163    0   11    2    2    1    1104
    2    1   58  238   41    0    3    1    1    1     693
    2    1   59  239  211    0   14    2    3    0     890
    2    1   60  240    7    0    1    1    1    1     647
    2    1   61  241  478    0   30    3    3    1    1070
    2    1   62  242  451    0   29    3    3    1     532
    2    1   63  243  342    0   22    3    3    1    1392
    2    1   64  244  287    0   18    2    2    1    2153
    2    1   65  245  190    0   12    2    3    0     900
    2    1   66  246  328    0   21    3    3    1    1137
    2    1   67  247  446    0   28    3    1    0     835
    2    1   68  248  136    0    9    1    3    0     627
    2    1   69  249  180    0   12    2    3    0    1340
    2    1   70  250  347    0   22    3    1    0     790
    2    1   71  251  282    0   18    2    2    1    1288
    2    1   72  252  313    0   20    2    3    0     629
    2    1   73  253  450    0   29    3    2    0     685
    2    1   74  254  409    1   26    3    3    1     851
    2    1   75  255  110    0    7    1    3    0     722
    2    1   76  256  143    0    9    1    3    0    1109
    2    1   77  257  217    1   14    2    2    1    1034
    2    1   78  258  117    1    8    1    2    0    1489
    2    1   79  259  255    0   16    2    2    1     534
    2    1   80  260  266    1   17    2    2    1     674
    2    1   81  261   11    0    1    1    1    1     744
    2    1   82  262   66    1    5    1    1    1     635
    2    1   83  263   33    1    3    1    1    1    1123
    2    1   84  264  142    0    9    1    3    0     999
    2    1   85  265  223    0   14    2    3    0     671
    2    1   86  266   24    0    2    1    3    0    4228
    2    1   87  267   18    0    2    1    3    0     844
    2    1   88  268  181    0   12    2    3    0     924
    2    1   89  269  205    0   13    2    2    1     936
    2    1   90  270  206    0   13    2    2    1     563
    2    1   91  271  210    0   14    2    3    0     573
    2    1   92  272  372    0   24    3    1    0     855
    2    1   93  273  154    0   10    1    1    1     806
    2    1   94  274   16    1    1    1    1    1     615
    2    1   95  275  265    0   17    2    2    1    2190
    2    1   96  276  424    1   27    3    3    1    1288
    2    1   97  277  323    0   21    3    3    1     853
    2    1   98  278   71    1    5    1    1    1     659
    2    1   99  279   31    0    2    1    3    0    1515
    2    1  100  280  240    1   15    2    2    1     719
    2    1  101  281  274    0   18    2    2    1     547
    2    1  102  282  232    0   15    2    3    0     893
    2    1  103  283  215    0   14    2    3    0    1210
    2    1  104  284  145    0   10    1    1    1     731
    2    1  105  285  365    0   23    3    3    1     591
    2    1  106  286  480    0   30    3    3    1     969
    2    1  107  287  391    0   25    3    3    1     754
    2    1  108  288  109    0    7    1    1    1    1253
    2    1  109  289  468    0   30    3    3    1     563
    2    1  110  290  183    0   12    2    3    0     591
    2    1  111  291  184    0   12    2    3    0     695
    2    1  112  292  235    0   15    2    1    0    2076
    2    1  113  293   51    0    4    1    1    1     955
    2    1  114  294  219    1   14    2    1    0    2437
    2    1  115  295   58    1    4    1    3    0    1555
    2    1  116  296   76    0    5    1    1    1     678
    2    1  117  297  243    0   16    2    2    1     716
    2    1  118  298  118    0    8    1    1    1    1440
    2    1  119  299  374    0   24    3    2    0    2264
    2    1  120  300  345    0   22    3    1    0    2941
    2    1  121  301  216    1   14    2    3    0    1369
    2    1  122  302  442    0   28    3    3    1     739
    2    1  123  303   52    1    4    1    1    1     694
    2    1  124  304  462    0   29    3    3    1     765
    2    1  125  305  149    0   10    1    2    0     862
    2    1  126  306  169    0   11    2    1    0     637
    2    1  127  307  125    0    8    1    3    0    3669
    2    1  128  308   48    0    3    1    1    1     915
    2    1  129  309  261    0   17    2    2    1    3838
    2    1  130  310  377    0   24    3    1    0     822
    2    1  131  311  432    0   27    3    3    1     726
    2    1  132  312  457    0   29    3    2    0     825
    2    1  133  313  262    0   17    2    2    1    1626
    2    1  134  314  390    0   25    3    3    1    1930
    2    1  135  315  378    0   24    3    1    0     733
    2    1  136  316  121    1    8    1    1    1     736
    2    1  137  317  463    0   29    3    3    1     660
    2    1  138  318  102    0    7    1    1    1     875
    2    1  139  319  404    0   26    3    3    1     841
    2    1  140  320  428    0   27    3    3    1     920
    2    1  141  321  254    0   16    2    2    1     852
    2    1  142  322  350    0   22    3    3    1    4067
    2    1  143  323  146    0   10    1    1    1     592
    2    1  144  324  415    0   26    3    3    1     618
    2    1  145  325  280    1   18    2    2    1     818
    2    1  146  326  375    0   24    3    2    0    3666
    2    1  147  327   88    0    6    1    3    0     800
    2    1  148  328  212    1   14    2    3    0    1505
    2    1  149  329   19    0    2    1    1    1     837
    2    1  150  330   30    0    2    1    3    0     964
    2    1  151  331   44    0    3    1    1    1    2526
    2    1  152  332  321    0   21    3    3    1     907
    2    1  153  333  201    1   13    2    2    1     968
    2    1  154  334  426    0   27    3    3    1     705
    2    1  155  335  213    0   14    2    3    0    1334
    2    1  156  336  278    0   18    2    2    1    2049
    2    1  157  337  107    0    7    1    1    1    2049
    2    1  158  338  256    0   16    2    2    1     815
    2    1  159  339  132    0    9    1    1    1    1199
    2    1  160  340  447    0   28    3    3    1     832
    2    1  161  341  179    0   12    2    3    0     879
    2    1  162  342  130    0    9    1    3    0     589
    2    1  163  343  430    0   27    3    3    1     582
    2    1  164  344   17    0    2    1    3    0    1312
    2    1  165  345  420    0   27    3    3    1     668
    2    1  166  346  165    0   11    2    1    0     547
    2    1  167  347  455    0   29    3    2    0     733
    2    1  168  348  335    0   21    3    3    1    1041
    2    1  169  349  251    0   16    2    2    1     840
    2    1  170  350  272    1   17    2    2    1     775
    2    1  171  351  259    0   17    2    2    1     809
    2    1  172  352  156    0   10    1    1    1     570
    2    1  173  353  304    0   19    2    3    0     916
    2    1  174  354  435    0   28    3    3    1     544
    2    1  175  355  369    0   24    3    3    1     619
    2    1  176  356  135    0    9    1    3    0     771
    2    1  177  357  199    0   13    2    2    1     693
    2    1  178  358   72    0    5    1    1    1    1418
    2    1  179  359  329    0   21    3    3    1     610
    2    1  180  360  279    0   18    2    3    0    1931
    2    1  181  361   75    0    5    1    1    1     638
    2    1  182  362  160    0   10    1    3    0    1958
    2    1  183  363  218    0   14    2    1    0    1737
    2    1  184  364  157    0   10    1    1    1     709
    2    1  185  365  383    0   24    3    1    0     713
    2    1  186  366   84    0    6    1    3    0     621
    2    1  187  367  208    0   13    2    2    1     629
    2    1  188  368   70    0    5    1    1    1     572
    2    1  189  369  185    0   12    2    3    0     597
    2    1  190  370  314    0   20    2    3    0     719
    2    1  191  371  310    0   20    2    3    0     899
    2    1  192  372  416    0   26    3    3    1     640
    2    1  193  373  412    0   26    3    3    1    1095
    2    1  194  374   99    0    7    1    1    1    1404
    2    1  195  375  408    1   26    3    3    1     597
    2    1  196  376   57    0    4    1    3    0     638
    2    1  197  377  477    0   30    3    3    1     820
    2    1  198  378  331    0   21    3    3    1     644
    2    1  199  379  158    0   10    1    3    0     731
    2    1  200  380  270    0   17    2    2    1    1087
    2    1  201  381  244    0   16    2    2    1     548
    2    1  202  382  414    0   26    3    3    1     654
    2    1  203  383   49    1    4    1    1    1    1574
    2    1  204  384  116    0    8    1    1    1     632
    2    1  205  385  379    0   24    3    1    0     752
    2    1  206  386  237    0   15    2    3    0    1746
    2    1  207  387  207    0   13    2    2    1    1149
    2    1  208  388   96    0    6    1    3    0     608
    2    1  209  389  334    0   21    3    3    1     569
    2    1  210  390  394    0   25    3    3    1    1330
    2    1  211  391   21    0    2    1    3    0     606
    2    1  212  392  144    0    9    1    3    0    1271
    2    1  213  393  308    0   20    2    3    0    1028
    2    1  214  394  191    0   12    2    3    0     541
    2    1  215  395  166    0   11    2    1    0     952
    2    1  216  396  439    0   28    3    3    1     866
    2    1  217  397  472    0   30    3    3    1    1393
    2    1  218  398  361    0   23    3    3    1     954
    2    1  219  399  474    0   30    3    3    1     548
    2    1  220  400   42    0    3    1    1    1     672
    2    1  221  401  366    0   23    3    3    1     645
    2    1  222  402   23    0    2    1    3    0     620
    2    1  223  403  422    0   27    3    3    1     564
    2    1  224  404  194    0   13    2    2    1    1727
    2    1  225  405  112    0    7    1    1    1    1564
    2    1  226  406  171    0   11    2    1    0    1501
    2    1  227  407  268    0   17    2    2    1     898
    2    1  228  408  277    0   18    2    2    1    1934
    2    1  229  409  284    0   18    2    2    1     770
    2    1  230  410  461    0   29    3    2    0     836
    2    1  231  411  312    0   20    2    3    0     643
    2    1  232  412  355    0   23    3    3    1     795
    2    1  233  413  467    0   30    3    3    1     508
    2    1  234  414   59    0    4    1    2    0    1096
    2    1  235  415    9    0    1    1    1    1     941
    2    1  236  416   56    1    4    1    3    0     904
    2    1  237  417   45    0    3    1    1    1     725
    2    1  238  418  320    0   20    2    3    0    1128
    2    1  239  419  370    0   24    3    1    0    1436
    2    1  240  420  307    0   20    2    3    0    1220
    2    1  241  421  392    0   25    3    3    1     675
    2    1  242  422  131    0    9    1    3    0     650
    2    1  243  423  423    0   27    3    3    1    1216
    2    1  244  424  479    1   30    3    3    1     785
    2    1  245  425   62    0    4    1    1    1    3890
    2    1  246  426  302    0   19    2    2    1     888
    2    1  247  427  471    1   30    3    3    1     725
    2    1  248  428  368    0   23    3    3    1    1162
    2    1  249  429  303    0   19    2    3    0     651
    2    1  250  430   95    0    6    1    3    0     610
    2    1  251  431  305    0   20    2    3    0     683
    2    1  252  432   78    0    5    1    1    1     736
    2    1  253  433  162    0   11    2    3    0    1188
    2    1  254  434  351    0   22    3    1    0     645
    2    1  255  435   64    0    4    1    1    1     701
    2    1  256  436  283    0   18    2    2    1    2129
    2    1  257  437  436    0   28    3    3    1    1245
    2    1  258  438  168    0   11    2    1    0    2364
    2    1  259  439  258    0   17    2    2    1     782
    2    1  260  440  231    0   15    2    2    1     640
    2    1  261  441   68    0    5    1    1    1     663
    2    1  262  442  397    0   25    3    3    1    1213
    2    1  263  443   77    0    5    1    1    1     750
    2    1  264  444   10    0    1    1    1    1    1088
    2    1  265  445  346    0   22    3    1    0     758
    2    1  266  446  236    0   15    2    2    1    1097
    2    1  267  447  340    1   22    3    3    1    1133
    2    1  268  448  150    0   10    1    2    0    2465
    2    1  269  449  464    0   29    3    3    1     767
    2    1  270  450  288    0   18    2    3    0    1184
    2    1  271  451  113    0    8    1    3    0    1378
    2    1  272  452   20    0    2    1    3    0    1517
    2    1  273  453  359    1   23    3    3    1    1280
    2    1  274  454  119    0    8    1    1    1    1373
    2    1  275  455   39    0    3    1    1    1     680
    2    1  276  456  200    0   13    2    2    1     605
    2    1  277  457   60    0    4    1    3    0    1926
    2    1  278  458  406    1   26    3    3    1     713
    2    1  279  459  469    0   30    3    3    1     702
    2    1  280  460  122    0    8    1    3    0     962
    2    1  281  461  309    0   20    2    3    0    1052
    2    1  282  462   93    0    6    1    3    0     723
    2    1  283  463   98    0    7    1    1    1    1175
    2    1  284  464  443    0   28    3    3    1     633
    2    1  285  465  431    0   27    3    3    1    2066
    2    1  286  466    4    1    1    1    1    1    1024
    2    1  287  467  311    0   20    2    3    0     760
    2    1  288  468  224    0   14    2    2    1    4682
    2    1  289  469  264    0   17    2    3    0     735
    2    1  290  470  356    1   23    3    3    1    1010
    2    1  291  471  100    0    7    1    1    1     492
    2    1  292  472  290    1   19    2    1    0     936
    2    1  293  473  106    0    7    1    3    0     755
    2    1  294  474  155    0   10    1    3    0    1206
    2    1  295  475  299    0   19    2    1    0     952
    2    1  296  476  298    0   19    2    1    0     882
    2    1  297  477  138    0    9    1    3    0    1871
    2    1  298  478   29    0    2    1    3    0     774
    2    1  299  479   91    0    6    1    3    0     903
    2    1  300  480   82    0    6    1    3    0    1508
