    1    1    1    1  203    1   13    2    3    0    3403
    1    1    2    2   55    1    4    1    1    1    3708
    1    1    3    3  446    1   28    3    3    1    2275
    1    1    4    4  115    1    8    1    3    0    1687
    1    1    5    5  381    1   24    3    2    0    3100
    1    1    6    6  195    1   13    2    2    1    1648
    1    1    7    7  125    1    8    1    1    1    3876
    1    1    8    8   34    1    3    1    1    1    2592
    1    1    9    9   40    1    3    1    1    1    1198
    1    1   10   10  278    1   18    2    2    1    2082
    1    1   11   11  279    1   18    2    3    0    7191
    1    1   12   12    7    1    1    1    3    0    6236
    1    1   13   13  359    1   23    3    2    0    2650
    1    1   14   14  420    1   27    3    3    1    2088
    1    1   15   15  163    1   11    2    3    0    4590
    1    1   16   16  224    1   14    2    1    0    4064
    1    1   17   17  413    1   26    3    3    1    1053
    1    1   18   18  395    1   25    3    3    1    5691
    1    1   19   19  267    1   17    2    2    1    3567
    1    1   20   20   85    1    6    1    3    0    2738
    1    1   21   21  306    1   20    2    3    0    5859
    1    1   22   22  339    1   22    3    1    0    2017
    1    1   23   23  106    1    7    1    2    0    1923
    1    1   24   24  443    1   28    3    3    1    4522
    1    1   25   25  471    1   30    3    3    1    3020
    1    1   26   26  376    1   24    3    1    0    1444
    1    1   27   27  272    1   17    2    1    0    5459
    1    1   28   28  423    1   27    3    3    1    1777
    1    1   29   29  297    1   19    2    1    0    8180
    1    1   30   30  241    1   16    2    2    1    1392
    1    1   31   31   62    1    4    1    2    0    3835
    1    1   32   32  136    1    9    1    2    0    8078
    1    1   33   33  111    1    7    1    3    0    7822
    1    1   34   34  250    1   16    2    2    1    2286
    1    1   35   35   72    1    5    1    3    0    1851
    1    1   36   36  170    1   11    2    1    0    4824
    1    1   37   37  229    1   15    2    1    0    4121
    1    1   38   38  146    1   10    1    2    0    1515
    1    1   39   39  238    1   15    2    3    0    7450
    1    1   40   40  397    1   25    3    2    0    1841
    1    1   41   41  337    1   22    3    1    0    4223
    1    1   42   42   16    1    1    1    1    1    2396
    1    1   43   43  135    1    9    1    1    1    4771
    1    1   44   44  186    1   12    2    3    0   18434
    1    1   45   45  148    1   10    1    3    0    2266
    1    1   46   46  330    1   21    3    2    0   69094
    1    1   47   47  215    1   14    2    3    0    2503
    1    1   48   48   96    1    6    1    3    0    1368
    1    1   49   49   17    1    2    1    2    0    1812
    1    1   50   50  308    1   20    2    2    1    2712
    1    1   51   51   73    1    5    1    1    1    3495
    1    1   52   52  455    1   29    3    3    1    3843
    1    1   53   53  327    1   21    3    2    0    2693
    1    1   54   54   31    1    2    1    1    1    1536
    1    1   55   55  190    1   12    2    2    1    4945
    1    1   56   56  355    1   23    3    3    1    1378
    1    1   57   57  465    1   30    3    3    1     761
    1    1   58   58  405    1   26    3    1    0    4625
    1    1   59   59  293    1   19    2    2    1    1228
    1    1   60   60  456    1   29    3    3    1     933
    1    2    1   61  278    1   18    2    3    0     829
    1    2    2   62  456    1   29    3    3    1    2418
    1    2    3   63  163    1   11    2    2    1    1943
    1    2    4   64  135    1    9    1    1    1     949
    1    2    5   65  376    1   24    3    1    0   11104
    1    2    6   66  381    1   24    3    3    1    6686
    1    2    7   67  186    1   12    2    3    0   12569
    1    2    8   68   34    1    3    1    1    1    8233
    1    2    9   69  106    1    7    1    2    0   14984
    1    2   10   70  423    1   27    3    1    0    4293
    1    2   11   71  111    1    7    1    1    1    4258
    1    2   12   72  330    1   21    3    2    0    7543
    1    2   13   73  250    1   16    2    3    0   11496
    1    2   14   74   40    1    3    1    1    1    1506
    1    2   15   75  443    1   28    3    1    0    3630
    1    2   16   76  195    1   13    2    3    0   12530
    1    2   17   77  339    1   22    3    3    1    2503
    1    2   18   78  455    1   29    3    3    1     991
    1    2   19   79  170    1   11    2    2    1    4290
    1    2   20   80  337    1   22    3    1    0    4154
    1    2   21   81  465    1   30    3    3    1    1806
    1    2   22   82  293    1   19    2    2    1    1674
    1    2   23   83   31    1    2    1    1    1    2366
    1    2   24   84   72    1    5    1    3    0    4732
    1    2   25   85  471    1   30    3    2    0    8752
    1    2   26   86  224    1   14    2    1    0    4019
    1    2   27   87   17    1    2    1    2    0    1340
    1    2   28   88  308    1   20    2    2    1    2244
    1    2   29   89  238    1   15    2    1    0    2609
    1    2   30   90  267    1   17    2    2    1    1084
    1    2   31   91   96    1    6    1    2    0    8086
    1    2   32   92  215    1   14    2    2    1    1983
    1    2   33   93   73    1    5    1    1    1     907
    1    2   34   94  397    1   25    3    2    0    1350
    1    2   35   95  272    1   17    2    2    1    1751
    1    2   36   96  420    1   27    3    1    0    1283
    1    2   37   97   85    1    6    1    3    0    1148
    1    2   38   98  115    1    8    1    3    0    1457
    1    2   39   99  413    1   26    3    3    1    1067
    1    2   40  100  241    1   16    2    3    0     809
    1    2   41  101  405    1   26    3    3    1    1903
    1    2   42  102  136    1    9    1    1    1    1262
    1    2   43  103   62    1    4    1    2    0    3723
    1    2   44  104  327    1   21    3    3    1    6976
    1    2   45  105  297    1   19    2    1    0    3605
    1    2   46  106   55    1    4    1    1    1    3766
    1    2   47  107  306    1   20    2    3    0    1868
    1    2   48  108  279    1   18    2    3    0    3430
    1    2   49  109  359    1   23    3    2    0    1394
    1    2   50  110   16    1    1    1    1    1    1153
    1    2   51  111  355    1   23    3    3    1    3618
    1    2   52  112  125    1    8    1    1    1    4924
    1    2   53  113  146    1   10    1    2    0    2467
    1    2   54  114  446    1   28    3    1    0    3477
    1    2   55  115    7    1    1    1    1    1    1429
    1    2   56  116  395    1   25    3    1    0    2371
    1    2   57  117  229    1   15    2    1    0    2667
    1    2   58  118  190    1   12    2    2    1    1215
    1    2   59  119  203    1   13    2    3    0    1046
    1    2   60  120  148    1   10    1    1    1    1191
    1    3    1  121  337    1   22    3    3    1    1577
    1    3    2  122   34    1    3    1    1    1    3282
    1    3    3  123  293    1   19    2    2    1    1126
    1    3    4  124   55    1    4    1    3    0    1762
    1    3    5  125  238    1   15    2    2    1    2469
    1    3    6  126  413    1   26    3    2    0    1751
    1    3    7  127  229    1   15    2    3    0    2614
    1    3    8  128  186    1   12    2    3    0    1963
    1    3    9  129  395    1   25    3    3    1    1663
    1    3   10  130  455    1   29    3    3    1     960
    1    3   11  131  306    1   20    2    3    0     869
    1    3   12  132  115    1    8    1    1    1    1345
    1    3   13  133  278    1   18    2    3    0    1285
    1    3   14  134  195    1   13    2    3    0    3260
    1    3   15  135  397    1   25    3    1    0    2815
    1    3   16  136  327    1   21    3    3    1    1172
    1    3   17  137  376    1   24    3    3    1    2733
    1    3   18  138  308    1   20    2    2    1    1816
    1    3   19  139  106    1    7    1    2    0    2630
    1    3   20  140  456    1   29    3    3    1    1344
    1    3   21  141  148    1   10    1    3    0    1285
    1    3   22  142  443    1   28    3    1    0    3189
    1    3   23  143  420    1   27    3    3    1    4444
    1    3   24  144  224    1   14    2    2    1    1882
    1    3   25  145   62    1    4    1    2    0     857
    1    3   26  146  339    1   22    3    2    0    3734
    1    3   27  147  146    1   10    1    3    0    1909
    1    3   28  148  135    1    9    1    1    1    2224
    1    3   29  149  203    1   13    2    3    0    1513
    1    3   30  150  170    1   11    2    2    1   10116
    1    3   31  151  215    1   14    2    2    1    8746
    1    3   32  152  381    1   24    3    3    1    6296
    1    3   33  153   72    1    5    1    2    0    5387
    1    3   34  154  190    1   12    2    2    1    4136
    1    3   35  155    7    1    1    1    1    1    3549
    1    3   36  156  359    1   23    3    2    0    2612
    1    3   37  157   73    1    5    1    1    1    3432
    1    3   38  158  423    1   27    3    2    0    4561
    1    3   39  159  272    1   17    2    2    1    2323
    1    3   40  160  355    1   23    3    3    1    2504
    1    3   41  161  465    1   30    3    3    1    1374
    1    3   42  162  405    1   26    3    3    1     957
    1    3   43  163  241    1   16    2    2    1    1961
    1    3   44  164  279    1   18    2    3    0    2707
    1    3   45  165   40    1    3    1    1    1    1296
    1    3   46  166  163    1   11    2    2    1    2499
    1    3   47  167  297    1   19    2    2    1    1000
    1    3   48  168  136    1    9    1    1    1    1091
    1    3   49  169  250    1   16    2    2    1     963
    1    3   50  170  111    1    7    1    1    1    1460
    1    3   51  171   31    1    2    1    1    1    1435
    1    3   52  172   85    1    6    1    1    1    1354
    1    3   53  173   16    1    1    1    1    1    6667
    1    3   54  174  267    1   17    2    1    0    2023
    1    3   55  175  471    1   30    3    1    0    2670
    1    3   56  176  125    1    8    1    2    0    6728
    1    3   57  177  446    1   28    3    3    1    2886
    1    3   58  178  330    1   21    3    2    0    1955
    1    3   59  179   17    1    2    1    2    0    1402
    1    3   60  180   96    1    6    1    1    1    1783
    2    1    1  181  130    0    9    1    1    1    1799
    2    1    2  182  418    0   27    3    3    1    1104
    2    1    3  183  367    0   23    3    1    0     756
    2    1    4  184  380    0   24    3    2    0     472
    2    1    5  185  272    1   17    2    2    1     604
    2    1    6  186  278    1   18    2    3    0     554
    2    1    7  187  131    0    9    1    2    0     476
    2    1    8  188   19    0    2    1    1    1     763
    2    1    9  189  395    1   25    3    2    0    1051
    2    1   10  190  447    0   28    3    3    1    1084
    2    1   11  191  137    0    9    1    1    1     789
    2    1   12  192  346    0   22    3    2    0    1047
    2    1   13  193  359    1   23    3    3    1     791
    2    1   14  194  127    0    8    1    2    0    1476
    2    1   15  195  401    0   26    3    3    1     729
    2    1   16  196  324    0   21    3    1    0     433
    2    1   17  197  152    0   10    1    3    0     625
    2    1   18  198  391    0   25    3    3    1     837
    2    1   19  199   99    0    7    1    1    1    1005
    2    1   20  200  179    0   12    2    3    0    1468
    2    1   21  201   57    0    4    1    3    0     973
    2    1   22  202  400    0   25    3    3    1    1145
    2    1   23  203  269    0   17    2    2    1    1118
    2    1   24  204  451    0   29    3    3    1     784
    2    1   25  205  199    0   13    2    2    1     756
    2    1   26  206  265    0   17    2    2    1    1725
    2    1   27  207  448    0   28    3    1    0     872
    2    1   28  208  147    0   10    1    2    0     934
    2    1   29  209   55    1    4    1    1    1    1149
    2    1   30  210   80    0    5    1    1    1     999
    2    1   31  211  402    0   26    3    2    0     839
    2    1   32  212  312    0   20    2    3    0     725
    2    1   33  213   79    0    5    1    2    0     621
    2    1   34  214   15    0    1    1    1    1    1118
    2    1   35  215  433    0   28    3    3    1    1562
    2    1   36  216  377    0   24    3    1    0     937
    2    1   37  217  308    1   20    2    3    0    1030
    2    1   38  218  119    0    8    1    1    1     920
    2    1   39  219  144    0    9    1    1    1     897
    2    1   40  220  373    0   24    3    1    0     753
    2    1   41  221  185    0   12    2    1    0     888
    2    1   42  222  296    0   19    2    3    0    1529
    2    1   43  223  369    0   24    3    1    0     825
    2    1   44  224  281    0   18    2    3    0     793
    2    1   45  225   36    0    3    1    2    0     513
    2    1   46  226   50    0    4    1    2    0     544
    2    1   47  227    9    0    1    1    2    0    1532
    2    1   48  228  368    0   23    3    1    0    1465
    2    1   49  229  259    0   17    2    2    1    1860
    2    1   50  230  450    0   29    3    3    1    1277
    2    1   51  231   45    0    3    1    2    0    1147
    2    1   52  232   49    0    4    1    2    0     932
    2    1   53  233  187    0   12    2    1    0    1376
    2    1   54  234  149    0   10    1    2    0     732
    2    1   55  235  153    0   10    1    1    1     990
    2    1   56  236  344    0   22    3    3    1    1101
    2    1   57  237  419    0   27    3    2    0    1244
    2    1   58  238  118    0    8    1    1    1     412
    2    1   59  239   25    0    2    1    3    0     934
    2    1   60  240   67    0    5    1    2    0     748
    2    1   61  241  176    0   11    2    1    0     613
    2    1   62  242  174    0   11    2    2    1    1520
    2    1   63  243   60    0    4    1    2    0     684
    2    1   64  244   34    1    3    1    1    1    1763
    2    1   65  245    2    0    1    1    1    1    2699
    2    1   66  246   63    0    4    1    2    0    2848
    2    1   67  247  282    0   18    2    2    1    1179
    2    1   68  248   21    0    2    1    3    0    1213
    2    1   69  249  374    0   24    3    2    0     648
    2    1   70  250  431    0   27    3    1    0    1070
    2    1   71  251   84    0    6    1    1    1    1507
    2    1   72  252  396    0   25    3    2    0    1272
    2    1   73  253  178    0   12    2    2    1     953
    2    1   74  254  230    0   15    2    2    1    1460
    2    1   75  255  406    0   26    3    2    0    1602
    2    1   76  256  233    0   15    2    2    1    4446
    2    1   77  257  286    0   18    2    3    0    1486
    2    1   78  258  290    0   19    2    2    1    1126
    2    1   79  259  309    0   20    2    3    0    4042
    2    1   80  260  133    0    9    1    1    1    1725
    2    1   81  261    4    0    1    1    1    1    2686
    2    1   82  262  470    0   30    3    3    1     718
    2    1   83  263  467    0   30    3    1    0    1160
    2    1   84  264  452    0   29    3    2    0     735
    2    1   85  265  279    1   18    2    2    1     955
    2    1   86  266  194    0   13    2    3    0    1422
    2    1   87  267  148    1   10    1    1    1     914
    2    1   88  268  172    0   11    2    1    0     980
    2    1   89  269   62    1    4    1    1    1     535
    2    1   90  270  441    0   28    3    3    1     938
    2    1   91  271  221    0   14    2    3    0    1257
    2    1   92  272  215    1   14    2    2    1     921
    2    1   93  273  327    1   21    3    2    0     659
    2    1   94  274  408    0   26    3    1    0    1029
    2    1   95  275   69    0    5    1    1    1     539
    2    1   96  276  306    1   20    2    2    1     873
    2    1   97  277   41    0    3    1    1    1     685
    2    1   98  278  171    0   11    2    2    1    1470
    2    1   99  279   13    0    1    1    2    0     692
    2    1  100  280  330    1   21    3    2    0     487
    2    1  101  281   88    0    6    1    1    1     746
    2    1  102  282  454    0   29    3    3    1    1250
    2    1  103  283  465    1   30    3    3    1     620
    2    1  104  284   76    0    5    1    1    1     713
    2    1  105  285  271    0   17    2    1    0     494
    2    1  106  286  115    1    8    1    1    1     616
    2    1  107  287  463    0   29    3    1    0    1092
    2    1  108  288  180    0   12    2    2    1    1327
    2    1  109  289  305    0   20    2    3    0    1330
    2    1  110  290  442    0   28    3    1    0     971
    2    1  111  291  255    0   16    2    2    1     727
    2    1  112  292  158    0   10    1    1    1     717
    2    1  113  293  260    0   17    2    3    0     781
    2    1  114  294  435    0   28    3    1    0     805
    2    1  115  295   16    1    1    1    1    1     896
    2    1  116  296  211    0   14    2    2    1    1114
    2    1  117  297  160    0   10    1    2    0    1340
    2    1  118  298  220    0   14    2    2    1    1167
    2    1  119  299  168    0   11    2    1    0    1100
    2    1  120  300  159    0   10    1    2    0     719
    2    1  121  301  294    0   19    2    1    0     491
    2    1  122  302   90    0    6    1    1    1     405
    2    1  123  303   27    0    2    1    1    1     362
    2    1  124  304   43    0    3    1    1    1     603
    2    1  125  305   86    0    6    1    2    0    1028
    2    1  126  306  301    0   19    2    2    1     640
    2    1  127  307   18    0    2    1    2    0     917
    2    1  128  308  193    0   13    2    3    0     709
    2    1  129  309  154    0   10    1    1    1     871
    2    1  130  310  355    1   23    3    2    0    1264
    2    1  131  311  478    0   30    3    1    0     973
    2    1  132  312  145    0   10    1    1    1     852
    2    1  133  313  480    0   30    3    2    0    1089
    2    1  134  314  267    1   17    2    2    1    1591
    2    1  135  315  347    0   22    3    1    0     631
    2    1  136  316  241    1   16    2    3    0     562
    2    1  137  317  455    1   29    3    3    1     556
    2    1  138  318  102    0    7    1    2    0     723
    2    1  139  319  443    1   28    3    1    0     708
    2    1  140  320  389    0   25    3    2    0     777
    2    1  141  321  333    0   21    3    2    0    1313
    2    1  142  322  430    0   27    3    2    0    1437
    2    1  143  323  297    1   19    2    2    1     672
    2    1  144  324  273    0   18    2    2    1     961
    2    1  145  325  352    0   22    3    1    0     479
    2    1  146  326   97    0    7    1    2    0     704
    2    1  147  327   24    0    2    1    2    0     726
    2    1  148  328  110    0    7    1    2    0     616
    2    1  149  329  345    0   22    3    1    0    1255
    2    1  150  330  183    0   12    2    2    1     856
    2    1  151  331   89    0    6    1    1    1     739
    2    1  152  332  413    1   26    3    3    1    1120
    2    1  153  333  338    0   22    3    1    0    1056
    2    1  154  334  468    0   30    3    2    0    1754
    2    1  155  335  108    0    7    1    3    0    1330
    2    1  156  336  245    0   16    2    3    0    1215
    2    1  157  337  409    0   26    3    3    1     770
    2    1  158  338  197    0   13    2    3    0     830
    2    1  159  339   83    0    6    1    2    0    1285
    2    1  160  340  473    0   30    3    2    0    1287
    2    1  161  341  121    0    8    1    2    0     842
    2    1  162  342  429    0   27    3    3    1    2508
    2    1  163  343  440    0   28    3    2    0    1682
    2    1  164  344  136    1    9    1    1    1     990
    2    1  165  345  349    0   22    3    2    0    1327
    2    1  166  346  322    0   21    3    1    0    2461
    2    1  167  347   59    0    4    1    2    0    1327
    2    1  168  348  223    0   14    2    2    1    1339
    2    1  169  349  274    0   18    2    3    0     501
    2    1  170  350  353    0   23    3    3    1     707
    2    1  171  351  475    0   30    3    3    1     616
    2    1  172  352  164    0   11    2    2    1     726
    2    1  173  353  342    0   22    3    2    0     803
    2    1  174  354   44    0    3    1    2    0     907
    2    1  175  355  111    1    7    1    3    0     899
    2    1  176  356  436    0   28    3    1    0     538
    2    1  177  357  295    0   19    2    1    0     594
    2    1  178  358  337    1   22    3    2    0     453
    2    1  179  359  428    0   27    3    1    0    1062
    2    1  180  360    3    0    1    1    1    1     927
    2    1  181  361  170    1   11    2    1    0     926
    2    1  182  362  247    0   16    2    2    1     559
    2    1  183  363  238    1   15    2    1    0     554
    2    1  184  364   26    0    2    1    1    1     736
    2    1  185  365  438    0   28    3    1    0     899
    2    1  186  366  316    0   20    2    2    1    1015
    2    1  187  367   14    0    1    1    1    1    3819
    2    1  188  368  254    0   16    2    3    0     666
    2    1  189  369  416    0   26    3    1    0     875
    2    1  190  370  250    1   16    2    3    0     997
    2    1  191  371  325    0   21    3    2    0     727
    2    1  192  372  165    0   11    2    1    0     730
    2    1  193  373  125    1    8    1    1    1    1002
    2    1  194  374  104    0    7    1    3    0     985
    2    1  195  375  123    0    8    1    2    0    1292
    2    1  196  376  317    0   20    2    2    1     649
    2    1  197  377  460    0   29    3    2    0     683
    2    1  198  378   52    0    4    1    1    1     965
    2    1  199  379  307    0   20    2    1    0    4002
    2    1  200  380   91    0    6    1    1    1    1221
    2    1  201  381  227    0   15    2    1    0    1796
    2    1  202  382  298    0   19    2    1    0    2421
    2    1  203  383   74    0    5    1    1    1    1560
    2    1  204  384  365    0   23    3    2    0    1883
    2    1  205  385  375    0   24    3    1    0    1322
    2    1  206  386   85    1    6    1    1    1    1507
    2    1  207  387  394    0   25    3    1    0    1040
    2    1  208  388  143    0    9    1    1    1    1718
    2    1  209  389  268    0   17    2    2    1    1157
    2    1  210  390  364    0   23    3    1    0     599
    2    1  211  391  425    0   27    3    3    1     615
    2    1  212  392  126    0    8    1    1    1     896
    2    1  213  393  304    0   19    2    1    0     828
    2    1  214  394  479    0   30    3    1    0     830
    2    1  215  395   78    0    5    1    1    1    1008
    2    1  216  396  207    0   13    2    3    0     877
    2    1  217  397  210    0   14    2    1    0     667
    2    1  218  398  234    0   15    2    1    0     768
    2    1  219  399  195    1   13    2    2    1     641
    2    1  220  400  360    0   23    3    1    0    1020
    2    1  221  401  387    0   25    3    1    0    1003
    2    1  222  402  226    0   15    2    1    0     867
    2    1  223  403  285    0   18    2    2    1    1620
    2    1  224  404  166    0   11    2    2    1     571
    2    1  225  405  292    0   19    2    1    0    1170
    2    1  226  406  313    0   20    2    2    1     949
    2    1  227  407  300    0   19    2    1    0    1423
    2    1  228  408  169    0   11    2    1    0     678
    2    1  229  409  323    0   21    3    2    0    1027
    2    1  230  410  198    0   13    2    3    0     792
    2    1  231  411  141    0    9    1    2    0    1009
    2    1  232  412  383    0   24    3    1    0    1738
    2    1  233  413  458    0   29    3    2    0    1558
    2    1  234  414  341    0   22    3    1    0    1833
    2    1  235  415  311    0   20    2    2    1     657
    2    1  236  416   82    0    6    1    1    1     728
    2    1  237  417  332    0   21    3    2    0     625
    2    1  238  418  107    0    7    1    2    0     837
    2    1  239  419   77    0    5    1    2    0     566
    2    1  240  420  350    0   22    3    2    0     614
    2    1  241  421  476    0   30    3    3    1    1070
    2    1  242  422  277    0   18    2    2    1     761
    2    1  243  423  202    0   13    2    3    0     824
    2    1  244  424   29    0    2    1    2    0    1120
    2    1  245  425  376    1   24    3    1    0     889
    2    1  246  426  469    0   30    3    3    1     884
    2    1  247  427   48    0    3    1    1    1    1393
    2    1  248  428   51    0    4    1    2    0    1644
    2    1  249  429  190    1   12    2    2    1    1237
    2    1  250  430  456    1   29    3    3    1     807
    2    1  251  431  358    0   23    3    2    0    1301
    2    1  252  432  218    0   14    2    2    1     986
    2    1  253  433   53    0    4    1    1    1     731
    2    1  254  434  356    0   23    3    2    0    1681
    2    1  255  435  134    0    9    1    2    0    2159
    2    1  256  436  205    0   13    2    2    1    1436
    2    1  257  437  351    0   22    3    2    0     739
    2    1  258  438   31    1    2    1    2    0    1121
    2    1  259  439  321    0   21    3    2    0    1614
    2    1  260  440   20    0    2    1    2    0    1835
    2    1  261  441  390    0   25    3    1    0     777
    2    1  262  442  242    0   16    2    2    1     895
    2    1  263  443  363    0   23    3    1    0     777
    2    1  264  444  208    0   13    2    3    0     879
    2    1  265  445   98    0    7    1    2    0     879
    2    1  266  446   22    0    2    1    2    0    1423
    2    1  267  447  222    0   14    2    2    1     789
    2    1  268  448  472    0   30    3    2    0    1017
    2    1  269  449  142    0    9    1    1    1    1139
    2    1  270  450  449    0   29    3    3    1     663
    2    1  271  451  370    0   24    3    3    1    1343
    2    1  272  452   42    0    3    1    2    0     893
    2    1  273  453  471    1   30    3    2    0    1139
    2    1  274  454    6    0    1    1    3    0    1438
    2    1  275  455  427    0   27    3    2    0    1215
    2    1  276  456   71    0    5    1    1    1    1211
    2    1  277  457  188    0   12    2    2    1    1187
    2    1  278  458  182    0   12    2    3    0     816
    2    1  279  459  318    0   20    2    3    0     888
    2    1  280  460  175    0   11    2    3    0     709
    2    1  281  461  112    0    7    1    2    0     986
    2    1  282  462  191    0   12    2    2    1     755
    2    1  283  463  196    0   13    2    3    0     781
    2    1  284  464    5    0    1    1    3    0    1884
    2    1  285  465   39    0    3    1    3    0     733
    2    1  286  466  124    0    8    1    2    0    1129
    2    1  287  467  263    0   17    2    2    1     800
    2    1  288  468  212    0   14    2    2    1     750
    2    1  289  469  243    0   16    2    3    0     574
    2    1  290  470  135    1    9    1    2    0     571
    2    1  291  471  113    0    8    1    2    0     730
    2    1  292  472  150    0   10    1    3    0     788
    2    1  293  473  120    0    8    1    1    1     706
    2    1  294  474  139    0    9    1    1    1    1101
    2    1  295  475  116    0    8    1    3    0    1631
    2    1  296  476  320    0   20    2    3    0     737
    2    1  297  477  209    0   14    2    2    1     793
    2    1  298  478  403    0   26    3    2    0     889
    2    1  299  479  415    0   26    3    2    0     668
    2    1  300  480  229    1   15    2    2    1    1018
