    1    1    1    1  405    1   26    3    2    0    3039
    1    1    2    2   96    1    6    1    1    1    2884
    1    1    3    3  359    1   23    3    2    0    3392
    1    1    4    4  203    1   13    2    1    0    1362
    1    1    5    5   73    1    5    1    3    0    4291
    1    1    6    6   72    1    5    1    1    1    1743
    1    1    7    7  163    1   11    2    1    0    1153
    1    1    8    8  272    1   17    2    3    0    2307
    1    1    9    9  297    1   19    2    1    0    1314
    1    1   10   10  278    1   18    2    3    0    2429
    1    1   11   11   17    1    2    1    2    0    1121
    1    1   12   12   31    1    2    1    3    0    2840
    1    1   13   13  443    1   28    3    2    0    1924
    1    1   14   14   55    1    4    1    2    0    1376
    1    1   15   15  395    1   25    3    1    0    2494
    1    1   16   16   16    1    1    1    1    1    1145
    1    1   17   17  115    1    8    1    1    1    1124
    1    1   18   18    7    1    1    1    1    1    1034
    1    1   19   19  136    1    9    1    3    0    2264
    1    1   20   20  146    1   10    1    3    0    1618
    1    1   21   21  471    1   30    3    2    0    1478
    1    1   22   22  125    1    8    1    3    0    1141
    1    1   23   23  376    1   24    3    3    1    1407
    1    1   24   24  106    1    7    1    2    0    1546
    1    1   25   25  279    1   18    2    3    0    1092
    1    1   26   26   40    1    3    1    1    1    1209
    1    1   27   27  337    1   22    3    3    1    1303
    1    1   28   28  306    1   20    2    2    1    1358
    1    1   29   29  229    1   15    2    2    1    1034
    1    1   30   30  190    1   12    2    1    0    2104
    1    1   31   31   62    1    4    1    2    0    1052
    1    1   32   32  397    1   25    3    2    0    1140
    1    1   33   33  267    1   17    2    3    0     825
    1    1   34   34  148    1   10    1    2    0     722
    1    1   35   35  238    1   15    2    3    0    1138
    1    1   36   36  465    1   30    3    2    0    1022
    1    1   37   37  339    1   22    3    1    0    1088
    1    1   38   38  308    1   20    2    2    1    1019
    1    1   39   39  355    1   23    3    3    1    1383
    1    1   40   40  330    1   21    3    1    0    1449
    1    1   41   41  170    1   11    2    1    0    1490
    1    1   42   42  423    1   27    3    2    0    1066
    1    1   43   43  250    1   16    2    2    1    1157
    1    1   44   44  111    1    7    1    3    0    1816
    1    1   45   45   34    1    3    1    1    1    1490
    1    1   46   46  215    1   14    2    1    0    1856
    1    1   47   47  293    1   19    2    1    0    1557
    1    1   48   48  381    1   24    3    2    0    1080
    1    1   49   49  446    1   28    3    3    1    1054
    1    1   50   50  241    1   16    2    2    1    1090
    1    1   51   51  456    1   29    3    2    0     757
    1    1   52   52  186    1   12    2    3    0    1170
    1    1   53   53  413    1   26    3    3    1    1043
    1    1   54   54   85    1    6    1    3    0    1011
    1    1   55   55  195    1   13    2    2    1    2243
    1    1   56   56  135    1    9    1    3    0    1179
    1    1   57   57  224    1   14    2    2    1    1156
    1    1   58   58  420    1   27    3    3    1    1434
    1    1   59   59  327    1   21    3    2    0    1402
    1    1   60   60  455    1   29    3    3    1    1168
    1    2    1   61  339    1   22    3    3    1    1836
    1    2    2   62   17    1    2    1    2    0    1172
    1    2    3   63   96    1    6    1    1    1     950
    1    2    4   64  279    1   18    2    2    1    1260
    1    2    5   65  170    1   11    2    1    0    1073
    1    2    6   66  471    1   30    3    2    0    1537
    1    2    7   67   85    1    6    1    2    0    3043
    1    2    8   68  267    1   17    2    2    1     965
    1    2    9   69  195    1   13    2    3    0    1895
    1    2   10   70  278    1   18    2    2    1    1177
    1    2   11   71  443    1   28    3    3    1    1175
    1    2   12   72  125    1    8    1    1    1    2165
    1    2   13   73  455    1   29    3    3    1     874
    1    2   14   74  229    1   15    2    3    0    1186
    1    2   15   75  420    1   27    3    3    1    1035
    1    2   16   76  308    1   20    2    1    0    1387
    1    2   17   77  241    1   16    2    1    0    1039
    1    2   18   78  381    1   24    3    1    0    1863
    1    2   19   79   16    1    1    1    1    1    1403
    1    2   20   80   55    1    4    1    2    0    1227
    1    2   21   81   72    1    5    1    1    1     898
    1    2   22   82  238    1   15    2    3    0    1279
    1    2   23   83  186    1   12    2    3    0    1347
    1    2   24   84  376    1   24    3    3    1    1377
    1    2   25   85  413    1   26    3    3    1    1508
    1    2   26   86  272    1   17    2    2    1     988
    1    2   27   87  395    1   25    3    1    0    1327
    1    2   28   88  446    1   28    3    3    1    1056
    1    2   29   89  456    1   29    3    3    1    1241
    1    2   30   90   34    1    3    1    2    0    1481
    1    2   31   91  106    1    7    1    1    1    1276
    1    2   32   92  163    1   11    2    1    0    1999
    1    2   33   93  250    1   16    2    2    1    1192
    1    2   34   94  423    1   27    3    3    1    1210
    1    2   35   95  405    1   26    3    3    1    1426
    1    2   36   96  190    1   12    2    1    0    1309
    1    2   37   97  146    1   10    1    1    1    1195
    1    2   38   98  327    1   21    3    2    0    1328
    1    2   39   99    7    1    1    1    1    1    1080
    1    2   40  100   40    1    3    1    1    1    1302
    1    2   41  101  293    1   19    2    2    1    1047
    1    2   42  102  203    1   13    2    1    0    1022
    1    2   43  103  115    1    8    1    3    0    1212
    1    2   44  104  135    1    9    1    1    1    1765
    1    2   45  105  148    1   10    1    3    0    1667
    1    2   46  106  337    1   22    3    3    1    1142
    1    2   47  107   73    1    5    1    3    0    1120
    1    2   48  108  136    1    9    1    3    0    1298
    1    2   49  109  359    1   23    3    2    0    1216
    1    2   50  110  330    1   21    3    2    0    1012
    1    2   51  111  224    1   14    2    2    1    1035
    1    2   52  112  297    1   19    2    1    0    1820
    1    2   53  113  215    1   14    2    1    0    1280
    1    2   54  114  111    1    7    1    1    1    1547
    1    2   55  115  397    1   25    3    2    0    1084
    1    2   56  116  306    1   20    2    2    1    1304
    1    2   57  117   31    1    2    1    1    1    1011
    1    2   58  118  355    1   23    3    3    1    1114
    1    2   59  119   62    1    4    1    1    1    1573
    1    2   60  120  465    1   30    3    2    0    1256
    1    3    1  121  229    1   15    2    3    0     989
    1    3    2  122  455    1   29    3    2    0     520
    1    3    3  123   62    1    4    1    2    0     979
    1    3    4  124  203    1   13    2    3    0     951
    1    3    5  125   17    1    2    1    2    0    1076
    1    3    6  126  238    1   15    2    1    0     357
    1    3    7  127  135    1    9    1    1    1     446
    1    3    8  128    7    1    1    1    3    0    1233
    1    3    9  129  420    1   27    3    3    1    1269
    1    3   10  130  446    1   28    3    3    1    1526
    1    3   11  131  306    1   20    2    2    1    1916
    1    3   12  132  376    1   24    3    3    1    1151
    1    3   13  133   55    1    4    1    2    0     921
    1    3   14  134  471    1   30    3    1    0    1294
    1    3   15  135  106    1    7    1    1    1    1053
    1    3   16  136   85    1    6    1    3    0    2192
    1    3   17  137  423    1   27    3    2    0    1591
    1    3   18  138   16    1    1    1    2    0     493
    1    3   19  139  148    1   10    1    3    0    1133
    1    3   20  140  250    1   16    2    2    1    1303
    1    3   21  141  111    1    7    1    3    0    1286
    1    3   22  142  186    1   12    2    1    0    1382
    1    3   23  143   34    1    3    1    2    0    1064
    1    3   24  144  327    1   21    3    3    1    1195
    1    3   25  145  272    1   17    2    2    1    1265
    1    3   26  146  195    1   13    2    3    0    1254
    1    3   27  147  293    1   19    2    1    0    1033
    1    3   28  148  241    1   16    2    2    1    1348
    1    3   29  149  190    1   12    2    1    0    1780
    1    3   30  150  337    1   22    3    3    1    1054
    1    3   31  151  125    1    8    1    1    1    1065
    1    3   32  152  308    1   20    2    2    1    2190
    1    3   33  153  443    1   28    3    3    1    1580
    1    3   34  154  279    1   18    2    2    1    1364
    1    3   35  155  359    1   23    3    2    0    1380
    1    3   36  156  395    1   25    3    1    0    1204
    1    3   37  157  215    1   14    2    1    0    1198
    1    3   38  158  397    1   25    3    2    0    1716
    1    3   39  159  355    1   23    3    3    1    1356
    1    3   40  160  339    1   22    3    3    1    1271
    1    3   41  161  456    1   29    3    2    0    1000
    1    3   42  162  267    1   17    2    2    1    1208
    1    3   43  163  278    1   18    2    3    0    1861
    1    3   44  164  224    1   14    2    1    0    1022
    1    3   45  165  115    1    8    1    3    0    1602
    1    3   46  166  413    1   26    3    2    0    1062
    1    3   47  167  297    1   19    2    2    1     433
    1    3   48  168  381    1   24    3    3    1    1759
    1    3   49  169  136    1    9    1    2    0    1180
    1    3   50  170   73    1    5    1    3    0    1071
    1    3   51  171   72    1    5    1    1    1    1295
    1    3   52  172  405    1   26    3    3    1    1122
    1    3   53  173  146    1   10    1    2    0    1515
    1    3   54  174  330    1   21    3    3    1    1185
    1    3   55  175   31    1    2    1    2    0    1063
    1    3   56  176   40    1    3    1    1    1     547
    1    3   57  177   96    1    6    1    1    1    1520
    1    3   58  178  170    1   11    2    1    0    1123
    1    3   59  179  163    1   11    2    2    1     603
    1    3   60  180  465    1   30    3    2    0    1050
    2    1    1  181   81    0    6    1    3    0    4587
    2    1    2  182   25    0    2    1    2    0     929
    2    1    3  183   16    1    1    1    1    1    1366
    2    1    4  184  117    0    8    1    2    0    1799
    2    1    5  185  167    0   11    2    2    1    2110
    2    1    6  186  286    0   18    2    3    0     915
    2    1    7  187   77    0    5    1    3    0    1347
    2    1    8  188  243    0   16    2    3    0    1296
    2    1    9  189    9    0    1    1    2    0     874
    2    1   10  190  472    0   30    3    2    0    1555
    2    1   11  191  424    0   27    3    3    1    1277
    2    1   12  192  473    0   30    3    2    0    1950
    2    1   13  193  151    0   10    1    1    1     840
    2    1   14  194   30    0    2    1    2    0     994
    2    1   15  195  353    0   23    3    3    1     973
    2    1   16  196   10    0    1    1    2    0     944
    2    1   17  197  139    0    9    1    3    0    1273
    2    1   18  198  215    1   14    2    1    0     712
    2    1   19  199  421    0   27    3    2    0     757
    2    1   20  200  456    1   29    3    3    1    2065
    2    1   21  201   34    1    3    1    1    1    1256
    2    1   22  202  417    0   27    3    3    1     816
    2    1   23  203  297    1   19    2    2    1     908
    2    1   24  204   17    1    2    1    3    0     536
    2    1   25  205  401    0   26    3    3    1     448
    2    1   26  206   86    0    6    1    3    0     571
    2    1   27  207  425    0   27    3    3    1     733
    2    1   28  208  202    0   13    2    2    1    1050
    2    1   29  209  299    0   19    2    3    0     919
    2    1   30  210  253    0   16    2    2    1    1852
    2    1   31  211    3    0    1    1    1    1     954
    2    1   32  212   80    0    5    1    1    1     579
    2    1   33  213  298    0   19    2    2    1     933
    2    1   34  214  426    0   27    3    3    1    1470
    2    1   35  215  189    0   12    2    1    0    1640
    2    1   36  216  156    0   10    1    3    0     979
    2    1   37  217  459    0   29    3    2    0     779
    2    1   38  218   53    0    4    1    1    1     911
    2    1   39  219  300    0   19    2    2    1     793
    2    1   40  220  164    0   11    2    2    1     734
    2    1   41  221  332    0   21    3    1    0    1028
    2    1   42  222  451    0   29    3    3    1     556
    2    1   43  223  208    0   13    2    3    0    1008
    2    1   44  224  175    0   11    2    2    1     640
    2    1   45  225  122    0    8    1    3    0     843
    2    1   46  226  310    0   20    2    2    1     802
    2    1   47  227  281    0   18    2    3    0    1387
    2    1   48  228  430    0   27    3    3    1     506
    2    1   49  229  324    0   21    3    3    1     697
    2    1   50  230  457    0   29    3    3    1    1135
    2    1   51  231  262    0   17    2    2    1     967
    2    1   52  232  125    1    8    1    1    1     584
    2    1   53  233  474    0   30    3    1    0     490
    2    1   54  234  106    1    7    1    1    1     508
    2    1   55  235   40    1    3    1    1    1     966
    2    1   56  236  447    0   28    3    3    1     598
    2    1   57  237  393    0   25    3    2    0    1001
    2    1   58  238   18    0    2    1    2    0     921
    2    1   59  239  327    1   21    3    3    1    1358
    2    1   60  240  316    0   20    2    2    1     638
    2    1   61  241  335    0   21    3    1    0     911
    2    1   62  242  238    1   15    2    3    0     452
    2    1   63  243  317    0   20    2    2    1     581
    2    1   64  244  275    0   18    2    3    0     837
    2    1   65  245  258    0   17    2    2    1     716
    2    1   66  246  195    1   13    2    2    1     905
    2    1   67  247  346    0   22    3    2    0     844
    2    1   68  248   88    0    6    1    3    0    1583
    2    1   69  249  176    0   11    2    2    1     955
    2    1   70  250  157    0   10    1    3    0     627
    2    1   71  251  118    0    8    1    1    1     757
    2    1   72  252  306    1   20    2    2    1     494
    2    1   73  253  140    0    9    1    3    0     790
    2    1   74  254  338    0   22    3    3    1     774
    2    1   75  255   96    1    6    1    1    1    1504
    2    1   76  256  395    1   25    3    2    0     848
    2    1   77  257   71    0    5    1    1    1     749
    2    1   78  258  165    0   11    2    1    0     806
    2    1   79  259  334    0   21    3    3    1     940
    2    1   80  260  461    0   29    3    2    0     569
    2    1   81  261  359    1   23    3    2    0     575
    2    1   82  262    6    0    1    1    1    1     983
    2    1   83  263  364    0   23    3    2    0     885
    2    1   84  264  159    0   10    1    2    0     650
    2    1   85  265  427    0   27    3    3    1     961
    2    1   86  266  188    0   12    2    1    0    1768
    2    1   87  267  123    0    8    1    1    1     577
    2    1   88  268  382    0   24    3    3    1     590
    2    1   89  269  398    0   25    3    2    0     630
    2    1   90  270  213    0   14    2    2    1     724
    2    1   91  271  144    0    9    1    2    0     744
    2    1   92  272  465    1   30    3    2    0     603
    2    1   93  273  392    0   25    3    2    0     562
    2    1   94  274    5    0    1    1    2    0     582
    2    1   95  275   98    0    7    1    3    0    2123
    2    1   96  276  192    0   12    2    1    0    1144
    2    1   97  277  271    0   17    2    2    1    1387
    2    1   98  278  182    0   12    2    3    0     691
    2    1   99  279  129    0    9    1    1    1    1809
    2    1  100  280  339    1   22    3    2    0     760
    2    1  101  281  245    0   16    2    3    0     495
    2    1  102  282  242    0   16    2    2    1     525
    2    1  103  283  142    0    9    1    3    0    1173
    2    1  104  284  131    0    9    1    3    0     642
    2    1  105  285  312    0   20    2    2    1     580
    2    1  106  286  269    0   17    2    1    0    1580
    2    1  107  287  431    0   27    3    3    1     625
    2    1  108  288  325    0   21    3    1    0     876
    2    1  109  289   85    1    6    1    3    0    2130
    2    1  110  290  466    0   30    3    2    0     617
    2    1  111  291  399    0   25    3    2    0     597
    2    1  112  292  272    1   17    2    2    1     553
    2    1  113  293  172    0   11    2    1    0     992
    2    1  114  294   37    0    3    1    1    1     688
    2    1  115  295  277    0   18    2    2    1     866
    2    1  116  296  252    0   16    2    2    1    1143
    2    1  117  297  247    0   16    2    2    1     581
    2    1  118  298  318    0   20    2    2    1     556
    2    1  119  299  216    0   14    2    1    0     449
    2    1  120  300   78    0    5    1    1    1     628
    2    1  121  301  354    0   23    3    2    0    1021
    2    1  122  302   90    0    6    1    1    1    1123
    2    1  123  303  116    0    8    1    3    0    1015
    2    1  124  304   66    0    5    1    1    1    1282
    2    1  125  305  127    0    8    1    1    1     800
    2    1  126  306  363    0   23    3    3    1     559
    2    1  127  307  345    0   22    3    1    0     623
    2    1  128  308   65    0    5    1    3    0     516
    2    1  129  309  254    0   16    2    2    1     475
    2    1  130  310  410    0   26    3    2    0     609
    2    1  131  311   97    0    7    1    1    1    1187
    2    1  132  312  234    0   15    2    3    0     458
    2    1  133  313  394    0   25    3    2    0     533
    2    1  134  314  204    0   13    2    1    0     459
    2    1  135  315  383    0   24    3    3    1     518
    2    1  136  316  110    0    7    1    3    0     681
    2    1  137  317  365    0   23    3    3    1     619
    2    1  138  318  197    0   13    2    2    1     454
    2    1  139  319   62    1    4    1    1    1     548
    2    1  140  320  477    0   30    3    1    0     934
    2    1  141  321  295    0   19    2    1    0     681
    2    1  142  322  263    0   17    2    2    1     961
    2    1  143  323   87    0    6    1    3    0     531
    2    1  144  324  232    0   15    2    3    0     622
    2    1  145  325  148    1   10    1    3    0    2366
    2    1  146  326  266    0   17    2    2    1    1633
    2    1  147  327  250    1   16    2    2    1     575
    2    1  148  328  434    0   28    3    3    1     785
    2    1  149  329  450    0   29    3    2    0     514
    2    1  150  330  289    0   19    2    2    1     928
    2    1  151  331  387    0   25    3    2    0     671
    2    1  152  332  166    0   11    2    2    1     647
    2    1  153  333  124    0    8    1    2    0     686
    2    1  154  334  221    0   14    2    2    1     494
    2    1  155  335   54    0    4    1    2    0     489
    2    1  156  336  231    0   15    2    1    0     828
    2    1  157  337   72    1    5    1    1    1     593
    2    1  158  338  438    0   28    3    1    0     464
    2    1  159  339  475    0   30    3    2    0     844
    2    1  160  340  469    0   30    3    2    0     633
    2    1  161  341  112    0    7    1    3    0     324
    2    1  162  342   73    1    5    1    3    0     851
    2    1  163  343   42    0    3    1    2    0     436
    2    1  164  344  463    0   29    3    2    0     448
    2    1  165  345  455    1   29    3    3    1     630
    2    1  166  346  236    0   15    2    3    0    1010
    2    1  167  347  265    0   17    2    2    1     265
    2    1  168  348  391    0   25    3    2    0     516
    2    1  169  349  464    0   29    3    2    0     790
    2    1  170  350   49    0    4    1    2    0    1092
    2    1  171  351  260    0   17    2    2    1     514
    2    1  172  352  149    0   10    1    2    0     866
    2    1  173  353  163    1   11    2    3    0     650
    2    1  174  354  433    0   28    3    3    1     573
    2    1  175  355  147    0   10    1    2    0     710
    2    1  176  356   95    0    6    1    3    0     542
    2    1  177  357  150    0   10    1    2    0     593
    2    1  178  358  322    0   21    3    2    0     436
    2    1  179  359  138    0    9    1    2    0     914
    2    1  180  360   59    0    4    1    2    0     696
    2    1  181  361  366    0   23    3    3    1     737
    2    1  182  362  350    0   22    3    2    0    2234
    2    1  183  363  439    0   28    3    3    1     683
    2    1  184  364  135    1    9    1    1    1     738
    2    1  185  365  374    0   24    3    3    1    1012
    2    1  186  366  155    0   10    1    2    0     624
    2    1  187  367  193    0   13    2    2    1     522
    2    1  188  368  419    0   27    3    3    1     671
    2    1  189  369  191    0   12    2    3    0     908
    2    1  190  370  227    0   15    2    2    1     685
    2    1  191  371  362    0   23    3    3    1     594
    2    1  192  372  225    0   15    2    3    0     759
    2    1  193  373   35    0    3    1    1    1     586
    2    1  194  374   28    0    2    1    2    0     773
    2    1  195  375  348    0   22    3    2    0    1028
    2    1  196  376  319    0   20    2    2    1     585
    2    1  197  377  412    0   26    3    2    0     643
    2    1  198  378   69    0    5    1    3    0     707
    2    1  199  379   84    0    6    1    3    0    1709
    2    1  200  380   64    0    4    1    2    0     624
    2    1  201  381  385    0   25    3    2    0     677
    2    1  202  382  449    0   29    3    3    1     540
    2    1  203  383  108    0    7    1    3    0     375
    2    1  204  384  133    0    9    1    2    0    1305
    2    1  205  385  246    0   16    2    1    0     495
    2    1  206  386  185    0   12    2    3    0     508
    2    1  207  387  396    0   25    3    2    0     440
    2    1  208  388  296    0   19    2    3    0     777
    2    1  209  389  435    0   28    3    3    1     492
    2    1  210  390  368    0   23    3    3    1     494
    2    1  211  391   27    0    2    1    2    0     518
    2    1  212  392  261    0   17    2    2    1     599
    2    1  213  393  256    0   16    2    1    0    1634
    2    1  214  394  389    0   25    3    3    1     699
    2    1  215  395  284    0   18    2    2    1     471
    2    1  216  396   58    0    4    1    2    0     482
    2    1  217  397  160    0   10    1    2    0     436
    2    1  218  398  178    0   12    2    3    0     453
    2    1  219  399  119    0    8    1    1    1     617
    2    1  220  400  171    0   11    2    3    0     996
    2    1  221  401   44    0    3    1    1    1     780
    2    1  222  402  196    0   13    2    2    1     832
    2    1  223  403  397    1   25    3    2    0     522
    2    1  224  404  444    0   28    3    3    1     517
    2    1  225  405  291    0   19    2    2    1     613
    2    1  226  406  452    0   29    3    2    0     603
    2    1  227  407  321    0   21    3    2    0     534
    2    1  228  408   93    0    6    1    3    0     533
    2    1  229  409  107    0    7    1    3    0     876
    2    1  230  410  446    1   28    3    3    1     703
    2    1  231  411   29    0    2    1    2    0     536
    2    1  232  412  103    0    7    1    3    0     526
    2    1  233  413  104    0    7    1    3    0     668
    2    1  234  414  198    0   13    2    2    1     709
    2    1  235  415  388    0   25    3    3    1     540
    2    1  236  416  460    0   29    3    2    0     491
    2    1  237  417   56    0    4    1    2    0     522
    2    1  238  418  458    0   29    3    2    0     595
    2    1  239  419  305    0   20    2    2    1     533
    2    1  240  420  360    0   23    3    3    1     475
    2    1  241  421  367    0   23    3    3    1     670
    2    1  242  422  416    0   26    3    2    0     468
    2    1  243  423  292    0   19    2    2    1     984
    2    1  244  424  470    0   30    3    2    0     700
    2    1  245  425  323    0   21    3    3    1    1139
    2    1  246  426  337    1   22    3    3    1     516
    2    1  247  427  409    0   26    3    2    0    1109
    2    1  248  428  462    0   29    3    2    0     543
    2    1  249  429  136    1    9    1    2    0     515
    2    1  250  430   83    0    6    1    3    0     671
    2    1  251  431  240    0   15    2    2    1     494
    2    1  252  432  210    0   14    2    2    1     476
    2    1  253  433  373    0   24    3    2    0     746
    2    1  254  434  280    0   18    2    2    1     538
    2    1  255  435  422    0   27    3    2    0     813
    2    1  256  436  219    0   14    2    2    1     448
    2    1  257  437   46    0    3    1    2    0     443
    2    1  258  438  468    0   30    3    1    0     368
    2    1  259  439  146    1   10    1    3    0     940
    2    1  260  440  184    0   12    2    2    1     442
    2    1  261  441   12    0    1    1    2    0     455
    2    1  262  442  314    0   20    2    2    1     468
    2    1  263  443  233    0   15    2    2    1     513
    2    1  264  444  273    0   18    2    2    1     618
    2    1  265  445   41    0    3    1    1    1     612
    2    1  266  446   13    0    1    1    2    0     465
    2    1  267  447  420    1   27    3    3    1     822
    2    1  268  448  105    0    7    1    3    0    1074
    2    1  269  449  212    0   14    2    2    1     523
    2    1  270  450   11    0    1    1    2    0     500
    2    1  271  451  109    0    7    1    2    0     693
    2    1  272  452  328    0   21    3    3    1     594
    2    1  273  453  423    1   27    3    3    1     689
    2    1  274  454  329    0   21    3    3    1     516
    2    1  275  455  153    0   10    1    2    0     466
    2    1  276  456  428    0   27    3    3    1     629
    2    1  277  457  408    0   26    3    2    0    1322
    2    1  278  458  378    0   24    3    2    0     615
    2    1  279  459  230    0   15    2    2    1     728
    2    1  280  460  429    0   27    3    2    0     667
    2    1  281  461  190    1   12    2    3    0     571
    2    1  282  462   74    0    5    1    2    0     556
    2    1  283  463  241    1   16    2    2    1     515
    2    1  284  464   24    0    2    1    2    0     555
    2    1  285  465  229    1   15    2    2    1     672
    2    1  286  466  101    0    7    1    1    1    1167
    2    1  287  467  290    0   19    2    2    1     908
    2    1  288  468  342    0   22    3    2    0     598
    2    1  289  469  442    0   28    3    3    1     704
    2    1  290  470  404    0   26    3    2    0     449
    2    1  291  471  276    0   18    2    2    1     484
    2    1  292  472  214    0   14    2    2    1     588
    2    1  293  473  330    1   21    3    3    1     540
    2    1  294  474   50    0    4    1    2    0     435
    2    1  295  475  372    0   24    3    3    1     670
    2    1  296  476  453    0   29    3    2    0     591
    2    1  297  477  126    0    8    1    3    0     515
    2    1  298  478  405    1   26    3    3    1     557
    2    1  299  479  371    0   24    3    3    1     967
    2    1  300  480   47    0    3    1    1    1    1194
