    1    1    1    1  266    1   17    2    1    0     613
    1    1    2    2   38    1    3    1    1    1    1867
    1    1    3    3  448    1   28    3    3    1     639
    1    1    4    4  387    1   25    3    2    0    1312
    1    1    5    5  216    1   14    2    2    1    1843
    1    1    6    6  267    1   17    2    1    0    1343
    1    1    7    7  271    1   17    2    1    0    1953
    1    1    8    8  252    1   16    2    1    0    1557
    1    1    9    9  476    1   30    3    2    0    1260
    1    1   10   10  340    1   22    3    3    1    1764
    1    1   11   11  479    1   30    3    1    0    4099
    1    1   12   12  290    1   19    2    2    1    3210
    1    1   13   13  272    1   17    2    2    1    2971
    1    1   14   14  117    1    8    1    3    0    2918
    1    1   15   15  406    1   26    3    2    0    1052
    1    1   16   16  408    1   26    3    2    0    9282
    1    1   17   17  326    1   21    3    2    0    1796
    1    1   18   18  250    1   16    2    2    1    1016
    1    1   19   19   16    1    1    1    2    0    1190
    1    1   20   20   53    1    4    1    1    1    1441
    1    1   21   21   66    1    5    1    1    1     969
    1    1   22   22  353    1   23    3    3    1    1510
    1    1   23   23  396    1   25    3    2    0    2919
    1    1   24   24  276    1   18    2    2    1    1126
    1    1   25   25   15    1    1    1    2    0    1212
    1    1   26   26   71    1    5    1    1    1    5354
    1    1   27   27  217    1   14    2    2    1    1122
    1    1   28   28  245    1   16    2    2    1    1363
    1    1   29   29   49    1    4    1    2    0    2693
    1    1   30   30  182    1   12    2    2    1    1003
    1    1   31   31  280    1   18    2    2    1     957
    1    1   32   32  473    1   30    3    3    1    1370
    1    1   33   33   36    1    3    1    1    1    1498
    1    1   34   34  201    1   13    2    2    1    2224
    1    1   35   35  240    1   15    2    2    1    3541
    1    1   36   36  356    1   23    3    3    1    1707
    1    1   37   37  360    1   23    3    3    1    1262
    1    1   38   38  409    1   26    3    3    1    1472
    1    1   39   39  212    1   14    2    2    1    4079
    1    1   40   40   58    1    4    1    3    0    1457
    1    1   41   41  164    1   11    2    1    0    2095
    1    1   42   42  380    1   24    3    3    1    2846
    1    1   43   43   56    1    4    1    3    0    1322
    1    1   44   44   33    1    3    1    1    1    1376
    1    1   45   45   52    1    4    1    3    0    1142
    1    1   46   46  120    1    8    1    1    1    1323
    1    1   47   47   80    1    5    1    1    1     988
    1    1   48   48  219    1   14    2    2    1    1356
    1    1   49   49   37    1    3    1    1    1    2007
    1    1   50   50  289    1   19    2    2    1    1221
    1    1   51   51  359    1   23    3    3    1    3705
    1    1   52   52  411    1   26    3    2    0    1852
    1    1   53   53  269    1   17    2    2    1    1050
    1    1   54   54    6    1    1    1    1    1    1500
    1    1   55   55   35    1    3    1    1    1    1082
    1    1   56   56  121    1    8    1    1    1    2487
    1    1   57   57  424    1   27    3    3    1    1098
    1    1   58   58    4    1    1    1    1    1    2321
    1    1   59   59  465    1   30    3    2    0    3586
    1    1   60   60  471    1   30    3    3    1    1274
    1    2    1   61  182    1   12    2    2    1    2698
    1    2    2   62  201    1   13    2    2    1     977
    1    2    3   63   80    1    5    1    1    1    1491
    1    2    4   64  473    1   30    3    3    1    1089
    1    2    5   65  396    1   25    3    2    0    1239
    1    2    6   66  216    1   14    2    2    1    1392
    1    2    7   67  117    1    8    1    1    1    2012
    1    2    8   68  471    1   30    3    2    0    5170
    1    2    9   69  276    1   18    2    2    1    1240
    1    2   10   70   66    1    5    1    1    1    1182
    1    2   11   71  340    1   22    3    3    1    1195
    1    2   12   72   16    1    1    1    1    1    1215
    1    2   13   73  406    1   26    3    2    0    1112
    1    2   14   74  212    1   14    2    2    1     959
    1    2   15   75  360    1   23    3    3    1     894
    1    2   16   76  245    1   16    2    2    1    1284
    1    2   17   77   33    1    3    1    1    1    1119
    1    2   18   78  269    1   17    2    2    1     972
    1    2   19   79  479    1   30    3    2    0    1277
    1    2   20   80  409    1   26    3    3    1    1182
    1    2   21   81   52    1    4    1    1    1    1093
    1    2   22   82  217    1   14    2    2    1    1111
    1    2   23   83   71    1    5    1    1    1     986
    1    2   24   84   35    1    3    1    1    1    1071
    1    2   25   85  411    1   26    3    2    0    1129
    1    2   26   86   53    1    4    1    1    1     961
    1    2   27   87  121    1    8    1    1    1    1124
    1    2   28   88  380    1   24    3    2    0    1430
    1    2   29   89  164    1   11    2    1    0    1861
    1    2   30   90  408    1   26    3    3    1    1201
    1    2   31   91  240    1   15    2    2    1    1177
    1    2   32   92  272    1   17    2    1    0    2324
    1    2   33   93  290    1   19    2    1    0    1196
    1    2   34   94  448    1   28    3    3    1    1791
    1    2   35   95    4    1    1    1    1    1    1169
    1    2   36   96  476    1   30    3    3    1    1111
    1    2   37   97  424    1   27    3    3    1    1393
    1    2   38   98  267    1   17    2    2    1    3268
    1    2   39   99  271    1   17    2    2    1    1881
    1    2   40  100  252    1   16    2    2    1    1085
    1    2   41  101   38    1    3    1    1    1     979
    1    2   42  102  326    1   21    3    1    0    1307
    1    2   43  103   36    1    3    1    1    1    1020
    1    2   44  104   49    1    4    1    1    1    1116
    1    2   45  105  387    1   25    3    3    1    3348
    1    2   46  106  359    1   23    3    3    1    1091
    1    2   47  107  289    1   19    2    2    1    1408
    1    2   48  108   37    1    3    1    1    1    1035
    1    2   49  109  356    1   23    3    3    1    1419
    1    2   50  110  353    1   23    3    3    1     998
    1    2   51  111    6    1    1    1    1    1    1011
    1    2   52  112   56    1    4    1    1    1    1062
    1    2   53  113  266    1   17    2    2    1    1118
    1    2   54  114  250    1   16    2    2    1    1578
    1    2   55  115  465    1   30    3    3    1    1267
    1    2   56  116   15    1    1    1    1    1     980
    1    2   57  117  120    1    8    1    1    1    1006
    1    2   58  118  280    1   18    2    2    1     929
    1    2   59  119   58    1    4    1    1    1     996
    1    2   60  120  219    1   14    2    2    1    1100
    1    3    1  121  380    1   24    3    2    0    1432
    1    3    2  122   35    1    3    1    1    1    1044
    1    3    3  123   16    1    1    1    1    1    1011
    1    3    4  124  471    1   30    3    3    1    1992
    1    3    5  125  217    1   14    2    1    0    2031
    1    3    6  126  465    1   30    3    3    1    1026
    1    3    7  127  120    1    8    1    1    1     875
    1    3    8  128  250    1   16    2    2    1    2465
    1    3    9  129  269    1   17    2    3    0    1880
    1    3   10  130  280    1   18    2    2    1    1139
    1    3   11  131  212    1   14    2    3    0    1738
    1    3   12  132  411    1   26    3    2    0    1163
    1    3   13  133  448    1   28    3    3    1    1140
    1    3   14  134  267    1   17    2    2    1    1031
    1    3   15  135  356    1   23    3    3    1     972
    1    3   16  136   71    1    5    1    1    1    1019
    1    3   17  137   36    1    3    1    1    1     952
    1    3   18  138   38    1    3    1    1    1     895
    1    3   19  139   56    1    4    1    1    1    1451
    1    3   20  140  396    1   25    3    3    1    1400
    1    3   21  141  164    1   11    2    3    0    1374
    1    3   22  142    6    1    1    1    1    1    1169
    1    3   23  143  272    1   17    2    2    1     906
    1    3   24  144   66    1    5    1    1    1     887
    1    3   25  145  276    1   18    2    2    1    1439
    1    3   26  146  245    1   16    2    2    1    1278
    1    3   27  147  387    1   25    3    3    1    1104
    1    3   28  148    4    1    1    1    1    1    1114
    1    3   29  149  266    1   17    2    2    1    1271
    1    3   30  150  473    1   30    3    3    1    1272
    1    3   31  151  409    1   26    3    3    1    1155
    1    3   32  152  240    1   15    2    2    1    1888
    1    3   33  153   37    1    3    1    1    1    1168
    1    3   34  154  289    1   19    2    2    1    1048
    1    3   35  155   53    1    4    1    1    1    1318
    1    3   36  156  359    1   23    3    3    1     975
    1    3   37  157  476    1   30    3    3    1    1075
    1    3   38  158   80    1    5    1    1    1     910
    1    3   39  159  326    1   21    3    3    1    1058
    1    3   40  160  216    1   14    2    2    1    1407
    1    3   41  161  360    1   23    3    3    1    1197
    1    3   42  162  479    1   30    3    2    0    1103
    1    3   43  163  121    1    8    1    1    1    1360
    1    3   44  164   58    1    4    1    1    1    1166
    1    3   45  165   33    1    3    1    1    1    1146
    1    3   46  166   49    1    4    1    1    1    1047
    1    3   47  167  117    1    8    1    1    1    1014
    1    3   48  168  340    1   22    3    3    1    1143
    1    3   49  169  353    1   23    3    3    1    2222
    1    3   50  170  271    1   17    2    2    1    1009
    1    3   51  171  408    1   26    3    3    1     935
    1    3   52  172  290    1   19    2    1    0    1050
    1    3   53  173  201    1   13    2    2    1     965
    1    3   54  174  219    1   14    2    2    1    1001
    1    3   55  175  252    1   16    2    2    1    1205
    1    3   56  176  424    1   27    3    3    1     973
    1    3   57  177  406    1   26    3    2    0    1070
    1    3   58  178   15    1    1    1    1    1     964
    1    3   59  179  182    1   12    2    2    1     873
    1    3   60  180   52    1    4    1    1    1     942
    2    1    1  181    5    0    1    1    1    1    1584
    2    1    2  182   37    1    3    1    1    1     650
    2    1    3  183  256    0   16    2    1    0     834
    2    1    4  184  290    1   19    2    1    0     674
    2    1    5  185  184    0   12    2    3    0    1548
    2    1    6  186  253    0   16    2    1    0    1174
    2    1    7  187  388    0   25    3    3    1    1231
    2    1    8  188  171    0   11    2    1    0    1141
    2    1    9  189   72    0    5    1    1    1     910
    2    1   10  190  134    0    9    1    2    0    1564
    2    1   11  191   21    0    2    1    3    0    1337
    2    1   12  192  315    0   20    2    3    0    1135
    2    1   13  193  364    0   23    3    3    1    2945
    2    1   14  194  260    0   17    2    2    1    3206
    2    1   15  195  401    0   26    3    2    0    3955
    2    1   16  196   36    1    3    1    1    1    1044
    2    1   17  197  316    0   20    2    3    0    2679
    2    1   18  198    2    0    1    1    1    1    1120
    2    1   19  199  340    1   22    3    3    1    1852
    2    1   20  200  319    0   20    2    3    0    2250
    2    1   21  201   99    0    7    1    3    0    2429
    2    1   22  202  119    0    8    1    1    1    1649
    2    1   23  203  137    0    9    1    1    1     962
    2    1   24  204  451    0   29    3    2    0     921
    2    1   25  205  227    0   15    2    3    0    2185
    2    1   26  206   28    0    2    1    3    0    3218
    2    1   27  207  292    0   19    2    1    0    2472
    2    1   28  208   74    0    5    1    1    1    1093
    2    1   29  209   33    1    3    1    1    1    1029
    2    1   30  210  161    0   11    2    1    0     899
    2    1   31  211  242    0   16    2    3    0    2152
    2    1   32  212    7    0    1    1    1    1    1072
    2    1   33  213  363    0   23    3    3    1    1140
    2    1   34  214  201    1   13    2    2    1     951
    2    1   35  215  415    0   26    3    3    1    1822
    2    1   36  216  259    0   17    2    2    1    4740
    2    1   37  217  240    1   15    2    2    1    2343
    2    1   38  218  237    0   15    2    2    1    1654
    2    1   39  219  449    0   29    3    2    0    1019
    2    1   40  220  353    1   23    3    3    1    1120
    2    1   41  221  436    0   28    3    3    1    1482
    2    1   42  222   87    0    6    1    3    0     934
    2    1   43  223  223    0   14    2    2    1    1019
    2    1   44  224  263    0   17    2    2    1     976
    2    1   45  225  122    0    8    1    1    1     951
    2    1   46  226  343    0   22    3    1    0    1118
    2    1   47  227  170    0   11    2    1    0     710
    2    1   48  228  278    0   18    2    2    1     918
    2    1   49  229  282    0   18    2    3    0    1080
    2    1   50  230   89    0    6    1    3    0    1109
    2    1   51  231  424    1   27    3    3    1     904
    2    1   52  232   48    0    3    1    1    1     630
    2    1   53  233  334    0   21    3    3    1    1157
    2    1   54  234  183    0   12    2    3    0     955
    2    1   55  235  413    0   26    3    3    1    1042
    2    1   56  236  356    1   23    3    3    1    1005
    2    1   57  237   79    0    5    1    1    1     448
    2    1   58  238  216    1   14    2    2    1     807
    2    1   59  239  231    0   15    2    2    1     537
    2    1   60  240  222    0   14    2    2    1     826
    2    1   61  241  345    0   22    3    3    1    1194
    2    1   62  242  106    0    7    1    3    0     956
    2    1   63  243  202    0   13    2    1    0     694
    2    1   64  244  294    0   19    2    3    0    1567
    2    1   65  245  135    0    9    1    2    0    1250
    2    1   66  246   44    0    3    1    1    1     757
    2    1   67  247  178    0   12    2    3    0    1119
    2    1   68  248  313    0   20    2    2    1     830
    2    1   69  249  444    0   28    3    3    1     583
    2    1   70  250  392    0   25    3    2    0    1380
    2    1   71  251  132    0    9    1    2    0     886
    2    1   72  252  430    0   27    3    3    1     673
    2    1   73  253  220    0   14    2    2    1     937
    2    1   74  254  344    0   22    3    3    1     821
    2    1   75  255   41    0    3    1    1    1     666
    2    1   76  256  224    0   14    2    2    1     741
    2    1   77  257   35    1    3    1    1    1     810
    2    1   78  258   10    0    1    1    1    1    1241
    2    1   79  259  380    1   24    3    2    0    2234
    2    1   80  260  234    0   15    2    3    0    1658
    2    1   81  261  291    0   19    2    3    0    2736
    2    1   82  262  108    0    7    1    3    0    1426
    2    1   83  263  196    0   13    2    1    0     578
    2    1   84  264  125    0    8    1    3    0     916
    2    1   85  265  101    0    7    1    3    0     914
    2    1   86  266  136    0    9    1    2    0    1286
    2    1   87  267  357    0   23    3    2    0     904
    2    1   88  268  325    0   21    3    3    1    1176
    2    1   89  269  456    0   29    3    2    0     843
    2    1   90  270  158    0   10    1    2    0     764
    2    1   91  271  377    0   24    3    3    1    1446
    2    1   92  272  143    0    9    1    2    0    1267
    2    1   93  273  402    0   26    3    2    0     681
    2    1   94  274  432    0   27    3    3    1     749
    2    1   95  275  120    1    8    1    1    1     589
    2    1   96  276  478    0   30    3    2    0     718
    2    1   97  277  204    0   13    2    2    1    1017
    2    1   98  278  394    0   25    3    2    0     829
    2    1   99  279  145    0   10    1    1    1    1067
    2    1  100  280    4    1    1    1    1    1     565
    2    1  101  281  247    0   16    2    2    1     954
    2    1  102  282   59    0    4    1    1    1     768
    2    1  103  283  470    0   30    3    2    0     541
    2    1  104  284   60    0    4    1    2    0     654
    2    1  105  285  190    0   12    2    3    0    1730
    2    1  106  286  411    1   26    3    2    0     691
    2    1  107  287  212    1   14    2    2    1     581
    2    1  108  288  412    0   26    3    2    0     705
    2    1  109  289  431    0   27    3    3    1    2218
    2    1  110  290   82    0    6    1    3    0     833
    2    1  111  291  332    0   21    3    2    0    1162
    2    1  112  292  376    0   24    3    1    0     742
    2    1  113  293  195    0   13    2    2    1     624
    2    1  114  294  378    0   24    3    1    0    2118
    2    1  115  295   22    0    2    1    2    0     741
    2    1  116  296  331    0   21    3    3    1    1176
    2    1  117  297  172    0   11    2    1    0    5099
    2    1  118  298  428    0   27    3    3    1    1589
    2    1  119  299  391    0   25    3    2    0    1301
    2    1  120  300  330    0   21    3    3    1    1490
    2    1  121  301  368    0   23    3    3    1     882
    2    1  122  302  382    0   24    3    3    1    1836
    2    1  123  303    9    0    1    1    2    0     613
    2    1  124  304  150    0   10    1    2    0     817
    2    1  125  305  304    0   19    2    3    0     749
    2    1  126  306  111    0    7    1    3    0     646
    2    1  127  307  427    0   27    3    3    1    1199
    2    1  128  308   64    0    4    1    2    0     624
    2    1  129  309  215    0   14    2    3    0    2253
    2    1  130  310  369    0   24    3    3    1    1840
    2    1  131  311   30    0    2    1    3    0    1116
    2    1  132  312   15    1    1    1    1    1     636
    2    1  133  313  328    0   21    3    3    1     746
    2    1  134  314  155    0   10    1    2    0     545
    2    1  135  315  166    0   11    2    2    1    1038
    2    1  136  316  355    0   23    3    3    1     664
    2    1  137  317  433    0   28    3    3    1     856
    2    1  138  318  306    0   20    2    3    0     496
    2    1  139  319  160    0   10    1    2    0     700
    2    1  140  320  142    0    9    1    1    1     720
    2    1  141  321  434    0   28    3    3    1     664
    2    1  142  322  189    0   12    2    3    0    1022
    2    1  143  323  112    0    7    1    3    0    1295
    2    1  144  324  141    0    9    1    1    1     819
    2    1  145  325  233    0   15    2    3    0     713
    2    1  146  326  121    1    8    1    1    1     817
    2    1  147  327   50    0    4    1    2    0     914
    2    1  148  328  335    0   21    3    3    1     842
    2    1  149  329  239    0   15    2    2    1     651
    2    1  150  330  176    0   11    2    1    0     742
    2    1  151  331  203    0   13    2    2    1     633
    2    1  152  332  187    0   12    2    2    1    3320
    2    1  153  333  421    0   27    3    3    1    8604
    2    1  154  334   92    0    6    1    3    0    1954
    2    1  155  335  179    0   12    2    3    0     612
    2    1  156  336   85    0    6    1    3    0     976
    2    1  157  337  461    0   29    3    2    0     710
    2    1  158  338  235    0   15    2    2    1    1952
    2    1  159  339  459    0   29    3    2    0     527
    2    1  160  340  210    0   14    2    2    1     468
    2    1  161  341  349    0   22    3    3    1     693
    2    1  162  342   32    0    2    1    2    0     537
    2    1  163  343  314    0   20    2    2    1     603
    2    1  164  344  243    0   16    2    2    1     465
    2    1  165  345  318    0   20    2    2    1     499
    2    1  166  346  126    0    8    1    2    0     467
    2    1  167  347  236    0   15    2    2    1     448
    2    1  168  348  288    0   18    2    2    1     596
    2    1  169  349  265    0   17    2    2    1     524
    2    1  170  350  320    0   20    2    2    1     492
    2    1  171  351  441    0   28    3    3    1     686
    2    1  172  352  360    1   23    3    3    1     478
    2    1  173  353   31    0    2    1    2    0     733
    2    1  174  354  384    0   24    3    3    1     805
    2    1  175  355   23    0    2    1    3    0    3412
    2    1  176  356  124    0    8    1    3    0    1139
    2    1  177  357  251    0   16    2    2    1     600
    2    1  178  358  408    1   26    3    3    1     525
    2    1  179  359  261    0   17    2    2    1     604
    2    1  180  360  406    1   26    3    2    0     601
    2    1  181  361  159    0   10    1    1    1     798
    2    1  182  362  230    0   15    2    2    1     935
    2    1  183  363  270    0   17    2    2    1     632
    2    1  184  364   78    0    5    1    1    1     634
    2    1  185  365  250    1   16    2    1    0     469
    2    1  186  366  163    0   11    2    3    0     952
    2    1  187  367  342    0   22    3    3    1    1043
    2    1  188  368  138    0    9    1    1    1    1333
    2    1  189  369  471    1   30    3    2    0     841
    2    1  190  370  469    0   30    3    3    1     681
    2    1  191  371  232    0   15    2    3    0    1280
    2    1  192  372  226    0   15    2    3    0     687
    2    1  193  373  146    0   10    1    2    0     501
    2    1  194  374    6    1    1    1    1    1    1214
    2    1  195  375  352    0   22    3    3    1    1272
    2    1  196  376   71    1    5    1    1    1     903
    2    1  197  377   29    0    2    1    3    0    2341
    2    1  198  378   93    0    6    1    3    0    1066
    2    1  199  379  118    0    8    1    3    0    1244
    2    1  200  380  296    0   19    2    3    0    1140
    2    1  201  381  225    0   15    2    2    1    3002
    2    1  202  382  301    0   19    2    3    0    1188
    2    1  203  383  148    0   10    1    2    0    1057
    2    1  204  384  299    0   19    2    3    0    1719
    2    1  205  385   11    0    1    1    1    1    2474
    2    1  206  386  185    0   12    2    3    0    1805
    2    1  207  387   75    0    5    1    1    1    1123
    2    1  208  388  358    0   23    3    2    0    2186
    2    1  209  389  151    0   10    1    2    0     776
    2    1  210  390  445    0   28    3    3    1    1207
    2    1  211  391  418    0   27    3    3    1    1969
    2    1  212  392   34    0    3    1    1    1     634
    2    1  213  393  285    0   18    2    2    1     649
    2    1  214  394  372    0   24    3    3    1    1121
    2    1  215  395   61    0    4    1    1    1    2107
    2    1  216  396  168    0   11    2    3    0     808
    2    1  217  397  100    0    7    1    1    1     583
    2    1  218  398  188    0   12    2    3    0     664
    2    1  219  399  453    0   29    3    3    1     934
    2    1  220  400  153    0   10    1    1    1     607
    2    1  221  401  228    0   15    2    3    0     673
    2    1  222  402  407    0   26    3    2    0     581
    2    1  223  403  373    0   24    3    3    1     691
    2    1  224  404  350    0   22    3    1    0    2530
    2    1  225  405  262    0   17    2    2    1     803
    2    1  226  406  474    0   30    3    2    0     633
    2    1  227  407  348    0   22    3    1    0     795
    2    1  228  408  272    1   17    2    2    1     872
    2    1  229  409  152    0   10    1    2    0     596
    2    1  230  410  341    0   22    3    1    0    3886
    2    1  231  411  371    0   24    3    1    0    1128
    2    1  232  412   47    0    3    1    1    1     816
    2    1  233  413  457    0   29    3    2    0     667
    2    1  234  414  102    0    7    1    3    0    1704
    2    1  235  415  180    0   12    2    3    0    1062
    2    1  236  416  241    0   16    2    1    0     764
    2    1  237  417  238    0   15    2    2    1    5811
    2    1  238  418  339    0   22    3    1    0     833
    2    1  239  419  347    0   22    3    1    0     762
    2    1  240  420  123    0    8    1    1    1    2159
    2    1  241  421  246    0   16    2    2    1    1025
    2    1  242  422   90    0    6    1    3    0     979
    2    1  243  423   98    0    7    1    3    0    2765
    2    1  244  424  165    0   11    2    1    0     915
    2    1  245  425  154    0   10    1    1    1     762
    2    1  246  426  448    1   28    3    3    1     966
    2    1  247  427   57    0    4    1    3    0    3855
    2    1  248  428  139    0    9    1    2    0     703
    2    1  249  429  191    0   12    2    3    0     561
    2    1  250  430  174    0   11    2    1    0     952
    2    1  251  431  390    0   25    3    2    0     618
    2    1  252  432   39    0    3    1    1    1     822
    2    1  253  433  405    0   26    3    3    1    1094
    2    1  254  434  472    0   30    3    3    1     825
    2    1  255  435   25    0    2    1    2    0     591
    2    1  256  436   20    0    2    1    2    0     592
    2    1  257  437   56    1    4    1    1    1     654
    2    1  258  438  479    1   30    3    2    0     554
    2    1  259  439  213    0   14    2    2    1     663
    2    1  260  440  439    0   28    3    3    1     728
    2    1  261  441    3    0    1    1    2    0     675
    2    1  262  442  286    0   18    2    2    1     777
    2    1  263  443  280    1   18    2    2    1     480
    2    1  264  444  462    0   29    3    2    0     976
    2    1  265  445  129    0    9    1    1    1     918
    2    1  266  446  336    0   21    3    3    1    1344
    2    1  267  447  387    1   25    3    2    0     720
    2    1  268  448  271    1   17    2    2    1     552
    2    1  269  449  281    0   18    2    2    1     550
    2    1  270  450   53    1    4    1    1    1     867
    2    1  271  451  337    0   22    3    3    1    1369
    2    1  272  452  419    0   27    3    2    0     709
    2    1  273  453  367    0   23    3    2    0    1027
    2    1  274  454  446    0   28    3    3    1     636
    2    1  275  455  117    1    8    1    2    0     927
    2    1  276  456  289    1   19    2    2    1     562
    2    1  277  457   24    0    2    1    2    0     546
    2    1  278  458  268    0   17    2    2    1     867
    2    1  279  459  177    0   12    2    3    0     844
    2    1  280  460  310    0   20    2    2    1     509
    2    1  281  461  298    0   19    2    2    1     810
    2    1  282  462  293    0   19    2    2    1     486
    2    1  283  463  283    0   18    2    2    1     454
    2    1  284  464  458    0   29    3    2    0     772
    2    1  285  465   62    0    4    1    2    0     649
    2    1  286  466   88    0    6    1    3    0     561
    2    1  287  467  104    0    7    1    3    0     716
    2    1  288  468   97    0    7    1    3    0    1081
    2    1  289  469  205    0   13    2    2    1     608
    2    1  290  470  465    1   30    3    3    1     644
    2    1  291  471   40    0    3    1    1    1     768
    2    1  292  472  206    0   13    2    2    1     756
    2    1  293  473  440    0   28    3    3    1     887
    2    1  294  474  193    0   13    2    2    1     481
    2    1  295  475   68    0    5    1    1    1     526
    2    1  296  476  338    0   22    3    3    1     613
    2    1  297  477  354    0   23    3    3    1     791
    2    1  298  478  207    0   13    2    2    1     627
    2    1  299  479    8    0    1    1    2    0     618
    2    1  300  480  389    0   25    3    2    0    1342
