    1    1    1    1  297    1   19    2    1    0    4048
    1    1    2    2  381    1   24    3    3    1    6142
    1    1    3    3   62    1    4    1    1    1    4058
    1    1    4    4  339    1   22    3    3    1    1471
    1    1    5    5  443    1   28    3    2    0    3529
    1    1    6    6  170    1   11    2    2    1    2966
    1    1    7    7  148    1   10    1    3    0    1596
    1    1    8    8  395    1   25    3    1    0    6081
    1    1    9    9  330    1   21    3    2    0    1717
    1    1   10   10  397    1   25    3    1    0    2469
    1    1   11   11  278    1   18    2    3    0    2583
    1    1   12   12  215    1   14    2    3    0    5630
    1    1   13   13  279    1   18    2    3    0    4927
    1    1   14   14  405    1   26    3    1    0    4744
    1    1   15   15  455    1   29    3    3    1    4521
    1    1   16   16  111    1    7    1    3    0     751
    1    1   17   17  420    1   27    3    3    1    1600
    1    1   18   18  241    1   16    2    3    0    1738
    1    1   19   19  456    1   29    3    1    0    3269
    1    1   20   20   16    1    1    1    3    0    1923
    1    1   21   21  446    1   28    3    3    1    2977
    1    1   22   22  413    1   26    3    2    0    3099
    1    1   23   23   34    1    3    1    2    0    1983
    1    1   24   24  136    1    9    1    3    0    1533
    1    1   25   25  250    1   16    2    3    0    1602
    1    1   26   26  203    1   13    2    2    1    4859
    1    1   27   27  125    1    8    1    1    1    3158
    1    1   28   28   96    1    6    1    2    0    3490
    1    1   29   29  465    1   30    3    3    1    1887
    1    1   30   30  186    1   12    2    3    0    2677
    1    1   31   31  306    1   20    2    3    0    1892
    1    1   32   32  327    1   21    3    3    1    5197
    1    1   33   33   73    1    5    1    3    0    2335
    1    1   34   34  359    1   23    3    3    1    1618
    1    1   35   35  238    1   15    2    3    0    1742
    1    1   36   36  163    1   11    2    2    1    2863
    1    1   37   37  293    1   19    2    3    0    1744
    1    1   38   38  355    1   23    3    1    0    1941
    1    1   39   39  190    1   12    2    2    1    2967
    1    1   40   40   17    1    2    1    3    0    2413
    1    1   41   41  376    1   24    3    3    1    1029
    1    1   42   42    7    1    1    1    1    1    1700
    1    1   43   43   40    1    3    1    1    1    2748
    1    1   44   44  423    1   27    3    3    1    2652
    1    1   45   45  195    1   13    2    1    0    3152
    1    1   46   46   55    1    4    1    3    0    2690
    1    1   47   47  146    1   10    1    3    0    1391
    1    1   48   48  224    1   14    2    1    0    1188
    1    1   49   49  308    1   20    2    2    1     882
    1    1   50   50  471    1   30    3    2    0     735
    1    1   51   51   31    1    2    1    3    0    1181
    1    1   52   52  115    1    8    1    1    1    1319
    1    1   53   53  229    1   15    2    1    0     922
    1    1   54   54  267    1   17    2    3    0    1000
    1    1   55   55  135    1    9    1    3    0     730
    1    1   56   56  272    1   17    2    2    1    1322
    1    1   57   57  337    1   22    3    3    1    2067
    1    1   58   58   85    1    6    1    1    1    1471
    1    1   59   59   72    1    5    1    1    1    1933
    1    1   60   60  106    1    7    1    1    1    2364
    1    2    1   61  241    1   16    2    2    1    2609
    1    2    2   62   73    1    5    1    1    1    1431
    1    2    3   63  250    1   16    2    1    0    4334
    1    2    4   64   16    1    1    1    1    1    1052
    1    2    5   65  337    1   22    3    3    1    2985
    1    2    6   66  355    1   23    3    2    0    4082
    1    2    7   67  327    1   21    3    2    0     976
    1    2    8   68  381    1   24    3    3    1    1489
    1    2    9   69  224    1   14    2    1    0    2423
    1    2   10   70    7    1    1    1    3    0    3053
    1    2   11   71  136    1    9    1    3    0     875
    1    2   12   72   96    1    6    1    2    0    3178
    1    2   13   73  376    1   24    3    3    1    1323
    1    2   14   74  308    1   20    2    3    0    2337
    1    2   15   75  106    1    7    1    1    1    1699
    1    2   16   76  456    1   29    3    3    1    5772
    1    2   17   77  195    1   13    2    2    1    2923
    1    2   18   78   31    1    2    1    3    0    3463
    1    2   19   79  203    1   13    2    3    0    2117
    1    2   20   80  423    1   27    3    3    1   12925
    1    2   21   81  297    1   19    2    3    0    6531
    1    2   22   82  125    1    8    1    1    1    1399
    1    2   23   83   72    1    5    1    3    0    2648
    1    2   24   84  272    1   17    2    2    1    1828
    1    2   25   85  446    1   28    3    3    1    1546
    1    2   26   86  267    1   17    2    2    1    2597
    1    2   27   87  405    1   26    3    3    1    1342
    1    2   28   88  186    1   12    2    3    0    1835
    1    2   29   89  148    1   10    1    2    0    1667
    1    2   30   90  395    1   25    3    1    0    1273
    1    2   31   91  146    1   10    1    3    0    1540
    1    2   32   92   62    1    4    1    3    0    1848
    1    2   33   93  115    1    8    1    1    1    2860
    1    2   34   94  135    1    9    1    2    0    2951
    1    2   35   95  163    1   11    2    2    1    2055
    1    2   36   96  215    1   14    2    1    0    1822
    1    2   37   97  330    1   21    3    1    0     836
    1    2   38   98  190    1   12    2    2    1    3329
    1    2   39   99  170    1   11    2    1    0    4319
    1    2   40  100  306    1   20    2    1    0    3812
    1    2   41  101   17    1    2    1    3    0    1563
    1    2   42  102   85    1    6    1    1    1    2033
    1    2   43  103   40    1    3    1    1    1    3262
    1    2   44  104  279    1   18    2    3    0    1536
    1    2   45  105  465    1   30    3    3    1    1853
    1    2   46  106  420    1   27    3    3    1    1575
    1    2   47  107  397    1   25    3    2    0    2449
    1    2   48  108  278    1   18    2    2    1    2354
    1    2   49  109  443    1   28    3    1    0    3904
    1    2   50  110  111    1    7    1    1    1    2000
    1    2   51  111  339    1   22    3    3    1    3290
    1    2   52  112  238    1   15    2    1    0    1817
    1    2   53  113  359    1   23    3    3    1    6033
    1    2   54  114   34    1    3    1    3    0    1186
    1    2   55  115  471    1   30    3    3    1    2628
    1    2   56  116   55    1    4    1    3    0    2670
    1    2   57  117  455    1   29    3    2    0    1298
    1    2   58  118  229    1   15    2    2    1    1564
    1    2   59  119  413    1   26    3    3    1    1355
    1    2   60  120  293    1   19    2    1    0    2474
    1    3    1  121   16    1    1    1    1    1    1238
    1    3    2  122  337    1   22    3    3    1    2415
    1    3    3  123  195    1   13    2    3    0    3769
    1    3    4  124  397    1   25    3    1    0    1489
    1    3    5  125   34    1    3    1    1    1     947
    1    3    6  126  203    1   13    2    2    1    4448
    1    3    7  127  111    1    7    1    1    1    3607
    1    3    8  128  250    1   16    2    1    0    9274
    1    3    9  129   73    1    5    1    3    0    1372
    1    3   10  130  148    1   10    1    3    0    1516
    1    3   11  131  330    1   21    3    2    0    1364
    1    3   12  132  423    1   27    3    3    1    2385
    1    3   13  133  279    1   18    2    3    0    1236
    1    3   14  134  297    1   19    2    1    0    1540
    1    3   15  135  446    1   28    3    3    1    1103
    1    3   16  136  456    1   29    3    3    1    3420
    1    3   17  137  115    1    8    1    1    1    8619
    1    3   18  138  272    1   17    2    2    1    2853
    1    3   19  139  359    1   23    3    3    1    8050
    1    3   20  140   55    1    4    1    1    1    1138
    1    3   21  141   96    1    6    1    2    0     784
    1    3   22  142  106    1    7    1    1    1    1201
    1    3   23  143  163    1   11    2    2    1    1324
    1    3   24  144  125    1    8    1    1    1    1141
    1    3   25  145  146    1   10    1    3    0    2926
    1    3   26  146  405    1   26    3    3    1    1439
    1    3   27  147  381    1   24    3    3    1    1572
    1    3   28  148  190    1   12    2    3    0    2336
    1    3   29  149  465    1   30    3    1    0    1588
    1    3   30  150  136    1    9    1    1    1    1375
    1    3   31  151  241    1   16    2    2    1    2293
    1    3   32  152  413    1   26    3    3    1    1901
    1    3   33  153  339    1   22    3    1    0    2117
    1    3   34  154  306    1   20    2    1    0     902
    1    3   35  155  308    1   20    2    1    0    1820
    1    3   36  156  238    1   15    2    2    1    2611
    1    3   37  157   17    1    2    1    1    1    2380
    1    3   38  158  278    1   18    2    2    1    1607
    1    3   39  159  376    1   24    3    3    1    3640
    1    3   40  160  355    1   23    3    1    0    2342
    1    3   41  161  455    1   29    3    1    0    1764
    1    3   42  162   85    1    6    1    1    1    1602
    1    3   43  163   62    1    4    1    2    0    2008
    1    3   44  164   72    1    5    1    1    1    2499
    1    3   45  165   31    1    2    1    1    1    5038
    1    3   46  166  471    1   30    3    2    0    4578
    1    3   47  167  420    1   27    3    3    1    1312
    1    3   48  168  215    1   14    2    3    0    2240
    1    3   49  169  135    1    9    1    1    1    1740
    1    3   50  170  186    1   12    2    3    0    1570
    1    3   51  171  267    1   17    2    3    0    1204
    1    3   52  172  327    1   21    3    2    0    1633
    1    3   53  173   40    1    3    1    1    1    1571
    1    3   54  174  443    1   28    3    3    1    2604
    1    3   55  175    7    1    1    1    1    1    1465
    1    3   56  176  224    1   14    2    3    0    2534
    1    3   57  177  293    1   19    2    2    1    2109
    1    3   58  178  170    1   11    2    1    0    1438
    1    3   59  179  229    1   15    2    3    0    1761
    1    3   60  180  395    1   25    3    3    1    1439
    2    1    1  181  209    0   14    2    3    0    4820
    2    1    2  182  351    0   22    3    3    1    2569
    2    1    3  183  379    0   24    3    3    1   10006
    2    1    4  184    2    0    1    1    2    0    1536
    2    1    5  185  392    0   25    3    1    0    1845
    2    1    6  186  478    0   30    3    3    1    3344
    2    1    7  187  336    0   21    3    2    0    3297
    2    1    8  188  459    0   29    3    1    0    5038
    2    1    9  189  393    0   25    3    1    0    2786
    2    1   10  190  239    0   15    2    1    0    2811
    2    1   11  191  246    0   16    2    2    1    3016
    2    1   12  192  219    0   14    2    3    0    2866
    2    1   13  193  278    1   18    2    2    1    2057
    2    1   14  194  104    0    7    1    1    1    2186
    2    1   15  195  309    0   20    2    3    0    2179
    2    1   16  196   95    0    6    1    1    1    1578
    2    1   17  197  156    0   10    1    3    0    3445
    2    1   18  198  253    0   16    2    1    0    1735
    2    1   19  199  359    1   23    3    3    1    3173
    2    1   20  200   35    0    3    1    1    1    1636
    2    1   21  201  133    0    9    1    1    1    2211
    2    1   22  202  313    0   20    2    2    1    2347
    2    1   23  203  102    0    7    1    2    0    1556
    2    1   24  204  122    0    8    1    1    1    2579
    2    1   25  205  272    1   17    2    3    0    1963
    2    1   26  206  383    0   24    3    3    1    1266
    2    1   27  207   66    0    5    1    3    0    2241
    2    1   28  208    1    0    1    1    2    0    1904
    2    1   29  209  232    0   15    2    3    0    1344
    2    1   30  210  417    0   27    3    1    0    2009
    2    1   31  211  159    0   10    1    1    1    2734
    2    1   32  212  243    0   16    2    2    1    2717
    2    1   33  213   86    0    6    1    2    0    3168
    2    1   34  214  101    0    7    1    1    1    6481
    2    1   35  215  460    0   29    3    2    0    3374
    2    1   36  216  238    1   15    2    3    0    1398
    2    1   37  217  431    0   27    3    1    0    5205
    2    1   38  218  463    0   29    3    3    1    1525
    2    1   39  219  312    0   20    2    2    1    3558
    2    1   40  220  285    0   18    2    2    1     908
    2    1   41  221   40    1    3    1    1    1    1012
    2    1   42  222  152    0   10    1    3    0    2080
    2    1   43  223   51    0    4    1    2    0    2202
    2    1   44  224  251    0   16    2    2    1    1722
    2    1   45  225  307    0   20    2    1    0    2770
    2    1   46  226  111    1    7    1    1    1    1419
    2    1   47  227  214    0   14    2    3    0    3435
    2    1   48  228  346    0   22    3    1    0    2128
    2    1   49  229    4    0    1    1    3    0    2628
    2    1   50  230   50    0    4    1    2    0    1659
    2    1   51  231  347    0   22    3    1    0    2924
    2    1   52  232  261    0   17    2    1    0    1475
    2    1   53  233   87    0    6    1    2    0    1521
    2    1   54  234   57    0    4    1    2    0    1077
    2    1   55  235  115    1    8    1    1    1    1904
    2    1   56  236  105    0    7    1    1    1    1601
    2    1   57  237  390    0   25    3    3    1    1621
    2    1   58  238  179    0   12    2    2    1    3926
    2    1   59  239  339    1   22    3    3    1    2706
    2    1   60  240  323    0   21    3    2    0    2111
    2    1   61  241   45    0    3    1    1    1    3392
    2    1   62  242  127    0    8    1    1    1    1683
    2    1   63  243  229    1   15    2    3    0    4297
    2    1   64  244  423    1   27    3    3    1    6852
    2    1   65  245  316    0   20    2    2    1    1459
    2    1   66  246  380    0   24    3    1    0    1373
    2    1   67  247  377    0   24    3    2    0    2619
    2    1   68  248  157    0   10    1    2    0     957
    2    1   69  249  368    0   23    3    1    0    1380
    2    1   70  250  420    1   27    3    3    1    1206
    2    1   71  251  434    0   28    3    1    0    1489
    2    1   72  252  230    0   15    2    3    0    1381
    2    1   73  253  444    0   28    3    3    1     624
    2    1   74  254  372    0   24    3    3    1    1170
    2    1   75  255  413    1   26    3    2    0    1807
    2    1   76  256  328    0   21    3    2    0    1057
    2    1   77  257   21    0    2    1    1    1    3100
    2    1   78  258  311    0   20    2    3    0    1921
    2    1   79  259  378    0   24    3    1    0    3451
    2    1   80  260  306    1   20    2    2    1    1391
    2    1   81  261  142    0    9    1    1    1    1040
    2    1   82  262  267    1   17    2    3    0    1724
    2    1   83  263   54    0    4    1    3    0    1182
    2    1   84  264  197    0   13    2    1    0    1028
    2    1   85  265  432    0   27    3    2    0     979
    2    1   86  266   70    0    5    1    1    1    1050
    2    1   87  267  469    0   30    3    1    0     814
    2    1   88  268  397    1   25    3    2    0    1717
    2    1   89  269  414    0   26    3    2    0    1966
    2    1   90  270  403    0   26    3    3    1    1498
    2    1   91  271  136    1    9    1    1    1    1878
    2    1   92  272  109    0    7    1    1    1    1181
    2    1   93  273  144    0    9    1    2    0    1215
    2    1   94  274  141    0    9    1    1    1    1374
    2    1   95  275  355    1   23    3    2    0    1993
    2    1   96  276   72    1    5    1    3    0    1421
    2    1   97  277  399    0   25    3    1    0    1090
    2    1   98  278  405    1   26    3    3    1    1150
    2    1   99  279  440    0   28    3    2    0    2842
    2    1  100  280  275    0   18    2    3    0    2063
    2    1  101  281  367    0   23    3    1    0    1893
    2    1  102  282  287    0   18    2    1    0    1280
    2    1  103  283  108    0    7    1    2    0    2546
    2    1  104  284  375    0   24    3    3    1    2827
    2    1  105  285  396    0   25    3    2    0    2576
    2    1  106  286  118    0    8    1    1    1    1820
    2    1  107  287   89    0    6    1    2    0    1727
    2    1  108  288  408    0   26    3    3    1    1435
    2    1  109  289  180    0   12    2    2    1    2313
    2    1  110  290   44    0    3    1    1    1    4522
    2    1  111  291  366    0   23    3    2    0    1676
    2    1  112  292  373    0   24    3    3    1    1297
    2    1  113  293  137    0    9    1    1    1    3064
    2    1  114  294   81    0    6    1    2    0    1357
    2    1  115  295  270    0   17    2    2    1    1282
    2    1  116  296  276    0   18    2    3    0    1194
    2    1  117  297  196    0   13    2    2    1    2611
    2    1  118  298  222    0   14    2    1    0    1109
    2    1  119  299  437    0   28    3    1    0    1464
    2    1  120  300  145    0   10    1    3    0    1600
    2    1  121  301   14    0    1    1    3    0    1206
    2    1  122  302    9    0    1    1    3    0    1457
    2    1  123  303   94    0    6    1    2    0    2124
    2    1  124  304  381    1   24    3    3    1    1187
    2    1  125  305   23    0    2    1    1    1    2449
    2    1  126  306  114    0    8    1    1    1    1246
    2    1  127  307  361    0   23    3    1    0    3501
    2    1  128  308  448    0   28    3    3    1    1043
    2    1  129  309   11    0    1    1    3    0    1657
    2    1  130  310   67    0    5    1    1    1    1835
    2    1  131  311   93    0    6    1    2    0    1740
    2    1  132  312   17    1    2    1    3    0    2082
    2    1  133  313  259    0   17    2    3    0    3708
    2    1  134  314  258    0   17    2    1    0    1623
    2    1  135  315  304    0   19    2    2    1    1508
    2    1  136  316   36    0    3    1    3    0    1878
    2    1  137  317   43    0    3    1    1    1    2440
    2    1  138  318  151    0   10    1    2    0    2094
    2    1  139  319   53    0    4    1    1    1    1130
    2    1  140  320   28    0    2    1    1    1     884
    2    1  141  321   77    0    5    1    1    1    1364
    2    1  142  322  165    0   11    2    1    0     699
    2    1  143  323   20    0    2    1    2    0    1116
    2    1  144  324  140    0    9    1    3    0    2021
    2    1  145  325  358    0   23    3    3    1    1134
    2    1  146  326   63    0    4    1    3    0    1016
    2    1  147  327  453    0   29    3    3    1    1138
    2    1  148  328   88    0    6    1    2    0    1983
    2    1  149  329   90    0    6    1    2    0    1726
    2    1  150  330   55    1    4    1    3    0    2044
    2    1  151  331  208    0   13    2    2    1    1407
    2    1  152  332  382    0   24    3    1    0    1366
    2    1  153  333  195    1   13    2    1    0    2511
    2    1  154  334  215    1   14    2    2    1    1214
    2    1  155  335  160    0   10    1    3    0     756
    2    1  156  336  342    0   22    3    1    0    1177
    2    1  157  337   15    0    1    1    3    0     776
    2    1  158  338  207    0   13    2    2    1    1525
    2    1  159  339  225    0   15    2    1    0    1640
    2    1  160  340  345    0   22    3    2    0    5615
    2    1  161  341    5    0    1    1    3    0     831
    2    1  162  342  155    0   10    1    1    1    1144
    2    1  163  343  182    0   12    2    2    1    1007
    2    1  164  344  226    0   15    2    1    0     961
    2    1  165  345  271    0   17    2    3    0     506
    2    1  166  346  427    0   27    3    3    1     451
    2    1  167  347    7    1    1    1    1    1    1064
    2    1  168  348  241    1   16    2    3    0    1734
    2    1  169  349  150    0   10    1    2    0    1269
    2    1  170  350  391    0   25    3    3    1    1351
    2    1  171  351  395    1   25    3    3    1    1159
    2    1  172  352   12    0    1    1    1    1    1869
    2    1  173  353   65    0    5    1    3    0    1712
    2    1  174  354  110    0    7    1    1    1    2056
    2    1  175  355   98    0    7    1    2    0     795
    2    1  176  356  231    0   15    2    2    1    1677
    2    1  177  357  475    0   30    3    3    1    1153
    2    1  178  358  135    1    9    1    1    1    1287
    2    1  179  359  457    0   29    3    3    1    1685
    2    1  180  360  138    0    9    1    1    1    1461
    2    1  181  361  255    0   16    2    2    1    1405
    2    1  182  362  120    0    8    1    1    1    1630
    2    1  183  363   91    0    6    1    2    0     811
    2    1  184  364   22    0    2    1    2    0     960
    2    1  185  365    3    0    1    1    3    0    1518
    2    1  186  366  467    0   30    3    1    0    1792
    2    1  187  367   48    0    3    1    1    1    1058
    2    1  188  368  279    1   18    2    3    0    1402
    2    1  189  369  456    1   29    3    3    1     748
    2    1  190  370  260    0   17    2    1    0    1002
    2    1  191  371  161    0   11    2    2    1    3376
    2    1  192  372  163    1   11    2    2    1    2223
    2    1  193  373  424    0   27    3    2    0    1866
    2    1  194  374  131    0    9    1    3    0    1267
    2    1  195  375  264    0   17    2    2    1    1187
    2    1  196  376  206    0   13    2    2    1    1376
    2    1  197  377  477    0   30    3    1    0    1259
    2    1  198  378   18    0    2    1    3    0    2673
    2    1  199  379  164    0   11    2    3    0     784
    2    1  200  380  435    0   28    3    1    0    5407
    2    1  201  381   32    0    2    1    2    0    1055
    2    1  202  382  281    0   18    2    2    1    3548
    2    1  203  383  190    1   12    2    2    1     822
    2    1  204  384   27    0    2    1    1    1    2426
    2    1  205  385  294    0   19    2    1    0     658
    2    1  206  386  362    0   23    3    1    0     836
    2    1  207  387  400    0   25    3    3    1    1216
    2    1  208  388  198    0   13    2    2    1    1406
    2    1  209  389  220    0   14    2    1    0     946
    2    1  210  390  212    0   14    2    1    0     633
    2    1  211  391  244    0   16    2    1    0    1254
    2    1  212  392  300    0   19    2    2    1    1844
    2    1  213  393  254    0   16    2    2    1    1364
    2    1  214  394  438    0   28    3    1    0    1721
    2    1  215  395  443    1   28    3    3    1    1178
    2    1  216  396  416    0   26    3    3    1    1604
    2    1  217  397  333    0   21    3    2    0    1335
    2    1  218  398    8    0    1    1    1    1    1096
    2    1  219  399  121    0    8    1    1    1    1037
    2    1  220  400  296    0   19    2    1    0     777
    2    1  221  401  464    0   29    3    2    0     980
    2    1  222  402  248    0   16    2    2    1     911
    2    1  223  403  365    0   23    3    1    0    1028
    2    1  224  404  411    0   26    3    3    1    1292
    2    1  225  405  132    0    9    1    1    1    1458
    2    1  226  406  332    0   21    3    2    0    1641
    2    1  227  407   60    0    4    1    1    1    1115
    2    1  228  408  249    0   16    2    3    0    1191
    2    1  229  409  480    0   30    3    3    1     422
    2    1  230  410  465    1   30    3    3    1     403
    2    1  231  411  331    0   21    3    2    0    1487
    2    1  232  412  116    0    8    1    1    1    1219
    2    1  233  413  283    0   18    2    3    0    2976
    2    1  234  414  199    0   13    2    1    0    5246
    2    1  235  415   42    0    3    1    1    1     903
    2    1  236  416  252    0   16    2    3    0    1734
    2    1  237  417   78    0    5    1    3    0    1297
    2    1  238  418   10    0    1    1    1    1    1263
    2    1  239  419  308    1   20    2    1    0    1226
    2    1  240  420  369    0   24    3    2    0    1593
    2    1  241  421  442    0   28    3    3    1    1250
    2    1  242  422  123    0    8    1    1    1    1563
    2    1  243  423  295    0   19    2    1    0    1308
    2    1  244  424  436    0   28    3    1    0     983
    2    1  245  425  256    0   16    2    2    1    1393
    2    1  246  426   96    1    6    1    2    0     803
    2    1  247  427  221    0   14    2    3    0    1274
    2    1  248  428   82    0    6    1    2    0    1271
    2    1  249  429  203    1   13    2    1    0    1820
    2    1  250  430  299    0   19    2    1    0    1523
    2    1  251  431  169    0   11    2    3    0    1206
    2    1  252  432   13    0    1    1    2    0    1124
    2    1  253  433  126    0    8    1    1    1    1130
    2    1  254  434  103    0    7    1    1    1    1357
    2    1  255  435   83    0    6    1    2    0    1052
    2    1  256  436   80    0    5    1    1    1    1226
    2    1  257  437  242    0   16    2    3    0    2329
    2    1  258  438  107    0    7    1    1    1    1269
    2    1  259  439  418    0   27    3    3    1    1175
    2    1  260  440  439    0   28    3    2    0    1231
    2    1  261  441  458    0   29    3    3    1    1042
    2    1  262  442  409    0   26    3    1    0     992
    2    1  263  443  371    0   24    3    1    0     997
    2    1  264  444  324    0   21    3    1    0    1223
    2    1  265  445  171    0   11    2    2    1    1341
    2    1  266  446  356    0   23    3    1    0    1322
    2    1  267  447  168    0   11    2    1    0    1010
    2    1  268  448  273    0   18    2    3    0    1103
    2    1  269  449  174    0   11    2    2    1    1271
    2    1  270  450  213    0   14    2    2    1     892
    2    1  271  451  284    0   18    2    1    0    1535
    2    1  272  452   41    0    3    1    1    1     983
    2    1  273  453  148    1   10    1    3    0    1010
    2    1  274  454  143    0    9    1    1    1    1046
    2    1  275  455  340    0   22    3    1    0    1338
    2    1  276  456  302    0   19    2    3    0    1006
    2    1  277  457  117    0    8    1    2    0     980
    2    1  278  458  327    1   21    3    2    0     933
    2    1  279  459  162    0   11    2    2    1     565
    2    1  280  460   99    0    7    1    1    1    1107
    2    1  281  461  410    0   26    3    3    1    1088
    2    1  282  462  462    0   29    3    3    1    1609
    2    1  283  463  237    0   15    2    1    0    1011
    2    1  284  464  421    0   27    3    1    0    1038
    2    1  285  465  472    0   30    3    3    1    1039
    2    1  286  466  386    0   25    3    1    0    1235
    2    1  287  467   56    0    4    1    3    0     939
    2    1  288  468  235    0   15    2    1    0    1045
    2    1  289  469  450    0   29    3    3    1     849
    2    1  290  470  288    0   18    2    1    0     924
    2    1  291  471   19    0    2    1    3    0    1139
    2    1  292  472  330    1   21    3    2    0    1173
    2    1  293  473  406    0   26    3    3    1     879
    2    1  294  474  387    0   25    3    3    1    1154
    2    1  295  475  326    0   21    3    1    0    1228
    2    1  296  476  263    0   17    2    1    0    1122
    2    1  297  477  293    1   19    2    3    0    1302
    2    1  298  478   69    0    5    1    1    1    1200
    2    1  299  479  224    1   14    2    3    0    1210
    2    1  300  480  201    0   13    2    1    0    1955
