    1    1    1    1   55    1    4    1    1    1    4075
    1    1    2    2  339    1   22    3    2    0    2522
    1    1    3    3  238    1   15    2    2    1    1989
    1    1    4    4  293    1   19    2    1    0    3294
    1    1    5    5  306    1   20    2    2    1    1358
    1    1    6    6  327    1   21    3    2    0    1042
    1    1    7    7  337    1   22    3    1    0    4150
    1    1    8    8  170    1   11    2    2    1    4753
    1    1    9    9  443    1   28    3    2    0    1249
    1    1   10   10  135    1    9    1    1    1    1522
    1    1   11   11  381    1   24    3    3    1    1185
    1    1   12   12  297    1   19    2    1    0    1084
    1    1   13   13  278    1   18    2    3    0    1025
    1    1   14   14  272    1   17    2    1    0     877
    1    1   15   15  224    1   14    2    2    1     446
    1    1   16   16  456    1   29    3    3    1     545
    1    1   17   17  190    1   12    2    2    1     318
    1    1   18   18  111    1    7    1    3    0    1594
    1    1   19   19  465    1   30    3    1    0     724
    1    1   20   20   96    1    6    1    3    0     802
    1    1   21   21  267    1   17    2    2    1     434
    1    1   22   22  115    1    8    1    1    1     962
    1    1   23   23  359    1   23    3    3    1    1124
    1    1   24   24   73    1    5    1    2    0     728
    1    1   25   25   40    1    3    1    1    1     580
    1    1   26   26  215    1   14    2    3    0     489
    1    1   27   27  330    1   21    3    1    0     373
    1    1   28   28   16    1    1    1    2    0     350
    1    1   29   29   34    1    3    1    3    0     620
    1    1   30   30  203    1   13    2    2    1     497
    1    1   31   31  250    1   16    2    1    0      38
    1    1   32   32  136    1    9    1    3    0     457
    1    1   33   33  308    1   20    2    1    0     373
    1    1   34   34  146    1   10    1    2    0     266
    1    1   35   35   31    1    2    1    1    1     498
    1    1   36   36  279    1   18    2    3    0     575
    1    1   37   37    7    1    1    1    1    1      38
    1    1   38   38  376    1   24    3    2    0     374
    1    1   39   39  455    1   29    3    3    1     319
    1    1   40   40  229    1   15    2    2    1     236
    1    1   41   41  423    1   27    3    1    0     404
    1    1   42   42  413    1   26    3    3    1     288
    1    1   43   43  405    1   26    3    2    0    1257
    1    1   44   44   85    1    6    1    1    1     476
    1    1   45   45   62    1    4    1    3    0     323
    1    1   46   46  446    1   28    3    3    1     264
    1    1   47   47  195    1   13    2    1    0     251
    1    1   48   48  420    1   27    3    2    0     606
    1    1   49   49  125    1    8    1    1    1     362
    1    1   50   50   72    1    5    1    3    0     330
    1    1   51   51   17    1    2    1    2    0       0
    1    1   52   52  395    1   25    3    2    0      57
    1    1   53   53  148    1   10    1    3    0     621
    1    1   54   54  186    1   12    2    2    1     291
    1    1   55   55  241    1   16    2    3    0     836
    1    1   56   56  163    1   11    2    1    0     452
    1    1   57   57  106    1    7    1    2    0     321
    1    1   58   58  355    1   23    3    3    1       0
    1    1   59   59  471    1   30    3    2    0     530
    1    1   60   60  397    1   25    3    1    0     368
    1    2    1   61  355    1   23    3    3    1      18
    1    2    2   62  330    1   21    3    3    1     584
    1    2    3   63  136    1    9    1    2    0     394
    1    2    4   64   16    1    1    1    1    1     644
    1    2    5   65  163    1   11    2    2    1     754
    1    2    6   66  306    1   20    2    3    0     399
    1    2    7   67  106    1    7    1    1    1     626
    1    2    8   68   72    1    5    1    2    0     347
    1    2    9   69  327    1   21    3    2    0     723
    1    2   10   70  250    1   16    2    3    0     702
    1    2   11   71   17    1    2    1    2    0     340
    1    2   12   72   85    1    6    1    1    1     464
    1    2   13   73   62    1    4    1    3    0     489
    1    2   14   74  115    1    8    1    1    1    1276
    1    2   15   75  279    1   18    2    3    0     617
    1    2   16   76  308    1   20    2    2    1     972
    1    2   17   77  186    1   12    2    2    1     628
    1    2   18   78  238    1   15    2    1    0    2086
    1    2   19   79  471    1   30    3    3    1     439
    1    2   20   80  267    1   17    2    2    1     815
    1    2   21   81  272    1   17    2    1    0    1189
    1    2   22   82  465    1   30    3    3    1     892
    1    2   23   83  443    1   28    3    1    0      77
    1    2   24   84  190    1   12    2    2    1     380
    1    2   25   85  376    1   24    3    3    1     264
    1    2   26   86  397    1   25    3    1    0     869
    1    2   27   87  278    1   18    2    2    1     997
    1    2   28   88    7    1    1    1    3    0     500
    1    2   29   89  359    1   23    3    1    0       0
    1    2   30   90   55    1    4    1    3    0     513
    1    2   31   91  148    1   10    1    1    1     401
    1    2   32   92  337    1   22    3    2    0     425
    1    2   33   93   40    1    3    1    3    0     618
    1    2   34   94  135    1    9    1    2    0     660
    1    2   35   95  170    1   11    2    1    0     983
    1    2   36   96  229    1   15    2    3    0     561
    1    2   37   97   31    1    2    1    2    0    1236
    1    2   38   98  446    1   28    3    1    0    1784
    1    2   39   99  195    1   13    2    1    0    1388
    1    2   40  100  224    1   14    2    2    1     639
    1    2   41  101  125    1    8    1    1    1    1266
    1    2   42  102  456    1   29    3    3    1    2472
    1    2   43  103  293    1   19    2    2    1     587
    1    2   44  104  395    1   25    3    1    0     906
    1    2   45  105  420    1   27    3    3    1     637
    1    2   46  106   96    1    6    1    1    1     575
    1    2   47  107  413    1   26    3    3    1     824
    1    2   48  108  297    1   19    2    2    1     445
    1    2   49  109   34    1    3    1    1    1     689
    1    2   50  110  423    1   27    3    1    0    1005
    1    2   51  111  339    1   22    3    3    1     481
    1    2   52  112  405    1   26    3    2    0     459
    1    2   53  113  455    1   29    3    1    0     413
    1    2   54  114  111    1    7    1    3    0     495
    1    2   55  115  381    1   24    3    1    0     284
    1    2   56  116   73    1    5    1    2    0     333
    1    2   57  117  241    1   16    2    3    0    1212
    1    2   58  118  215    1   14    2    2    1     358
    1    2   59  119  203    1   13    2    1    0    1994
    1    2   60  120  146    1   10    1    3    0    1008
    1    3    1  121  413    1   26    3    2    0     491
    1    3    2  122  359    1   23    3    3    1     886
    1    3    3  123  446    1   28    3    1    0     709
    1    3    4  124  395    1   25    3    3    1    1506
    1    3    5  125  355    1   23    3    2    0     909
    1    3    6  126  465    1   30    3    1    0     735
    1    3    7  127   34    1    3    1    1    1    1634
    1    3    8  128  186    1   12    2    1    0     845
    1    3    9  129  293    1   19    2    3    0     571
    1    3   10  130   17    1    2    1    2    0     328
    1    3   11  131  278    1   18    2    1    0     387
    1    3   12  132  115    1    8    1    1    1    1291
    1    3   13  133  376    1   24    3    3    1     512
    1    3   14  134  238    1   15    2    1    0     815
    1    3   15  135   40    1    3    1    3    0     360
    1    3   16  136  443    1   28    3    1    0     433
    1    3   17  137  111    1    7    1    3    0     342
    1    3   18  138   16    1    1    1    1    1     578
    1    3   19  139  250    1   16    2    1    0    1068
    1    3   20  140  405    1   26    3    3    1     420
    1    3   21  141  423    1   27    3    1    0    1101
    1    3   22  142  203    1   13    2    3    0     351
    1    3   23  143  163    1   11    2    1    0     385
    1    3   24  144  327    1   21    3    2    0     453
    1    3   25  145  397    1   25    3    2    0    1045
    1    3   26  146  190    1   12    2    1    0     497
    1    3   27  147  279    1   18    2    2    1     964
    1    3   28  148  195    1   13    2    1    0     788
    1    3   29  149  224    1   14    2    3    0     711
    1    3   30  150  241    1   16    2    2    1     966
    1    3   31  151   96    1    6    1    1    1     845
    1    3   32  152  148    1   10    1    3    0     895
    1    3   33  153   62    1    4    1    1    1     862
    1    3   34  154  229    1   15    2    2    1    1191
    1    3   35  155    7    1    1    1    1    1    1542
    1    3   36  156   85    1    6    1    2    0     737
    1    3   37  157  455    1   29    3    3    1    4151
    1    3   38  158  308    1   20    2    1    0    1471
    1    3   39  159   55    1    4    1    2    0     699
    1    3   40  160  146    1   10    1    1    1     896
    1    3   41  161  267    1   17    2    1    0     632
    1    3   42  162  106    1    7    1    2    0     674
    1    3   43  163  170    1   11    2    3    0     268
    1    3   44  164  215    1   14    2    3    0     683
    1    3   45  165  339    1   22    3    1    0     589
    1    3   46  166  381    1   24    3    2    0     394
    1    3   47  167  272    1   17    2    3    0     293
    1    3   48  168   72    1    5    1    1    1     417
    1    3   49  169  297    1   19    2    1    0     855
    1    3   50  170  337    1   22    3    3    1     403
    1    3   51  171  135    1    9    1    1    1     671
    1    3   52  172  420    1   27    3    3    1     361
    1    3   53  173   73    1    5    1    1    1     321
    1    3   54  174  471    1   30    3    2    0     306
    1    3   55  175  136    1    9    1    3    0     345
    1    3   56  176  456    1   29    3    2    0     306
    1    3   57  177   31    1    2    1    3    0     462
    1    3   58  178  330    1   21    3    1    0     585
    1    3   59  179  125    1    8    1    1    1     701
    1    3   60  180  306    1   20    2    3    0    1055
    2    1    1  181  360    0   23    3    1    0    1737
    2    1    2  182  157    0   10    1    1    1     902
    2    1    3  183   51    0    4    1    3    0    2097
    2    1    4  184  450    0   29    3    3    1    1527
    2    1    5  185   57    0    4    1    1    1     755
    2    1    6  186  389    0   25    3    3    1     904
    2    1    7  187  424    0   27    3    2    0     750
    2    1    8  188  178    0   12    2    1    0     582
    2    1    9  189  195    1   13    2    2    1    1730
    2    1   10  190  259    0   17    2    1    0    1002
    2    1   11  191  122    0    8    1    3    0    1047
    2    1   12  192  300    0   19    2    1    0    1087
    2    1   13  193  477    0   30    3    2    0     754
    2    1   14  194  351    0   22    3    1    0     753
    2    1   15  195  229    1   15    2    3    0    3245
    2    1   16  196  249    0   16    2    2    1    1106
    2    1   17  197  236    0   15    2    1    0     679
    2    1   18  198  119    0    8    1    3    0     831
    2    1   19  199  427    0   27    3    2    0     961
    2    1   20  200  365    0   23    3    1    0     414
    2    1   21  201  140    0    9    1    3    0    1378
    2    1   22  202  289    0   19    2    1    0     888
    2    1   23  203  443    1   28    3    3    1    1273
    2    1   24  204  284    0   18    2    2    1     517
    2    1   25  205  417    0   27    3    1    0    1214
    2    1   26  206  309    0   20    2    2    1     900
    2    1   27  207  120    0    8    1    3    0     623
    2    1   28  208    9    0    1    1    1    1     781
    2    1   29  209  270    0   17    2    1    0    1351
    2    1   30  210  338    0   22    3    2    0    1596
    2    1   31  211  401    0   26    3    2    0    1281
    2    1   32  212   71    0    5    1    1    1    1487
    2    1   33  213  206    0   13    2    3    0     950
    2    1   34  214  380    0   24    3    1    0    1328
    2    1   35  215  312    0   20    2    2    1     687
    2    1   36  216  287    0   18    2    1    0    1025
    2    1   37  217   84    0    6    1    3    0    2989
    2    1   38  218  347    0   22    3    1    0    1122
    2    1   39  219  376    1   24    3    1    0    1101
    2    1   40  220  228    0   15    2    3    0    1399
    2    1   41  221  251    0   16    2    1    0    1147
    2    1   42  222   73    1    5    1    1    1    1005
    2    1   43  223  329    0   21    3    1    0    1282
    2    1   44  224  349    0   22    3    1    0     970
    2    1   45  225  147    0   10    1    1    1     769
    2    1   46  226  400    0   25    3    3    1    1787
    2    1   47  227  214    0   14    2    2    1     775
    2    1   48  228  431    0   27    3    1    0     783
    2    1   49  229  328    0   21    3    1    0    1632
    2    1   50  230  257    0   17    2    3    0     797
    2    1   51  231   30    0    2    1    1    1     914
    2    1   52  232  456    1   29    3    3    1    3550
    2    1   53  233  439    0   28    3    1    0     866
    2    1   54  234  330    1   21    3    1    0     848
    2    1   55  235   37    0    3    1    2    0    1457
    2    1   56  236  390    0   25    3    3    1     747
    2    1   57  237  473    0   30    3    1    0    1057
    2    1   58  238  264    0   17    2    2    1     710
    2    1   59  239  173    0   11    2    1    0     884
    2    1   60  240  459    0   29    3    3    1     764
    2    1   61  241  105    0    7    1    1    1     706
    2    1   62  242    4    0    1    1    3    0    1153
    2    1   63  243   83    0    6    1    2    0     432
    2    1   64  244  404    0   26    3    1    0     661
    2    1   65  245  191    0   12    2    3    0     637
    2    1   66  246  166    0   11    2    1    0     719
    2    1   67  247  111    1    7    1    1    1     367
    2    1   68  248  218    0   14    2    2    1     683
    2    1   69  249  211    0   14    2    2    1     657
    2    1   70  250  132    0    9    1    2    0     962
    2    1   71  251  145    0   10    1    1    1     820
    2    1   72  252  304    0   19    2    2    1     748
    2    1   73  253  302    0   19    2    1    0     535
    2    1   74  254   62    1    4    1    2    0     891
    2    1   75  255  297    1   19    2    1    0     363
    2    1   76  256  223    0   14    2    2    1     406
    2    1   77  257  242    0   16    2    1    0     736
    2    1   78  258   91    0    6    1    2    0     411
    2    1   79  259  216    0   14    2    1    0     396
    2    1   80  260  414    0   26    3    2    0     284
    2    1   81  261  368    0   23    3    1    0     448
    2    1   82  262  296    0   19    2    2    1     410
    2    1   83  263  237    0   15    2    1    0     336
    2    1   84  264   78    0    5    1    2    0     572
    2    1   85  265  279    1   18    2    3    0     340
    2    1   86  266  110    0    7    1    1    1     716
    2    1   87  267  386    0   25    3    1    0     369
    2    1   88  268  261    0   17    2    3    0     538
    2    1   89  269  109    0    7    1    1    1     903
    2    1   90  270  170    1   11    2    3    0    1604
    2    1   91  271  343    0   22    3    3    1     905
    2    1   92  272  397    1   25    3    2    0    1124
    2    1   93  273  416    0   26    3    3    1    2473
    2    1   94  274  348    0   22    3    3    1    1264
    2    1   95  275  258    0   17    2    2    1    1675
    2    1   96  276  336    0   21    3    1    0     835
    2    1   97  277  371    0   24    3    3    1    1106
    2    1   98  278  121    0    8    1    3    0    1586
    2    1   99  279   34    1    3    1    1    1     959
    2    1  100  280  152    0   10    1    3    0     750
    2    1  101  281   89    0    6    1    2    0     942
    2    1  102  282   64    0    4    1    2    0    1275
    2    1  103  283  442    0   28    3    3    1     907
    2    1  104  284  196    0   13    2    3    0    1360
    2    1  105  285  317    0   20    2    1    0    1090
    2    1  106  286  235    0   15    2    3    0    1132
    2    1  107  287    6    0    1    1    1    1     874
    2    1  108  288   49    0    4    1    1    1    1924
    2    1  109  289  239    0   15    2    3    0    2499
    2    1  110  290   94    0    6    1    1    1     933
    2    1  111  291   29    0    2    1    2    0    2915
    2    1  112  292  221    0   14    2    2    1    3071
    2    1  113  293   82    0    6    1    1    1     950
    2    1  114  294  457    0   29    3    3    1    1459
    2    1  115  295  433    0   28    3    1    0     953
    2    1  116  296  281    0   18    2    3    0     891
    2    1  117  297  366    0   23    3    1    0     875
    2    1  118  298   20    0    2    1    2    0     911
    2    1  119  299  350    0   22    3    1    0    1345
    2    1  120  300   97    0    7    1    1    1    1253
    2    1  121  301  408    0   26    3    1    0     928
    2    1  122  302  247    0   16    2    3    0    1050
    2    1  123  303  322    0   21    3    1    0     722
    2    1  124  304  153    0   10    1    2    0     933
    2    1  125  305  418    0   27    3    2    0    1792
    2    1  126  306  413    1   26    3    2    0    1031
    2    1  127  307   76    0    5    1    3    0     972
    2    1  128  308    7    1    1    1    3    0    2635
    2    1  129  309  369    0   24    3    3    1     931
    2    1  130  310  154    0   10    1    3    0     923
    2    1  131  311  388    0   25    3    2    0     857
    2    1  132  312  101    0    7    1    3    0     916
    2    1  133  313  385    0   25    3    2    0     808
    2    1  134  314   42    0    3    1    3    0     830
    2    1  135  315  269    0   17    2    2    1     721
    2    1  136  316  220    0   14    2    3    0    1753
    2    1  137  317  169    0   11    2    3    0    1099
    2    1  138  318   98    0    7    1    2    0    1269
    2    1  139  319  143    0    9    1    2    0     913
    2    1  140  320  280    0   18    2    2    1    1191
    2    1  141  321   70    0    5    1    3    0     951
    2    1  142  322  245    0   16    2    3    0    1545
    2    1  143  323  314    0   20    2    3    0    1113
    2    1  144  324  412    0   26    3    1    0    1823
    2    1  145  325  179    0   12    2    1    0     818
    2    1  146  326  285    0   18    2    2    1    1304
    2    1  147  327   31    1    2    1    2    0     819
    2    1  148  328  244    0   16    2    2    1    1131
    2    1  149  329  252    0   16    2    1    0     588
    2    1  150  330  283    0   18    2    2    1     710
    2    1  151  331  177    0   12    2    3    0     707
    2    1  152  332  372    0   24    3    3    1     994
    2    1  153  333  332    0   21    3    3    1    1682
    2    1  154  334  165    0   11    2    1    0     491
    2    1  155  335  205    0   13    2    2    1     615
    2    1  156  336  334    0   21    3    1    0     539
    2    1  157  337  339    1   22    3    3    1     552
    2    1  158  338  224    1   14    2    2    1     965
    2    1  159  339   22    0    2    1    2    0     574
    2    1  160  340  266    0   17    2    2    1     810
    2    1  161  341   93    0    6    1    1    1     586
    2    1  162  342  292    0   19    2    1    0     904
    2    1  163  343  452    0   29    3    2    0     834
    2    1  164  344  396    0   25    3    2    0     774
    2    1  165  345  327    1   21    3    1    0    1043
    2    1  166  346   65    0    5    1    3    0     943
    2    1  167  347  130    0    9    1    1    1     858
    2    1  168  348  441    0   28    3    2    0     387
    2    1  169  349  156    0   10    1    1    1     525
    2    1  170  350  406    0   26    3    2    0     687
    2    1  171  351  345    0   22    3    1    0    1370
    2    1  172  352   50    0    4    1    2    0    1359
    2    1  173  353  454    0   29    3    1    0     429
    2    1  174  354  263    0   17    2    3    0     819
    2    1  175  355  394    0   25    3    1    0     543
    2    1  176  356  123    0    8    1    2    0     361
    2    1  177  357    8    0    1    1    1    1     476
    2    1  178  358  219    0   14    2    3    0     460
    2    1  179  359  189    0   12    2    1    0     817
    2    1  180  360  160    0   10    1    2    0     814
    2    1  181  361  234    0   15    2    1    0     395
    2    1  182  362  384    0   24    3    2    0     356
    2    1  183  363  355    1   23    3    1    0     512
    2    1  184  364  409    0   26    3    2    0     488
    2    1  185  365  106    1    7    1    1    1     697
    2    1  186  366  116    0    8    1    3    0     894
    2    1  187  367  167    0   11    2    1    0     615
    2    1  188  368  248    0   16    2    3    0     453
    2    1  189  369  163    1   11    2    1    0     357
    2    1  190  370   41    0    3    1    3    0     646
    2    1  191  371  202    0   13    2    1    0     381
    2    1  192  372  370    0   24    3    1    0     946
    2    1  193  373  430    0   27    3    1    0     761
    2    1  194  374  357    0   23    3    2    0    1745
    2    1  195  375  393    0   25    3    2    0    1888
    2    1  196  376  168    0   11    2    1    0     761
    2    1  197  377   53    0    4    1    3    0     876
    2    1  198  378  209    0   14    2    3    0    1228
    2    1  199  379  341    0   22    3    1    0    1004
    2    1  200  380  379    0   24    3    3    1     889
    2    1  201  381  354    0   23    3    2    0    1304
    2    1  202  382  311    0   20    2    2    1     914
    2    1  203  383  276    0   18    2    1    0     784
    2    1  204  384  467    0   30    3    2    0    1182
    2    1  205  385  253    0   16    2    3    0    1369
    2    1  206  386  192    0   12    2    1    0     819
    2    1  207  387  180    0   12    2    1    0    1729
    2    1  208  388   63    0    4    1    3    0    1013
    2    1  209  389  475    0   30    3    2    0     684
    2    1  210  390  363    0   23    3    1    0     817
    2    1  211  391    2    0    1    1    2    0    1320
    2    1  212  392  444    0   28    3    1    0    1261
    2    1  213  393  103    0    7    1    3    0     560
    2    1  214  394  479    0   30    3    2    0     888
    2    1  215  395  149    0   10    1    2    0     874
    2    1  216  396  198    0   13    2    3    0     888
    2    1  217  397  158    0   10    1    3    0    1200
    2    1  218  398  267    1   17    2    3    0     953
    2    1  219  399  194    0   13    2    3    0     940
    2    1  220  400  381    1   24    3    3    1    1163
    2    1  221  401  136    1    9    1    2    0    1186
    2    1  222  402  428    0   27    3    1    0    1649
    2    1  223  403  126    0    8    1    2    0    1440
    2    1  224  404  465    1   30    3    2    0    1560
    2    1  225  405  197    0   13    2    3    0     737
    2    1  226  406   68    0    5    1    2    0     650
    2    1  227  407  324    0   21    3    1    0    2693
    2    1  228  408  117    0    8    1    3    0    4676
    2    1  229  409   85    1    6    1    1    1    1763
    2    1  230  410   36    0    3    1    3    0     976
    2    1  231  411  306    1   20    2    2    1     982
    2    1  232  412  124    0    8    1    1    1    1083
    2    1  233  413  272    1   17    2    3    0     912
    2    1  234  414   35    0    3    1    2    0     376
    2    1  235  415  243    0   16    2    3    0     653
    2    1  236  416   15    0    1    1    1    1     646
    2    1  237  417  164    0   11    2    2    1    1105
    2    1  238  418  208    0   13    2    3    0     393
    2    1  239  419  225    0   15    2    1    0     976
    2    1  240  420  112    0    7    1    3    0     999
    2    1  241  421  262    0   17    2    3    0     855
    2    1  242  422  344    0   22    3    3    1     829
    2    1  243  423  476    0   30    3    2    0    1086
    2    1  244  424  277    0   18    2    2    1    1220
    2    1  245  425  162    0   11    2    2    1    1081
    2    1  246  426  203    1   13    2    1    0     749
    2    1  247  427  265    0   17    2    1    0    2134
    2    1  248  428  200    0   13    2    3    0     817
    2    1  249  429  392    0   25    3    2    0     883
    2    1  250  430  137    0    9    1    2    0    1528
    2    1  251  431  274    0   18    2    3    0    2162
    2    1  252  432  308    1   20    2    2    1     754
    2    1  253  433  139    0    9    1    2    0     845
    2    1  254  434  415    0   26    3    2    0    2754
    2    1  255  435  437    0   28    3    1    0     967
    2    1  256  436  231    0   15    2    3    0    1563
    2    1  257  437  275    0   18    2    2    1    1642
    2    1  258  438  161    0   11    2    3    0     731
    2    1  259  439  113    0    8    1    2    0     854
    2    1  260  440  141    0    9    1    2    0     717
    2    1  261  441  128    0    8    1    2    0     839
    2    1  262  442  176    0   11    2    2    1     794
    2    1  263  443  435    0   28    3    1    0    1422
    2    1  264  444  420    1   27    3    1    0    1286
    2    1  265  445   59    0    4    1    3    0    1687
    2    1  266  446  464    0   29    3    2    0     858
    2    1  267  447  449    0   29    3    3    1     790
    2    1  268  448  315    0   20    2    2    1     922
    2    1  269  449  320    0   20    2    3    0    1015
    2    1  270  450  240    0   15    2    2    1    2560
    2    1  271  451  395    1   25    3    3    1    1247
    2    1  272  452  215    1   14    2    3    0     945
    2    1  273  453  278    1   18    2    2    1    1381
    2    1  274  454   26    0    2    1    2    0    1205
    2    1  275  455  301    0   19    2    2    1     806
    2    1  276  456   32    0    2    1    2    0     741
    2    1  277  457  127    0    8    1    3    0     907
    2    1  278  458  184    0   12    2    1    0    1004
    2    1  279  459   72    1    5    1    3    0     793
    2    1  280  460   56    0    4    1    2    0     822
    2    1  281  461  288    0   18    2    3    0     731
    2    1  282  462   69    0    5    1    3    0     811
    2    1  283  463   81    0    6    1    1    1     945
    2    1  284  464  445    0   28    3    1    0     957
    2    1  285  465  193    0   13    2    3    0     710
    2    1  286  466  471    1   30    3    2    0    1217
    2    1  287  467  337    1   22    3    3    1    1387
    2    1  288  468  171    0   11    2    3    0     679
    2    1  289  469  403    0   26    3    2    0    1058
    2    1  290  470  434    0   28    3    1    0     774
    2    1  291  471   21    0    2    1    2    0    1111
    2    1  292  472  451    0   29    3    2    0     770
    2    1  293  473  398    0   25    3    2    0    1255
    2    1  294  474  273    0   18    2    2    1     651
    2    1  295  475    3    0    1    1    2    0    1110
    2    1  296  476   74    0    5    1    3    0     805
    2    1  297  477   39    0    3    1    3    0     952
    2    1  298  478   10    0    1    1    2    0     786
    2    1  299  479  362    0   23    3    1    0     878
    2    1  300  480  352    0   22    3    1    0    1912
