    1    1    1    1  219    1   14    2    2    1    5110
    1    1    2    2  360    1   23    3    1    0    4103
    1    1    3    3  424    1   27    3    2    0    7817
    1    1    4    4   56    1    4    1    2    0    3109
    1    1    5    5  356    1   23    3    3    1    2557
    1    1    6    6  409    1   26    3    2    0    3532
    1    1    7    7   16    1    1    1    3    0    4531
    1    1    8    8    6    1    1    1    1    1    2162
    1    1    9    9  121    1    8    1    1    1    2833
    1    1   10   10  252    1   16    2    3    0    2100
    1    1   11   11  471    1   30    3    3    1    3221
    1    1   12   12   71    1    5    1    1    1    4745
    1    1   13   13  120    1    8    1    1    1    3648
    1    1   14   14  266    1   17    2    3    0    2883
    1    1   15   15  359    1   23    3    3    1    3412
    1    1   16   16   58    1    4    1    1    1    1857
    1    1   17   17  396    1   25    3    3    1    2203
    1    1   18   18  267    1   17    2    2    1    2136
    1    1   19   19  408    1   26    3    3    1    5112
    1    1   20   20    4    1    1    1    1    1    1680
    1    1   21   21  411    1   26    3    3    1    1457
    1    1   22   22  340    1   22    3    1    0    4637
    1    1   23   23  117    1    8    1    1    1    1608
    1    1   24   24   15    1    1    1    1    1    1533
    1    1   25   25   52    1    4    1    1    1    1540
    1    1   26   26  271    1   17    2    2    1    2635
    1    1   27   27  245    1   16    2    2    1    1638
    1    1   28   28  406    1   26    3    3    1    1866
    1    1   29   29   38    1    3    1    1    1    1364
    1    1   30   30  240    1   15    2    3    0    1506
    1    1   31   31  272    1   17    2    2    1    2218
    1    1   32   32  289    1   19    2    2    1    2454
    1    1   33   33  201    1   13    2    2    1    1658
    1    1   34   34  280    1   18    2    3    0    3740
    1    1   35   35  276    1   18    2    1    0    2027
    1    1   36   36  476    1   30    3    2    0    1616
    1    1   37   37  212    1   14    2    3    0    2067
    1    1   38   38  216    1   14    2    2    1    3222
    1    1   39   39  217    1   14    2    2    1    1914
    1    1   40   40  182    1   12    2    2    1    2466
    1    1   41   41   37    1    3    1    1    1    2420
    1    1   42   42  164    1   11    2    2    1    6167
    1    1   43   43  465    1   30    3    3    1    1813
    1    1   44   44  250    1   16    2    1    0    1810
    1    1   45   45  380    1   24    3    3    1    2031
    1    1   46   46  479    1   30    3    3    1    3218
    1    1   47   47   53    1    4    1    1    1    1702
    1    1   48   48   66    1    5    1    1    1     903
    1    1   49   49  473    1   30    3    3    1    3208
    1    1   50   50  269    1   17    2    2    1    1676
    1    1   51   51  448    1   28    3    1    0    2270
    1    1   52   52   33    1    3    1    1    1    7625
    1    1   53   53   36    1    3    1    1    1    1788
    1    1   54   54  353    1   23    3    2    0    3338
    1    1   55   55   80    1    5    1    1    1     681
    1    1   56   56  290    1   19    2    2    1    1538
    1    1   57   57   49    1    4    1    1    1    1034
    1    1   58   58  387    1   25    3    2    0    3173
    1    1   59   59   35    1    3    1    1    1    1995
    1    1   60   60  326    1   21    3    2    0    2096
    1    2    1   61  473    1   30    3    3    1    7649
    1    2    2   62  340    1   22    3    3    1    2371
    1    2    3   63   53    1    4    1    1    1    1242
    1    2    4   64   16    1    1    1    1    1    1597
    1    2    5   65   15    1    1    1    1    1     738
    1    2    6   66  289    1   19    2    2    1    1034
    1    2    7   67  476    1   30    3    3    1     997
    1    2    8   68  353    1   23    3    3    1    1506
    1    2    9   69  164    1   11    2    2    1    1546
    1    2   10   70   49    1    4    1    1    1     881
    1    2   11   71  219    1   14    2    2    1    3843
    1    2   12   72   80    1    5    1    1    1     750
    1    2   13   73  252    1   16    2    2    1    1317
    1    2   14   74  387    1   25    3    2    0    6357
    1    2   15   75  356    1   23    3    3    1    1836
    1    2   16   76  290    1   19    2    2    1     951
    1    2   17   77   37    1    3    1    1    1     886
    1    2   18   78   56    1    4    1    2    0    1895
    1    2   19   79  120    1    8    1    1    1     785
    1    2   20   80   36    1    3    1    1    1     774
    1    2   21   81  326    1   21    3    2    0     876
    1    2   22   82  280    1   18    2    2    1    1902
    1    2   23   83  396    1   25    3    3    1    1158
    1    2   24   84  201    1   13    2    2    1    1038
    1    2   25   85  276    1   18    2    3    0    2761
    1    2   26   86   33    1    3    1    1    1     832
    1    2   27   87  465    1   30    3    3    1    1699
    1    2   28   88  266    1   17    2    2    1    2131
    1    2   29   89  479    1   30    3    3    1    1123
    1    2   30   90  380    1   24    3    3    1    3322
    1    2   31   91    4    1    1    1    1    1    2202
    1    2   32   92   71    1    5    1    1    1    1943
    1    2   33   93  267    1   17    2    2    1    1295
    1    2   34   94  424    1   27    3    3    1    3120
    1    2   35   95   66    1    5    1    1    1     889
    1    2   36   96  250    1   16    2    2    1    1914
    1    2   37   97  117    1    8    1    1    1     914
    1    2   38   98  360    1   23    3    3    1    1410
    1    2   39   99  212    1   14    2    3    0    2942
    1    2   40  100   38    1    3    1    1    1     702
    1    2   41  101   52    1    4    1    2    0    1174
    1    2   42  102  406    1   26    3    3    1    1709
    1    2   43  103   58    1    4    1    1    1    2733
    1    2   44  104  448    1   28    3    3    1    3845
    1    2   45  105  216    1   14    2    2    1    1215
    1    2   46  106  240    1   15    2    2    1    1444
    1    2   47  107    6    1    1    1    1    1     800
    1    2   48  108  182    1   12    2    2    1    2948
    1    2   49  109  409    1   26    3    2    0    2195
    1    2   50  110  471    1   30    3    3    1    1423
    1    2   51  111  272    1   17    2    2    1     940
    1    2   52  112  411    1   26    3    3    1    1036
    1    2   53  113  245    1   16    2    2    1     806
    1    2   54  114  217    1   14    2    2    1    1532
    1    2   55  115  269    1   17    2    2    1     834
    1    2   56  116  121    1    8    1    1    1     838
    1    2   57  117  408    1   26    3    3    1    2026
    1    2   58  118   35    1    3    1    1    1     846
    1    2   59  119  359    1   23    3    3    1    2273
    1    2   60  120  271    1   17    2    2    1    2251
    1    3    1  121  340    1   22    3    3    1    1286
    1    3    2  122  201    1   13    2    2    1     951
    1    3    3  123   35    1    3    1    1    1     806
    1    3    4  124  471    1   30    3    3    1    1579
    1    3    5  125  182    1   12    2    2    1     752
    1    3    6  126  409    1   26    3    3    1    1111
    1    3    7  127  271    1   17    2    2    1    2000
    1    3    8  128  269    1   17    2    2    1    1204
    1    3    9  129  408    1   26    3    3    1    1146
    1    3   10  130  280    1   18    2    2    1    1105
    1    3   11  131  219    1   14    2    2    1    3113
    1    3   12  132  276    1   18    2    2    1    2961
    1    3   13  133   36    1    3    1    1    1     832
    1    3   14  134  396    1   25    3    3    1    1139
    1    3   15  135   16    1    1    1    1    1     939
    1    3   16  136  217    1   14    2    2    1    3051
    1    3   17  137  406    1   26    3    3    1    1125
    1    3   18  138  117    1    8    1    1    1     941
    1    3   19  139   56    1    4    1    2    0    2493
    1    3   20  140  476    1   30    3    3    1     894
    1    3   21  141  240    1   15    2    3    0    2879
    1    3   22  142  411    1   26    3    3    1    1121
    1    3   23  143   53    1    4    1    1    1    2217
    1    3   24  144  359    1   23    3    3    1    1605
    1    3   25  145   33    1    3    1    1    1    1754
    1    3   26  146   52    1    4    1    1    1    2489
    1    3   27  147  290    1   19    2    1    0    2682
    1    3   28  148  424    1   27    3    3    1    1235
    1    3   29  149  465    1   30    3    3    1    1127
    1    3   30  150    4    1    1    1    1    1    1151
    1    3   31  151  121    1    8    1    1    1    1669
    1    3   32  152  212    1   14    2    2    1    1640
    1    3   33  153  120    1    8    1    1    1    1147
    1    3   34  154   66    1    5    1    1    1    1202
    1    3   35  155  164    1   11    2    2    1    2470
    1    3   36  156   49    1    4    1    1    1    1112
    1    3   37  157  356    1   23    3    3    1    1249
    1    3   38  158   15    1    1    1    1    1    1172
    1    3   39  159  448    1   28    3    3    1    1177
    1    3   40  160  267    1   17    2    2    1    1696
    1    3   41  161  473    1   30    3    3    1    1473
    1    3   42  162  245    1   16    2    2    1    2522
    1    3   43  163  272    1   17    2    2    1    1579
    1    3   44  164   58    1    4    1    1    1    1649
    1    3   45  165    6    1    1    1    1    1    1604
    1    3   46  166  252    1   16    2    2    1    1576
    1    3   47  167   38    1    3    1    1    1    1471
    1    3   48  168  250    1   16    2    2    1    4057
    1    3   49  169   37    1    3    1    1    1    1115
    1    3   50  170  216    1   14    2    2    1    1651
    1    3   51  171  387    1   25    3    1    0    5094
    1    3   52  172   71    1    5    1    1    1     799
    1    3   53  173   80    1    5    1    1    1    1252
    1    3   54  174  353    1   23    3    3    1    1143
    1    3   55  175  289    1   19    2    2    1    1118
    1    3   56  176  360    1   23    3    3    1     838
    1    3   57  177  380    1   24    3    3    1    2746
    1    3   58  178  266    1   17    2    2    1    1137
    1    3   59  179  326    1   21    3    1    0    2312
    1    3   60  180  479    1   30    3    3    1    2945
    2    1    1  181  449    0   29    3    2    0    2819
    2    1    2  182  250    1   16    2    2    1    2996
    2    1    3  183  314    0   20    2    3    0    5372
    2    1    4  184  139    0    9    1    3    0    7367
    2    1    5  185  224    0   14    2    2    1    2549
    2    1    6  186  107    0    7    1    2    0    2752
    2    1    7  187  439    0   28    3    1    0     963
    2    1    8  188  157    0   10    1    1    1     829
    2    1    9  189  191    0   12    2    2    1    1084
    2    1   10  190  348    0   22    3    1    0     802
    2    1   11  191    3    0    1    1    1    1     690
    2    1   12  192   29    0    2    1    2    0     872
    2    1   13  193   80    1    5    1    1    1     678
    2    1   14  194  363    0   23    3    3    1    1180
    2    1   15  195   18    0    2    1    2    0     909
    2    1   16  196  142    0    9    1    3    0    1529
    2    1   17  197   51    0    4    1    1    1     749
    2    1   18  198  163    0   11    2    2    1    2160
    2    1   19  199  269    1   17    2    2    1     826
    2    1   20  200  318    0   20    2    3    0     859
    2    1   21  201   42    0    3    1    1    1     729
    2    1   22  202  257    0   17    2    1    0     957
    2    1   23  203  251    0   16    2    2    1     728
    2    1   24  204  437    0   28    3    3    1    1484
    2    1   25  205  438    0   28    3    2    0    1729
    2    1   26  206  278    0   18    2    2    1    1005
    2    1   27  207  380    1   24    3    3    1    1046
    2    1   28  208  173    0   11    2    2    1    2045
    2    1   29  209  226    0   15    2    3    0    1148
    2    1   30  210  321    0   21    3    2    0     895
    2    1   31  211    6    1    1    1    1    1    1053
    2    1   32  212  288    0   18    2    2    1    1587
    2    1   33  213  230    0   15    2    3    0    1221
    2    1   34  214  123    0    8    1    1    1     917
    2    1   35  215  463    0   29    3    3    1    1121
    2    1   36  216  115    0    8    1    1    1     917
    2    1   37  217  138    0    9    1    1    1    2289
    2    1   38  218  154    0   10    1    1    1    1094
    2    1   39  219  200    0   13    2    2    1    3499
    2    1   40  220  177    0   12    2    2    1    1536
    2    1   41  221  294    0   19    2    1    0    1059
    2    1   42  222  462    0   29    3    3    1     873
    2    1   43  223  210    0   14    2    3    0    2024
    2    1   44  224  393    0   25    3    3    1    2488
    2    1   45  225  394    0   25    3    2    0    1733
    2    1   46  226  404    0   26    3    2    0    2817
    2    1   47  227  414    0   26    3    3    1    1297
    2    1   48  228  423    0   27    3    3    1    1565
    2    1   49  229  176    0   11    2    1    0    1056
    2    1   50  230  116    0    8    1    1    1    1302
    2    1   51  231  266    1   17    2    2    1    2163
    2    1   52  232  204    0   13    2    2    1    1134
    2    1   53  233  381    0   24    3    1    0     912
    2    1   54  234  309    0   20    2    3    0     781
    2    1   55  235  239    0   15    2    2    1     927
    2    1   56  236  100    0    7    1    1    1     940
    2    1   57  237  373    0   24    3    1    0    1110
    2    1   58  238   87    0    6    1    2    0    1770
    2    1   59  239    2    0    1    1    1    1    1540
    2    1   60  240  208    0   13    2    2    1    1126
    2    1   61  241  108    0    7    1    3    0    5482
    2    1   62  242   58    1    4    1    2    0    1890
    2    1   63  243  298    0   19    2    1    0    1399
    2    1   64  244   25    0    2    1    3    0    2480
    2    1   65  245  164    1   11    2    2    1    2718
    2    1   66  246   32    0    2    1    3    0    1169
    2    1   67  247  270    0   17    2    2    1    1554
    2    1   68  248    1    0    1    1    1    1     934
    2    1   69  249  369    0   24    3    1    0    1314
    2    1   70  250  470    0   30    3    2    0     878
    2    1   71  251  129    0    9    1    3    0    2204
    2    1   72  252   30    0    2    1    2    0    2100
    2    1   73  253  332    0   21    3    2    0    1600
    2    1   74  254  342    0   22    3    1    0    1074
    2    1   75  255  168    0   11    2    1    0    2407
    2    1   76  256  420    0   27    3    1    0    2185
    2    1   77  257  461    0   29    3    2    0    2130
    2    1   78  258  289    1   19    2    2    1    1261
    2    1   79  259  282    0   18    2    2    1    3963
    2    1   80  260   63    0    4    1    1    1    1486
    2    1   81  261  131    0    9    1    3    0    1747
    2    1   82  262   44    0    3    1    1    1     781
    2    1   83  263  379    0   24    3    1    0    1007
    2    1   84  264  214    0   14    2    3    0    2776
    2    1   85  265  310    0   20    2    2    1    1514
    2    1   86  266   35    1    3    1    1    1     766
    2    1   87  267   17    0    2    1    3    0    2112
    2    1   88  268   12    0    1    1    1    1     717
    2    1   89  269  433    0   28    3    3    1    1185
    2    1   90  270  355    0   23    3    2    0    1874
    2    1   91  271  254    0   16    2    2    1    1191
    2    1   92  272  195    0   13    2    2    1    1081
    2    1   93  273  291    0   19    2    1    0     799
    2    1   94  274  349    0   22    3    1    0    1055
    2    1   95  275   54    0    4    1    2    0    1606
    2    1   96  276  375    0   24    3    1    0     695
    2    1   97  277  203    0   13    2    2    1     764
    2    1   98  278  150    0   10    1    2    0     878
    2    1   99  279  149    0   10    1    2    0    2908
    2    1  100  280  262    0   17    2    2    1     793
    2    1  101  281  252    1   16    2    2    1    1034
    2    1  102  282   71    1    5    1    1    1     786
    2    1  103  283  221    0   14    2    2    1    1059
    2    1  104  284   97    0    7    1    1    1    1849
    2    1  105  285  283    0   18    2    3    0     896
    2    1  106  286  165    0   11    2    1    0     797
    2    1  107  287  186    0   12    2    1    0    3309
    2    1  108  288  196    0   13    2    2    1     969
    2    1  109  289  167    0   11    2    1    0     804
    2    1  110  290  357    0   23    3    3    1    2100
    2    1  111  291  336    0   21    3    2    0    1857
    2    1  112  292  301    0   19    2    2    1    1416
    2    1  113  293  280    1   18    2    2    1    1105
    2    1  114  294  376    0   24    3    1    0     836
    2    1  115  295  178    0   12    2    2    1    5907
    2    1  116  296  287    0   18    2    2    1    1416
    2    1  117  297  120    1    8    1    1    1     817
    2    1  118  298  311    0   20    2    3    0    1248
    2    1  119  299   59    0    4    1    3    0    3535
    2    1  120  300  408    1   26    3    3    1    2339
    2    1  121  301  328    0   21    3    2    0    2917
    2    1  122  302   83    0    6    1    2    0    1954
    2    1  123  303  265    0   17    2    2    1    1172
    2    1  124  304   10    0    1    1    1    1    1798
    2    1  125  305  197    0   13    2    1    0     863
    2    1  126  306  128    0    8    1    1    1    1309
    2    1  127  307  261    0   17    2    2    1     810
    2    1  128  308  105    0    7    1    3    0    1851
    2    1  129  309  353    1   23    3    3    1    1170
    2    1  130  310  297    0   19    2    1    0    1236
    2    1  131  311  341    0   22    3    1    0    1107
    2    1  132  312  161    0   11    2    1    0     760
    2    1  133  313  317    0   20    2    2    1     842
    2    1  134  314  145    0   10    1    1    1     762
    2    1  135  315  468    0   30    3    3    1    2460
    2    1  136  316  385    0   25    3    3    1    1243
    2    1  137  317  179    0   12    2    2    1    3034
    2    1  138  318  313    0   20    2    2    1     930
    2    1  139  319   31    0    2    1    3    0    4014
    2    1  140  320  346    0   22    3    1    0    1727
    2    1  141  321  276    1   18    2    2    1    1963
    2    1  142  322  447    0   28    3    3    1    1132
    2    1  143  323  206    0   13    2    2    1    1471
    2    1  144  324  434    0   28    3    2    0    4519
    2    1  145  325  243    0   16    2    2    1    1523
    2    1  146  326   37    1    3    1    1    1     839
    2    1  147  327  184    0   12    2    2    1    1078
    2    1  148  328  228    0   15    2    2    1    1164
    2    1  149  329   55    0    4    1    1    1     686
    2    1  150  330  124    0    8    1    1    1     724
    2    1  151  331  217    1   14    2    2    1    1048
    2    1  152  332   69    0    5    1    2    0    1215
    2    1  153  333  189    0   12    2    2    1    1374
    2    1  154  334   96    0    6    1    3    0    2105
    2    1  155  335  347    0   22    3    1    0    1622
    2    1  156  336  255    0   16    2    2    1    1029
    2    1  157  337  234    0   15    2    3    0    1085
    2    1  158  338  365    0   23    3    3    1    1060
    2    1  159  339  364    0   23    3    2    0    2122
    2    1  160  340  477    0   30    3    3    1    1110
    2    1  161  341  402    0   26    3    3    1    1083
    2    1  162  342  268    0   17    2    2    1    1152
    2    1  163  343   48    0    3    1    1    1     771
    2    1  164  344  141    0    9    1    3    0     965
    2    1  165  345  384    0   24    3    1    0    2127
    2    1  166  346  350    0   22    3    1    0     923
    2    1  167  347  440    0   28    3    3    1     919
    2    1  168  348  225    0   15    2    1    0    2867
    2    1  169  349   28    0    2    1    1    1    1729
    2    1  170  350  101    0    7    1    1    1    1420
    2    1  171  351  237    0   15    2    2    1     964
    2    1  172  352  232    0   15    2    3    0     878
    2    1  173  353  443    0   28    3    3    1    1868
    2    1  174  354  327    0   21    3    2    0    1122
    2    1  175  355   36    1    3    1    1    1     726
    2    1  176  356  117    1    8    1    1    1     859
    2    1  177  357   88    0    6    1    2    0    3481
    2    1  178  358   39    0    3    1    1    1     607
    2    1  179  359   56    1    4    1    2    0    2247
    2    1  180  360    8    0    1    1    1    1    1597
    2    1  181  361  338    0   22    3    1    0     925
    2    1  182  362  140    0    9    1    3    0    1594
    2    1  183  363  156    0   10    1    1    1    1083
    2    1  184  364   79    0    5    1    1    1     913
    2    1  185  365   60    0    4    1    2    0    1182
    2    1  186  366  267    1   17    2    2    1     895
    2    1  187  367    7    0    1    1    1    1    1116
    2    1  188  368  198    0   13    2    2    1    1023
    2    1  189  369  469    0   30    3    2    0    2904
    2    1  190  370   65    0    5    1    1    1    1029
    2    1  191  371  236    0   15    2    2    1     909
    2    1  192  372   53    1    4    1    1    1     953
    2    1  193  373   14    0    1    1    1    1    1220
    2    1  194  374  464    0   29    3    3    1     885
    2    1  195  375  281    0   18    2    2    1    1314
    2    1  196  376   33    1    3    1    1    1     718
    2    1  197  377  322    0   21    3    2    0    1170
    2    1  198  378   93    0    6    1    1    1    4564
    2    1  199  379  366    0   23    3    3    1     862
    2    1  200  380  199    0   13    2    2    1     765
    2    1  201  381  111    0    7    1    1    1    1263
    2    1  202  382  360    1   23    3    3    1    1213
    2    1  203  383  344    0   22    3    1    0    1005
    2    1  204  384  121    1    8    1    1    1    2037
    2    1  205  385   52    1    4    1    2    0    1364
    2    1  206  386  219    1   14    2    2    1    2319
    2    1  207  387  185    0   12    2    2    1    1011
    2    1  208  388  399    0   25    3    3    1    3724
    2    1  209  389  125    0    8    1    1    1    1480
    2    1  210  390  152    0   10    1    3    0    1197
    2    1  211  391  401    0   26    3    3    1    2078
    2    1  212  392   15    1    1    1    1    1     732
    2    1  213  393  411    1   26    3    3    1    1487
    2    1  214  394  285    0   18    2    2    1    1492
    2    1  215  395  422    0   27    3    1    0    1210
    2    1  216  396  451    0   29    3    2    0     939
    2    1  217  397  324    0   21    3    1    0    1430
    2    1  218  398  136    0    9    1    3    0    2046
    2    1  219  399   62    0    4    1    2    0    2428
    2    1  220  400   89    0    6    1    1    1    2220
    2    1  221  401  387    1   25    3    3    1    1973
    2    1  222  402  306    0   20    2    2    1    1062
    2    1  223  403  279    0   18    2    3    0    1485
    2    1  224  404  233    0   15    2    1    0    1443
    2    1  225  405  118    0    8    1    1    1     858
    2    1  226  406  277    0   18    2    3    0    2969
    2    1  227  407  395    0   25    3    1    0    2067
    2    1  228  408  169    0   11    2    1    0    1009
    2    1  229  409  465    1   30    3    3    1    2969
    2    1  230  410   73    0    5    1    1    1     868
    2    1  231  411  218    0   14    2    2    1    1202
    2    1  232  412  391    0   25    3    3    1    2130
    2    1  233  413   74    0    5    1    1    1     718
    2    1  234  414   95    0    6    1    1    1    1570
    2    1  235  415  383    0   24    3    1    0    1139
    2    1  236  416  220    0   14    2    2    1    2967
    2    1  237  417  446    0   28    3    3    1     737
    2    1  238  418  427    0   27    3    3    1    1572
    2    1  239  419  479    1   30    3    2    0    1270
    2    1  240  420   23    0    2    1    3    0    2261
    2    1  241  421  245    1   16    2    2    1     891
    2    1  242  422  354    0   23    3    3    1    2279
    2    1  243  423  456    0   29    3    3    1    2701
    2    1  244  424  458    0   29    3    3    1    1522
    2    1  245  425  343    0   22    3    1    0    5047
    2    1  246  426  377    0   24    3    1    0    1165
    2    1  247  427  260    0   17    2    2    1    2575
    2    1  248  428  216    1   14    2    2    1    1193
    2    1  249  429  174    0   11    2    1    0    1242
    2    1  250  430  273    0   18    2    2    1    2282
    2    1  251  431  130    0    9    1    3    0     928
    2    1  252  432   46    0    3    1    1    1     860
    2    1  253  433  271    1   17    2    2    1    1321
    2    1  254  434  207    0   13    2    2    1     837
    2    1  255  435   68    0    5    1    1    1    1029
    2    1  256  436  448    1   28    3    3    1     990
    2    1  257  437  209    0   14    2    2    1    2807
    2    1  258  438  187    0   12    2    2    1    1383
    2    1  259  439  286    0   18    2    3    0    1713
    2    1  260  440  113    0    8    1    2    0    2093
    2    1  261  441  325    0   21    3    2    0    1035
    2    1  262  442  227    0   15    2    3    0    2866
    2    1  263  443  162    0   11    2    2    1    1504
    2    1  264  444   81    0    6    1    2    0    3765
    2    1  265  445  370    0   24    3    1    0     862
    2    1  266  446  371    0   24    3    1    0     749
    2    1  267  447   45    0    3    1    1    1     831
    2    1  268  448   92    0    6    1    1    1    1662
    2    1  269  449  358    0   23    3    2    0    3613
    2    1  270  450  104    0    7    1    1    1     877
    2    1  271  451  460    0   29    3    3    1     907
    2    1  272  452  259    0   17    2    2    1    2760
    2    1  273  453  372    0   24    3    1    0    2714
    2    1  274  454  475    0   30    3    2    0    2463
    2    1  275  455  180    0   12    2    2    1    1902
    2    1  276  456  471    1   30    3    3    1    1538
    2    1  277  457   20    0    2    1    3    0     917
    2    1  278  458  472    0   30    3    3    1     881
    2    1  279  459  264    0   17    2    2    1     863
    2    1  280  460  194    0   13    2    1    0     782
    2    1  281  461  148    0   10    1    3    0     959
    2    1  282  462   78    0    5    1    1    1     713
    2    1  283  463   61    0    4    1    2    0    1741
    2    1  284  464  367    0   23    3    2    0    2168
    2    1  285  465  305    0   20    2    2    1    2243
    2    1  286  466  114    0    8    1    1    1     858
    2    1  287  467  212    1   14    2    2    1    1976
    2    1  288  468   94    0    6    1    2    0    1787
    2    1  289  469   82    0    6    1    1    1    1957
    2    1  290  470  160    0   10    1    1    1    1158
    2    1  291  471  400    0   25    3    2    0    1002
    2    1  292  472  421    0   27    3    1    0    1555
    2    1  293  473  330    0   21    3    2    0    1014
    2    1  294  474   40    0    3    1    1    1     653
    2    1  295  475  397    0   25    3    3    1    2660
    2    1  296  476  183    0   12    2    2    1    1371
    2    1  297  477   47    0    3    1    1    1    1349
    2    1  298  478  441    0   28    3    3    1    1375
    2    1  299  479   72    0    5    1    1    1    1096
    2    1  300  480  119    0    8    1    1    1    1166
