    1    1    1    1  245    1   16    2    3    0    3817
    1    1    2    2   37    1    3    1    3    0    2111
    1    1    3    3   52    1    4    1    3    0    1879
    1    1    4    4   16    1    1    1    1    1    1777
    1    1    5    5  411    1   26    3    2    0    1467
    1    1    6    6   80    1    5    1    1    1    1536
    1    1    7    7  409    1   26    3    3    1     868
    1    1    8    8  201    1   13    2    2    1    1273
    1    1    9    9  476    1   30    3    3    1     879
    1    1   10   10  271    1   17    2    2    1    2244
    1    1   11   11   36    1    3    1    1    1    1903
    1    1   12   12  359    1   23    3    3    1    1031
    1    1   13   13  340    1   22    3    2    0    3160
    1    1   14   14   56    1    4    1    1    1    1323
    1    1   15   15  269    1   17    2    2    1    1667
    1    1   16   16   58    1    4    1    1    1    1247
    1    1   17   17  290    1   19    2    1    0    1256
    1    1   18   18  471    1   30    3    3    1    1409
    1    1   19   19    4    1    1    1    2    0    2207
    1    1   20   20  406    1   26    3    3    1     908
    1    1   21   21   35    1    3    1    2    0    2292
    1    1   22   22  266    1   17    2    3    0    1604
    1    1   23   23  479    1   30    3    3    1    1115
    1    1   24   24   38    1    3    1    1    1    1709
    1    1   25   25  289    1   19    2    2    1    1494
    1    1   26   26  448    1   28    3    1    0    1697
    1    1   27   27  240    1   15    2    3    0    2355
    1    1   28   28  120    1    8    1    1    1    1130
    1    1   29   29  182    1   12    2    2    1    1125
    1    1   30   30  164    1   11    2    3    0    2315
    1    1   31   31  353    1   23    3    3    1    1044
    1    1   32   32  252    1   16    2    2    1    1298
    1    1   33   33  280    1   18    2    3    0    3365
    1    1   34   34  396    1   25    3    3    1    1285
    1    1   35   35  380    1   24    3    1    0    2378
    1    1   36   36  121    1    8    1    1    1    1125
    1    1   37   37  250    1   16    2    2    1    2172
    1    1   38   38   71    1    5    1    1    1     972
    1    1   39   39  387    1   25    3    3    1    2267
    1    1   40   40  117    1    8    1    2    0    1299
    1    1   41   41  356    1   23    3    3    1    1528
    1    1   42   42   53    1    4    1    1    1    1458
    1    1   43   43  272    1   17    2    2    1    1149
    1    1   44   44  360    1   23    3    3    1     901
    1    1   45   45  267    1   17    2    2    1    1173
    1    1   46   46  217    1   14    2    2    1    5497
    1    1   47   47   49    1    4    1    1    1     859
    1    1   48   48  473    1   30    3    3    1     973
    1    1   49   49   15    1    1    1    1    1     892
    1    1   50   50  424    1   27    3    3    1    1518
    1    1   51   51  216    1   14    2    2    1    1273
    1    1   52   52  212    1   14    2    3    0    2156
    1    1   53   53  219    1   14    2    3    0    2141
    1    1   54   54   66    1    5    1    1    1     810
    1    1   55   55   33    1    3    1    2    0    1487
    1    1   56   56  276    1   18    2    2    1    1581
    1    1   57   57  408    1   26    3    3    1    1619
    1    1   58   58  326    1   21    3    1    0    1664
    1    1   59   59  465    1   30    3    3    1     704
    1    1   60   60    6    1    1    1    1    1     758
    1    2    1   61    4    1    1    1    1    1    3167
    1    2    2   62   16    1    1    1    1    1     874
    1    2    3   63  212    1   14    2    3    0    3083
    1    2    4   64  473    1   30    3    3    1    1894
    1    2    5   65  121    1    8    1    2    0    1655
    1    2    6   66  424    1   27    3    3    1    1270
    1    2    7   67  201    1   13    2    2    1    1559
    1    2    8   68  411    1   26    3    3    1     708
    1    2    9   69  117    1    8    1    1    1     664
    1    2   10   70  216    1   14    2    2    1    2742
    1    2   11   71  326    1   21    3    3    1    1073
    1    2   12   72  360    1   23    3    3    1     732
    1    2   13   73  245    1   16    2    2    1    3448
    1    2   14   74  471    1   30    3    3    1    1639
    1    2   15   75   36    1    3    1    1    1     759
    1    2   16   76  182    1   12    2    3    0    1632
    1    2   17   77  476    1   30    3    3    1     837
    1    2   18   78   49    1    4    1    1    1     877
    1    2   19   79  250    1   16    2    2    1    1053
    1    2   20   80   35    1    3    1    1    1     662
    1    2   21   81  266    1   17    2    2    1    2632
    1    2   22   82  289    1   19    2    2    1     937
    1    2   23   83  271    1   17    2    3    0     773
    1    2   24   84   38    1    3    1    1    1     674
    1    2   25   85  217    1   14    2    3    0    2018
    1    2   26   86   37    1    3    1    1    1    1271
    1    2   27   87  164    1   11    2    3    0    2878
    1    2   28   88  387    1   25    3    3    1     818
    1    2   29   89   15    1    1    1    1    1     566
    1    2   30   90  479    1   30    3    3    1    1092
    1    2   31   91  267    1   17    2    2    1    1252
    1    2   32   92  280    1   18    2    3    0    1146
    1    2   33   93  408    1   26    3    3    1    1183
    1    2   34   94   71    1    5    1    1    1     678
    1    2   35   95  353    1   23    3    3    1     928
    1    2   36   96  252    1   16    2    2    1     879
    1    2   37   97  380    1   24    3    3    1    1669
    1    2   38   98   52    1    4    1    1    1     764
    1    2   39   99  396    1   25    3    3    1     705
    1    2   40  100  290    1   19    2    2    1    2605
    1    2   41  101  272    1   17    2    2    1    2092
    1    2   42  102  269    1   17    2    2    1    1888
    1    2   43  103  340    1   22    3    2    0    3351
    1    2   44  104  359    1   23    3    3    1     904
    1    2   45  105  448    1   28    3    1    0    1515
    1    2   46  106  276    1   18    2    2    1    1201
    1    2   47  107  240    1   15    2    2    1    1465
    1    2   48  108   56    1    4    1    1    1    1874
    1    2   49  109   80    1    5    1    1    1    1200
    1    2   50  110  409    1   26    3    3    1     772
    1    2   51  111  120    1    8    1    1    1     798
    1    2   52  112   33    1    3    1    1    1     593
    1    2   53  113  356    1   23    3    3    1    1382
    1    2   54  114    6    1    1    1    1    1     968
    1    2   55  115   53    1    4    1    1    1    1620
    1    2   56  116  406    1   26    3    3    1    6529
    1    2   57  117   58    1    4    1    1    1     676
    1    2   58  118  465    1   30    3    3    1    1526
    1    2   59  119   66    1    5    1    1    1     797
    1    2   60  120  219    1   14    2    2    1    1429
    1    3    1  121  117    1    8    1    1    1    1200
    1    3    2  122  448    1   28    3    3    1    4936
    1    3    3  123   80    1    5    1    1    1     998
    1    3    4  124  219    1   14    2    2    1    1396
    1    3    5  125   38    1    3    1    1    1     753
    1    3    6  126  340    1   22    3    2    0    2496
    1    3    7  127  217    1   14    2    2    1    1885
    1    3    8  128  266    1   17    2    2    1    1598
    1    3    9  129  387    1   25    3    3    1    3110
    1    3   10  130  359    1   23    3    3    1     782
    1    3   11  131  121    1    8    1    1    1    2086
    1    3   12  132  471    1   30    3    3    1    1368
    1    3   13  133  212    1   14    2    2    1    1910
    1    3   14  134   66    1    5    1    1    1     768
    1    3   15  135  276    1   18    2    2    1    1748
    1    3   16  136  353    1   23    3    3    1    1302
    1    3   17  137  280    1   18    2    2    1    1359
    1    3   18  138  216    1   14    2    2    1    1387
    1    3   19  139  290    1   19    2    2    1    3851
    1    3   20  140   33    1    3    1    1    1     610
    1    3   21  141  250    1   16    2    3    0    1893
    1    3   22  142  120    1    8    1    1    1    1068
    1    3   23  143    6    1    1    1    1    1     697
    1    3   24  144   71    1    5    1    1    1     711
    1    3   25  145   15    1    1    1    1    1    1069
    1    3   26  146  360    1   23    3    3    1     698
    1    3   27  147   49    1    4    1    1    1    1128
    1    3   28  148  272    1   17    2    2    1    1825
    1    3   29  149   35    1    3    1    1    1     745
    1    3   30  150  473    1   30    3    3    1     836
    1    3   31  151   37    1    3    1    1    1     706
    1    3   32  152  240    1   15    2    2    1    1939
    1    3   33  153   56    1    4    1    1    1    1162
    1    3   34  154  252    1   16    2    3    0    1267
    1    3   35  155   36    1    3    1    1    1     725
    1    3   36  156  326    1   21    3    3    1    3040
    1    3   37  157  476    1   30    3    3    1    1452
    1    3   38  158  380    1   24    3    2    0    1242
    1    3   39  159  424    1   27    3    3    1     756
    1    3   40  160  245    1   16    2    2    1    2710
    1    3   41  161  396    1   25    3    3    1    1154
    1    3   42  162  479    1   30    3    3    1    2281
    1    3   43  163  269    1   17    2    2    1     951
    1    3   44  164  182    1   12    2    3    0     871
    1    3   45  165  164    1   11    2    1    0    1388
    1    3   46  166  406    1   26    3    3    1     862
    1    3   47  167  408    1   26    3    3    1     841
    1    3   48  168    4    1    1    1    1    1     912
    1    3   49  169  411    1   26    3    3    1    1833
    1    3   50  170  409    1   26    3    3    1     685
    1    3   51  171   16    1    1    1    1    1    1191
    1    3   52  172   58    1    4    1    1    1     812
    1    3   53  173   52    1    4    1    1    1     984
    1    3   54  174  201    1   13    2    2    1     848
    1    3   55  175  271    1   17    2    3    0     794
    1    3   56  176  289    1   19    2    3    0    1552
    1    3   57  177   53    1    4    1    1    1     683
    1    3   58  178  267    1   17    2    2    1     789
    1    3   59  179  356    1   23    3    3    1     783
    1    3   60  180  465    1   30    3    3    1     821
    2    1    1  181   91    0    6    1    3    0    1999
    2    1    2  182   77    0    5    1    1    1    1167
    2    1    3  183  378    0   24    3    2    0    2546
    2    1    4  184  423    0   27    3    3    1    1377
    2    1    5  185  317    0   20    2    3    0    1109
    2    1    6  186  132    0    9    1    1    1     676
    2    1    7  187   12    0    1    1    1    1    1132
    2    1    8  188  167    0   11    2    1    0     883
    2    1    9  189  174    0   11    2    1    0    1675
    2    1   10  190  370    0   24    3    2    0    3167
    2    1   11  191  298    0   19    2    2    1    5319
    2    1   12  192  447    0   28    3    1    0    1716
    2    1   13  193  320    0   20    2    3    0     801
    2    1   14  194  446    0   28    3    1    0     867
    2    1   15  195   56    1    4    1    1    1    2305
    2    1   16  196   68    0    5    1    1    1     784
    2    1   17  197  184    0   12    2    3    0    2526
    2    1   18  198  138    0    9    1    1    1     981
    2    1   19  199  338    0   22    3    2    0    1071
    2    1   20  200  186    0   12    2    1    0    2014
    2    1   21  201  255    0   16    2    2    1    1391
    2    1   22  202  176    0   11    2    3    0    7227
    2    1   23  203  463    0   29    3    3    1    1009
    2    1   24  204  137    0    9    1    1    1     659
    2    1   25  205  318    0   20    2    3    0     591
    2    1   26  206   96    0    6    1    3    0     643
    2    1   27  207  480    0   30    3    3    1     616
    2    1   28  208  239    0   15    2    2    1     888
    2    1   29  209  170    0   11    2    1    0     483
    2    1   30  210  257    0   17    2    2    1    1074
    2    1   31  211  372    0   24    3    2    0     576
    2    1   32  212  248    0   16    2    2    1     932
    2    1   33  213   15    1    1    1    1    1     788
    2    1   34  214  467    0   30    3    3    1     709
    2    1   35  215  398    0   25    3    3    1     636
    2    1   36  216  236    0   15    2    3    0    3079
    2    1   37  217  232    0   15    2    1    0    1395
    2    1   38  218  307    0   20    2    3    0     548
    2    1   39  219  297    0   19    2    2    1    1382
    2    1   40  220  197    0   13    2    3    0    1864
    2    1   41  221  454    0   29    3    3    1     745
    2    1   42  222   54    0    4    1    1    1    1594
    2    1   43  223  455    0   29    3    3    1     668
    2    1   44  224  363    0   23    3    3    1    1650
    2    1   45  225  110    0    7    1    2    0    1993
    2    1   46  226   25    0    2    1    3    0     636
    2    1   47  227   59    0    4    1    1    1    1416
    2    1   48  228  192    0   12    2    3    0    1517
    2    1   49  229   14    0    1    1    2    0    1301
    2    1   50  230   98    0    7    1    2    0     833
    2    1   51  231  190    0   12    2    2    1    1859
    2    1   52  232  247    0   16    2    2    1    1539
    2    1   53  233  288    0   18    2    1    0    1700
    2    1   54  234  274    0   18    2    3    0    1038
    2    1   55  235  355    0   23    3    3    1     577
    2    1   56  236  182    1   12    2    2    1    1476
    2    1   57  237  109    0    7    1    2    0    2123
    2    1   58  238   92    0    6    1    3    0     651
    2    1   59  239  425    0   27    3    3    1    1732
    2    1   60  240  353    1   23    3    3    1     685
    2    1   61  241  249    0   16    2    2    1    2421
    2    1   62  242   33    1    3    1    1    1     689
    2    1   63  243  272    1   17    2    3    0    2462
    2    1   64  244  443    0   28    3    3    1    2175
    2    1   65  245  357    0   23    3    3    1    1319
    2    1   66  246  389    0   25    3    3    1    1566
    2    1   67  247  401    0   26    3    3    1     940
    2    1   68  248    8    0    1    1    3    0    1511
    2    1   69  249  332    0   21    3    2    0     829
    2    1   70  250  339    0   22    3    2    0    1398
    2    1   71  251  462    0   29    3    3    1     603
    2    1   72  252  210    0   14    2    3    0    1010
    2    1   73  253  233    0   15    2    1    0    1327
    2    1   74  254   99    0    7    1    2    0    1291
    2    1   75  255  461    0   29    3    3    1     689
    2    1   76  256  386    0   25    3    2    0    1577
    2    1   77  257  193    0   13    2    3    0     720
    2    1   78  258  173    0   11    2    1    0    2703
    2    1   79  259  349    0   22    3    2    0    1163
    2    1   80  260  350    0   22    3    2    0    1385
    2    1   81  261  160    0   10    1    3    0    1279
    2    1   82  262  237    0   15    2    3    0     727
    2    1   83  263  130    0    9    1    1    1     625
    2    1   84  264  471    1   30    3    3    1    1068
    2    1   85  265   82    0    6    1    3    0     625
    2    1   86  266  206    0   13    2    2    1     807
    2    1   87  267  470    0   30    3    2    0    1922
    2    1   88  268  328    0   21    3    2    0    1335
    2    1   89  269    5    0    1    1    1    1     502
    2    1   90  270   37    1    3    1    1    1     587
    2    1   91  271   79    0    5    1    1    1    1082
    2    1   92  272   80    1    5    1    1    1     510
    2    1   93  273    4    1    1    1    1    1     751
    2    1   94  274  397    0   25    3    3    1     741
    2    1   95  275  432    0   27    3    3    1     761
    2    1   96  276  157    0   10    1    1    1    1144
    2    1   97  277  365    0   23    3    3    1     805
    2    1   98  278  294    0   19    2    1    0     649
    2    1   99  279  392    0   25    3    3    1    1052
    2    1  100  280  287    0   18    2    3    0     608
    2    1  101  281  359    1   23    3    3    1     607
    2    1  102  282  384    0   24    3    1    0     952
    2    1  103  283  131    0    9    1    1    1     994
    2    1  104  284  200    0   13    2    2    1    1617
    2    1  105  285  377    0   24    3    2    0     847
    2    1  106  286  449    0   29    3    3    1    1167
    2    1  107  287  220    0   14    2    3    0     901
    2    1  108  288  469    0   30    3    3    1     599
    2    1  109  289  221    0   14    2    2    1     927
    2    1  110  290  100    0    7    1    1    1     630
    2    1  111  291   29    0    2    1    1    1    1220
    2    1  112  292  418    0   27    3    3    1     686
    2    1  113  293  296    0   19    2    2    1     690
    2    1  114  294  278    0   18    2    2    1    1154
    2    1  115  295  222    0   14    2    3    0     636
    2    1  116  296  387    1   25    3    3    1     916
    2    1  117  297  412    0   26    3    1    0    1454
    2    1  118  298  416    0   26    3    3    1    1769
    2    1  119  299  345    0   22    3    2    0    1302
    2    1  120  300  437    0   28    3    1    0    1451
    2    1  121  301  340    1   22    3    2    0    1182
    2    1  122  302  366    0   23    3    3    1    1659
    2    1  123  303  405    0   26    3    2    0    1873
    2    1  124  304  361    0   23    3    3    1     884
    2    1  125  305  117    1    8    1    1    1     686
    2    1  126  306  258    0   17    2    3    0    1643
    2    1  127  307  291    0   19    2    2    1     940
    2    1  128  308   74    0    5    1    1    1     644
    2    1  129  309  189    0   12    2    2    1    1044
    2    1  130  310   49    1    4    1    1    1     878
    2    1  131  311  311    0   20    2    3    0    1354
    2    1  132  312  119    0    8    1    1    1    1016
    2    1  133  313  108    0    7    1    2    0    1746
    2    1  134  314  129    0    9    1    1    1    1086
    2    1  135  315  175    0   11    2    3    0    1368
    2    1  136  316  379    0   24    3    1    0     660
    2    1  137  317  300    0   19    2    1    0     983
    2    1  138  318  281    0   18    2    3    0     740
    2    1  139  319  218    0   14    2    3    0     673
    2    1  140  320  375    0   24    3    2    0    1661
    2    1  141  321   38    1    3    1    1    1     680
    2    1  142  322   89    0    6    1    3    0     666
    2    1  143  323  224    0   14    2    2    1    1528
    2    1  144  324   44    0    3    1    1    1     595
    2    1  145  325   64    0    4    1    2    0    1408
    2    1  146  326  402    0   26    3    2    0    1836
    2    1  147  327  292    0   19    2    1    0    3538
    2    1  148  328  226    0   15    2    2    1    2217
    2    1  149  329  214    0   14    2    3    0     737
    2    1  150  330   83    0    6    1    3    0    1844
    2    1  151  331  367    0   23    3    2    0    1087
    2    1  152  332   78    0    5    1    1    1     772
    2    1  153  333  273    0   18    2    3    0     822
    2    1  154  334  330    0   21    3    2    0    1209
    2    1  155  335  152    0   10    1    3    0     542
    2    1  156  336  179    0   12    2    2    1     882
    2    1  157  337  356    1   23    3    3    1     601
    2    1  158  338   50    0    4    1    3    0     703
    2    1  159  339  316    0   20    2    3    0     554
    2    1  160  340  479    1   30    3    3    1     948
    2    1  161  341   63    0    4    1    1    1    2307
    2    1  162  342  440    0   28    3    2    0    1846
    2    1  163  343  395    0   25    3    2    0    1044
    2    1  164  344  149    0   10    1    3    0    1255
    2    1  165  345  208    0   13    2    3    0    3450
    2    1  166  346  303    0   19    2    2    1     742
    2    1  167  347  304    0   19    2    2    1    1012
    2    1  168  348   71    1    5    1    1    1     412
    2    1  169  349  120    1    8    1    1    1     547
    2    1  170  350  154    0   10    1    1    1    1322
    2    1  171  351  282    0   18    2    2    1    2684
    2    1  172  352   73    0    5    1    1    1     618
    2    1  173  353  231    0   15    2    2    1    1260
    2    1  174  354  478    0   30    3    3    1     703
    2    1  175  355  286    0   18    2    3    0     547
    2    1  176  356  301    0   19    2    3    0     695
    2    1  177  357  302    0   19    2    2    1    2330
    2    1  178  358  250    1   16    2    3    0    1132
    2    1  179  359   53    1    4    1    1    1     803
    2    1  180  360  390    0   25    3    3    1     598
    2    1  181  361  204    0   13    2    2    1     918
    2    1  182  362  477    0   30    3    3    1     662
    2    1  183  363  371    0   24    3    2    0     563
    2    1  184  364  128    0    8    1    2    0    1008
    2    1  185  365   52    1    4    1    1    1     412
    2    1  186  366  168    0   11    2    1    0    1583
    2    1  187  367  442    0   28    3    3    1    1695
    2    1  188  368  270    0   17    2    2    1     814
    2    1  189  369  417    0   27    3    1    0    1794
    2    1  190  370  135    0    9    1    1    1     650
    2    1  191  371  376    0   24    3    1    0    1413
    2    1  192  372  118    0    8    1    1    1     724
    2    1  193  373  181    0   12    2    2    1    1829
    2    1  194  374  422    0   27    3    3    1     708
    2    1  195  375  178    0   12    2    2    1    2215
    2    1  196  376  139    0    9    1    1    1    1123
    2    1  197  377    6    1    1    1    1    1     546
    2    1  198  378  354    0   23    3    3    1     751
    2    1  199  379  411    1   26    3    3    1    1014
    2    1  200  380  436    0   28    3    1    0    1230
    2    1  201  381  410    0   26    3    3    1     700
    2    1  202  382  368    0   23    3    2    0     977
    2    1  203  383  383    0   24    3    2    0    1938
    2    1  204  384  211    0   14    2    3    0     777
    2    1  205  385  260    0   17    2    3    0    1572
    2    1  206  386  171    0   11    2    1    0    1225
    2    1  207  387  347    0   22    3    2    0    1031
    2    1  208  388   19    0    2    1    2    0    1408
    2    1  209  389  351    0   22    3    2    0     818
    2    1  210  390   36    1    3    1    1    1     739
    2    1  211  391  476    1   30    3    3    1     613
    2    1  212  392  104    0    7    1    2    0    1017
    2    1  213  393  404    0   26    3    3    1     675
    2    1  214  394   10    0    1    1    1    1    1266
    2    1  215  395  125    0    8    1    1    1    1663
    2    1  216  396  312    0   20    2    3    0     582
    2    1  217  397  438    0   28    3    1    0     578
    2    1  218  398   43    0    3    1    1    1     582
    2    1  219  399  235    0   15    2    1    0     875
    2    1  220  400  205    0   13    2    3    0    1960
    2    1  221  401   41    0    3    1    1    1     660
    2    1  222  402  314    0   20    2    3    0     562
    2    1  223  403  169    0   11    2    1    0     696
    2    1  224  404  413    0   26    3    3    1     599
    2    1  225  405  414    0   26    3    3    1     656
    2    1  226  406   58    1    4    1    1    1    1393
    2    1  227  407  148    0   10    1    3    0    1473
    2    1  228  408   45    0    3    1    1    1     636
    2    1  229  409  113    0    8    1    3    0     644
    2    1  230  410  196    0   13    2    2    1    1383
    2    1  231  411  433    0   28    3    3    1    2497
    2    1  232  412  265    0   17    2    3    0     897
    2    1  233  413   46    0    3    1    1    1     868
    2    1  234  414  343    0   22    3    2    0     991
    2    1  235  415  112    0    7    1    2    0     973
    2    1  236  416  466    0   30    3    3    1    1529
    2    1  237  417  107    0    7    1    2    0     728
    2    1  238  418   35    1    3    1    1    1     687
    2    1  239  419  427    0   27    3    3    1     730
    2    1  240  420  382    0   24    3    1    0     672
    2    1  241  421   69    0    5    1    1    1     917
    2    1  242  422   75    0    5    1    1    1     692
    2    1  243  423  285    0   18    2    3    0    1435
    2    1  244  424  289    1   19    2    3    0    1221
    2    1  245  425  381    0   24    3    2    0    1161
    2    1  246  426  459    0   29    3    3    1     707
    2    1  247  427  362    0   23    3    3    1     897
    2    1  248  428  223    0   14    2    3    0     641
    2    1  249  429  295    0   19    2    2    1    2234
    2    1  250  430  380    1   24    3    3    1     721
    2    1  251  431  144    0    9    1    1    1    1123
    2    1  252  432  388    0   25    3    3    1    1655
    2    1  253  433   65    0    5    1    1    1     760
    2    1  254  434  209    0   14    2    3    0     875
    2    1  255  435   76    0    5    1    1    1     587
    2    1  256  436   57    0    4    1    1    1    1329
    2    1  257  437  165    0   11    2    1    0     866
    2    1  258  438  431    0   27    3    3    1     763
    2    1  259  439  360    1   23    3    3    1     938
    2    1  260  440  159    0   10    1    1    1     756
    2    1  261  441  327    0   21    3    3    1     919
    2    1  262  442  319    0   20    2    3    0     797
    2    1  263  443  407    0   26    3    3    1    1065
    2    1  264  444   40    0    3    1    1    1     642
    2    1  265  445  133    0    9    1    1    1     680
    2    1  266  446  460    0   29    3    3    1     894
    2    1  267  447  323    0   21    3    2    0    2913
    2    1  268  448  253    0   16    2    2    1     830
    2    1  269  449  166    0   11    2    1    0    1475
    2    1  270  450  261    0   17    2    3    0     651
    2    1  271  451  456    0   29    3    3    1     579
    2    1  272  452   61    0    4    1    1    1     461
    2    1  273  453  415    0   26    3    3    1     797
    2    1  274  454  439    0   28    3    1    0    1296
    2    1  275  455  187    0   12    2    2    1     945
    2    1  276  456  399    0   25    3    3    1    2604
    2    1  277  457  352    0   22    3    2    0     998
    2    1  278  458  259    0   17    2    3    0     843
    2    1  279  459  146    0   10    1    1    1     573
    2    1  280  460    2    0    1    1    1    1    1005
    2    1  281  461   60    0    4    1    1    1    1390
    2    1  282  462  342    0   22    3    2    0    1097
    2    1  283  463  276    1   18    2    2    1    2228
    2    1  284  464  121    1    8    1    2    0    1071
    2    1  285  465  341    0   22    3    2    0     633
    2    1  286  466  465    1   30    3    3    1     674
    2    1  287  467   66    1    5    1    1    1     630
    2    1  288  468  195    0   13    2    2    1     801
    2    1  289  469  241    0   16    2    2    1     694
    2    1  290  470  199    0   13    2    2    1     546
    2    1  291  471   48    0    3    1    1    1     800
    2    1  292  472  243    0   16    2    3    0     617
    2    1  293  473  313    0   20    2    2    1     848
    2    1  294  474   86    0    6    1    2    0     864
    2    1  295  475  123    0    8    1    2    0     642
    2    1  296  476  115    0    8    1    1    1     780
    2    1  297  477  369    0   24    3    1    0    1536
    2    1  298  478  391    0   25    3    3    1     743
    2    1  299  479  155    0   10    1    3    0     684
    2    1  300  480  228    0   15    2    3    0    1887
