    1    1    1    1  190    1   12    2    3    0    5309
    1    1    2    2  405    1   26    3    1    0    3766
    1    1    3    3   85    1    6    1    1    1    5499
    1    1    4    4  106    1    7    1    1    1    2771
    1    1    5    5  215    1   14    2    2    1    3108
    1    1    6    6   73    1    5    1    1    1    2249
    1    1    7    7  455    1   29    3    3    1    4121
    1    1    8    8    7    1    1    1    1    1    5073
    1    1    9    9  446    1   28    3    3    1    2589
    1    1   10   10  376    1   24    3    2    0    4514
    1    1   11   11  136    1    9    1    3    0    3664
    1    1   12   12  420    1   27    3    3    1    2679
    1    1   13   13  135    1    9    1    2    0    2057
    1    1   14   14  272    1   17    2    2    1    1318
    1    1   15   15  115    1    8    1    3    0    4298
    1    1   16   16  413    1   26    3    2    0    6369
    1    1   17   17  170    1   11    2    1    0    3700
    1    1   18   18  297    1   19    2    2    1    1848
    1    1   19   19  229    1   15    2    1    0    4009
    1    1   20   20  250    1   16    2    2    1    1428
    1    1   21   21  111    1    7    1    1    1    2494
    1    1   22   22  146    1   10    1    2    0    1859
    1    1   23   23  267    1   17    2    2    1    1558
    1    1   24   24   96    1    6    1    1    1    3962
    1    1   25   25  443    1   28    3    1    0    4586
    1    1   26   26   31    1    2    1    3    0    2269
    1    1   27   27  355    1   23    3    1    0    5593
    1    1   28   28  306    1   20    2    1    0    2090
    1    1   29   29  279    1   18    2    2    1    1550
    1    1   30   30  327    1   21    3    2    0     881
    1    1   31   31  203    1   13    2    2    1     933
    1    1   32   32   62    1    4    1    2    0     876
    1    1   33   33  381    1   24    3    1    0    2828
    1    1   34   34  456    1   29    3    1    0    2805
    1    1   35   35  278    1   18    2    1    0    1735
    1    1   36   36  186    1   12    2    1    0    1732
    1    1   37   37   40    1    3    1    1    1    1194
    1    1   38   38  195    1   13    2    2    1    1003
    1    1   39   39  241    1   16    2    1    0    1734
    1    1   40   40   34    1    3    1    1    1    2190
    1    1   41   41   55    1    4    1    3    0    3133
    1    1   42   42  471    1   30    3    2    0    1139
    1    1   43   43  125    1    8    1    2    0    1231
    1    1   44   44   17    1    2    1    2    0    1547
    1    1   45   45  395    1   25    3    3    1    1159
    1    1   46   46  148    1   10    1    1    1    1176
    1    1   47   47   72    1    5    1    1    1    2944
    1    1   48   48  465    1   30    3    3    1    3484
    1    1   49   49  339    1   22    3    1    0    3424
    1    1   50   50  330    1   21    3    2    0    1285
    1    1   51   51   16    1    1    1    2    0    1319
    1    1   52   52  163    1   11    2    3    0    2679
    1    1   53   53  308    1   20    2    2    1    1968
    1    1   54   54  337    1   22    3    3    1    1422
    1    1   55   55  359    1   23    3    3    1    4144
    1    1   56   56  423    1   27    3    1    0    1423
    1    1   57   57  397    1   25    3    2    0    1621
    1    1   58   58  238    1   15    2    3    0     518
    1    1   59   59  224    1   14    2    1    0    1161
    1    1   60   60  293    1   19    2    2    1    5735
    1    2    1   61  170    1   11    2    2    1    2133
    1    2    2   62  381    1   24    3    3    1    1777
    1    2    3   63  405    1   26    3    3    1    1240
    1    2    4   64   62    1    4    1    2    0    1249
    1    2    5   65  471    1   30    3    1    0    3881
    1    2    6   66  443    1   28    3    1    0    2325
    1    2    7   67  359    1   23    3    3    1    2243
    1    2    8   68  455    1   29    3    1    0    1689
    1    2    9   69  224    1   14    2    2    1    2874
    1    2   10   70  293    1   19    2    1    0    1479
    1    2   11   71  163    1   11    2    1    0    1982
    1    2   12   72    7    1    1    1    3    0    2105
    1    2   13   73  106    1    7    1    3    0    1524
    1    2   14   74  395    1   25    3    3    1    1443
    1    2   15   75   17    1    2    1    1    1    5416
    1    2   16   76  446    1   28    3    3    1    1556
    1    2   17   77  195    1   13    2    1    0    2536
    1    2   18   78  337    1   22    3    3    1    1023
    1    2   19   79  413    1   26    3    2    0    1728
    1    2   20   80  339    1   22    3    3    1    1047
    1    2   21   81   73    1    5    1    3    0    1140
    1    2   22   82  135    1    9    1    3    0    1337
    1    2   23   83   85    1    6    1    1    1    1009
    1    2   24   84  279    1   18    2    1    0    1544
    1    2   25   85  272    1   17    2    2    1     830
    1    2   26   86   55    1    4    1    1    1     880
    1    2   27   87  111    1    7    1    1    1    1034
    1    2   28   88  229    1   15    2    3    0    1675
    1    2   29   89  465    1   30    3    2    0    1976
    1    2   30   90  306    1   20    2    3    0    1201
    1    2   31   91  136    1    9    1    3    0    1303
    1    2   32   92  148    1   10    1    1    1    1270
    1    2   33   93  115    1    8    1    1    1    5759
    1    2   34   94  355    1   23    3    3    1    1233
    1    2   35   95  327    1   21    3    2    0    1358
    1    2   36   96   31    1    2    1    3    0    1174
    1    2   37   97  238    1   15    2    1    0    2900
    1    2   38   98  186    1   12    2    2    1     521
    1    2   39   99  308    1   20    2    2    1    2191
    1    2   40  100  330    1   21    3    1    0    1586
    1    2   41  101  215    1   14    2    1    0    1326
    1    2   42  102   40    1    3    1    1    1    1443
    1    2   43  103   16    1    1    1    1    1    1519
    1    2   44  104   72    1    5    1    1    1     740
    1    2   45  105   34    1    3    1    1    1    5540
    1    2   46  106  278    1   18    2    3    0    1526
    1    2   47  107  297    1   19    2    1    0    3494
    1    2   48  108  125    1    8    1    2    0     929
    1    2   49  109  423    1   27    3    1    0    1125
    1    2   50  110  397    1   25    3    2    0    3043
    1    2   51  111  203    1   13    2    2    1     863
    1    2   52  112  267    1   17    2    2    1     844
    1    2   53  113  250    1   16    2    2    1     719
    1    2   54  114  190    1   12    2    3    0    1007
    1    2   55  115  146    1   10    1    1    1    1283
    1    2   56  116  376    1   24    3    1    0    1177
    1    2   57  117   96    1    6    1    3    0     849
    1    2   58  118  420    1   27    3    3    1    1523
    1    2   59  119  241    1   16    2    1    0    1337
    1    2   60  120  456    1   29    3    1    0    2065
    1    3    1  121  376    1   24    3    3    1    3002
    1    3    2  122  355    1   23    3    3    1    1034
    1    3    3  123   73    1    5    1    1    1    1211
    1    3    4  124  241    1   16    2    2    1    2289
    1    3    5  125  330    1   21    3    3    1    1298
    1    3    6  126   85    1    6    1    1    1    2126
    1    3    7  127  186    1   12    2    3    0    1878
    1    3    8  128  238    1   15    2    2    1     822
    1    3    9  129  215    1   14    2    1    0    1258
    1    3   10  130  339    1   22    3    1    0    1099
    1    3   11  131  170    1   11    2    3    0    2801
    1    3   12  132  293    1   19    2    2    1    1197
    1    3   13  133   72    1    5    1    1    1     963
    1    3   14  134   16    1    1    1    3    0    1866
    1    3   15  135  395    1   25    3    3    1     889
    1    3   16  136  405    1   26    3    3    1    1347
    1    3   17  137   31    1    2    1    3    0     770
    1    3   18  138  297    1   19    2    1    0     814
    1    3   19  139  115    1    8    1    1    1     983
    1    3   20  140  306    1   20    2    1    0    2842
    1    3   21  141  423    1   27    3    1    0    1973
    1    3   22  142   17    1    2    1    1    1     878
    1    3   23  143  250    1   16    2    1    0    1568
    1    3   24  144  397    1   25    3    2    0    1302
    1    3   25  145  359    1   23    3    3    1    2194
    1    3   26  146  125    1    8    1    1    1    4986
    1    3   27  147  455    1   29    3    2    0    1136
    1    3   28  148  163    1   11    2    2    1     991
    1    3   29  149   40    1    3    1    1    1    1811
    1    3   30  150    7    1    1    1    2    0    1374
    1    3   31  151  267    1   17    2    3    0    1263
    1    3   32  152  136    1    9    1    3    0    4571
    1    3   33  153  111    1    7    1    2    0    1507
    1    3   34  154  203    1   13    2    1    0    7263
    1    3   35  155  279    1   18    2    3    0    1178
    1    3   36  156   55    1    4    1    1    1    1140
    1    3   37  157  446    1   28    3    3    1    1145
    1    3   38  158  190    1   12    2    3    0    1792
    1    3   39  159  471    1   30    3    2    0    1308
    1    3   40  160  195    1   13    2    2    1    1753
    1    3   41  161  146    1   10    1    1    1    4350
    1    3   42  162  224    1   14    2    2    1    5137
    1    3   43  163  272    1   17    2    2    1     834
    1    3   44  164  337    1   22    3    3    1     864
    1    3   45  165  465    1   30    3    2    0     779
    1    3   46  166   96    1    6    1    3    0     958
    1    3   47  167  381    1   24    3    3    1     900
    1    3   48  168   62    1    4    1    1    1     823
    1    3   49  169  327    1   21    3    2    0    1220
    1    3   50  170   34    1    3    1    3    0    1169
    1    3   51  171  456    1   29    3    3    1     891
    1    3   52  172  308    1   20    2    2    1    1868
    1    3   53  173  420    1   27    3    3    1    1080
    1    3   54  174  229    1   15    2    2    1    1144
    1    3   55  175  278    1   18    2    1    0    1107
    1    3   56  176  443    1   28    3    2    0    1552
    1    3   57  177  135    1    9    1    1    1    2373
    1    3   58  178  413    1   26    3    3    1    2384
    1    3   59  179  106    1    7    1    1    1    1164
    1    3   60  180  148    1   10    1    3    0    2284
    2    1    1  181  463    0   29    3    1    0    4658
    2    1    2  182  161    0   11    2    1    0    1778
    2    1    3  183  289    0   19    2    2    1     848
    2    1    4  184   57    0    4    1    2    0    1631
    2    1    5  185   37    0    3    1    2    0    3219
    2    1    6  186  181    0   12    2    3    0    1055
    2    1    7  187  361    0   23    3    3    1    1273
    2    1    8  188   65    0    5    1    1    1     991
    2    1    9  189  122    0    8    1    1    1    1942
    2    1   10  190  262    0   17    2    3    0    1080
    2    1   11  191  308    1   20    2    2    1     741
    2    1   12  192  381    1   24    3    3    1     770
    2    1   13  193  221    0   14    2    2    1    1716
    2    1   14  194    7    1    1    1    1    1    1049
    2    1   15  195  215    1   14    2    2    1    1146
    2    1   16  196   13    0    1    1    1    1    1387
    2    1   17  197  436    0   28    3    3    1     970
    2    1   18  198  284    0   18    2    1    0    1833
    2    1   19  199  276    0   18    2    1    0    1672
    2    1   20  200   83    0    6    1    3    0    2187
    2    1   21  201  403    0   26    3    3    1    1425
    2    1   22  202  404    0   26    3    3    1    1741
    2    1   23  203  466    0   30    3    2    0    1812
    2    1   24  204  405    1   26    3    3    1     743
    2    1   25  205  274    0   18    2    2    1    1273
    2    1   26  206   40    1    3    1    1    1    2192
    2    1   27  207  295    0   19    2    2    1     786
    2    1   28  208  376    1   24    3    3    1    3969
    2    1   29  209  474    0   30    3    2    0     927
    2    1   30  210  155    0   10    1    2    0     683
    2    1   31  211   94    0    6    1    1    1     937
    2    1   32  212  178    0   12    2    1    0    2572
    2    1   33  213  212    0   14    2    2    1     719
    2    1   34  214  236    0   15    2    3    0     640
    2    1   35  215  252    0   16    2    3    0    3012
    2    1   36  216   91    0    6    1    3    0     858
    2    1   37  217  460    0   29    3    1    0    1716
    2    1   38  218   82    0    6    1    1    1    1282
    2    1   39  219  164    0   11    2    2    1     753
    2    1   40  220  243    0   16    2    2    1     771
    2    1   41  221  195    1   13    2    1    0    1897
    2    1   42  222  304    0   19    2    1    0    1177
    2    1   43  223  440    0   28    3    3    1    1114
    2    1   44  224  454    0   29    3    1    0    1485
    2    1   45  225  442    0   28    3    3    1    2469
    2    1   46  226  117    0    8    1    2    0     685
    2    1   47  227  160    0   10    1    2    0     694
    2    1   48  228   14    0    1    1    1    1    1210
    2    1   49  229  422    0   27    3    2    0    2289
    2    1   50  230  126    0    8    1    1    1    1645
    2    1   51  231  206    0   13    2    1    0     792
    2    1   52  232   70    0    5    1    1    1     790
    2    1   53  233  102    0    7    1    3    0     652
    2    1   54  234  134    0    9    1    3    0     560
    2    1   55  235  462    0   29    3    1    0    1506
    2    1   56  236  300    0   19    2    2    1    1613
    2    1   57  237  397    1   25    3    2    0     892
    2    1   58  238  149    0   10    1    3    0    1588
    2    1   59  239  124    0    8    1    1    1    1084
    2    1   60  240  136    1    9    1    1    1    2362
    2    1   61  241  366    0   23    3    1    0    1330
    2    1   62  242  412    0   26    3    2    0    1697
    2    1   63  243  420    1   27    3    3    1     964
    2    1   64  244  138    0    9    1    3    0    4131
    2    1   65  245  183    0   12    2    1    0    2107
    2    1   66  246    1    0    1    1    1    1    2257
    2    1   67  247   11    0    1    1    2    0     774
    2    1   68  248  273    0   18    2    1    0     865
    2    1   69  249   68    0    5    1    1    1    6379
    2    1   70  250  431    0   27    3    3    1    6357
    2    1   71  251  123    0    8    1    1    1    1291
    2    1   72  252  217    0   14    2    1    0    2794
    2    1   73  253  389    0   25    3    3    1    1494
    2    1   74  254  197    0   13    2    1    0     809
    2    1   75  255  472    0   30    3    1    0    1975
    2    1   76  256  259    0   17    2    1    0    1194
    2    1   77  257   48    0    3    1    1    1    1352
    2    1   78  258  352    0   22    3    3    1     902
    2    1   79  259  426    0   27    3    3    1     945
    2    1   80  260  229    1   15    2    2    1    1547
    2    1   81  261  231    0   15    2    1    0    2261
    2    1   82  262  323    0   21    3    1    0    3952
    2    1   83  263  193    0   13    2    1    0    1593
    2    1   84  264  315    0   20    2    1    0    1101
    2    1   85  265  109    0    7    1    1    1    1296
    2    1   86  266   30    0    2    1    3    0    1069
    2    1   87  267  226    0   15    2    1    0    1285
    2    1   88  268  459    0   29    3    2    0    1141
    2    1   89  269  207    0   13    2    1    0     697
    2    1   90  270  185    0   12    2    3    0    1013
    2    1   91  271  325    0   21    3    2    0    1583
    2    1   92  272  228    0   15    2    1    0    1545
    2    1   93  273  156    0   10    1    1    1    1300
    2    1   94  274   95    0    6    1    3    0    1045
    2    1   95  275  130    0    9    1    3    0     715
    2    1   96  276   34    1    3    1    1    1     866
    2    1   97  277    9    0    1    1    2    0    1138
    2    1   98  278  446    1   28    3    3    1     868
    2    1   99  279   86    0    6    1    1    1    4462
    2    1  100  280  204    0   13    2    2    1     980
    2    1  101  281   35    0    3    1    2    0     634
    2    1  102  282  378    0   24    3    3    1    1133
    2    1  103  283  210    0   14    2    2    1    1240
    2    1  104  284  167    0   11    2    2    1    1081
    2    1  105  285  230    0   15    2    2    1    8658
    2    1  106  286  432    0   27    3    1    0    3491
    2    1  107  287  182    0   12    2    2    1    1394
    2    1  108  288  194    0   13    2    2    1     641
    2    1  109  289   29    0    2    1    2    0     668
    2    1  110  290   20    0    2    1    2    0     735
    2    1  111  291  335    0   21    3    1    0     863
    2    1  112  292   69    0    5    1    2    0    1394
    2    1  113  293  263    0   17    2    2    1     628
    2    1  114  294  362    0   23    3    3    1    1397
    2    1  115  295  428    0   27    3    1    0    1281
    2    1  116  296   36    0    3    1    1    1     968
    2    1  117  297  250    1   16    2    2    1     643
    2    1  118  298  328    0   21    3    1    0    1660
    2    1  119  299  480    0   30    3    2    0     939
    2    1  120  300   61    0    4    1    2    0    1652
    2    1  121  301  283    0   18    2    3    0    1958
    2    1  122  302   60    0    4    1    1    1     986
    2    1  123  303  165    0   11    2    1    0     657
    2    1  124  304  464    0   29    3    3    1    4302
    2    1  125  305   22    0    2    1    1    1     844
    2    1  126  306  121    0    8    1    1    1    1391
    2    1  127  307  424    0   27    3    3    1    1746
    2    1  128  308  379    0   24    3    3    1    1123
    2    1  129  309   33    0    3    1    1    1    1084
    2    1  130  310  451    0   29    3    2    0     853
    2    1  131  311   27    0    2    1    3    0    1105
    2    1  132  312  251    0   16    2    2    1    1096
    2    1  133  313  360    0   23    3    3    1     825
    2    1  134  314  395    1   25    3    3    1    1001
    2    1  135  315   17    1    2    1    2    0    1307
    2    1  136  316  255    0   16    2    1    0    1009
    2    1  137  317  445    0   28    3    3    1     923
    2    1  138  318   97    0    7    1    1    1    2191
    2    1  139  319  347    0   22    3    1    0    2215
    2    1  140  320  334    0   21    3    1    0    1233
    2    1  141  321  473    0   30    3    2    0    1065
    2    1  142  322  359    1   23    3    3    1    1923
    2    1  143  323  455    1   29    3    2    0    1710
    2    1  144  324  314    0   20    2    2    1    1045
    2    1  145  325   63    0    4    1    1    1    1400
    2    1  146  326  256    0   16    2    2    1     879
    2    1  147  327  246    0   16    2    2    1    1408
    2    1  148  328  218    0   14    2    2    1     628
    2    1  149  329  234    0   15    2    3    0    1504
    2    1  150  330  171    0   11    2    1    0    3282
    2    1  151  331   77    0    5    1    2    0    1223
    2    1  152  332  244    0   16    2    2    1     595
    2    1  153  333  423    1   27    3    3    1     528
    2    1  154  334  461    0   29    3    2    0     647
    2    1  155  335   31    1    2    1    3    0     779
    2    1  156  336   71    0    5    1    2    0     689
    2    1  157  337  225    0   15    2    2    1    1123
    2    1  158  338  296    0   19    2    2    1    1506
    2    1  159  339  173    0   11    2    1    0    1108
    2    1  160  340   42    0    3    1    2    0    2686
    2    1  161  341   12    0    1    1    1    1    1182
    2    1  162  342  291    0   19    2    1    0    1646
    2    1  163  343   26    0    2    1    2    0     961
    2    1  164  344  248    0   16    2    2    1     604
    2    1  165  345  311    0   20    2    2    1    1150
    2    1  166  346  419    0   27    3    3    1     900
    2    1  167  347  452    0   29    3    1    0     845
    2    1  168  348  205    0   13    2    1    0    2223
    2    1  169  349   64    0    4    1    2    0     995
    2    1  170  350  317    0   20    2    2    1    1026
    2    1  171  351  115    1    8    1    1    1    1774
    2    1  172  352   79    0    5    1    1    1     731
    2    1  173  353  434    0   28    3    1    0     797
    2    1  174  354   93    0    6    1    1    1    2077
    2    1  175  355  427    0   27    3    3    1    2093
    2    1  176  356  299    0   19    2    1    0    2919
    2    1  177  357  401    0   26    3    1    0     893
    2    1  178  358  189    0   12    2    1    0    1258
    2    1  179  359  345    0   22    3    2    0    1558
    2    1  180  360  333    0   21    3    1    0     929
    2    1  181  361  394    0   25    3    2    0    1095
    2    1  182  362  261    0   17    2    3    0    2121
    2    1  183  363   50    0    4    1    1    1    2820
    2    1  184  364  176    0   11    2    2    1    1039
    2    1  185  365  312    0   20    2    2    1     888
    2    1  186  366  303    0   19    2    2    1     777
    2    1  187  367  200    0   13    2    2    1     803
    2    1  188  368   44    0    3    1    2    0     617
    2    1  189  369  437    0   28    3    1    0    5252
    2    1  190  370  393    0   25    3    1    0    1695
    2    1  191  371    8    0    1    1    2    0    5343
    2    1  192  372  260    0   17    2    2    1     848
    2    1  193  373  354    0   23    3    3    1    1134
    2    1  194  374  125    1    8    1    1    1    2021
    2    1  195  375  129    0    9    1    3    0     864
    2    1  196  376  470    0   30    3    2    0    1203
    2    1  197  377  363    0   23    3    1    0    1357
    2    1  198  378  241    1   16    2    1    0     860
    2    1  199  379  214    0   14    2    1    0    1055
    2    1  200  380  114    0    8    1    1    1    1026
    2    1  201  381  143    0    9    1    1    1    1780
    2    1  202  382  270    0   17    2    2    1     839
    2    1  203  383  267    1   17    2    2    1     626
    2    1  204  384  282    0   18    2    1    0    2659
    2    1  205  385  288    0   18    2    1    0    1356
    2    1  206  386  349    0   22    3    3    1     642
    2    1  207  387  139    0    9    1    1    1    3533
    2    1  208  388  468    0   30    3    2    0     621
    2    1  209  389  319    0   20    2    1    0    1851
    2    1  210  390  293    1   19    2    1    0    1453
    2    1  211  391  309    0   20    2    2    1    2037
    2    1  212  392  368    0   23    3    1    0    1359
    2    1  213  393  141    0    9    1    3    0     875
    2    1  214  394   28    0    2    1    3    0     895
    2    1  215  395   39    0    3    1    1    1     845
    2    1  216  396  430    0   27    3    3    1    4503
    2    1  217  397  433    0   28    3    1    0    2699
    2    1  218  398  348    0   22    3    1    0    3079
    2    1  219  399  190    1   12    2    1    0    1429
    2    1  220  400   74    0    5    1    1    1    1084
    2    1  221  401  285    0   18    2    2    1    1925
    2    1  222  402  385    0   25    3    2    0    3818
    2    1  223  403   52    0    4    1    2    0     855
    2    1  224  404  245    0   16    2    2    1     678
    2    1  225  405  146    1   10    1    1    1    1929
    2    1  226  406  357    0   23    3    3    1    1648
    2    1  227  407  277    0   18    2    2    1     945
    2    1  228  408  370    0   24    3    1    0     918
    2    1  229  409  383    0   24    3    3    1    2454
    2    1  230  410  145    0   10    1    1    1     860
    2    1  231  411  107    0    7    1    3    0    1762
    2    1  232  412   25    0    2    1    2    0     963
    2    1  233  413  337    1   22    3    3    1    1157
    2    1  234  414   24    0    2    1    1    1    1838
    2    1  235  415  414    0   26    3    2    0    2472
    2    1  236  416  444    0   28    3    1    0    1085
    2    1  237  417  199    0   13    2    2    1    1365
    2    1  238  418  127    0    8    1    3    0    2266
    2    1  239  419  280    0   18    2    2    1     676
    2    1  240  420  398    0   25    3    2    0    1018
    2    1  241  421  439    0   28    3    3    1     735
    2    1  242  422  132    0    9    1    1    1    2206
    2    1  243  423  307    0   20    2    2    1     724
    2    1  244  424  265    0   17    2    2    1    2079
    2    1  245  425  113    0    8    1    2    0    2424
    2    1  246  426  269    0   17    2    2    1     919
    2    1  247  427   84    0    6    1    1    1    1004
    2    1  248  428  100    0    7    1    1    1    1136
    2    1  249  429  271    0   17    2    2    1     824
    2    1  250  430  399    0   25    3    2    0    1504
    2    1  251  431  166    0   11    2    1    0    2980
    2    1  252  432   54    0    4    1    2    0    1375
    2    1  253  433  131    0    9    1    1    1    2407
    2    1  254  434  302    0   19    2    2    1     770
    2    1  255  435  355    1   23    3    3    1    1357
    2    1  256  436  294    0   19    2    1    0    5274
    2    1  257  437  247    0   16    2    2    1     581
    2    1  258  438  224    1   14    2    2    1    2381
    2    1  259  439  135    1    9    1    1    1    1494
    2    1  260  440  396    0   25    3    2    0     941
    2    1  261  441  407    0   26    3    2    0    3702
    2    1  262  442  103    0    7    1    1    1     989
    2    1  263  443    5    0    1    1    2    0    6744
    2    1  264  444   16    1    1    1    2    0    1366
    2    1  265  445  336    0   21    3    2    0     939
    2    1  266  446  116    0    8    1    1    1     819
    2    1  267  447  341    0   22    3    3    1     704
    2    1  268  448  386    0   25    3    1    0    1420
    2    1  269  449  281    0   18    2    2    1    1847
    2    1  270  450  457    0   29    3    1    0    3919
    2    1  271  451  133    0    9    1    3    0     734
    2    1  272  452  110    0    7    1    3    0     682
    2    1  273  453  318    0   20    2    2    1    2246
    2    1  274  454  254    0   16    2    2    1    1018
    2    1  275  455   78    0    5    1    1    1     798
    2    1  276  456   51    0    4    1    3    0    1219
    2    1  277  457  415    0   26    3    2    0    1156
    2    1  278  458  356    0   23    3    1    0     687
    2    1  279  459  456    1   29    3    3    1     935
    2    1  280  460   49    0    4    1    2    0     989
    2    1  281  461  235    0   15    2    1    0    1040
    2    1  282  462  120    0    8    1    1    1    1383
    2    1  283  463  411    0   26    3    1    0    1207
    2    1  284  464  290    0   19    2    3    0    1863
    2    1  285  465  237    0   15    2    1    0    1874
    2    1  286  466   10    0    1    1    1    1    3380
    2    1  287  467   19    0    2    1    1    1    1561
    2    1  288  468   41    0    3    1    1    1    2119
    2    1  289  469  340    0   22    3    3    1    1455
    2    1  290  470  106    1    7    1    1    1    2264
    2    1  291  471  387    0   25    3    2    0    1275
    2    1  292  472   56    0    4    1    1    1    1371
    2    1  293  473  111    1    7    1    3    0    4922
    2    1  294  474  201    0   13    2    2    1     873
    2    1  295  475  475    0   30    3    1    0     911
    2    1  296  476   47    0    3    1    2    0    1058
    2    1  297  477  453    0   29    3    3    1    4243
    2    1  298  478  400    0   25    3    2    0    1746
    2    1  299  479  119    0    8    1    2    0     708
    2    1  300  480  264    0   17    2    1    0     885
