    1    1    1    1   80    1    5    1    3    0    7013
    1    1    2    2  182    1   12    2    3    0    5902
    1    1    3    3  276    1   18    2    3    0    8539
    1    1    4    4   16    1    1    1    1    1    3091
    1    1    5    5  289    1   19    2    2    1    4458
    1    1    6    6  408    1   26    3    3    1    3331
    1    1    7    7  271    1   17    2    2    1    2010
    1    1    8    8  353    1   23    3    3    1    3054
    1    1    9    9    4    1    1    1    3    0    3394
    1    1   10   10  245    1   16    2    2    1    2218
    1    1   11   11   71    1    5    1    1    1    3810
    1    1   12   12  359    1   23    3    2    0    3269
    1    1   13   13  290    1   19    2    1    0    1957
    1    1   14   14  240    1   15    2    2    1    8938
    1    1   15   15  266    1   17    2    3    0    2288
    1    1   16   16   33    1    3    1    2    0    2942
    1    1   17   17  219    1   14    2    2    1    1742
    1    1   18   18  360    1   23    3    3    1     847
    1    1   19   19  406    1   26    3    1    0     780
    1    1   20   20  448    1   28    3    1    0     974
    1    1   21   21  326    1   21    3    2    0    1045
    1    1   22   22   66    1    5    1    1    1    1184
    1    1   23   23  387    1   25    3    2    0    1187
    1    1   24   24  252    1   16    2    3    0    4611
    1    1   25   25  269    1   17    2    2    1    2244
    1    1   26   26   56    1    4    1    1    1     881
    1    1   27   27  340    1   22    3    2    0     827
    1    1   28   28  212    1   14    2    2    1    1324
    1    1   29   29  272    1   17    2    2    1    1571
    1    1   30   30  476    1   30    3    3    1     617
    1    1   31   31  465    1   30    3    3    1    1013
    1    1   32   32  424    1   27    3    3    1     715
    1    1   33   33  473    1   30    3    2    0    1440
    1    1   34   34  471    1   30    3    3    1    1518
    1    1   35   35   58    1    4    1    1    1    1284
    1    1   36   36  117    1    8    1    1    1    1289
    1    1   37   37   36    1    3    1    1    1    3129
    1    1   38   38  120    1    8    1    1    1    2510
    1    1   39   39  479    1   30    3    2    0    1482
    1    1   40   40  396    1   25    3    2    0    2753
    1    1   41   41  250    1   16    2    3    0    1458
    1    1   42   42   49    1    4    1    1    1    2418
    1    1   43   43  411    1   26    3    3    1    5826
    1    1   44   44  380    1   24    3    1    0    4839
    1    1   45   45   38    1    3    1    2    0    2053
    1    1   46   46  216    1   14    2    3    0     931
    1    1   47   47  267    1   17    2    3    0    1841
    1    1   48   48  409    1   26    3    3    1    1932
    1    1   49   49    6    1    1    1    1    1    1506
    1    1   50   50  356    1   23    3    3    1     708
    1    1   51   51  201    1   13    2    3    0     874
    1    1   52   52  164    1   11    2    1    0    2975
    1    1   53   53  217    1   14    2    3    0    1045
    1    1   54   54   15    1    1    1    2    0    1058
    1    1   55   55   52    1    4    1    1    1    1394
    1    1   56   56  280    1   18    2    3    0    2202
    1    1   57   57  121    1    8    1    3    0     884
    1    1   58   58   35    1    3    1    2    0     926
    1    1   59   59   53    1    4    1    1    1    1364
    1    1   60   60   37    1    3    1    1    1    1473
    1    2    1   61  353    1   23    3    3    1     688
    1    2    2   62  408    1   26    3    3    1     712
    1    2    3   63  250    1   16    2    3    0     720
    1    2    4   64  280    1   18    2    2    1     777
    1    2    5   65  216    1   14    2    2    1     649
    1    2    6   66  380    1   24    3    1    0    1910
    1    2    7   67  219    1   14    2    2    1     714
    1    2    8   68  269    1   17    2    2    1     900
    1    2    9   69   35    1    3    1    3    0    2662
    1    2   10   70  164    1   11    2    2    1     880
    1    2   11   71  212    1   14    2    2    1    1581
    1    2   12   72  276    1   18    2    3    0     753
    1    2   13   73    4    1    1    1    3    0     587
    1    2   14   74   58    1    4    1    1    1    1117
    1    2   15   75   37    1    3    1    1    1     946
    1    2   16   76  396    1   25    3    3    1     940
    1    2   17   77  326    1   21    3    3    1     805
    1    2   18   78   15    1    1    1    1    1    1236
    1    2   19   79   80    1    5    1    1    1     980
    1    2   20   80  245    1   16    2    2    1     922
    1    2   21   81  406    1   26    3    3    1     649
    1    2   22   82  120    1    8    1    1    1    1155
    1    2   23   83  340    1   22    3    3    1    1490
    1    2   24   84  117    1    8    1    1    1    1065
    1    2   25   85   56    1    4    1    1    1   11779
    1    2   26   86   36    1    3    1    2    0    1214
    1    2   27   87  476    1   30    3    3    1     807
    1    2   28   88  387    1   25    3    3    1     931
    1    2   29   89  359    1   23    3    3    1    1198
    1    2   30   90  266    1   17    2    3    0     865
    1    2   31   91  252    1   16    2    2    1     872
    1    2   32   92  289    1   19    2    2    1     770
    1    2   33   93  360    1   23    3    3    1     916
    1    2   34   94  240    1   15    2    2    1    3669
    1    2   35   95  479    1   30    3    3    1     976
    1    2   36   96  272    1   17    2    2    1     799
    1    2   37   97  121    1    8    1    1    1    1698
    1    2   38   98   71    1    5    1    1    1    1296
    1    2   39   99  465    1   30    3    3    1     756
    1    2   40  100  271    1   17    2    2    1     928
    1    2   41  101  424    1   27    3    3    1     634
    1    2   42  102   38    1    3    1    1    1    1352
    1    2   43  103  217    1   14    2    2    1     739
    1    2   44  104  267    1   17    2    1    0    1573
    1    2   45  105  290    1   19    2    3    0     763
    1    2   46  106   66    1    5    1    2    0    1478
    1    2   47  107   52    1    4    1    1    1    1238
    1    2   48  108  411    1   26    3    2    0    1064
    1    2   49  109  448    1   28    3    3    1     719
    1    2   50  110  409    1   26    3    3    1     839
    1    2   51  111  471    1   30    3    3    1     664
    1    2   52  112   49    1    4    1    1    1    1360
    1    2   53  113  356    1   23    3    3    1     826
    1    2   54  114  201    1   13    2    2    1     976
    1    2   55  115   33    1    3    1    2    0     815
    1    2   56  116    6    1    1    1    1    1    1144
    1    2   57  117   16    1    1    1    1    1     906
    1    2   58  118   53    1    4    1    1    1    1062
    1    2   59  119  182    1   12    2    2    1     818
    1    2   60  120  473    1   30    3    3    1     855
    1    3    1  121  356    1   23    3    3    1     714
    1    3    2  122   56    1    4    1    1    1    1047
    1    3    3  123  267    1   17    2    2    1    2983
    1    3    4  124  276    1   18    2    3    0    1066
    1    3    5  125  409    1   26    3    3    1     768
    1    3    6  126  269    1   17    2    2    1    2300
    1    3    7  127  252    1   16    2    2    1    1610
    1    3    8  128  387    1   25    3    3    1     982
    1    3    9  129    4    1    1    1    1    1     635
    1    3   10  130  290    1   19    2    1    0     713
    1    3   11  131  359    1   23    3    3    1     794
    1    3   12  132  120    1    8    1    1    1     903
    1    3   13  133  121    1    8    1    1    1    1871
    1    3   14  134  326    1   21    3    3    1     771
    1    3   15  135  250    1   16    2    2    1     937
    1    3   16  136   16    1    1    1    1    1     551
    1    3   17  137  217    1   14    2    2    1    1017
    1    3   18  138  476    1   30    3    3    1    2410
    1    3   19  139  219    1   14    2    2    1     868
    1    3   20  140  465    1   30    3    3    1    2399
    1    3   21  141   80    1    5    1    1    1     909
    1    3   22  142  266    1   17    2    2    1     699
    1    3   23  143  424    1   27    3    3    1     850
    1    3   24  144   53    1    4    1    1    1     906
    1    3   25  145  408    1   26    3    3    1     655
    1    3   26  146  240    1   15    2    2    1     726
    1    3   27  147   33    1    3    1    1    1     550
    1    3   28  148   66    1    5    1    3    0     450
    1    3   29  149    6    1    1    1    1    1    1180
    1    3   30  150   52    1    4    1    1    1     794
    1    3   31  151  280    1   18    2    3    0    1142
    1    3   32  152  245    1   16    2    2    1     937
    1    3   33  153   35    1    3    1    1    1     730
    1    3   34  154  182    1   12    2    2    1     698
    1    3   35  155  289    1   19    2    2    1    1119
    1    3   36  156  360    1   23    3    3    1     659
    1    3   37  157   49    1    4    1    1    1     804
    1    3   38  158   37    1    3    1    1    1    2325
    1    3   39  159  201    1   13    2    2    1     847
    1    3   40  160  117    1    8    1    1    1    1023
    1    3   41  161   71    1    5    1    1    1     867
    1    3   42  162  471    1   30    3    3    1     725
    1    3   43  163   15    1    1    1    1    1     789
    1    3   44  164  380    1   24    3    1    0    2119
    1    3   45  165  396    1   25    3    2    0     743
    1    3   46  166  212    1   14    2    2    1    1979
    1    3   47  167   36    1    3    1    1    1     742
    1    3   48  168  448    1   28    3    3    1     676
    1    3   49  169  164    1   11    2    1    0     975
    1    3   50  170  216    1   14    2    2    1    1065
    1    3   51  171  411    1   26    3    1    0    1059
    1    3   52  172   58    1    4    1    1    1     764
    1    3   53  173   38    1    3    1    1    1    1196
    1    3   54  174  271    1   17    2    2    1     765
    1    3   55  175  479    1   30    3    2    0    1419
    1    3   56  176  473    1   30    3    3    1     740
    1    3   57  177  272    1   17    2    2    1     865
    1    3   58  178  340    1   22    3    3    1     706
    1    3   59  179  353    1   23    3    3    1    2322
    1    3   60  180  406    1   26    3    3    1    1262
    2    1    1  181  101    0    7    1    1    1    3496
    2    1    2  182  377    0   24    3    1    0    2531
    2    1    3  183  271    1   17    2    2    1     894
    2    1    4  184  249    0   16    2    1    0     782
    2    1    5  185    1    0    1    1    3    0    5336
    2    1    6  186   85    0    6    1    3    0    1086
    2    1    7  187  246    0   16    2    3    0     927
    2    1    8  188  329    0   21    3    3    1     691
    2    1    9  189  479    1   30    3    2    0     842
    2    1   10  190  288    0   18    2    3    0     681
    2    1   11  191  105    0    7    1    3    0    1394
    2    1   12  192    6    1    1    1    1    1    1012
    2    1   13  193  426    0   27    3    3    1     702
    2    1   14  194  112    0    7    1    3    0     719
    2    1   15  195  408    1   26    3    3    1     659
    2    1   16  196  395    0   25    3    3    1    2973
    2    1   17  197   11    0    1    1    1    1    1525
    2    1   18  198  302    0   19    2    2    1    3050
    2    1   19  199  462    0   29    3    3    1     673
    2    1   20  200  431    0   27    3    3    1     596
    2    1   21  201  326    1   21    3    2    0    1429
    2    1   22  202  414    0   26    3    3    1     721
    2    1   23  203   18    0    2    1    2    0     702
    2    1   24  204  318    0   20    2    2    1     680
    2    1   25  205  476    1   30    3    2    0    1097
    2    1   26  206   69    0    5    1    3    0     920
    2    1   27  207  322    0   21    3    2    0     928
    2    1   28  208  389    0   25    3    3    1     604
    2    1   29  209  196    0   13    2    3    0    1408
    2    1   30  210  413    0   26    3    3    1    2693
    2    1   31  211  213    0   14    2    2    1     951
    2    1   32  212  441    0   28    3    3    1     725
    2    1   33  213  156    0   10    1    1    1     658
    2    1   34  214  172    0   11    2    1    0     742
    2    1   35  215  473    1   30    3    2    0     766
    2    1   36  216  210    0   14    2    2    1     879
    2    1   37  217   36    1    3    1    1    1     971
    2    1   38  218  169    0   11    2    1    0     893
    2    1   39  219  449    0   29    3    3    1     765
    2    1   40  220  260    0   17    2    2    1    1629
    2    1   41  221  399    0   25    3    1    0    1254
    2    1   42  222   75    0    5    1    1    1     687
    2    1   43  223  122    0    8    1    1    1     560
    2    1   44  224  161    0   11    2    1    0     727
    2    1   45  225  340    1   22    3    3    1     836
    2    1   46  226  393    0   25    3    2    0   27019
    2    1   47  227  381    0   24    3    2    0    4094
    2    1   48  228   25    0    2    1    2    0     839
    2    1   49  229  218    0   14    2    2    1     760
    2    1   50  230  348    0   22    3    1    0     638
    2    1   51  231  420    0   27    3    3    1     455
    2    1   52  232  442    0   28    3    3    1     444
    2    1   53  233    2    0    1    1    1    1     723
    2    1   54  234   73    0    5    1    1    1     748
    2    1   55  235  277    0   18    2    3    0     651
    2    1   56  236   86    0    6    1    3    0     929
    2    1   57  237   68    0    5    1    1    1     795
    2    1   58  238   44    0    3    1    1    1     691
    2    1   59  239  203    0   13    2    1    0     622
    2    1   60  240   31    0    2    1    1    1    1388
    2    1   61  241  396    1   25    3    3    1     723
    2    1   62  242  313    0   20    2    2    1     489
    2    1   63  243  328    0   21    3    3    1     632
    2    1   64  244  237    0   15    2    2    1     501
    2    1   65  245  179    0   12    2    1    0     548
    2    1   66  246  173    0   11    2    3    0    2190
    2    1   67  247  415    0   26    3    3    1     690
    2    1   68  248   39    0    3    1    1    1     534
    2    1   69  249  475    0   30    3    3    1     505
    2    1   70  250  307    0   20    2    2    1     579
    2    1   71  251  456    0   29    3    3    1     579
    2    1   72  252  363    0   23    3    3    1     595
    2    1   73  253  234    0   15    2    3    0     676
    2    1   74  254  135    0    9    1    1    1     858
    2    1   75  255  230    0   15    2    1    0     679
    2    1   76  256  114    0    8    1    3    0    2380
    2    1   77  257  191    0   12    2    3    0     604
    2    1   78  258  404    0   26    3    3    1    1815
    2    1   79  259  115    0    8    1    1    1     627
    2    1   80  260  450    0   29    3    3    1     623
    2    1   81  261  202    0   13    2    1    0     720
    2    1   82  262  319    0   20    2    2    1     432
    2    1   83  263  331    0   21    3    3    1     851
    2    1   84  264   29    0    2    1    2    0     719
    2    1   85  265  410    0   26    3    2    0     643
    2    1   86  266  477    0   30    3    2    0     557
    2    1   87  267  392    0   25    3    3    1     667
    2    1   88  268   12    0    1    1    1    1     592
    2    1   89  269  460    0   29    3    3    1     671
    2    1   90  270   38    1    3    1    1    1     640
    2    1   91  271  151    0   10    1    1    1    1193
    2    1   92  272   42    0    3    1    1    1     950
    2    1   93  273  417    0   27    3    1    0     800
    2    1   94  274  181    0   12    2    3    0     880
    2    1   95  275    5    0    1    1    2    0     785
    2    1   96  276  278    0   18    2    3    0     968
    2    1   97  277  242    0   16    2    3    0    1387
    2    1   98  278  280    1   18    2    3    0    1407
    2    1   99  279  244    0   16    2    2    1    1302
    2    1  100  280  225    0   15    2    1    0     738
    2    1  101  281  170    0   11    2    1    0    1236
    2    1  102  282   93    0    6    1    3    0     742
    2    1  103  283  211    0   14    2    2    1     701
    2    1  104  284  132    0    9    1    1    1     620
    2    1  105  285   13    0    1    1    1    1    1324
    2    1  106  286  443    0   28    3    3    1     640
    2    1  107  287  129    0    9    1    1    1    4659
    2    1  108  288  294    0   19    2    1    0     646
    2    1  109  289   45    0    3    1    1    1     811
    2    1  110  290   72    0    5    1    1    1     656
    2    1  111  291  183    0   12    2    3    0     761
    2    1  112  292  306    0   20    2    2    1     368
    2    1  113  293  247    0   16    2    2    1     939
    2    1  114  294  167    0   11    2    3    0     592
    2    1  115  295  452    0   29    3    2    0     691
    2    1  116  296  419    0   27    3    1    0     623
    2    1  117  297  371    0   24    3    1    0     752
    2    1  118  298  236    0   15    2    3    0    1431
    2    1  119  299    9    0    1    1    1    1    1056
    2    1  120  300   80    1    5    1    1    1     704
    2    1  121  301  238    0   15    2    3    0    6218
    2    1  122  302  212    1   14    2    2    1    2650
    2    1  123  303  174    0   11    2    3    0    2052
    2    1  124  304  113    0    8    1    2    0     830
    2    1  125  305  444    0   28    3    3    1     657
    2    1  126  306  268    0   17    2    3    0     603
    2    1  127  307  231    0   15    2    2    1     835
    2    1  128  308  215    0   14    2    3    0     570
    2    1  129  309  133    0    9    1    1    1     589
    2    1  130  310   91    0    6    1    3    0     746
    2    1  131  311  223    0   14    2    2    1     859
    2    1  132  312  423    0   27    3    3    1     765
    2    1  133  313  295    0   19    2    1    0     877
    2    1  134  314  458    0   29    3    2    0     933
    2    1  135  315  422    0   27    3    3    1     603
    2    1  136  316  412    0   26    3    3    1     744
    2    1  137  317  142    0    9    1    1    1     510
    2    1  138  318  227    0   15    2    3    0    4343
    2    1  139  319  334    0   21    3    2    0    1196
    2    1  140  320   61    0    4    1    1    1     732
    2    1  141  321   33    1    3    1    2    0     663
    2    1  142  322  251    0   16    2    3    0     833
    2    1  143  323  405    0   26    3    3    1     594
    2    1  144  324  226    0   15    2    1    0     584
    2    1  145  325  344    0   22    3    1    0     479
    2    1  146  326   58    1    4    1    1    1     504
    2    1  147  327   51    0    4    1    1    1     543
    2    1  148  328   23    0    2    1    1    1     605
    2    1  149  329  229    0   15    2    3    0     623
    2    1  150  330  478    0   30    3    3    1     584
    2    1  151  331    7    0    1    1    2    0     622
    2    1  152  332  158    0   10    1    3    0     777
    2    1  153  333  130    0    9    1    1    1     690
    2    1  154  334  455    0   29    3    3    1     519
    2    1  155  335  464    0   29    3    3    1     586
    2    1  156  336   40    0    3    1    1    1     800
    2    1  157  337  254    0   16    2    3    0     663
    2    1  158  338  147    0   10    1    2    0     562
    2    1  159  339  206    0   13    2    3    0    1971
    2    1  160  340  106    0    7    1    2    0     648
    2    1  161  341  354    0   23    3    3    1     769
    2    1  162  342  197    0   13    2    2    1     736
    2    1  163  343  451    0   29    3    2    0    2264
    2    1  164  344  427    0   27    3    3    1     636
    2    1  165  345  338    0   22    3    1    0     645
    2    1  166  346  474    0   30    3    2    0     895
    2    1  167  347  149    0   10    1    3    0    1012
    2    1  168  348   49    1    4    1    1    1     822
    2    1  169  349  428    0   27    3    3    1     726
    2    1  170  350  321    0   21    3    1    0     866
    2    1  171  351  375    0   24    3    1    0     430
    2    1  172  352  118    0    8    1    1    1     488
    2    1  173  353  285    0   18    2    3    0     562
    2    1  174  354   54    0    4    1    1    1     519
    2    1  175  355   57    0    4    1    1    1     741
    2    1  176  356  308    0   20    2    2    1     619
    2    1  177  357  287    0   18    2    3    0    1463
    2    1  178  358  309    0   20    2    3    0     690
    2    1  179  359  453    0   29    3    3    1    1299
    2    1  180  360  472    0   30    3    2    0     723
    2    1  181  361  406    1   26    3    1    0     930
    2    1  182  362  240    1   15    2    1    0    1221
    2    1  183  363  221    0   14    2    2    1     474
    2    1  184  364  217    1   14    2    2    1     600
    2    1  185  365  358    0   23    3    3    1     681
    2    1  186  366   59    0    4    1    2    0    1022
    2    1  187  367    8    0    1    1    2    0    1169
    2    1  188  368  177    0   12    2    2    1     793
    2    1  189  369  384    0   24    3    1    0     627
    2    1  190  370   99    0    7    1    1    1     765
    2    1  191  371  333    0   21    3    3    1     519
    2    1  192  372  350    0   22    3    3    1    1644
    2    1  193  373   48    0    3    1    1    1    2848
    2    1  194  374   28    0    2    1    1    1    1409
    2    1  195  375   92    0    6    1    3    0     693
    2    1  196  376  163    0   11    2    2    1    4690
    2    1  197  377  347    0   22    3    3    1     587
    2    1  198  378  274    0   18    2    3    0    1222
    2    1  199  379  430    0   27    3    3    1    1195
    2    1  200  380  186    0   12    2    3    0    1573
    2    1  201  381  188    0   12    2    2    1    2647
    2    1  202  382  171    0   11    2    1    0     676
    2    1  203  383   10    0    1    1    1    1     613
    2    1  204  384  205    0   13    2    3    0    2759
    2    1  205  385  253    0   16    2    1    0    7562
    2    1  206  386  386    0   25    3    3    1    1908
    2    1  207  387  401    0   26    3    3    1     659
    2    1  208  388   52    1    4    1    1    1     539
    2    1  209  389  429    0   27    3    1    0    1274
    2    1  210  390   34    0    3    1    3    0     433
    2    1  211  391   19    0    2    1    1    1     702
    2    1  212  392  357    0   23    3    3    1     554
    2    1  213  393  454    0   29    3    2    0     888
    2    1  214  394  124    0    8    1    1    1     929
    2    1  215  395  337    0   22    3    1    0     654
    2    1  216  396  403    0   26    3    3    1    2205
    2    1  217  397   63    0    4    1    1    1     629
    2    1  218  398  116    0    8    1    1    1     954
    2    1  219  399  446    0   28    3    3    1     641
    2    1  220  400  374    0   24    3    1    0     897
    2    1  221  401  365    0   23    3    3    1     525
    2    1  222  402  119    0    8    1    1    1     953
    2    1  223  403  310    0   20    2    2    1     866
    2    1  224  404  394    0   25    3    3    1     699
    2    1  225  405  289    1   19    2    2    1     882
    2    1  226  406   67    0    5    1    1    1     475
    2    1  227  407  461    0   29    3    3    1     658
    2    1  228  408  457    0   29    3    3    1    1344
    2    1  229  409  435    0   28    3    1    0     702
    2    1  230  410   98    0    7    1    1    1     669
    2    1  231  411  400    0   25    3    3    1    6273
    2    1  232  412  421    0   27    3    2    0     861
    2    1  233  413  269    1   17    2    2    1    1015
    2    1  234  414   35    1    3    1    2    0    1494
    2    1  235  415  398    0   25    3    2    0     750
    2    1  236  416  383    0   24    3    1    0     774
    2    1  237  417  275    0   18    2    2    1     626
    2    1  238  418  432    0   27    3    3    1    1003
    2    1  239  419  353    1   23    3    3    1     556
    2    1  240  420  182    1   12    2    2    1    1295
    2    1  241  421  102    0    7    1    3    0    2889
    2    1  242  422   65    0    5    1    2    0     849
    2    1  243  423  193    0   13    2    2    1     700
    2    1  244  424    3    0    1    1    2    0    1579
    2    1  245  425  312    0   20    2    3    0     697
    2    1  246  426  134    0    9    1    2    0    2347
    2    1  247  427  469    0   30    3    2    0     822
    2    1  248  428  390    0   25    3    3    1     760
    2    1  249  429  159    0   10    1    1    1     488
    2    1  250  430  187    0   12    2    2    1     796
    2    1  251  431  471    1   30    3    3    1     605
    2    1  252  432  439    0   28    3    1    0     756
    2    1  253  433  409    1   26    3    2    0     635
    2    1  254  434   27    0    2    1    1    1    1097
    2    1  255  435   81    0    6    1    3    0     764
    2    1  256  436  138    0    9    1    1    1     536
    2    1  257  437  154    0   10    1    2    0     627
    2    1  258  438  140    0    9    1    1    1    1140
    2    1  259  439  397    0   25    3    2    0     749
    2    1  260  440  391    0   25    3    2    0     614
    2    1  261  441   71    1    5    1    1    1     863
    2    1  262  442  232    0   15    2    3    0     849
    2    1  263  443   37    1    3    1    1    1     699
    2    1  264  444   88    0    6    1    3    0    2087
    2    1  265  445  388    0   25    3    3    1    1436
    2    1  266  446  311    0   20    2    2    1     843
    2    1  267  447  243    0   16    2    2    1    1195
    2    1  268  448  385    0   25    3    2    0    1175
    2    1  269  449  201    1   13    2    2    1     776
    2    1  270  450  111    0    7    1    3    0    1006
    2    1  271  451  175    0   11    2    2    1    1323
    2    1  272  452  407    0   26    3    2    0     681
    2    1  273  453  168    0   11    2    1    0    2184
    2    1  274  454  162    0   11    2    1    0     667
    2    1  275  455  382    0   24    3    3    1     994
    2    1  276  456   89    0    6    1    3    0     665
    2    1  277  457  315    0   20    2    2    1     768
    2    1  278  458  466    0   30    3    2    0     532
    2    1  279  459   32    0    2    1    1    1    1336
    2    1  280  460   97    0    7    1    3    0     802
    2    1  281  461  261    0   17    2    2    1     692
    2    1  282  462  208    0   13    2    3    0     735
    2    1  283  463  107    0    7    1    3    0     919
    2    1  284  464  436    0   28    3    1    0     536
    2    1  285  465  378    0   24    3    1    0     727
    2    1  286  466  355    0   23    3    3    1     816
    2    1  287  467   87    0    6    1    3    0     905
    2    1  288  468  366    0   23    3    3    1     564
    2    1  289  469  109    0    7    1    3    0     930
    2    1  290  470   53    1    4    1    1    1     599
    2    1  291  471  279    0   18    2    2    1     526
    2    1  292  472  465    1   30    3    2    0    1663
    2    1  293  473  200    0   13    2    3    0    1418
    2    1  294  474    4    1    1    1    1    1     721
    2    1  295  475  303    0   19    2    2    1     570
    2    1  296  476  335    0   21    3    3    1     712
    2    1  297  477  351    0   22    3    1    0     561
    2    1  298  478  304    0   19    2    1    0    1524
    2    1  299  479  380    1   24    3    2    0     701
    2    1  300  480  185    0   12    2    3    0    1990
