    1    1    1    1   15    1    1    1    1    1    1430
    1    1    2    2  465    1   30    3    2    0    1175
    1    1    3    3  276    1   18    2    2    1    1818
    1    1    4    4  272    1   17    2    1    0    1119
    1    1    5    5  216    1   14    2    3    0    5522
    1    1    6    6  182    1   12    2    1    0    2129
    1    1    7    7  219    1   14    2    2    1     785
    1    1    8    8  380    1   24    3    2    0    1228
    1    1    9    9  271    1   17    2    2    1     579
    1    1   10   10  387    1   25    3    1    0     829
    1    1   11   11  290    1   19    2    1    0     759
    1    1   12   12  409    1   26    3    1    0     938
    1    1   13   13   58    1    4    1    3    0    1255
    1    1   14   14  473    1   30    3    2    0    1115
    1    1   15   15  245    1   16    2    2    1     684
    1    1   16   16  212    1   14    2    3    0     725
    1    1   17   17  396    1   25    3    2    0    1804
    1    1   18   18   36    1    3    1    1    1    1609
    1    1   19   19  121    1    8    1    1    1    1010
    1    1   20   20  164    1   11    2    2    1     653
    1    1   21   21  240    1   15    2    1    0     795
    1    1   22   22  408    1   26    3    3    1    1169
    1    1   23   23  406    1   26    3    2    0    2150
    1    1   24   24   53    1    4    1    1    1    1591
    1    1   25   25  476    1   30    3    3    1    1248
    1    1   26   26  326    1   21    3    3    1    1252
    1    1   27   27  117    1    8    1    2    0     818
    1    1   28   28   80    1    5    1    1    1     847
    1    1   29   29   16    1    1    1    1    1     824
    1    1   30   30  360    1   23    3    3    1     634
    1    1   31   31  252    1   16    2    2    1    1474
    1    1   32   32   52    1    4    1    1    1     789
    1    1   33   33  424    1   27    3    1    0    2723
    1    1   34   34  471    1   30    3    3    1     755
    1    1   35   35  359    1   23    3    3    1     780
    1    1   36   36  201    1   13    2    2    1     638
    1    1   37   37    6    1    1    1    1    1    1023
    1    1   38   38  411    1   26    3    3    1    1200
    1    1   39   39  267    1   17    2    2    1    1541
    1    1   40   40   71    1    5    1    1    1     733
    1    1   41   41  280    1   18    2    3    0     760
    1    1   42   42   38    1    3    1    1    1    1458
    1    1   43   43   66    1    5    1    1    1     562
    1    1   44   44  120    1    8    1    1    1     885
    1    1   45   45  448    1   28    3    1    0    1197
    1    1   46   46  340    1   22    3    1    0    1013
    1    1   47   47  356    1   23    3    2    0    4175
    1    1   48   48  269    1   17    2    2    1    1285
    1    1   49   49  479    1   30    3    3    1    1316
    1    1   50   50   49    1    4    1    1    1    1177
    1    1   51   51  250    1   16    2    2    1    2014
    1    1   52   52   35    1    3    1    1    1     688
    1    1   53   53  353    1   23    3    3    1     567
    1    1   54   54   56    1    4    1    1    1     849
    1    1   55   55  217    1   14    2    3    0    2970
    1    1   56   56   33    1    3    1    1    1     875
    1    1   57   57  266    1   17    2    3    0    1332
    1    1   58   58  289    1   19    2    3    0    3016
    1    1   59   59    4    1    1    1    1    1     751
    1    1   60   60   37    1    3    1    1    1    1642
    1    2    1   61   56    1    4    1    1    1    1234
    1    2    2   62  411    1   26    3    3    1    1459
    1    2    3   63  280    1   18    2    2    1     594
    1    2    4   64   49    1    4    1    1    1     856
    1    2    5   65  424    1   27    3    3    1    2097
    1    2    6   66  117    1    8    1    1    1     690
    1    2    7   67  164    1   11    2    1    0    1407
    1    2    8   68  409    1   26    3    3    1    1162
    1    2    9   69  289    1   19    2    3    0    1928
    1    2   10   70  465    1   30    3    3    1     652
    1    2   11   71   53    1    4    1    1    1    1595
    1    2   12   72   35    1    3    1    1    1    2022
    1    2   13   73  266    1   17    2    2    1     788
    1    2   14   74  267    1   17    2    1    0     575
    1    2   15   75   15    1    1    1    1    1     598
    1    2   16   76  380    1   24    3    3    1     664
    1    2   17   77  212    1   14    2    3    0     936
    1    2   18   78   58    1    4    1    1    1     680
    1    2   19   79  216    1   14    2    2    1     797
    1    2   20   80    4    1    1    1    1    1     811
    1    2   21   81   36    1    3    1    1    1     636
    1    2   22   82  476    1   30    3    3    1     528
    1    2   23   83  219    1   14    2    1    0    1183
    1    2   24   84  356    1   23    3    2    0    2453
    1    2   25   85   66    1    5    1    1    1    1284
    1    2   26   86  245    1   16    2    2    1     810
    1    2   27   87  408    1   26    3    3    1     922
    1    2   28   88  387    1   25    3    3    1    1672
    1    2   29   89   80    1    5    1    1    1     547
    1    2   30   90   37    1    3    1    1    1     802
    1    2   31   91  471    1   30    3    3    1     681
    1    2   32   92   16    1    1    1    1    1    1527
    1    2   33   93  396    1   25    3    3    1    1166
    1    2   34   94  406    1   26    3    3    1     986
    1    2   35   95  276    1   18    2    2    1    1057
    1    2   36   96   71    1    5    1    1    1     516
    1    2   37   97  448    1   28    3    1    0    1894
    1    2   38   98  326    1   21    3    3    1     863
    1    2   39   99   33    1    3    1    1    1     799
    1    2   40  100  272    1   17    2    1    0       0
    1    2   41  101  340    1   22    3    1    0    1426
    1    2   42  102   52    1    4    1    1    1    1339
    1    2   43  103  120    1    8    1    1    1     716
    1    2   44  104  353    1   23    3    2    0    1683
    1    2   45  105  201    1   13    2    2    1     879
    1    2   46  106    6    1    1    1    1    1     653
    1    2   47  107   38    1    3    1    1    1    2120
    1    2   48  108  271    1   17    2    3    0    6394
    1    2   49  109  121    1    8    1    1    1     692
    1    2   50  110  240    1   15    2    3    0     866
    1    2   51  111  252    1   16    2    2    1     639
    1    2   52  112  182    1   12    2    2    1    1579
    1    2   53  113  359    1   23    3    3    1    1283
    1    2   54  114  290    1   19    2    2    1    3753
    1    2   55  115  217    1   14    2    3    0    1038
    1    2   56  116  360    1   23    3    3    1     949
    1    2   57  117  473    1   30    3    2    0    1831
    1    2   58  118  250    1   16    2    3    0    2110
    1    2   59  119  269    1   17    2    3    0     984
    1    2   60  120  479    1   30    3    3    1    4726
    1    3    1  121   53    1    4    1    1    1     465
    1    3    2  122  117    1    8    1    1    1     743
    1    3    3  123   37    1    3    1    1    1     867
    1    3    4  124   35    1    3    1    1    1     675
    1    3    5  125  164    1   11    2    2    1    2643
    1    3    6  126  406    1   26    3    3    1     774
    1    3    7  127  356    1   23    3    2    0    6171
    1    3    8  128   38    1    3    1    1    1     671
    1    3    9  129  252    1   16    2    2    1     704
    1    3   10  130   71    1    5    1    1    1     410
    1    3   11  131   33    1    3    1    1    1     833
    1    3   12  132  396    1   25    3    3    1    1268
    1    3   13  133    6    1    1    1    1    1     701
    1    3   14  134  269    1   17    2    2    1    2887
    1    3   15  135   15    1    1    1    1    1     761
    1    3   16  136  424    1   27    3    3    1    1042
    1    3   17  137  380    1   24    3    2    0    1715
    1    3   18  138   58    1    4    1    2    0    1029
    1    3   19  139   66    1    5    1    1    1     829
    1    3   20  140  289    1   19    2    2    1    2899
    1    3   21  141  326    1   21    3    3    1     617
    1    3   22  142   36    1    3    1    1    1     709
    1    3   23  143   52    1    4    1    1    1    1644
    1    3   24  144  360    1   23    3    3    1     896
    1    3   25  145  267    1   17    2    2    1    1001
    1    3   26  146  212    1   14    2    2    1    2342
    1    3   27  147  411    1   26    3    3    1    1664
    1    3   28  148   16    1    1    1    1    1     466
    1    3   29  149  473    1   30    3    2    0    1014
    1    3   30  150  217    1   14    2    3    0    4090
    1    3   31  151  465    1   30    3    3    1    1268
    1    3   32  152   56    1    4    1    3    0    3574
    1    3   33  153    4    1    1    1    1    1     622
    1    3   34  154  219    1   14    2    2    1    2394
    1    3   35  155  120    1    8    1    1    1     398
    1    3   36  156  280    1   18    2    3    0     648
    1    3   37  157   49    1    4    1    1    1     603
    1    3   38  158  272    1   17    2    2    1     889
    1    3   39  159   80    1    5    1    1    1    2517
    1    3   40  160  387    1   25    3    3    1    2111
    1    3   41  161  409    1   26    3    3    1     618
    1    3   42  162  266    1   17    2    2    1     647
    1    3   43  163  216    1   14    2    3    0    2168
    1    3   44  164  471    1   30    3    3    1     651
    1    3   45  165  353    1   23    3    3    1     180
    1    3   46  166  408    1   26    3    3    1     994
    1    3   47  167  340    1   22    3    1    0     678
    1    3   48  168  476    1   30    3    3    1    1349
    1    3   49  169  182    1   12    2    2    1    1184
    1    3   50  170  201    1   13    2    2    1     513
    1    3   51  171  240    1   15    2    2    1    1251
    1    3   52  172  250    1   16    2    2    1     730
    1    3   53  173  448    1   28    3    1    0    3011
    1    3   54  174  276    1   18    2    1    0     817
    1    3   55  175  359    1   23    3    3    1     771
    1    3   56  176  290    1   19    2    1    0    1123
    1    3   57  177  121    1    8    1    1    1     731
    1    3   58  178  245    1   16    2    2    1     754
    1    3   59  179  271    1   17    2    2    1     922
    1    3   60  180  479    1   30    3    2    0     971
    2    1    1  181  348    0   22    3    1    0    1171
    2    1    2  182  415    0   26    3    3    1    2093
    2    1    3  183   28    0    2    1    1    1    1763
    2    1    4  184  313    0   20    2    2    1     947
    2    1    5  185  420    0   27    3    3    1    1897
    2    1    6  186  343    0   22    3    1    0     718
    2    1    7  187  373    0   24    3    1    0     778
    2    1    8  188   12    0    1    1    1    1     874
    2    1    9  189   48    0    3    1    1    1     968
    2    1   10  190  148    0   10    1    2    0    3546
    2    1   11  191  200    0   13    2    2    1     733
    2    1   12  192  120    1    8    1    1    1    1203
    2    1   13  193  370    0   24    3    1    0     837
    2    1   14  194  441    0   28    3    3    1     941
    2    1   15  195  180    0   12    2    3    0    1139
    2    1   16  196  433    0   28    3    3    1     995
    2    1   17  197  194    0   13    2    2    1    1694
    2    1   18  198   41    0    3    1    1    1     786
    2    1   19  199  394    0   25    3    2    0     853
    2    1   20  200  274    0   18    2    2    1     802
    2    1   21  201  295    0   19    2    2    1    3840
    2    1   22  202  133    0    9    1    2    0    2045
    2    1   23  203  145    0   10    1    1    1     911
    2    1   24  204  386    0   25    3    2    0    1533
    2    1   25  205   67    0    5    1    1    1     835
    2    1   26  206  432    0   27    3    3    1     758
    2    1   27  207  157    0   10    1    1    1    1569
    2    1   28  208  163    0   11    2    2    1    1758
    2    1   29  209  360    1   23    3    3    1    2213
    2    1   30  210  317    0   20    2    2    1     903
    2    1   31  211  273    0   18    2    2    1     912
    2    1   32  212   56    1    4    1    2    0    3013
    2    1   33  213  446    0   28    3    3    1     601
    2    1   34  214  387    1   25    3    2    0     959
    2    1   35  215  323    0   21    3    2    0     995
    2    1   36  216  269    1   17    2    2    1     540
    2    1   37  217  129    0    9    1    1    1     949
    2    1   38  218  144    0    9    1    2    0    2855
    2    1   39  219  196    0   13    2    2    1     998
    2    1   40  220  271    1   17    2    2    1     590
    2    1   41  221  468    0   30    3    3    1    2186
    2    1   42  222  236    0   15    2    2    1     898
    2    1   43  223   14    0    1    1    1    1     849
    2    1   44  224  108    0    7    1    1    1    1189
    2    1   45  225  396    1   25    3    2    0    2439
    2    1   46  226  435    0   28    3    1    0     855
    2    1   47  227  135    0    9    1    1    1    1450
    2    1   48  228  306    0   20    2    2    1     825
    2    1   49  229  188    0   12    2    3    0    2390
    2    1   50  230   17    0    2    1    2    0     928
    2    1   51  231  294    0   19    2    2    1     838
    2    1   52  232   26    0    2    1    3    0    1316
    2    1   53  233  149    0   10    1    1    1     735
    2    1   54  234   91    0    6    1    3    0    1402
    2    1   55  235  218    0   14    2    2    1     681
    2    1   56  236  474    0   30    3    2    0     873
    2    1   57  237    4    1    1    1    1    1     682
    2    1   58  238  164    1   11    2    2    1    3070
    2    1   59  239   88    0    6    1    3    0     722
    2    1   60  240  260    0   17    2    2    1    1223
    2    1   61  241  102    0    7    1    3    0    1055
    2    1   62  242   55    0    4    1    1    1     666
    2    1   63  243  476    1   30    3    2    0     989
    2    1   64  244  361    0   23    3    3    1     968
    2    1   65  245   21    0    2    1    3    0    4120
    2    1   66  246  304    0   19    2    3    0    1456
    2    1   67  247  284    0   18    2    2    1     845
    2    1   68  248  385    0   25    3    2    0    1077
    2    1   69  249  470    0   30    3    2    0    1048
    2    1   70  250  336    0   21    3    3    1     938
    2    1   71  251  447    0   28    3    3    1     648
    2    1   72  252  142    0    9    1    2    0    2271
    2    1   73  253   61    0    4    1    3    0    2120
    2    1   74  254  426    0   27    3    3    1     774
    2    1   75  255  358    0   23    3    3    1     796
    2    1   76  256  261    0   17    2    2    1     629
    2    1   77  257  232    0   15    2    3    0    1225
    2    1   78  258  139    0    9    1    2    0    1738
    2    1   79  259  189    0   12    2    3    0     824
    2    1   80  260  285    0   18    2    3    0    3701
    2    1   81  261  359    1   23    3    3    1     643
    2    1   82  262  213    0   14    2    2    1    1294
    2    1   83  263  349    0   22    3    1    0     717
    2    1   84  264  472    0   30    3    3    1     815
    2    1   85  265   71    1    5    1    1    1     701
    2    1   86  266   80    1    5    1    1    1     710
    2    1   87  267   70    0    5    1    1    1     607
    2    1   88  268  215    0   14    2    3    0    1407
    2    1   89  269  282    0   18    2    2    1    2654
    2    1   90  270  175    0   11    2    2    1     738
    2    1   91  271  128    0    8    1    1    1    1061
    2    1   92  272  113    0    8    1    3    0     872
    2    1   93  273  300    0   19    2    1    0     886
    2    1   94  274  461    0   29    3    2    0     781
    2    1   95  275   68    0    5    1    1    1     629
    2    1   96  276   37    1    3    1    1    1    2641
    2    1   97  277  414    0   26    3    3    1     799
    2    1   98  278  280    1   18    2    2    1     528
    2    1   99  279  182    1   12    2    2    1     492
    2    1  100  280  436    0   28    3    3    1     680
    2    1  101  281  171    0   11    2    1    0    2172
    2    1  102  282  356    1   23    3    3    1    2220
    2    1  103  283  205    0   13    2    2    1    1242
    2    1  104  284  240    1   15    2    2    1     646
    2    1  105  285   65    0    5    1    1    1     623
    2    1  106  286  346    0   22    3    1    0    1168
    2    1  107  287  407    0   26    3    2    0     671
    2    1  108  288  458    0   29    3    1    0    4897
    2    1  109  289  112    0    7    1    1    1     740
    2    1  110  290  186    0   12    2    3    0    1123
    2    1  111  291   39    0    3    1    1    1    2351
    2    1  112  292  429    0   27    3    3    1     819
    2    1  113  293  252    1   16    2    2    1    1121
    2    1  114  294  308    0   20    2    2    1     863
    2    1  115  295  430    0   27    3    3    1     775
    2    1  116  296   66    1    5    1    1    1     873
    2    1  117  297  201    1   13    2    2    1     790
    2    1  118  298  275    0   18    2    1    0    1675
    2    1  119  299  185    0   12    2    3    0     915
    2    1  120  300  427    0   27    3    3    1     970
    2    1  121  301  328    0   21    3    3    1     812
    2    1  122  302   15    1    1    1    1    1     597
    2    1  123  303  412    0   26    3    3    1    1808
    2    1  124  304   51    0    4    1    1    1     809
    2    1  125  305   72    0    5    1    1    1     593
    2    1  126  306  101    0    7    1    1    1     932
    2    1  127  307  448    1   28    3    3    1     884
    2    1  128  308  166    0   11    2    2    1     746
    2    1  129  309  160    0   10    1    1    1     765
    2    1  130  310  181    0   12    2    1    0     767
    2    1  131  311   13    0    1    1    1    1     525
    2    1  132  312  262    0   17    2    2    1     717
    2    1  133  313  372    0   24    3    1    0     595
    2    1  134  314  226    0   15    2    3    0     833
    2    1  135  315  228    0   15    2    3    0     788
    2    1  136  316  345    0   22    3    3    1     617
    2    1  137  317  377    0   24    3    1    0     477
    2    1  138  318  257    0   17    2    1    0     591
    2    1  139  319  237    0   15    2    2    1     612
    2    1  140  320  265    0   17    2    2    1     996
    2    1  141  321  362    0   23    3    3    1     686
    2    1  142  322   83    0    6    1    3    0    1047
    2    1  143  323  473    1   30    3    2    0     679
    2    1  144  324  178    0   12    2    2    1     593
    2    1  145  325  184    0   12    2    3    0     665
    2    1  146  326   85    0    6    1    1    1     866
    2    1  147  327  318    0   20    2    2    1     953
    2    1  148  328  143    0    9    1    2    0     976
    2    1  149  329  100    0    7    1    1    1    1014
    2    1  150  330  455    0   29    3    2    0     835
    2    1  151  331   54    0    4    1    2    0    2391
    2    1  152  332  406    1   26    3    2    0     892
    2    1  153  333  409    1   26    3    2    0     613
    2    1  154  334  109    0    7    1    1    1    1175
    2    1  155  335   34    0    3    1    1    1     549
    2    1  156  336   90    0    6    1    3    0    1069
    2    1  157  337  464    0   29    3    3    1    4316
    2    1  158  338   42    0    3    1    1    1     866
    2    1  159  339  357    0   23    3    2    0    2962
    2    1  160  340  191    0   12    2    3    0     592
    2    1  161  341  480    0   30    3    3    1    1076
    2    1  162  342   98    0    7    1    1    1     605
    2    1  163  343  365    0   23    3    3    1    2286
    2    1  164  344  437    0   28    3    1    0     874
    2    1  165  345  106    0    7    1    3    0    1650
    2    1  166  346  326    1   21    3    3    1     689
    2    1  167  347  270    0   17    2    1    0    1035
    2    1  168  348  116    0    8    1    1    1    1599
    2    1  169  349  374    0   24    3    1    0    1636
    2    1  170  350  179    0   12    2    3    0     977
    2    1  171  351  439    0   28    3    3    1     641
    2    1  172  352  165    0   11    2    1    0     622
    2    1  173  353  405    0   26    3    3    1     720
    2    1  174  354  411    1   26    3    2    0    1938
    2    1  175  355  198    0   13    2    2    1     423
    2    1  176  356    2    0    1    1    1    1     626
    2    1  177  357   38    1    3    1    1    1     690
    2    1  178  358  250    1   16    2    2    1     923
    2    1  179  359  155    0   10    1    2    0     649
    2    1  180  360  253    0   16    2    1    0     720
    2    1  181  361  391    0   25    3    3    1    2439
    2    1  182  362  238    0   15    2    3    0     645
    2    1  183  363  463    0   29    3    2    0    3531
    2    1  184  364  352    0   22    3    2    0    1193
    2    1  185  365  219    1   14    2    2    1    2233
    2    1  186  366  290    1   19    2    2    1    1442
    2    1  187  367  122    0    8    1    1    1     795
    2    1  188  368  222    0   14    2    3    0    1772
    2    1  189  369  478    0   30    3    3    1     667
    2    1  190  370  331    0   21    3    3    1    1054
    2    1  191  371  254    0   16    2    2    1     540
    2    1  192  372  453    0   29    3    2    0    1458
    2    1  193  373  469    0   30    3    3    1    2944
    2    1  194  374  199    0   13    2    2    1     731
    2    1  195  375  324    0   21    3    2    0    1055
    2    1  196  376  107    0    7    1    1    1     658
    2    1  197  377  327    0   21    3    2    0     530
    2    1  198  378   32    0    2    1    2    0     891
    2    1  199  379  289    1   19    2    2    1     383
    2    1  200  380  316    0   20    2    2    1     696
    2    1  201  381  256    0   16    2    2    1     595
    2    1  202  382  445    0   28    3    3    1     705
    2    1  203  383  223    0   14    2    3    0    3012
    2    1  204  384  344    0   22    3    1    0     835
    2    1  205  385  390    0   25    3    3    1     726
    2    1  206  386  204    0   13    2    2    1    3505
    2    1  207  387  241    0   16    2    2    1     774
    2    1  208  388   76    0    5    1    1    1     798
    2    1  209  389  479    1   30    3    2    0    2919
    2    1  210  390  380    1   24    3    2    0     756
    2    1  211  391   64    0    4    1    2    0    1094
    2    1  212  392  243    0   16    2    2    1     875
    2    1  213  393  388    0   25    3    2    0    3783
    2    1  214  394  203    0   13    2    2    1    1972
    2    1  215  395    7    0    1    1    1    1     613
    2    1  216  396  173    0   11    2    2    1    1115
    2    1  217  397  393    0   25    3    2    0    1154
    2    1  218  398  395    0   25    3    1    0    1630
    2    1  219  399   18    0    2    1    1    1    2813
    2    1  220  400  375    0   24    3    1    0     583
    2    1  221  401  207    0   13    2    1    0     602
    2    1  222  402  434    0   28    3    1    0     744
    2    1  223  403  123    0    8    1    1    1     587
    2    1  224  404  315    0   20    2    2    1     824
    2    1  225  405  397    0   25    3    2    0     760
    2    1  226  406  379    0   24    3    1    0     670
    2    1  227  407  431    0   27    3    2    0    1385
    2    1  228  408   44    0    3    1    1    1    1524
    2    1  229  409  410    0   26    3    3    1    3309
    2    1  230  410  442    0   28    3    3    1    1583
    2    1  231  411  153    0   10    1    1    1     954
    2    1  232  412  220    0   14    2    2    1     755
    2    1  233  413  449    0   29    3    2    0     627
    2    1  234  414  355    0   23    3    2    0    1033
    2    1  235  415  150    0   10    1    2    0     571
    2    1  236  416   10    0    1    1    1    1     811
    2    1  237  417   22    0    2    1    3    0    1700
    2    1  238  418  126    0    8    1    1    1    1366
    2    1  239  419    1    0    1    1    1    1    1699
    2    1  240  420   30    0    2    1    2    0    2290
    2    1  241  421  227    0   15    2    3    0    1014
    2    1  242  422  279    0   18    2    3    0    3343
    2    1  243  423  335    0   21    3    2    0     904
    2    1  244  424  177    0   12    2    2    1     591
    2    1  245  425  460    0   29    3    2    0    2064
    2    1  246  426  392    0   25    3    3    1    3715
    2    1  247  427   75    0    5    1    1    1     625
    2    1  248  428  111    0    7    1    1    1     894
    2    1  249  429  298    0   19    2    1    0    1020
    2    1  250  430  466    0   30    3    2    0     646
    2    1  251  431  283    0   18    2    3    0    5915
    2    1  252  432  249    0   16    2    2    1    1037
    2    1  253  433    9    0    1    1    1    1     543
    2    1  254  434  428    0   27    3    3    1    1022
    2    1  255  435   93    0    6    1    3    0     932
    2    1  256  436  364    0   23    3    2    0     706
    2    1  257  437   20    0    2    1    3    0    1954
    2    1  258  438  347    0   22    3    1    0     593
    2    1  259  439  296    0   19    2    1    0     770
    2    1  260  440   40    0    3    1    1    1     657
    2    1  261  441   47    0    3    1    1    1    1394
    2    1  262  442   11    0    1    1    1    1    1770
    2    1  263  443  121    1    8    1    1    1    1176
    2    1  264  444  276    1   18    2    2    1    1143
    2    1  265  445   86    0    6    1    3    0    1961
    2    1  266  446  247    0   16    2    2    1     524
    2    1  267  447   99    0    7    1    1    1     809
    2    1  268  448  459    0   29    3    2    0    2555
    2    1  269  449  136    0    9    1    3    0    1405
    2    1  270  450  118    0    8    1    1    1     670
    2    1  271  451  456    0   29    3    2    0    3521
    2    1  272  452  137    0    9    1    2    0    1464
    2    1  273  453  167    0   11    2    1    0     698
    2    1  274  454  225    0   15    2    2    1    3253
    2    1  275  455   60    0    4    1    2    0     912
    2    1  276  456  131    0    9    1    2    0     959
    2    1  277  457  263    0   17    2    2    1     644
    2    1  278  458  462    0   29    3    2    0    2159
    2    1  279  459   97    0    7    1    1    1     598
    2    1  280  460  288    0   18    2    1    0    2370
    2    1  281  461  134    0    9    1    2    0     723
    2    1  282  462  127    0    8    1    1    1     649
    2    1  283  463  146    0   10    1    1    1     702
    2    1  284  464   63    0    4    1    1    1    1360
    2    1  285  465   79    0    5    1    1    1     677
    2    1  286  466  172    0   11    2    1    0    1639
    2    1  287  467  267    1   17    2    2    1     854
    2    1  288  468  369    0   24    3    1    0     888
    2    1  289  469    5    0    1    1    1    1     558
    2    1  290  470  293    0   19    2    2    1    1140
    2    1  291  471  229    0   15    2    3    0    3132
    2    1  292  472  138    0    9    1    2    0    5947
    2    1  293  473  425    0   27    3    3    1     729
    2    1  294  474   73    0    5    1    1    1    1002
    2    1  295  475  248    0   16    2    2    1     623
    2    1  296  476  125    0    8    1    1    1     682
    2    1  297  477  230    0   15    2    3    0    1047
    2    1  298  478  330    0   21    3    2    0    1435
    2    1  299  479   62    0    4    1    2    0    1904
    2    1  300  480  332    0   21    3    3    1    3838
