    1    1    1    1  203    1   13    2    3    0    5349
    1    1    2    2  297    1   19    2    3    0    6470
    1    1    3    3  215    1   14    2    2    1    1778
    1    1    4    4  405    1   26    3    1    0    1954
    1    1    5    5  355    1   23    3    3    1    1500
    1    1    6    6   62    1    4    1    2    0    2732
    1    1    7    7   72    1    5    1    1    1    1295
    1    1    8    8  455    1   29    3    1    0    2145
    1    1    9    9  272    1   17    2    1    0    2689
    1    1   10   10   55    1    4    1    1    1    2103
    1    1   11   11   85    1    6    1    2    0    2349
    1    1   12   12  135    1    9    1    2    0    1639
    1    1   13   13  397    1   25    3    3    1    1643
    1    1   14   14  115    1    8    1    2    0    1804
    1    1   15   15  125    1    8    1    1    1    2092
    1    1   16   16  423    1   27    3    2    0    1715
    1    1   17   17  327    1   21    3    2    0    1201
    1    1   18   18  443    1   28    3    1    0    2073
    1    1   19   19   34    1    3    1    2    0    1338
    1    1   20   20  381    1   24    3    3    1    3716
    1    1   21   21  306    1   20    2    1    0    2117
    1    1   22   22  106    1    7    1    2    0    1267
    1    1   23   23  308    1   20    2    1    0    2088
    1    1   24   24  229    1   15    2    1    0    2088
    1    1   25   25  190    1   12    2    2    1    1223
    1    1   26   26   73    1    5    1    2    0    1203
    1    1   27   27  337    1   22    3    3    1    1853
    1    1   28   28  278    1   18    2    3    0    8127
    1    1   29   29  420    1   27    3    2    0    1581
    1    1   30   30  111    1    7    1    2    0    1833
    1    1   31   31  330    1   21    3    2    0    1120
    1    1   32   32  241    1   16    2    1    0    1308
    1    1   33   33  339    1   22    3    1    0    1195
    1    1   34   34  279    1   18    2    1    0    3315
    1    1   35   35   96    1    6    1    2    0    1107
    1    1   36   36   17    1    2    1    2    0    1295
    1    1   37   37  136    1    9    1    3    0    1364
    1    1   38   38  146    1   10    1    3    0    1459
    1    1   39   39  170    1   11    2    2    1    3107
    1    1   40   40   16    1    1    1    3    0    2235
    1    1   41   41  465    1   30    3    2    0    1034
    1    1   42   42  293    1   19    2    2    1    1174
    1    1   43   43  376    1   24    3    1    0    1710
    1    1   44   44  395    1   25    3    1    0     960
    1    1   45   45  267    1   17    2    1    0     656
    1    1   46   46  195    1   13    2    1    0     621
    1    1   47   47  186    1   12    2    2    1    1309
    1    1   48   48   31    1    2    1    2    0    1449
    1    1   49   49   40    1    3    1    3    0    1916
    1    1   50   50  238    1   15    2    1    0    1841
    1    1   51   51  224    1   14    2    2    1    4373
    1    1   52   52  456    1   29    3    1    0    3302
    1    1   53   53  163    1   11    2    2    1    1046
    1    1   54   54  413    1   26    3    1    0    2147
    1    1   55   55  359    1   23    3    1    0    2739
    1    1   56   56  446    1   28    3    3    1    1310
    1    1   57   57    7    1    1    1    1    1     894
    1    1   58   58  148    1   10    1    1    1    1602
    1    1   59   59  250    1   16    2    2    1    1254
    1    1   60   60  471    1   30    3    2    0    1373
    1    2    1   61  455    1   29    3    3    1    1498
    1    2    2   62  163    1   11    2    2    1    1400
    1    2    3   63    7    1    1    1    3    0    2231
    1    2    4   64  278    1   18    2    1    0    2637
    1    2    5   65  337    1   22    3    3    1    1306
    1    2    6   66  250    1   16    2    3    0    2049
    1    2    7   67  423    1   27    3    1    0    2021
    1    2    8   68  190    1   12    2    2    1    1498
    1    2    9   69  330    1   21    3    2    0    1557
    1    2   10   70  125    1    8    1    1    1    1755
    1    2   11   71   62    1    4    1    1    1    1787
    1    2   12   72  241    1   16    2    1    0    1833
    1    2   13   73  215    1   14    2    2    1    1466
    1    2   14   74  267    1   17    2    3    0    1127
    1    2   15   75  359    1   23    3    1    0    1600
    1    2   16   76  186    1   12    2    2    1    1147
    1    2   17   77  465    1   30    3    3    1    1455
    1    2   18   78  111    1    7    1    1    1    1849
    1    2   19   79  293    1   19    2    2    1    2564
    1    2   20   80  272    1   17    2    1    0    3591
    1    2   21   81  170    1   11    2    2    1    1452
    1    2   22   82  148    1   10    1    3    0    6309
    1    2   23   83   85    1    6    1    1    1    3504
    1    2   24   84   73    1    5    1    3    0    2500
    1    2   25   85  135    1    9    1    2    0    1874
    1    2   26   86  195    1   13    2    2    1    1484
    1    2   27   87   31    1    2    1    1    1    1765
    1    2   28   88  115    1    8    1    3    0    1522
    1    2   29   89   16    1    1    1    3    0     653
    1    2   30   90  456    1   29    3    3    1     860
    1    2   31   91  327    1   21    3    2    0     926
    1    2   32   92  106    1    7    1    2    0    1428
    1    2   33   93  203    1   13    2    2    1     828
    1    2   34   94  471    1   30    3    2    0    1632
    1    2   35   95  443    1   28    3    1    0    1945
    1    2   36   96  229    1   15    2    1    0    2338
    1    2   37   97  420    1   27    3    3    1    1751
    1    2   38   98   96    1    6    1    3    0    4241
    1    2   39   99  136    1    9    1    1    1    1315
    1    2   40  100  279    1   18    2    1    0     995
    1    2   41  101  446    1   28    3    3    1    1779
    1    2   42  102   40    1    3    1    1    1    1172
    1    2   43  103  308    1   20    2    2    1    1325
    1    2   44  104  376    1   24    3    1    0    2363
    1    2   45  105  224    1   14    2    2    1    1695
    1    2   46  106  395    1   25    3    1    0    2152
    1    2   47  107  355    1   23    3    1    0    1089
    1    2   48  108   17    1    2    1    2    0    1360
    1    2   49  109  297    1   19    2    1    0    1073
    1    2   50  110  146    1   10    1    1    1    1871
    1    2   51  111   72    1    5    1    1    1     939
    1    2   52  112  306    1   20    2    2    1    1345
    1    2   53  113  397    1   25    3    2    0    1213
    1    2   54  114  339    1   22    3    1    0    2748
    1    2   55  115  381    1   24    3    3    1    1071
    1    2   56  116  405    1   26    3    1    0    1573
    1    2   57  117  413    1   26    3    1    0    1096
    1    2   58  118   34    1    3    1    3    0    1107
    1    2   59  119  238    1   15    2    1    0    1519
    1    2   60  120   55    1    4    1    3    0    1480
    1    3    1  121  163    1   11    2    2    1    1382
    1    3    2  122   96    1    6    1    1    1    1489
    1    3    3  123  125    1    8    1    1    1    1005
    1    3    4  124  337    1   22    3    3    1    1477
    1    3    5  125  297    1   19    2    2    1    1716
    1    3    6  126  293    1   19    2    2    1    1703
    1    3    7  127  229    1   15    2    2    1    2396
    1    3    8  128  186    1   12    2    2    1    1879
    1    3    9  129  278    1   18    2    1    0    1240
    1    3   10  130  413    1   26    3    1    0     848
    1    3   11  131  267    1   17    2    3    0    1140
    1    3   12  132  306    1   20    2    2    1    2197
    1    3   13  133  224    1   14    2    3    0    1842
    1    3   14  134  381    1   24    3    3    1    1136
    1    3   15  135  397    1   25    3    3    1    1412
    1    3   16  136  355    1   23    3    3    1    1287
    1    3   17  137  395    1   25    3    1    0    1495
    1    3   18  138  359    1   23    3    3    1    1181
    1    3   19  139  339    1   22    3    3    1    1282
    1    3   20  140  272    1   17    2    3    0     852
    1    3   21  141  250    1   16    2    2    1    1065
    1    3   22  142   72    1    5    1    1    1    1335
    1    3   23  143  238    1   15    2    1    0     874
    1    3   24  144  111    1    7    1    3    0    1819
    1    3   25  145  327    1   21    3    2    0     794
    1    3   26  146  330    1   21    3    2    0     941
    1    3   27  147  203    1   13    2    3    0     928
    1    3   28  148  148    1   10    1    3    0    2626
    1    3   29  149  423    1   27    3    1    0    7840
    1    3   30  150  135    1    9    1    1    1    1183
    1    3   31  151  215    1   14    2    2    1    1094
    1    3   32  152  376    1   24    3    3    1    1117
    1    3   33  153   31    1    2    1    2    0    2519
    1    3   34  154  446    1   28    3    3    1    1976
    1    3   35  155  195    1   13    2    2    1    1956
    1    3   36  156   55    1    4    1    3    0    1163
    1    3   37  157   73    1    5    1    3    0    1238
    1    3   38  158  241    1   16    2    3    0    1395
    1    3   39  159  106    1    7    1    3    0    1241
    1    3   40  160  471    1   30    3    3    1    1642
    1    3   41  161  136    1    9    1    1    1    1229
    1    3   42  162   40    1    3    1    1    1     994
    1    3   43  163    7    1    1    1    3    0    1345
    1    3   44  164  455    1   29    3    2    0    1232
    1    3   45  165  420    1   27    3    3    1    1286
    1    3   46  166  115    1    8    1    1    1    3063
    1    3   47  167   16    1    1    1    3    0    1779
    1    3   48  168  170    1   11    2    1    0     629
    1    3   49  169  456    1   29    3    3    1    2005
    1    3   50  170  465    1   30    3    3    1    1722
    1    3   51  171  146    1   10    1    3    0     871
    1    3   52  172   34    1    3    1    3    0     747
    1    3   53  173  308    1   20    2    2    1    1708
    1    3   54  174  190    1   12    2    2    1    1605
    1    3   55  175   85    1    6    1    3    0    3807
    1    3   56  176   62    1    4    1    3    0    1512
    1    3   57  177  405    1   26    3    1    0    1430
    1    3   58  178  279    1   18    2    3    0    1952
    1    3   59  179   17    1    2    1    2    0    1415
    1    3   60  180  443    1   28    3    1    0    3225
    2    1    1  181  200    0   13    2    3    0   20539
    2    1    2  182  122    0    8    1    3    0    2469
    2    1    3  183  175    0   11    2    1    0    1189
    2    1    4  184  140    0    9    1    3    0    1447
    2    1    5  185  301    0   19    2    3    0    1260
    2    1    6  186  142    0    9    1    1    1     528
    2    1    7  187   74    0    5    1    1    1     583
    2    1    8  188  126    0    8    1    1    1     905
    2    1    9  189   58    0    4    1    2    0    1122
    2    1   10  190  138    0    9    1    1    1    1016
    2    1   11  191  249    0   16    2    1    0    3784
    2    1   12  192  282    0   18    2    1    0    1607
    2    1   13  193  362    0   23    3    3    1    1009
    2    1   14  194  127    0    8    1    3    0    1720
    2    1   15  195   91    0    6    1    2    0    1192
    2    1   16  196  254    0   16    2    3    0    1211
    2    1   17  197  434    0   28    3    1    0    2576
    2    1   18  198   94    0    6    1    1    1    1350
    2    1   19  199  409    0   26    3    2    0    1230
    2    1   20  200   83    0    6    1    2    0    1713
    2    1   21  201  157    0   10    1    3    0    5645
    2    1   22  202  313    0   20    2    2    1    1076
    2    1   23  203  421    0   27    3    3    1    3215
    2    1   24  204  102    0    7    1    1    1    1805
    2    1   25  205  402    0   26    3    1    0    2963
    2    1   26  206  180    0   12    2    2    1    1058
    2    1   27  207  465    1   30    3    2    0     842
    2    1   28  208  273    0   18    2    2    1    1305
    2    1   29  209  160    0   10    1    1    1     759
    2    1   30  210  141    0    9    1    1    1    1080
    2    1   31  211   38    0    3    1    1    1    2092
    2    1   32  212    6    0    1    1    3    0    1004
    2    1   33  213  342    0   22    3    3    1    1685
    2    1   34  214   69    0    5    1    1    1    1849
    2    1   35  215  398    0   25    3    2    0     995
    2    1   36  216  242    0   16    2    2    1     813
    2    1   37  217  125    1    8    1    1    1     923
    2    1   38  218  349    0   22    3    3    1    1306
    2    1   39  219  234    0   15    2    1    0    1845
    2    1   40  220  235    0   15    2    1    0     944
    2    1   41  221  396    0   25    3    3    1    2014
    2    1   42  222  327    1   21    3    2    0     846
    2    1   43  223  218    0   14    2    2    1     906
    2    1   44  224  450    0   29    3    3    1    1133
    2    1   45  225  454    0   29    3    3    1     642
    2    1   46  226  420    1   27    3    3    1     928
    2    1   47  227  285    0   18    2    3    0     827
    2    1   48  228   42    0    3    1    1    1     780
    2    1   49  229  240    0   15    2    1    0     844
    2    1   50  230   14    0    1    1    1    1    1036
    2    1   51  231   49    0    4    1    1    1     765
    2    1   52  232  319    0   20    2    2    1    1115
    2    1   53  233   40    1    3    1    1    1     880
    2    1   54  234  187    0   12    2    2    1     769
    2    1   55  235    4    0    1    1    3    0    1795
    2    1   56  236  248    0   16    2    3    0     477
    2    1   57  237  113    0    8    1    3    0     735
    2    1   58  238  224    1   14    2    3    0     842
    2    1   59  239  365    0   23    3    1    0     853
    2    1   60  240  281    0   18    2    1    0     803
    2    1   61  241  446    1   28    3    3    1    1156
    2    1   62  242  191    0   12    2    2    1    1811
    2    1   63  243  458    0   29    3    1    0    1038
    2    1   64  244  209    0   14    2    2    1     838
    2    1   65  245  147    0   10    1    3    0    1866
    2    1   66  246  369    0   24    3    1    0    1119
    2    1   67  247  300    0   19    2    1    0    1016
    2    1   68  248   20    0    2    1    2    0     590
    2    1   69  249   88    0    6    1    2    0     648
    2    1   70  250   45    0    3    1    1    1     805
    2    1   71  251  339    1   22    3    3    1    1408
    2    1   72  252   22    0    2    1    2    0    1070
    2    1   73  253  177    0   12    2    2    1     922
    2    1   74  254  208    0   13    2    3    0    2276
    2    1   75  255  466    0   30    3    2    0    1005
    2    1   76  256  213    0   14    2    2    1     614
    2    1   77  257   60    0    4    1    1    1    4266
    2    1   78  258   86    0    6    1    1    1    1090
    2    1   79  259  318    0   20    2    2    1     972
    2    1   80  260  199    0   13    2    3    0    3924
    2    1   81  261  479    0   30    3    2    0    1565
    2    1   82  262  340    0   22    3    1    0    3207
    2    1   83  263   84    0    6    1    2    0     914
    2    1   84  264  425    0   27    3    1    0    2042
    2    1   85  265  119    0    8    1    1    1    1075
    2    1   86  266  461    0   29    3    3    1    1330
    2    1   87  267  202    0   13    2    1    0    2325
    2    1   88  268  148    1   10    1    1    1    1692
    2    1   89  269  278    1   18    2    3    0    3111
    2    1   90  270   27    0    2    1    2    0    1134
    2    1   91  271   75    0    5    1    1    1    1234
    2    1   92  272  132    0    9    1    1    1    1315
    2    1   93  273  329    0   21    3    2    0     789
    2    1   94  274  470    0   30    3    3    1    1532
    2    1   95  275    1    0    1    1    2    0    1001
    2    1   96  276  408    0   26    3    1    0     945
    2    1   97  277  212    0   14    2    2    1    2015
    2    1   98  278  103    0    7    1    1    1    1344
    2    1   99  279  144    0    9    1    1    1     957
    2    1  100  280  378    0   24    3    3    1    1993
    2    1  101  281  325    0   21    3    2    0     985
    2    1  102  282  423    1   27    3    3    1    2312
    2    1  103  283  459    0   29    3    3    1     920
    2    1  104  284  302    0   19    2    2    1     877
    2    1  105  285  334    0   21    3    2    0     651
    2    1  106  286  275    0   18    2    1    0    1410
    2    1  107  287  143    0    9    1    1    1     825
    2    1  108  288  266    0   17    2    2    1     718
    2    1  109  289  112    0    7    1    1    1    1729
    2    1  110  290  474    0   30    3    2    0     814
    2    1  111  291  399    0   25    3    3    1    2563
    2    1  112  292  386    0   25    3    3    1    2703
    2    1  113  293   47    0    3    1    1    1    1012
    2    1  114  294   55    1    4    1    3    0    1263
    2    1  115  295   92    0    6    1    2    0    1116
    2    1  116  296  290    0   19    2    1    0    1314
    2    1  117  297  229    1   15    2    1    0    1055
    2    1  118  298   11    0    1    1    3    0    1657
    2    1  119  299  286    0   18    2    1    0    1057
    2    1  120  300  121    0    8    1    3    0    1344
    2    1  121  301  417    0   27    3    1    0    1102
    2    1  122  302  360    0   23    3    1    0    1057
    2    1  123  303  397    1   25    3    2    0    1403
    2    1  124  304  312    0   20    2    2    1     961
    2    1  125  305  433    0   28    3    2    0    1612
    2    1  126  306  345    0   22    3    2    0    1022
    2    1  127  307  400    0   25    3    1    0    1160
    2    1  128  308  222    0   14    2    2    1    1022
    2    1  129  309  244    0   16    2    3    0    1944
    2    1  130  310  133    0    9    1    1    1    1068
    2    1  131  311  352    0   22    3    1    0    3526
    2    1  132  312  258    0   17    2    3    0    1974
    2    1  133  313  184    0   12    2    2    1     860
    2    1  134  314  159    0   10    1    3    0    2076
    2    1  135  315  271    0   17    2    2    1     665
    2    1  136  316   37    0    3    1    1    1     842
    2    1  137  317  471    1   30    3    3    1    1223
    2    1  138  318   77    0    5    1    1    1    5297
    2    1  139  319   18    0    2    1    2    0     946
    2    1  140  320  315    0   20    2    2    1     769
    2    1  141  321   78    0    5    1    1    1     771
    2    1  142  322  328    0   21    3    2    0    1748
    2    1  143  323  382    0   24    3    1    0    1026
    2    1  144  324  413    1   26    3    3    1    3250
    2    1  145  325  299    0   19    2    3    0    2232
    2    1  146  326   89    0    6    1    2    0     726
    2    1  147  327   24    0    2    1    2    0     947
    2    1  148  328  221    0   14    2    2    1    2756
    2    1  149  329   80    0    5    1    1    1    1833
    2    1  150  330  424    0   27    3    1    0    3790
    2    1  151  331  373    0   24    3    3    1    1499
    2    1  152  332  305    0   20    2    2    1     773
    2    1  153  333  311    0   20    2    2    1     834
    2    1  154  334  106    1    7    1    1    1     952
    2    1  155  335  274    0   18    2    3    0    1248
    2    1  156  336   70    0    5    1    1    1     963
    2    1  157  337  232    0   15    2    1    0    1406
    2    1  158  338   82    0    6    1    1    1    1602
    2    1  159  339  264    0   17    2    2    1    1035
    2    1  160  340  206    0   13    2    3    0    1700
    2    1  161  341  393    0   25    3    1    0    1840
    2    1  162  342  384    0   24    3    1    0    1643
    2    1  163  343  381    1   24    3    3    1     900
    2    1  164  344  426    0   27    3    1    0    1403
    2    1  165  345  298    0   19    2    3    0    2305
    2    1  166  346  332    0   21    3    2    0     874
    2    1  167  347  267    1   17    2    3    0    3194
    2    1  168  348  151    0   10    1    2    0    2250
    2    1  169  349  108    0    7    1    1    1    2295
    2    1  170  350  331    0   21    3    2    0     841
    2    1  171  351  167    0   11    2    1    0    1241
    2    1  172  352  236    0   15    2    3    0    3318
    2    1  173  353  226    0   15    2    1    0    2282
    2    1  174  354  314    0   20    2    2    1     673
    2    1  175  355  269    0   17    2    1    0    3203
    2    1  176  356  110    0    7    1    3    0    2949
    2    1  177  357  431    0   27    3    1    0    2259
    2    1  178  358  309    0   20    2    3    0    2189
    2    1  179  359  272    1   17    2    2    1    1241
    2    1  180  360  247    0   16    2    2    1    1552
    2    1  181  361  203    1   13    2    2    1     699
    2    1  182  362  197    0   13    2    3    0    1841
    2    1  183  363  214    0   14    2    2    1     921
    2    1  184  364  210    0   14    2    3    0    6053
    2    1  185  365  296    0   19    2    3    0    2058
    2    1  186  366  324    0   21    3    2    0    2052
    2    1  187  367  131    0    9    1    1    1    1030
    2    1  188  368  464    0   29    3    3    1    1604
    2    1  189  369  233    0   15    2    1    0     980
    2    1  190  370  330    1   21    3    2    0     652
    2    1  191  371  430    0   27    3    1    0     933
    2    1  192  372  256    0   16    2    3    0    1438
    2    1  193  373  395    1   25    3    3    1    2109
    2    1  194  374   16    1    1    1    3    0    2057
    2    1  195  375  372    0   24    3    3    1    5256
    2    1  196  376  188    0   12    2    2    1    1244
    2    1  197  377  320    0   20    2    2    1     907
    2    1  198  378   81    0    6    1    3    0    4232
    2    1  199  379  163    1   11    2    2    1    1171
    2    1  200  380  259    0   17    2    1    0    1733
    2    1  201  381  261    0   17    2    1    0    1538
    2    1  202  382   76    0    5    1    3    0    1331
    2    1  203  383  107    0    7    1    3    0    2047
    2    1  204  384   48    0    3    1    1    1    1487
    2    1  205  385  447    0   28    3    1    0    1661
    2    1  206  386  405    1   26    3    3    1    2685
    2    1  207  387   87    0    6    1    3    0    7648
    2    1  208  388  207    0   13    2    1    0    5015
    2    1  209  389   61    0    4    1    3    0    1963
    2    1  210  390  467    0   30    3    2    0    1417
    2    1  211  391  196    0   13    2    3    0    1134
    2    1  212  392  101    0    7    1    1    1    1001
    2    1  213  393   52    0    4    1    1    1    2074
    2    1  214  394  401    0   26    3    3    1    4284
    2    1  215  395  419    0   27    3    1    0    1531
    2    1  216  396   64    0    4    1    2    0    1280
    2    1  217  397  468    0   30    3    2    0     757
    2    1  218  398   66    0    5    1    1    1    1108
    2    1  219  399  179    0   12    2    1    0    1964
    2    1  220  400   44    0    3    1    3    0    1202
    2    1  221  401  216    0   14    2    2    1     757
    2    1  222  402   31    1    2    1    2    0     869
    2    1  223  403  367    0   23    3    2    0    3750
    2    1  224  404   99    0    7    1    3    0    3794
    2    1  225  405   25    0    2    1    2    0    1611
    2    1  226  406  287    0   18    2    3    0    2181
    2    1  227  407   26    0    2    1    2    0    1002
    2    1  228  408  238    1   15    2    1    0    1219
    2    1  229  409  370    0   24    3    1    0     975
    2    1  230  410  422    0   27    3    1    0     769
    2    1  231  411   85    1    6    1    1    1    1236
    2    1  232  412  241    1   16    2    3    0    2434
    2    1  233  413  178    0   12    2    2    1     822
    2    1  234  414  343    0   22    3    3    1    1652
    2    1  235  415   79    0    5    1    1    1    1297
    2    1  236  416  262    0   17    2    3    0    1122
    2    1  237  417  280    0   18    2    3    0    1275
    2    1  238  418  432    0   27    3    1    0    1020
    2    1  239  419  359    1   23    3    3    1    2610
    2    1  240  420   12    0    1    1    1    1     920
    2    1  241  421  253    0   16    2    1    0    2009
    2    1  242  422  139    0    9    1    1    1    1024
    2    1  243  423  368    0   23    3    1    0    1970
    2    1  244  424  418    0   27    3    1    0    1369
    2    1  245  425  341    0   22    3    1    0    4691
    2    1  246  426  117    0    8    1    3    0    1525
    2    1  247  427  453    0   29    3    3    1     969
    2    1  248  428  173    0   11    2    2    1    1703
    2    1  249  429  276    0   18    2    1    0    1655
    2    1  250  430   90    0    6    1    3    0    3460
    2    1  251  431  356    0   23    3    3    1    1403
    2    1  252  432  260    0   17    2    3    0    3383
    2    1  253  433   93    0    6    1    2    0     818
    2    1  254  434  336    0   21    3    2    0     645
    2    1  255  435  308    1   20    2    2    1    1457
    2    1  256  436  136    1    9    1    1    1    1350
    2    1  257  437  172    0   11    2    1    0    1555
    2    1  258  438  475    0   30    3    3    1     950
    2    1  259  439  166    0   11    2    3    0    2475
    2    1  260  440  457    0   29    3    3    1     895
    2    1  261  441  310    0   20    2    2    1    2577
    2    1  262  442  297    1   19    2    2    1    1402
    2    1  263  443  348    0   22    3    3    1    1616
    2    1  264  444  333    0   21    3    2    0     790
    2    1  265  445   17    1    2    1    3    0    1142
    2    1  266  446  444    0   28    3    1    0    1245
    2    1  267  447  304    0   19    2    1    0    2183
    2    1  268  448   29    0    2    1    2    0    1047
    2    1  269  449  128    0    8    1    1    1    1614
    2    1  270  450  411    0   26    3    3    1    2595
    2    1  271  451  268    0   17    2    3    0    3561
    2    1  272  452   34    1    3    1    1    1    3200
    2    1  273  453  186    1   12    2    2    1    1404
    2    1  274  454  149    0   10    1    3    0    1895
    2    1  275  455  205    0   13    2    3    0    1303
    2    1  276  456   35    0    3    1    1    1    2335
    2    1  277  457  283    0   18    2    3    0     789
    2    1  278  458   43    0    3    1    1    1     662
    2    1  279  459   13    0    1    1    3    0    1432
    2    1  280  460  390    0   25    3    1    0     794
    2    1  281  461  114    0    8    1    1    1     811
    2    1  282  462   33    0    3    1    1    1     826
    2    1  283  463  220    0   14    2    2    1     794
    2    1  284  464  270    0   17    2    2    1    1588
    2    1  285  465   51    0    4    1    1    1    2160
    2    1  286  466  374    0   24    3    1    0    1118
    2    1  287  467  124    0    8    1    1    1     936
    2    1  288  468  347    0   22    3    3    1    1159
    2    1  289  469  463    0   29    3    3    1     769
    2    1  290  470  215    1   14    2    2    1     670
    2    1  291  471  100    0    7    1    1    1    1334
    2    1  292  472   15    0    1    1    1    1    2077
    2    1  293  473  204    0   13    2    3    0    1089
    2    1  294  474  407    0   26    3    1    0    2270
    2    1  295  475  335    0   21    3    2    0     919
    2    1  296  476  181    0   12    2    2    1     690
    2    1  297  477  219    0   14    2    2    1     782
    2    1  298  478  118    0    8    1    1    1     955
    2    1  299  479  428    0   27    3    1    0     943
    2    1  300  480  451    0   29    3    3    1     778
