    1    1    1    1  121    1    8    1    1    1    2248
    1    1    2    2  353    1   23    3    3    1    2568
    1    1    3    3   16    1    1    1    2    0    1077
    1    1    4    4   52    1    4    1    2    0    1680
    1    1    5    5  280    1   18    2    3    0    1860
    1    1    6    6  164    1   11    2    1    0    4063
    1    1    7    7  340    1   22    3    3    1    1801
    1    1    8    8  476    1   30    3    3    1    2603
    1    1    9    9  408    1   26    3    3    1    2259
    1    1   10   10  276    1   18    2    3    0    3741
    1    1   11   11  212    1   14    2    1    0    3947
    1    1   12   12   35    1    3    1    2    0    2870
    1    1   13   13  479    1   30    3    1    0    3242
    1    1   14   14  411    1   26    3    3    1    1723
    1    1   15   15    4    1    1    1    1    1    2960
    1    1   16   16  473    1   30    3    2    0    3105
    1    1   17   17   15    1    1    1    1    1   11813
    1    1   18   18  272    1   17    2    3    0    2858
    1    1   19   19   80    1    5    1    1    1    1333
    1    1   20   20  240    1   15    2    2    1    2708
    1    1   21   21  117    1    8    1    3    0    3394
    1    1   22   22   49    1    4    1    1    1    4307
    1    1   23   23  252    1   16    2    3    0    2441
    1    1   24   24  387    1   25    3    1    0    3846
    1    1   25   25  216    1   14    2    1    0    1624
    1    1   26   26  245    1   16    2    2    1    2286
    1    1   27   27  380    1   24    3    1    0    2223
    1    1   28   28  406    1   26    3    2    0    2994
    1    1   29   29  359    1   23    3    3    1    3152
    1    1   30   30  471    1   30    3    2    0    3576
    1    1   31   31  448    1   28    3    3    1     853
    1    1   32   32  267    1   17    2    2    1    2288
    1    1   33   33  120    1    8    1    2    0     658
    1    1   34   34   36    1    3    1    1    1    1260
    1    1   35   35   71    1    5    1    1    1     630
    1    1   36   36  219    1   14    2    1    0    1131
    1    1   37   37  271    1   17    2    2    1    2531
    1    1   38   38  182    1   12    2    2    1    1232
    1    1   39   39   38    1    3    1    1    1    1243
    1    1   40   40  289    1   19    2    3    0    4734
    1    1   41   41   37    1    3    1    1    1    1486
    1    1   42   42  201    1   13    2    2    1    3419
    1    1   43   43   58    1    4    1    1    1    3300
    1    1   44   44  360    1   23    3    2    0    4568
    1    1   45   45  269    1   17    2    2    1    3254
    1    1   46   46   66    1    5    1    1    1    1399
    1    1   47   47  424    1   27    3    2    0    2419
    1    1   48   48  465    1   30    3    1    0    4220
    1    1   49   49   56    1    4    1    1    1    1515
    1    1   50   50   53    1    4    1    1    1    1268
    1    1   51   51    6    1    1    1    1    1     973
    1    1   52   52  250    1   16    2    2    1    2449
    1    1   53   53  409    1   26    3    3    1    2316
    1    1   54   54  290    1   19    2    1    0    1220
    1    1   55   55  326    1   21    3    1    0    2422
    1    1   56   56  266    1   17    2    2    1    2502
    1    1   57   57   33    1    3    1    1    1    1022
    1    1   58   58  217    1   14    2    2    1    3923
    1    1   59   59  396    1   25    3    3    1    2499
    1    1   60   60  356    1   23    3    2    0    3485
    1    2    1   61   36    1    3    1    1    1     992
    1    2    2   62   37    1    3    1    1    1     742
    1    2    3   63   71    1    5    1    1    1     693
    1    2    4   64  266    1   17    2    2    1    1117
    1    2    5   65   52    1    4    1    1    1     755
    1    2    6   66  396    1   25    3    3    1    1063
    1    2    7   67  465    1   30    3    3    1    1389
    1    2    8   68   66    1    5    1    1    1     608
    1    2    9   69  269    1   17    2    2    1    2213
    1    2   10   70   49    1    4    1    1    1     973
    1    2   11   71   58    1    4    1    1    1    1405
    1    2   12   72  219    1   14    2    2    1    1724
    1    2   13   73  245    1   16    2    2    1    2178
    1    2   14   74  212    1   14    2    2    1    2745
    1    2   15   75  340    1   22    3    2    0    2858
    1    2   16   76  120    1    8    1    1    1    2496
    1    2   17   77   38    1    3    1    1    1     834
    1    2   18   78  424    1   27    3    3    1    1587
    1    2   19   79  164    1   11    2    1    0    1253
    1    2   20   80  182    1   12    2    2    1    1944
    1    2   21   81  448    1   28    3    3    1    2782
    1    2   22   82  121    1    8    1    1    1    1696
    1    2   23   83  276    1   18    2    3    0    1686
    1    2   24   84   56    1    4    1    1    1    2295
    1    2   25   85  409    1   26    3    2    0    4833
    1    2   26   86  240    1   15    2    2    1    3826
    1    2   27   87  217    1   14    2    1    0    1787
    1    2   28   88  289    1   19    2    2    1    2287
    1    2   29   89   53    1    4    1    1    1    1146
    1    2   30   90  326    1   21    3    1    0    2281
    1    2   31   91    6    1    1    1    1    1    1069
    1    2   32   92  411    1   26    3    3    1    1533
    1    2   33   93    4    1    1    1    1    1    1901
    1    2   34   94   16    1    1    1    1    1    1029
    1    2   35   95  360    1   23    3    3    1     795
    1    2   36   96  280    1   18    2    2    1    2388
    1    2   37   97  387    1   25    3    2    0    1767
    1    2   38   98  471    1   30    3    2    0    2002
    1    2   39   99  473    1   30    3    2    0    2556
    1    2   40  100  290    1   19    2    3    0    2772
    1    2   41  101  117    1    8    1    2    0    1589
    1    2   42  102  250    1   16    2    2    1    3136
    1    2   43  103  252    1   16    2    2    1    1054
    1    2   44  104  408    1   26    3    3    1    1360
    1    2   45  105  201    1   13    2    2    1    1134
    1    2   46  106   15    1    1    1    1    1     801
    1    2   47  107   35    1    3    1    1    1     738
    1    2   48  108  380    1   24    3    2    0    3186
    1    2   49  109  353    1   23    3    3    1     826
    1    2   50  110  272    1   17    2    1    0    2439
    1    2   51  111   80    1    5    1    3    0    2243
    1    2   52  112  406    1   26    3    2    0    1888
    1    2   53  113  267    1   17    2    2    1    1124
    1    2   54  114  476    1   30    3    2    0    2658
    1    2   55  115  216    1   14    2    1    0    1614
    1    2   56  116   33    1    3    1    1    1     834
    1    2   57  117  356    1   23    3    3    1    1772
    1    2   58  118  479    1   30    3    1    0    4323
    1    2   59  119  359    1   23    3    2    0    5579
    1    2   60  120  271    1   17    2    1    0    2906
    1    3    1  121  250    1   16    2    2    1    2246
    1    3    2  122  201    1   13    2    2    1     998
    1    3    3  123  359    1   23    3    3    1    1689
    1    3    4  124  252    1   16    2    2    1    1128
    1    3    5  125  396    1   25    3    3    1    1929
    1    3    6  126  164    1   11    2    1    0    1215
    1    3    7  127  216    1   14    2    1    0    3268
    1    3    8  128    6    1    1    1    1    1    1201
    1    3    9  129  473    1   30    3    3    1    1991
    1    3   10  130    4    1    1    1    1    1     857
    1    3   11  131  476    1   30    3    3    1    1053
    1    3   12  132  409    1   26    3    2    0    2074
    1    3   13  133  406    1   26    3    3    1     923
    1    3   14  134  266    1   17    2    2    1    3020
    1    3   15  135  271    1   17    2    2    1    1477
    1    3   16  136  120    1    8    1    1    1    1123
    1    3   17  137  479    1   30    3    3    1    1185
    1    3   18  138   16    1    1    1    1    1    1507
    1    3   19  139   38    1    3    1    1    1     942
    1    3   20  140  411    1   26    3    3    1     808
    1    3   21  141  117    1    8    1    1    1    1201
    1    3   22  142   56    1    4    1    2    0    5395
    1    3   23  143   49    1    4    1    1    1     817
    1    3   24  144  471    1   30    3    3    1    1366
    1    3   25  145  269    1   17    2    2    1    2369
    1    3   26  146   53    1    4    1    1    1    1294
    1    3   27  147  424    1   27    3    3    1     830
    1    3   28  148  380    1   24    3    3    1    1134
    1    3   29  149   37    1    3    1    1    1     760
    1    3   30  150  245    1   16    2    2    1    1464
    1    3   31  151  340    1   22    3    3    1    2577
    1    3   32  152  408    1   26    3    3    1    2263
    1    3   33  153  267    1   17    2    2    1    1061
    1    3   34  154   66    1    5    1    1    1     708
    1    3   35  155   36    1    3    1    1    1     799
    1    3   36  156  240    1   15    2    3    0    1478
    1    3   37  157  353    1   23    3    3    1     893
    1    3   38  158   15    1    1    1    1    1     740
    1    3   39  159   33    1    3    1    1    1    1208
    1    3   40  160  289    1   19    2    2    1    1872
    1    3   41  161  465    1   30    3    3    1     824
    1    3   42  162  182    1   12    2    2    1     909
    1    3   43  163  448    1   28    3    3    1     841
    1    3   44  164  121    1    8    1    1    1     802
    1    3   45  165  360    1   23    3    3    1     734
    1    3   46  166   58    1    4    1    1    1     760
    1    3   47  167  280    1   18    2    3    0     822
    1    3   48  168  356    1   23    3    3    1    1147
    1    3   49  169   71    1    5    1    1    1     656
    1    3   50  170  212    1   14    2    3    0    2872
    1    3   51  171  219    1   14    2    1    0    1029
    1    3   52  172  387    1   25    3    2    0    3074
    1    3   53  173   52    1    4    1    1    1     827
    1    3   54  174  276    1   18    2    2    1    1729
    1    3   55  175   80    1    5    1    1    1    1753
    1    3   56  176  290    1   19    2    2    1    3103
    1    3   57  177  326    1   21    3    3    1    3518
    1    3   58  178  217    1   14    2    2    1    2378
    1    3   59  179   35    1    3    1    1    1     701
    1    3   60  180  272    1   17    2    2    1    1823
    2    1    1  181  202    0   13    2    2    1    2185
    2    1    2  182  186    0   12    2    1    0    4960
    2    1    3  183  445    0   28    3    3    1    1360
    2    1    4  184  250    1   16    2    2    1     957
    2    1    5  185  383    0   24    3    1    0    1292
    2    1    6  186  365    0   23    3    3    1    1613
    2    1    7  187   31    0    2    1    3    0    3809
    2    1    8  188   61    0    4    1    2    0    2112
    2    1    9  189  456    0   29    3    3    1    1317
    2    1   10  190  264    0   17    2    2    1    2000
    2    1   11  191  322    0   21    3    1    0    1958
    2    1   12  192  415    0   26    3    3    1     874
    2    1   13  193  319    0   20    2    3    0     756
    2    1   14  194   21    0    2    1    3    0     873
    2    1   15  195  417    0   27    3    3    1    3100
    2    1   16  196  189    0   12    2    1    0    1502
    2    1   17  197  222    0   14    2    3    0     944
    2    1   18  198   64    0    4    1    3    0    9851
    2    1   19  199  110    0    7    1    3    0    1865
    2    1   20  200  388    0   25    3    2    0    2710
    2    1   21  201  296    0   19    2    2    1    3455
    2    1   22  202  460    0   29    3    3    1     827
    2    1   23  203  113    0    8    1    1    1    2949
    2    1   24  204  123    0    8    1    1    1    4345
    2    1   25  205  340    1   22    3    3    1    1164
    2    1   26  206   67    0    5    1    2    0    2070
    2    1   27  207    9    0    1    1    1    1    2040
    2    1   28  208  468    0   30    3    3    1     664
    2    1   29  209   81    0    6    1    3    0    1146
    2    1   30  210   59    0    4    1    3    0    2046
    2    1   31  211  274    0   18    2    2    1    1218
    2    1   32  212  197    0   13    2    2    1    2285
    2    1   33  213  310    0   20    2    2    1     863
    2    1   34  214  444    0   28    3    3    1     772
    2    1   35  215  220    0   14    2    3    0    2126
    2    1   36  216  272    1   17    2    2    1    1975
    2    1   37  217  476    1   30    3    3    1     661
    2    1   38  218  350    0   22    3    2    0    1189
    2    1   39  219  478    0   30    3    3    1     780
    2    1   40  220  371    0   24    3    1    0    1371
    2    1   41  221  345    0   22    3    1    0    2442
    2    1   42  222  379    0   24    3    1    0     839
    2    1   43  223  201    1   13    2    2    1     871
    2    1   44  224  434    0   28    3    1    0    2129
    2    1   45  225    7    0    1    1    1    1     694
    2    1   46  226  285    0   18    2    3    0    1171
    2    1   47  227  419    0   27    3    3    1     830
    2    1   48  228  443    0   28    3    3    1    2137
    2    1   49  229  305    0   20    2    3    0     776
    2    1   50  230  155    0   10    1    3    0     694
    2    1   51  231   44    0    3    1    1    1    1676
    2    1   52  232  104    0    7    1    2    0    2046
    2    1   53  233  431    0   27    3    2    0     824
    2    1   54  234  224    0   14    2    3    0    2710
    2    1   55  235  247    0   16    2    2    1    1067
    2    1   56  236  473    1   30    3    3    1    1126
    2    1   57  237  401    0   26    3    3    1    1422
    2    1   58  238  225    0   15    2    2    1    3044
    2    1   59  239  167    0   11    2    1    0     910
    2    1   60  240  413    0   26    3    3    1     633
    2    1   61  241   47    0    3    1    1    1     711
    2    1   62  242  141    0    9    1    3    0    1250
    2    1   63  243  480    0   30    3    1    0    2526
    2    1   64  244  318    0   20    2    3    0     808
    2    1   65  245  143    0    9    1    3    0    1295
    2    1   66  246  329    0   21    3    1    0     668
    2    1   67  247  175    0   11    2    2    1    2298
    2    1   68  248  382    0   24    3    1    0    1060
    2    1   69  249   19    0    2    1    2    0    1893
    2    1   70  250    8    0    1    1    2    0    1789
    2    1   71  251  257    0   17    2    1    0    3345
    2    1   72  252  184    0   12    2    1    0     737
    2    1   73  253  328    0   21    3    1    0     645
    2    1   74  254  414    0   26    3    3    1     781
    2    1   75  255  314    0   20    2    3    0     735
    2    1   76  256  244    0   16    2    2    1    1735
    2    1   77  257  153    0   10    1    1    1    1740
    2    1   78  258  249    0   16    2    2    1    1844
    2    1   79  259  412    0   26    3    3    1     980
    2    1   80  260  160    0   10    1    1    1    1219
    2    1   81  261  214    0   14    2    3    0    1310
    2    1   82  262  410    0   26    3    3    1     731
    2    1   83  263  326    1   21    3    1    0    1798
    2    1   84  264  355    0   23    3    3    1     955
    2    1   85  265  351    0   22    3    1    0     799
    2    1   86  266  404    0   26    3    1    0    3057
    2    1   87  267  372    0   24    3    1    0     848
    2    1   88  268  333    0   21    3    1    0     631
    2    1   89  269  425    0   27    3    3    1     721
    2    1   90  270  389    0   25    3    3    1    1645
    2    1   91  271   96    0    6    1    1    1     736
    2    1   92  272  426    0   27    3    3    1    2555
    2    1   93  273  440    0   28    3    3    1     864
    2    1   94  274  195    0   13    2    2    1     754
    2    1   95  275  449    0   29    3    2    0    1342
    2    1   96  276  207    0   13    2    2    1    1363
    2    1   97  277  227    0   15    2    3    0     787
    2    1   98  278  204    0   13    2    2    1    1868
    2    1   99  279  307    0   20    2    3    0     709
    2    1  100  280  439    0   28    3    3    1    1549
    2    1  101  281   12    0    1    1    1    1     712
    2    1  102  282  198    0   13    2    2    1     780
    2    1  103  283  276    1   18    2    3    0    1755
    2    1  104  284  271    1   17    2    2    1    1211
    2    1  105  285   17    0    2    1    3    0     899
    2    1  106  286   20    0    2    1    1    1     668
    2    1  107  287  176    0   11    2    1    0     941
    2    1  108  288  458    0   29    3    1    0     850
    2    1  109  289  341    0   22    3    1    0     773
    2    1  110  290  159    0   10    1    1    1     771
    2    1  111  291  357    0   23    3    3    1     703
    2    1  112  292  312    0   20    2    3    0     743
    2    1  113  293  126    0    8    1    1    1     456
    2    1  114  294  292    0   19    2    1    0    1000
    2    1  115  295  465    1   30    3    3    1     590
    2    1  116  296   97    0    7    1    1    1     631
    2    1  117  297  130    0    9    1    1    1     847
    2    1  118  298   46    0    3    1    1    1     828
    2    1  119  299  282    0   18    2    3    0     707
    2    1  120  300  396    1   25    3    3    1     800
    2    1  121  301   77    0    5    1    1    1     605
    2    1  122  302  166    0   11    2    1    0     698
    2    1  123  303  120    1    8    1    1    1     761
    2    1  124  304  324    0   21    3    1    0     837
    2    1  125  305  317    0   20    2    3    0     785
    2    1  126  306  162    0   11    2    1    0    2011
    2    1  127  307   41    0    3    1    1    1     699
    2    1  128  308  368    0   23    3    1    0    2288
    2    1  129  309  246    0   16    2    2    1     996
    2    1  130  310   86    0    6    1    2    0    2402
    2    1  131  311  342    0   22    3    1    0    1016
    2    1  132  312  144    0    9    1    1    1    1211
    2    1  133  313  277    0   18    2    3    0     680
    2    1  134  314   71    1    5    1    1    1     691
    2    1  135  315  180    0   12    2    1    0     727
    2    1  136  316  191    0   12    2    1    0    1293
    2    1  137  317  107    0    7    1    1    1     780
    2    1  138  318   65    0    5    1    1    1     628
    2    1  139  319  212    1   14    2    3    0     685
    2    1  140  320   30    0    2    1    1    1    1153
    2    1  141  321  429    0   27    3    3    1     680
    2    1  142  322  424    1   27    3    3    1     760
    2    1  143  323  302    0   19    2    2    1    2658
    2    1  144  324  161    0   11    2    1    0     683
    2    1  145  325  105    0    7    1    3    0    1513
    2    1  146  326  203    0   13    2    2    1    1076
    2    1  147  327  152    0   10    1    3    0     768
    2    1  148  328  132    0    9    1    3    0    2413
    2    1  149  329  370    0   24    3    1    0     669
    2    1  150  330  150    0   10    1    2    0    1046
    2    1  151  331   79    0    5    1    1    1     712
    2    1  152  332  331    0   21    3    1    0     633
    2    1  153  333  378    0   24    3    1    0     669
    2    1  154  334  253    0   16    2    2    1    1030
    2    1  155  335  289    1   19    2    2    1     990
    2    1  156  336  423    0   27    3    3    1     745
    2    1  157  337  381    0   24    3    1    0     732
    2    1  158  338   57    0    4    1    1    1     969
    2    1  159  339    1    0    1    1    1    1    1125
    2    1  160  340  149    0   10    1    3    0    2267
    2    1  161  341  420    0   27    3    3    1     939
    2    1  162  342   42    0    3    1    1    1    2276
    2    1  163  343  286    0   18    2    3    0    1190
    2    1  164  344  375    0   24    3    1    0     662
    2    1  165  345   45    0    3    1    1    1     669
    2    1  166  346  103    0    7    1    1    1     707
    2    1  167  347  168    0   11    2    1    0     699
    2    1  168  348  430    0   27    3    3    1     680
    2    1  169  349  394    0   25    3    1    0    1269
    2    1  170  350  221    0   14    2    1    0    1182
    2    1  171  351  258    0   17    2    3    0     956
    2    1  172  352  323    0   21    3    1    0    1015
    2    1  173  353  139    0    9    1    1    1    2103
    2    1  174  354   68    0    5    1    1    1     939
    2    1  175  355  441    0   28    3    3    1     755
    2    1  176  356  231    0   15    2    2    1     872
    2    1  177  357  205    0   13    2    2    1     759
    2    1  178  358  106    0    7    1    2    0     731
    2    1  179  359   54    0    4    1    1    1    1843
    2    1  180  360   36    1    3    1    1    1     666
    2    1  181  361  265    0   17    2    1    0    1398
    2    1  182  362  354    0   23    3    3    1     771
    2    1  183  363  433    0   28    3    3    1    1127
    2    1  184  364  190    0   12    2    1    0     666
    2    1  185  365  309    0   20    2    3    0     707
    2    1  186  366   10    0    1    1    1    1    1376
    2    1  187  367   34    0    3    1    1    1     767
    2    1  188  368   72    0    5    1    1    1     630
    2    1  189  369  147    0   10    1    2    0    1189
    2    1  190  370  145    0   10    1    1    1    1033
    2    1  191  371  455    0   29    3    2    0    1019
    2    1  192  372  226    0   15    2    3    0     667
    2    1  193  373  464    0   29    3    1    0    1380
    2    1  194  374  347    0   22    3    1    0     644
    2    1  195  375  136    0    9    1    1    1     957
    2    1  196  376  261    0   17    2    2    1     969
    2    1  197  377  266    1   17    2    2    1    1060
    2    1  198  378  325    0   21    3    1    0    1512
    2    1  199  379  129    0    9    1    1    1     777
    2    1  200  380  304    0   19    2    1    0     724
    2    1  201  381  380    1   24    3    3    1     988
    2    1  202  382  406    1   26    3    3    1     741
    2    1  203  383   98    0    7    1    1    1     759
    2    1  204  384  228    0   15    2    3    0     792
    2    1  205  385  393    0   25    3    3    1    1146
    2    1  206  386  179    0   12    2    1    0     776
    2    1  207  387  461    0   29    3    2    0    1729
    2    1  208  388  200    0   13    2    2    1    1175
    2    1  209  389  336    0   21    3    1    0     801
    2    1  210  390  339    0   22    3    1    0     714
    2    1  211  391  397    0   25    3    3    1     714
    2    1  212  392  238    0   15    2    3    0     655
    2    1  213  393  260    0   17    2    1    0    2849
    2    1  214  394  174    0   11    2    1    0     694
    2    1  215  395  188    0   12    2    1    0    1227
    2    1  216  396  403    0   26    3    3    1     871
    2    1  217  397  233    0   15    2    3    0     907
    2    1  218  398  364    0   23    3    1    0    1962
    2    1  219  399  376    0   24    3    1    0     766
    2    1  220  400  157    0   10    1    1    1     662
    2    1  221  401  287    0   18    2    1    0     898
    2    1  222  402  252    1   16    2    2    1    2002
    2    1  223  403  466    0   30    3    1    0    1617
    2    1  224  404  369    0   24    3    1    0     717
    2    1  225  405   55    0    4    1    1    1     653
    2    1  226  406   26    0    2    1    3    0     791
    2    1  227  407  358    0   23    3    3    1     762
    2    1  228  408  229    0   15    2    3    0     732
    2    1  229  409  217    1   14    2    1    0    2289
    2    1  230  410    4    1    1    1    1    1     779
    2    1  231  411   95    0    6    1    1    1    2555
    2    1  232  412  146    0   10    1    1    1     679
    2    1  233  413  218    0   14    2    3    0     776
    2    1  234  414   75    0    5    1    1    1     733
    2    1  235  415   63    0    4    1    1    1     832
    2    1  236  416  170    0   11    2    1    0     668
    2    1  237  417  251    0   16    2    2    1    1206
    2    1  238  418  216    1   14    2    3    0    2179
    2    1  239  419  163    0   11    2    1    0    2941
    2    1  240  420  124    0    8    1    1    1     982
    2    1  241  421  288    0   18    2    2    1    2446
    2    1  242  422  435    0   28    3    3    1    1479
    2    1  243  423  269    1   17    2    2    1     956
    2    1  244  424  469    0   30    3    3    1     709
    2    1  245  425  416    0   26    3    3    1    1398
    2    1  246  426   94    0    6    1    1    1    1067
    2    1  247  427  235    0   15    2    3    0    1233
    2    1  248  428  448    1   28    3    3    1     807
    2    1  249  429  185    0   12    2    1    0     694
    2    1  250  430  178    0   12    2    1    0    1178
    2    1  251  431   73    0    5    1    1    1     853
    2    1  252  432  374    0   24    3    1    0    2257
    2    1  253  433  108    0    7    1    1    1    1159
    2    1  254  434  148    0   10    1    3    0    1196
    2    1  255  435  232    0   15    2    3    0     686
    2    1  256  436   32    0    2    1    3    0    1675
    2    1  257  437  356    1   23    3    3    1     897
    2    1  258  438  245    1   16    2    2    1     956
    2    1  259  439  446    0   28    3    3    1    1028
    2    1  260  440  100    0    7    1    1    1     768
    2    1  261  441   84    0    6    1    1    1    1032
    2    1  262  442   74    0    5    1    1    1     756
    2    1  263  443  295    0   19    2    1    0     775
    2    1  264  444  121    1    8    1    1    1    1256
    2    1  265  445  462    0   29    3    3    1     967
    2    1  266  446  177    0   12    2    1    0    1197
    2    1  267  447  398    0   25    3    3    1     688
    2    1  268  448  128    0    8    1    1    1     891
    2    1  269  449  273    0   18    2    3    0    1242
    2    1  270  450  352    0   22    3    2    0    3486
    2    1  271  451  363    0   23    3    1    0     775
    2    1  272  452   11    0    1    1    2    0    2593
    2    1  273  453  367    0   23    3    2    0     967
    2    1  274  454  134    0    9    1    2    0    1565
    2    1  275  455  183    0   12    2    1    0     734
    2    1  276  456   37    1    3    1    1    1     928
    2    1  277  457  173    0   11    2    1    0     995
    2    1  278  458  234    0   15    2    3    0     804
    2    1  279  459  254    0   16    2    2    1     868
    2    1  280  460   93    0    6    1    1    1    1247
    2    1  281  461  479    1   30    3    3    1     748
    2    1  282  462  360    1   23    3    3    1     711
    2    1  283  463  256    0   16    2    2    1     882
    2    1  284  464  327    0   21    3    1    0     719
    2    1  285  465  438    0   28    3    3    1     998
    2    1  286  466   60    0    4    1    2    0    2431
    2    1  287  467  172    0   11    2    1    0    1026
    2    1  288  468  239    0   15    2    2    1    1191
    2    1  289  469  187    0   12    2    1    0    1394
    2    1  290  470   85    0    6    1    1    1    1125
    2    1  291  471   28    0    2    1    1    1     825
    2    1  292  472  472    0   30    3    3    1     741
    2    1  293  473  349    0   22    3    1    0     669
    2    1  294  474  192    0   12    2    1    0     704
    2    1  295  475  263    0   17    2    1    0    3290
    2    1  296  476   48    0    3    1    1    1     783
    2    1  297  477  362    0   23    3    3    1     738
    2    1  298  478  316    0   20    2    2    1    2157
    2    1  299  479  330    0   21    3    1    0     935
    2    1  300  480  442    0   28    3    3    1    1524
