    1    1    1    1  136    1    9    1    1    1    4213
    1    1    2    2  395    1   25    3    2    0    1878
    1    1    3    3  146    1   10    1    2    0    1539
    1    1    4    4  148    1   10    1    2    0    2385
    1    1    5    5  215    1   14    2    3    0    2109
    1    1    6    6   17    1    2    1    1    1    2105
    1    1    7    7  306    1   20    2    1    0    1504
    1    1    8    8  203    1   13    2    3    0    3103
    1    1    9    9  359    1   23    3    1    0    1286
    1    1   10   10   73    1    5    1    2    0    1297
    1    1   11   11  381    1   24    3    1    0    3557
    1    1   12   12  111    1    7    1    3    0    2074
    1    1   13   13  308    1   20    2    2    1     934
    1    1   14   14  170    1   11    2    2    1    1083
    1    1   15   15  471    1   30    3    1    0    1368
    1    1   16   16  423    1   27    3    1    0     964
    1    1   17   17  115    1    8    1    1    1     747
    1    1   18   18   72    1    5    1    2    0    1829
    1    1   19   19  267    1   17    2    3    0     970
    1    1   20   20  405    1   26    3    3    1    1222
    1    1   21   21  297    1   19    2    1    0     803
    1    1   22   22   16    1    1    1    2    0     521
    1    1   23   23  195    1   13    2    3    0     332
    1    1   24   24  455    1   29    3    1    0     705
    1    1   25   25  163    1   11    2    2    1    1336
    1    1   26   26   34    1    3    1    2    0    1129
    1    1   27   27  278    1   18    2    3    0     321
    1    1   28   28  355    1   23    3    1    0     539
    1    1   29   29  413    1   26    3    1    0     998
    1    1   30   30  446    1   28    3    2    0    1135
    1    1   31   31  293    1   19    2    3    0     819
    1    1   32   32   55    1    4    1    2    0     502
    1    1   33   33  376    1   24    3    1    0     277
    1    1   34   34  339    1   22    3    3    1     832
    1    1   35   35  106    1    7    1    3    0     517
    1    1   36   36   40    1    3    1    2    0     344
    1    1   37   37   62    1    4    1    3    0     366
    1    1   38   38  125    1    8    1    1    1     421
    1    1   39   39  190    1   12    2    2    1     611
    1    1   40   40  420    1   27    3    3    1     688
    1    1   41   41  186    1   12    2    2    1     761
    1    1   42   42  250    1   16    2    1    0     592
    1    1   43   43   96    1    6    1    3    0     757
    1    1   44   44  272    1   17    2    1    0     544
    1    1   45   45  229    1   15    2    3    0    1467
    1    1   46   46  337    1   22    3    2    0     965
    1    1   47   47  456    1   29    3    1    0    1177
    1    1   48   48   31    1    2    1    1    1     906
    1    1   49   49  443    1   28    3    2    0    1378
    1    1   50   50   85    1    6    1    1    1    1926
    1    1   51   51  241    1   16    2    2    1    1324
    1    1   52   52  465    1   30    3    3    1    1182
    1    1   53   53  397    1   25    3    1    0     895
    1    1   54   54    7    1    1    1    2    0     696
    1    1   55   55  224    1   14    2    2    1     389
    1    1   56   56  330    1   21    3    3    1     641
    1    1   57   57  327    1   21    3    3    1     380
    1    1   58   58  238    1   15    2    1    0     453
    1    1   59   59  279    1   18    2    2    1     371
    1    1   60   60  135    1    9    1    1    1     909
    1    2    1   61  238    1   15    2    1    0     857
    1    2    2   62  443    1   28    3    3    1     477
    1    2    3   63  395    1   25    3    1    0    2011
    1    2    4   64  170    1   11    2    2    1     839
    1    2    5   65  423    1   27    3    2    0    1304
    1    2    6   66  306    1   20    2    2    1     978
    1    2    7   67  405    1   26    3    1    0     884
    1    2    8   68   55    1    4    1    3    0    1426
    1    2    9   69  420    1   27    3    1    0    1096
    1    2   10   70  125    1    8    1    2    0     474
    1    2   11   71  267    1   17    2    1    0     359
    1    2   12   72  163    1   11    2    3    0     300
    1    2   13   73  106    1    7    1    1    1     326
    1    2   14   74   40    1    3    1    2    0    1747
    1    2   15   75   34    1    3    1    1    1     766
    1    2   16   76   85    1    6    1    1    1    2558
    1    2   17   77  308    1   20    2    3    0    1862
    1    2   18   78   62    1    4    1    2    0     786
    1    2   19   79  224    1   14    2    1    0     672
    1    2   20   80  203    1   13    2    3    0     938
    1    2   21   81  330    1   21    3    3    1     925
    1    2   22   82  446    1   28    3    2    0    1438
    1    2   23   83  195    1   13    2    2    1     955
    1    2   24   84  471    1   30    3    3    1    1155
    1    2   25   85  381    1   24    3    1    0    1143
    1    2   26   86  293    1   19    2    1    0    1047
    1    2   27   87  327    1   21    3    2    0     576
    1    2   28   88  397    1   25    3    2    0    1391
    1    2   29   89  272    1   17    2    2    1     396
    1    2   30   90    7    1    1    1    3    0    1367
    1    2   31   91   16    1    1    1    1    1    3191
    1    2   32   92  455    1   29    3    3    1     836
    1    2   33   93  186    1   12    2    2    1     986
    1    2   34   94  359    1   23    3    3    1     932
    1    2   35   95  135    1    9    1    2    0     947
    1    2   36   96  339    1   22    3    2    0     913
    1    2   37   97  355    1   23    3    2    0     335
    1    2   38   98  376    1   24    3    2    0     500
    1    2   39   99   96    1    6    1    2    0     819
    1    2   40  100  456    1   29    3    2    0     567
    1    2   41  101  413    1   26    3    2    0     797
    1    2   42  102   17    1    2    1    2    0     618
    1    2   43  103  148    1   10    1    3    0     855
    1    2   44  104  297    1   19    2    2    1     360
    1    2   45  105  241    1   16    2    1    0    3277
    1    2   46  106  146    1   10    1    2    0     748
    1    2   47  107  111    1    7    1    1    1     516
    1    2   48  108  115    1    8    1    3    0   25164
    1    2   49  109   73    1    5    1    3    0     921
    1    2   50  110  465    1   30    3    2    0     508
    1    2   51  111  229    1   15    2    3    0    2236
    1    2   52  112  136    1    9    1    1    1     817
    1    2   53  113  278    1   18    2    3    0     690
    1    2   54  114  279    1   18    2    3    0     756
    1    2   55  115   72    1    5    1    2    0     252
    1    2   56  116  250    1   16    2    3    0     614
    1    2   57  117  215    1   14    2    2    1     233
    1    2   58  118  337    1   22    3    2    0    1212
    1    2   59  119  190    1   12    2    2    1     717
    1    2   60  120   31    1    2    1    1    1    1007
    1    3    1  121  405    1   26    3    2    0    1072
    1    3    2  122  111    1    7    1    2    0    1124
    1    3    3  123  420    1   27    3    3    1     888
    1    3    4  124  446    1   28    3    2    0     907
    1    3    5  125   85    1    6    1    1    1    1559
    1    3    6  126   17    1    2    1    2    0     917
    1    3    7  127  455    1   29    3    3    1     852
    1    3    8  128   73    1    5    1    2    0     697
    1    3    9  129  241    1   16    2    2    1    1729
    1    3   10  130  203    1   13    2    2    1     890
    1    3   11  131  423    1   27    3    1    0    1586
    1    3   12  132  337    1   22    3    2    0    3634
    1    3   13  133   40    1    3    1    1    1     974
    1    3   14  134  395    1   25    3    3    1    1516
    1    3   15  135  376    1   24    3    2    0     737
    1    3   16  136  135    1    9    1    2    0     570
    1    3   17  137  443    1   28    3    3    1     630
    1    3   18  138  272    1   17    2    1    0     684
    1    3   19  139  190    1   12    2    2    1     427
    1    3   20  140  381    1   24    3    1    0     966
    1    3   21  141  359    1   23    3    3    1    1181
    1    3   22  142  125    1    8    1    2    0    1628
    1    3   23  143  148    1   10    1    3    0     662
    1    3   24  144  397    1   25    3    1    0    1177
    1    3   25  145  186    1   12    2    2    1    1357
    1    3   26  146  267    1   17    2    2    1    3115
    1    3   27  147  106    1    7    1    3    0    8853
    1    3   28  148  278    1   18    2    3    0    1359
    1    3   29  149   55    1    4    1    1    1    1223
    1    3   30  150  170    1   11    2    1    0    8279
    1    3   31  151  327    1   21    3    3    1    1695
    1    3   32  152  279    1   18    2    3    0    2499
    1    3   33  153  229    1   15    2    3    0    2037
    1    3   34  154  413    1   26    3    3    1    1168
    1    3   35  155  136    1    9    1    1    1     695
    1    3   36  156  339    1   22    3    1    0    1338
    1    3   37  157  308    1   20    2    2    1     942
    1    3   38  158   96    1    6    1    1    1     841
    1    3   39  159   72    1    5    1    1    1    1066
    1    3   40  160  195    1   13    2    3    0    1923
    1    3   41  161  215    1   14    2    2    1    1222
    1    3   42  162  471    1   30    3    2    0    1050
    1    3   43  163  465    1   30    3    2    0    1183
    1    3   44  164  306    1   20    2    2    1    1053
    1    3   45  165  238    1   15    2    3    0    1702
    1    3   46  166  163    1   11    2    2    1    1230
    1    3   47  167  250    1   16    2    1    0    1012
    1    3   48  168  224    1   14    2    2    1    1638
    1    3   49  169  297    1   19    2    1    0     942
    1    3   50  170   31    1    2    1    1    1    1003
    1    3   51  171  293    1   19    2    3    0    1362
    1    3   52  172   34    1    3    1    1    1     676
    1    3   53  173   16    1    1    1    2    0     909
    1    3   54  174  456    1   29    3    3    1     993
    1    3   55  175    7    1    1    1    2    0     839
    1    3   56  176  146    1   10    1    1    1    1463
    1    3   57  177   62    1    4    1    2    0     921
    1    3   58  178  355    1   23    3    2    0     851
    1    3   59  179  115    1    8    1    2    0    1270
    1    3   60  180  330    1   21    3    1    0    1160
    2    1    1  181  101    0    7    1    1    1   11463
    2    1    2  182  377    0   24    3    2    0    3331
    2    1    3  183   58    0    4    1    1    1    2091
    2    1    4  184   48    0    3    1    1    1    2243
    2    1    5  185  368    0   23    3    2    0    1157
    2    1    6  186  191    0   12    2    2    1     987
    2    1    7  187  347    0   22    3    3    1    1457
    2    1    8  188  165    0   11    2    2    1    1235
    2    1    9  189  403    0   26    3    3    1    1493
    2    1   10  190  305    0   20    2    2    1    1421
    2    1   11  191  371    0   24    3    2    0     896
    2    1   12  192  449    0   29    3    3    1     666
    2    1   13  193  393    0   25    3    2    0    1042
    2    1   14  194  152    0   10    1    3    0    2779
    2    1   15  195   29    0    2    1    1    1     435
    2    1   16  196  355    1   23    3    3    1    2569
    2    1   17  197  278    1   18    2    2    1    1031
    2    1   18  198  334    0   21    3    2    0    1256
    2    1   19  199  457    0   29    3    3    1     593
    2    1   20  200  439    0   28    3    2    0    1181
    2    1   21  201  138    0    9    1    1    1     726
    2    1   22  202  201    0   13    2    1    0    1111
    2    1   23  203  269    0   17    2    2    1    1204
    2    1   24  204   54    0    4    1    1    1    1391
    2    1   25  205  151    0   10    1    3    0    3517
    2    1   26  206  226    0   15    2    1    0     461
    2    1   27  207  231    0   15    2    2    1    1014
    2    1   28  208  241    1   16    2    3    0     875
    2    1   29  209  463    0   29    3    3    1    1018
    2    1   30  210  314    0   20    2    1    0     761
    2    1   31  211  338    0   22    3    2    0     692
    2    1   32  212   30    0    2    1    2    0    1189
    2    1   33  213  170    1   11    2    1    0     564
    2    1   34  214  362    0   23    3    3    1    1099
    2    1   35  215  274    0   18    2    3    0    1097
    2    1   36  216  343    0   22    3    2    0    1581
    2    1   37  217  258    0   17    2    3    0     765
    2    1   38  218  133    0    9    1    1    1    7793
    2    1   39  219  302    0   19    2    1    0     981
    2    1   40  220  407    0   26    3    1    0     729
    2    1   41  221  178    0   12    2    2    1    1999
    2    1   42  222  238    1   15    2    1    0     877
    2    1   43  223  210    0   14    2    1    0     782
    2    1   44  224  380    0   24    3    1    0     794
    2    1   45  225    9    0    1    1    1    1     544
    2    1   46  226  221    0   14    2    1    0     658
    2    1   47  227  353    0   23    3    3    1     858
    2    1   48  228   96    1    6    1    1    1    3983
    2    1   49  229  345    0   22    3    1    0    2368
    2    1   50  230  137    0    9    1    1    1     989
    2    1   51  231   35    0    3    1    2    0     943
    2    1   52  232  459    0   29    3    2    0     741
    2    1   53  233  182    0   12    2    1    0     990
    2    1   54  234   69    0    5    1    2    0    1602
    2    1   55  235  148    1   10    1    3    0     708
    2    1   56  236  335    0   21    3    2    0    6017
    2    1   57  237  424    0   27    3    3    1    1042
    2    1   58  238  240    0   15    2    2    1     793
    2    1   59  239  372    0   24    3    3    1    2842
    2    1   60  240   82    0    6    1    1    1     607
    2    1   61  241  109    0    7    1    2    0    3201
    2    1   62  242  175    0   11    2    1    0     815
    2    1   63  243  136    1    9    1    1    1    1516
    2    1   64  244  382    0   24    3    2    0    1295
    2    1   65  245  161    0   11    2    1    0    2949
    2    1   66  246    1    0    1    1    1    1    2754
    2    1   67  247   13    0    1    1    2    0    2357
    2    1   68  248  218    0   14    2    1    0    1348
    2    1   69  249    4    0    1    1    1    1    1926
    2    1   70  250  441    0   28    3    3    1    1771
    2    1   71  251  473    0   30    3    2    0     710
    2    1   72  252  129    0    9    1    3    0    5435
    2    1   73  253  332    0   21    3    2    0    1683
    2    1   74  254  261    0   17    2    1    0     663
    2    1   75  255   81    0    6    1    1    1     939
    2    1   76  256   53    0    4    1    2    0    1713
    2    1   77  257  267    1   17    2    1    0     865
    2    1   78  258   60    0    4    1    2    0     611
    2    1   79  259  413    1   26    3    3    1     644
    2    1   80  260  234    0   15    2    1    0    3731
    2    1   81  261  386    0   25    3    3    1    2003
    2    1   82  262   17    1    2    1    1    1    3038
    2    1   83  263  169    0   11    2    1    0    5147
    2    1   84  264   40    1    3    1    1    1     597
    2    1   85  265  415    0   26    3    3    1     913
    2    1   86  266  156    0   10    1    2    0    2440
    2    1   87  267  399    0   25    3    2    0    1307
    2    1   88  268  125    1    8    1    2    0     860
    2    1   89  269  397    1   25    3    2    0     706
    2    1   90  270  127    0    8    1    2    0     976
    2    1   91  271  244    0   16    2    2    1    2126
    2    1   92  272  418    0   27    3    1    0    1022
    2    1   93  273   98    0    7    1    2    0    1303
    2    1   94  274  369    0   24    3    2    0     729
    2    1   95  275  212    0   14    2    1    0     987
    2    1   96  276  308    1   20    2    1    0     522
    2    1   97  277  477    0   30    3    1    0     800
    2    1   98  278  254    0   16    2    3    0     531
    2    1   99  279  273    0   18    2    2    1     904
    2    1  100  280  119    0    8    1    1    1    1288
    2    1  101  281   59    0    4    1    1    1     771
    2    1  102  282  394    0   25    3    2    0    1128
    2    1  103  283  299    0   19    2    2    1    1770
    2    1  104  284  400    0   25    3    2    0    1059
    2    1  105  285  135    1    9    1    1    1    4278
    2    1  106  286  432    0   27    3    3    1    2359
    2    1  107  287  247    0   16    2    2    1    1081
    2    1  108  288  256    0   16    2    3    0     583
    2    1  109  289  260    0   17    2    2    1     704
    2    1  110  290  313    0   20    2    2    1     621
    2    1  111  291   11    0    1    1    1    1     756
    2    1  112  292  460    0   29    3    3    1     461
    2    1  113  293  350    0   22    3    3    1     794
    2    1  114  294  139    0    9    1    1    1     885
    2    1  115  295  468    0   30    3    1    0    1816
    2    1  116  296  364    0   23    3    2    0    1009
    2    1  117  297  103    0    7    1    2    0    1305
    2    1  118  298   95    0    6    1    3    0    2032
    2    1  119  299  187    0   12    2    2    1     822
    2    1  120  300  192    0   12    2    1    0    1280
    2    1  121  301   34    1    3    1    1    1    1018
    2    1  122  302   78    0    5    1    1    1     773
    2    1  123  303  376    1   24    3    2    0    1094
    2    1  124  304  361    0   23    3    1    0    3077
    2    1  125  305  405    1   26    3    1    0     770
    2    1  126  306  336    0   21    3    1    0    1080
    2    1  127  307  118    0    8    1    2    0    1086
    2    1  128  308  475    0   30    3    3    1     902
    2    1  129  309  471    1   30    3    3    1    1865
    2    1  130  310  462    0   29    3    3    1    1041
    2    1  131  311  297    1   19    2    2    1     777
    2    1  132  312  232    0   15    2    3    0    1971
    2    1  133  313   91    0    6    1    1    1     705
    2    1  134  314  423    1   27    3    2    0    7080
    2    1  135  315  289    0   19    2    1    0    1068
    2    1  136  316  370    0   24    3    2    0     765
    2    1  137  317  331    0   21    3    2    0     793
    2    1  138  318  177    0   12    2    1    0     582
    2    1  139  319  352    0   22    3    3    1    1721
    2    1  140  320  124    0    8    1    2    0     771
    2    1  141  321  143    0    9    1    1    1     618
    2    1  142  322  220    0   14    2    1    0     689
    2    1  143  323  271    0   17    2    1    0     632
    2    1  144  324  123    0    8    1    2    0    1264
    2    1  145  325  140    0    9    1    1    1    2115
    2    1  146  326   77    0    5    1    2    0    7139
    2    1  147  327   32    0    2    1    3    0    7524
    2    1  148  328   50    0    4    1    1    1    1937
    2    1  149  329  163    1   11    2    1    0    1480
    2    1  150  330  409    0   26    3    2    0    1024
    2    1  151  331  120    0    8    1    3    0     714
    2    1  152  332  326    0   21    3    2    0    1871
    2    1  153  333  455    1   29    3    3    1     836
    2    1  154  334  146    1   10    1    1    1     934
    2    1  155  335  356    0   23    3    2    0    1427
    2    1  156  336  306    1   20    2    2    1     609
    2    1  157  337  150    0   10    1    1    1    1669
    2    1  158  338   80    0    5    1    2    0     633
    2    1  159  339   97    0    7    1    1    1     499
    2    1  160  340  322    0   21    3    1    0     865
    2    1  161  341  154    0   10    1    2    0     770
    2    1  162  342  263    0   17    2    2    1     677
    2    1  163  343  262    0   17    2    3    0     690
    2    1  164  344  404    0   26    3    2    0    1432
    2    1  165  345   84    0    6    1    1    1     756
    2    1  166  346  408    0   26    3    2    0     668
    2    1  167  347  291    0   19    2    1    0     802
    2    1  168  348  358    0   23    3    3    1    1012
    2    1  169  349  303    0   19    2    2    1    1264
    2    1  170  350  391    0   25    3    2    0    2713
    2    1  171  351   62    1    4    1    2    0    6799
    2    1  172  352  472    0   30    3    3    1    2095
    2    1  173  353  311    0   20    2    3    0     607
    2    1  174  354  383    0   24    3    2    0    1099
    2    1  175  355   55    1    4    1    2    0     734
    2    1  176  356  310    0   20    2    1    0     818
    2    1  177  357  283    0   18    2    3    0     480
    2    1  178  358  149    0   10    1    2    0    2134
    2    1  179  359  174    0   11    2    1    0    7530
    2    1  180  360  209    0   14    2    1    0    1058
    2    1  181  361  453    0   29    3    3    1    1424
    2    1  182  362  207    0   13    2    2    1    1391
    2    1  183  363  396    0   25    3    1    0    2622
    2    1  184  364   63    0    4    1    2    0    1861
    2    1  185  365  318    0   20    2    1    0    1674
    2    1  186  366   66    0    5    1    1    1    1388
    2    1  187  367   28    0    2    1    1    1    2123
    2    1  188  368  398    0   25    3    2    0    2680
    2    1  189  369  315    0   20    2    1    0    3662
    2    1  190  370  134    0    9    1    2    0     977
    2    1  191  371   99    0    7    1    3    0    1067
    2    1  192  372  286    0   18    2    3    0     462
    2    1  193  373   19    0    2    1    2    0     845
    2    1  194  374  145    0   10    1    1    1     750
    2    1  195  375  341    0   22    3    2    0     725
    2    1  196  376  205    0   13    2    1    0     550
    2    1  197  377   74    0    5    1    2    0     665
    2    1  198  378   92    0    6    1    1    1     688
    2    1  199  379  189    0   12    2    1    0     597
    2    1  200  380  141    0    9    1    3    0     508
    2    1  201  381  130    0    9    1    2    0     676
    2    1  202  382  215    1   14    2    1    0     555
    2    1  203  383   88    0    6    1    1    1    3727
    2    1  204  384  115    1    8    1    2    0     762
    2    1  205  385  458    0   29    3    3    1     378
    2    1  206  386  208    0   13    2    3    0    1042
    2    1  207  387  420    1   27    3    2    0    1718
    2    1  208  388  445    0   28    3    3    1    2002
    2    1  209  389  203    1   13    2    2    1     728
    2    1  210  390  430    0   27    3    2    0    1024
    2    1  211  391  121    0    8    1    2    0     797
    2    1  212  392   21    0    2    1    1    1    1041
    2    1  213  393  147    0   10    1    3    0     752
    2    1  214  394  122    0    8    1    2    0     805
    2    1  215  395  440    0   28    3    3    1     689
    2    1  216  396  153    0   10    1    2    0    1246
    2    1  217  397  214    0   14    2    1    0     728
    2    1  218  398  444    0   28    3    3    1    7030
    2    1  219  399  469    0   30    3    2    0    1311
    2    1  220  400  342    0   22    3    2    0     820
    2    1  221  401   56    0    4    1    1    1    1182
    2    1  222  402    2    0    1    1    1    1    1127
    2    1  223  403  448    0   28    3    3    1    2323
    2    1  224  404    3    0    1    1    1    1     874
    2    1  225  405  198    0   13    2    1    0    3067
    2    1  226  406  268    0   17    2    1    0    2992
    2    1  227  407  373    0   24    3    2    0    1997
    2    1  228  408  216    0   14    2    1    0    1455
    2    1  229  409   27    0    2    1    1    1     882
    2    1  230  410  292    0   19    2    2    1     835
    2    1  231  411   43    0    3    1    2    0     632
    2    1  232  412  366    0   23    3    3    1    1129
    2    1  233  413  245    0   16    2    2    1    1228
    2    1  234  414  295    0   19    2    2    1    1176
    2    1  235  415  317    0   20    2    2    1    5906
    2    1  236  416  294    0   19    2    2    1    8013
    2    1  237  417  320    0   20    2    1    0     692
    2    1  238  418  126    0    8    1    2    0     671
    2    1  239  419   64    0    4    1    2    0     679
    2    1  240  420  470    0   30    3    2    0     966
    2    1  241  421  246    0   16    2    1    0    1223
    2    1  242  422  437    0   28    3    3    1     830
    2    1  243  423   86    0    6    1    3    0    1058
    2    1  244  424  235    0   15    2    1    0    1800
    2    1  245  425  160    0   10    1    1    1     482
    2    1  246  426  309    0   20    2    3    0    1012
    2    1  247  427   89    0    6    1    1    1    1136
    2    1  248  428   67    0    5    1    1    1     735
    2    1  249  429  197    0   13    2    1    0     598
    2    1  250  430  107    0    7    1    2    0    1258
    2    1  251  431   47    0    3    1    1    1    1583
    2    1  252  432   57    0    4    1    1    1    1053
    2    1  253  433  176    0   11    2    1    0     879
    2    1  254  434   46    0    3    1    2    0    1003
    2    1  255  435  479    0   30    3    1    0     919
    2    1  256  436   41    0    3    1    2    0    2931
    2    1  257  437  113    0    8    1    1    1    1383
    2    1  258  438  249    0   16    2    2    1    1027
    2    1  259  439  354    0   23    3    3    1    1249
    2    1  260  440    6    0    1    1    1    1    1051
    2    1  261  441  465    1   30    3    1    0     951
    2    1  262  442  264    0   17    2    2    1    1389
    2    1  263  443  375    0   24    3    2    0    1006
    2    1  264  444   18    0    2    1    1    1     721
    2    1  265  445  287    0   18    2    3    0     952
    2    1  266  446  298    0   19    2    2    1    1006
    2    1  267  447  265    0   17    2    1    0     863
    2    1  268  448  108    0    7    1    1    1     682
    2    1  269  449  181    0   12    2    1    0    1356
    2    1  270  450  190    1   12    2    2    1    1024
    2    1  271  451   61    0    4    1    2    0     802
    2    1  272  452  447    0   28    3    2    0    1492
    2    1  273  453  346    0   22    3    2    0     872
    2    1  274  454  106    1    7    1    3    0    1139
    2    1  275  455  196    0   13    2    2    1     757
    2    1  276  456  217    0   14    2    1    0    1065
    2    1  277  457  162    0   11    2    1    0    2065
    2    1  278  458  442    0   28    3    3    1     964
    2    1  279  459   31    1    2    1    1    1     971
    2    1  280  460  340    0   22    3    2    0     694
    2    1  281  461   22    0    2    1    1    1     771
    2    1  282  462   52    0    4    1    1    1     783
    2    1  283  463  464    0   29    3    3    1    3219
    2    1  284  464  167    0   11    2    1    0    1114
    2    1  285  465  421    0   27    3    1    0     856
    2    1  286  466  128    0    8    1    2    0    1220
    2    1  287  467  384    0   24    3    2    0    1052
    2    1  288  468  284    0   18    2    3    0     764
    2    1  289  469  360    0   23    3    3    1    1310
    2    1  290  470   33    0    3    1    1    1    1011
    2    1  291  471   93    0    6    1    1    1    1053
    2    1  292  472  193    0   13    2    2    1    3938
    2    1  293  473  351    0   22    3    2    0     886
    2    1  294  474  363    0   23    3    1    0    2329
    2    1  295  475  451    0   29    3    2    0    1042
    2    1  296  476  213    0   14    2    1    0    1047
    2    1  297  477  328    0   21    3    1    0    1742
    2    1  298  478  387    0   25    3    2    0     762
    2    1  299  479  435    0   28    3    2    0     988
    2    1  300  480  410    0   26    3    1    0    1698
