    1    1    1    1  190    1   12    2    2    1    3805
    1    1    2    2  163    1   11    2    1    0    2505
    1    1    3    3  195    1   13    2    3    0    2242
    1    1    4    4  330    1   21    3    2    0    1283
    1    1    5    5  170    1   11    2    1    0    1799
    1    1    6    6  455    1   29    3    1    0    1294
    1    1    7    7  136    1    9    1    1    1    1527
    1    1    8    8  456    1   29    3    3    1    1974
    1    1    9    9    7    1    1    1    2    0    6295
    1    1   10   10   72    1    5    1    1    1    1190
    1    1   11   11  267    1   17    2    2    1    1765
    1    1   12   12  381    1   24    3    1    0    2347
    1    1   13   13   62    1    4    1    2    0    3048
    1    1   14   14  215    1   14    2    2    1    2012
    1    1   15   15  443    1   28    3    3    1    1043
    1    1   16   16  471    1   30    3    2    0    1820
    1    1   17   17   34    1    3    1    1    1    1251
    1    1   18   18  279    1   18    2    3    0    4367
    1    1   19   19   16    1    1    1    3    0    1923
    1    1   20   20   31    1    2    1    2    0     964
    1    1   21   21  278    1   18    2    3    0    3884
    1    1   22   22   55    1    4    1    3    0    2606
    1    1   23   23  250    1   16    2    1    0    5071
    1    1   24   24  465    1   30    3    2    0     908
    1    1   25   25  397    1   25    3    3    1    1176
    1    1   26   26  355    1   23    3    1    0    1232
    1    1   27   27  306    1   20    2    2    1    1741
    1    1   28   28  146    1   10    1    3    0    1593
    1    1   29   29  148    1   10    1    3    0    1009
    1    1   30   30  308    1   20    2    2    1    1249
    1    1   31   31  125    1    8    1    1    1    1077
    1    1   32   32   73    1    5    1    1    1    2420
    1    1   33   33  413    1   26    3    3    1    1204
    1    1   34   34  297    1   19    2    2    1    2298
    1    1   35   35  376    1   24    3    1    0    1027
    1    1   36   36  238    1   15    2    1    0    2255
    1    1   37   37   96    1    6    1    2    0    1026
    1    1   38   38  339    1   22    3    1    0    1257
    1    1   39   39  420    1   27    3    1    0    4423
    1    1   40   40  135    1    9    1    2    0     983
    1    1   41   41  229    1   15    2    1    0    1520
    1    1   42   42  395    1   25    3    3    1    1512
    1    1   43   43  293    1   19    2    2    1    1058
    1    1   44   44  106    1    7    1    1    1    2346
    1    1   45   45  241    1   16    2    1    0    1509
    1    1   46   46  115    1    8    1    3    0    1520
    1    1   47   47  186    1   12    2    1    0    2553
    1    1   48   48   17    1    2    1    3    0    1132
    1    1   49   49  446    1   28    3    1    0    2241
    1    1   50   50  405    1   26    3    2    0    2203
    1    1   51   51   40    1    3    1    2    0    3117
    1    1   52   52  337    1   22    3    2    0    2209
    1    1   53   53  272    1   17    2    3    0    1321
    1    1   54   54  327    1   21    3    3    1    4301
    1    1   55   55  423    1   27    3    3    1    3140
    1    1   56   56   85    1    6    1    1    1    2049
    1    1   57   57  224    1   14    2    2    1    1978
    1    1   58   58  203    1   13    2    1    0    3628
    1    1   59   59  359    1   23    3    3    1    1673
    1    1   60   60  111    1    7    1    2    0    5720
    1    2    1   61   31    1    2    1    2    0    2887
    1    2    2   62  376    1   24    3    3    1    4337
    1    2    3   63  272    1   17    2    1    0    2184
    1    2    4   64  339    1   22    3    3    1    1724
    1    2    5   65  148    1   10    1    3    0    2182
    1    2    6   66  267    1   17    2    2    1    1344
    1    2    7   67   34    1    3    1    1    1    3101
    1    2    8   68  111    1    7    1    2    0    1978
    1    2    9   69  224    1   14    2    2    1    1747
    1    2   10   70  229    1   15    2    2    1    2535
    1    2   11   71   96    1    6    1    1    1    1229
    1    2   12   72  163    1   11    2    2    1    3523
    1    2   13   73   62    1    4    1    1    1    1989
    1    2   14   74   85    1    6    1    2    0    1676
    1    2   15   75  443    1   28    3    3    1    1973
    1    2   16   76  420    1   27    3    3    1    1944
    1    2   17   77  115    1    8    1    1    1    1653
    1    2   18   78  330    1   21    3    2    0    1620
    1    2   19   79  423    1   27    3    3    1    2451
    1    2   20   80  455    1   29    3    3    1    1572
    1    2   21   81  327    1   21    3    2    0    1732
    1    2   22   82  278    1   18    2    1    0    2305
    1    2   23   83  359    1   23    3    3    1    1817
    1    2   24   84  241    1   16    2    2    1    1699
    1    2   25   85  190    1   12    2    2    1    1776
    1    2   26   86  146    1   10    1    3    0    1731
    1    2   27   87    7    1    1    1    1    1    1188
    1    2   28   88  297    1   19    2    2    1    1855
    1    2   29   89  106    1    7    1    1    1    1752
    1    2   30   90  125    1    8    1    1    1    1567
    1    2   31   91  215    1   14    2    2    1    1255
    1    2   32   92   73    1    5    1    1    1    1262
    1    2   33   93  413    1   26    3    3    1    1491
    1    2   34   94   55    1    4    1    2    0    1284
    1    2   35   95  446    1   28    3    1    0    1037
    1    2   36   96  135    1    9    1    2    0    1459
    1    2   37   97  397    1   25    3    3    1    1384
    1    2   38   98  308    1   20    2    2    1    1578
    1    2   39   99   40    1    3    1    1    1    1092
    1    2   40  100  136    1    9    1    1    1    1505
    1    2   41  101   16    1    1    1    2    0    1575
    1    2   42  102  195    1   13    2    3    0    2964
    1    2   43  103  395    1   25    3    2    0    1893
    1    2   44  104  203    1   13    2    2    1     931
    1    2   45  105  293    1   19    2    2    1     826
    1    2   46  106  186    1   12    2    2    1    2109
    1    2   47  107  456    1   29    3    3    1    1513
    1    2   48  108  355    1   23    3    1    0    2072
    1    2   49  109  405    1   26    3    2    0    1097
    1    2   50  110  279    1   18    2    2    1    1492
    1    2   51  111  238    1   15    2    2    1    1310
    1    2   52  112  170    1   11    2    1    0     997
    1    2   53  113  337    1   22    3    1    0     881
    1    2   54  114   72    1    5    1    3    0    2535
    1    2   55  115  306    1   20    2    2    1    2475
    1    2   56  116  465    1   30    3    2    0    2322
    1    2   57  117  250    1   16    2    2    1    6528
    1    2   58  118  381    1   24    3    1    0    1836
    1    2   59  119   17    1    2    1    2    0    1763
    1    2   60  120  471    1   30    3    2    0    1844
    1    3    1  121  397    1   25    3    2    0     962
    1    3    2  122  190    1   12    2    2    1     567
    1    3    3  123   72    1    5    1    1    1    1093
    1    3    4  124  250    1   16    2    2    1    1163
    1    3    5  125   34    1    3    1    1    1     901
    1    3    6  126   96    1    6    1    1    1    1967
    1    3    7  127  339    1   22    3    3    1    2677
    1    3    8  128  293    1   19    2    2    1    1045
    1    3    9  129  195    1   13    2    3    0    3145
    1    3   10  130  229    1   15    2    2    1    2565
    1    3   11  131  215    1   14    2    2    1    2839
    1    3   12  132  224    1   14    2    2    1    1836
    1    3   13  133  337    1   22    3    3    1    1768
    1    3   14  134   62    1    4    1    2    0    2721
    1    3   15  135  308    1   20    2    3    0    2166
    1    3   16  136  115    1    8    1    1    1    1216
    1    3   17  137  381    1   24    3    3    1    1644
    1    3   18  138  272    1   17    2    2    1    1442
    1    3   19  139  376    1   24    3    1    0    4294
    1    3   20  140  163    1   11    2    1    0    1605
    1    3   21  141  135    1    9    1    1    1    4384
    1    3   22  142  111    1    7    1    3    0    1226
    1    3   23  143  395    1   25    3    3    1     914
    1    3   24  144  238    1   15    2    3    0    1773
    1    3   25  145  278    1   18    2    2    1    3688
    1    3   26  146  359    1   23    3    3    1     974
    1    3   27  147   55    1    4    1    1    1    1912
    1    3   28  148  297    1   19    2    2    1    1097
    1    3   29  149  136    1    9    1    1    1    1830
    1    3   30  150  146    1   10    1    3    0    1283
    1    3   31  151  455    1   29    3    3    1     787
    1    3   32  152  306    1   20    2    2    1    1933
    1    3   33  153  241    1   16    2    2    1    3109
    1    3   34  154  186    1   12    2    2    1    1184
    1    3   35  155  170    1   11    2    2    1    2572
    1    3   36  156  465    1   30    3    2    0    1157
    1    3   37  157   16    1    1    1    1    1     981
    1    3   38  158   17    1    2    1    3    0    1876
    1    3   39  159   85    1    6    1    1    1    1162
    1    3   40  160    7    1    1    1    1    1     820
    1    3   41  161   73    1    5    1    3    0    1585
    1    3   42  162  423    1   27    3    3    1     851
    1    3   43  163  327    1   21    3    2    0    1054
    1    3   44  164  279    1   18    2    2    1    4274
    1    3   45  165  471    1   30    3    3    1    1170
    1    3   46  166  125    1    8    1    1    1     935
    1    3   47  167  267    1   17    2    2    1    1148
    1    3   48  168  106    1    7    1    1    1    1003
    1    3   49  169  203    1   13    2    2    1     935
    1    3   50  170   31    1    2    1    3    0    1703
    1    3   51  171  413    1   26    3    3    1     861
    1    3   52  172  330    1   21    3    2    0    1102
    1    3   53  173  405    1   26    3    3    1    1616
    1    3   54  174  420    1   27    3    3    1     917
    1    3   55  175  443    1   28    3    1    0    4582
    1    3   56  176  148    1   10    1    1    1    2138
    1    3   57  177  355    1   23    3    3    1    1844
    1    3   58  178   40    1    3    1    1    1     973
    1    3   59  179  446    1   28    3    3    1    1133
    1    3   60  180  456    1   29    3    3    1    1212
    2    1    1  181  224    1   14    2    2    1    2496
    2    1    2  182  200    0   13    2    2    1    2001
    2    1    3  183   83    0    6    1    2    0    2170
    2    1    4  184  240    0   15    2    2    1    2066
    2    1    5  185  292    0   19    2    2    1    2939
    2    1    6  186  269    0   17    2    2    1    1985
    2    1    7  187  280    0   18    2    3    0    1455
    2    1    8  188  289    0   19    2    3    0    2680
    2    1    9  189  366    0   23    3    3    1    2002
    2    1   10  190  194    0   13    2    2    1    1194
    2    1   11  191  204    0   13    2    3    0    3047
    2    1   12  192   45    0    3    1    1    1     974
    2    1   13  193  300    0   19    2    2    1    1204
    2    1   14  194   82    0    6    1    1    1    1101
    2    1   15  195  230    0   15    2    1    0    3847
    2    1   16  196   61    0    4    1    2    0    2722
    2    1   17  197   92    0    6    1    1    1    1566
    2    1   18  198  411    0   26    3    3    1    1653
    2    1   19  199  251    0   16    2    3    0    1729
    2    1   20  200  422    0   27    3    3    1    1295
    2    1   21  201   95    0    6    1    1    1    1091
    2    1   22  202  236    0   15    2    2    1    2295
    2    1   23  203  370    0   24    3    1    0    1601
    2    1   24  204   97    0    7    1    1    1    1087
    2    1   25  205  110    0    7    1    2    0    1045
    2    1   26  206  414    0   26    3    3    1     894
    2    1   27  207  192    0   12    2    2    1    1082
    2    1   28  208  211    0   14    2    2    1    1237
    2    1   29  209   85    1    6    1    1    1     986
    2    1   30  210  306    1   20    2    2    1     905
    2    1   31  211  255    0   16    2    2    1    8355
    2    1   32  212   75    0    5    1    1    1    1301
    2    1   33  213   23    0    2    1    1    1    1111
    2    1   34  214  114    0    8    1    1    1     765
    2    1   35  215   78    0    5    1    1    1     811
    2    1   36  216  433    0   28    3    2    0     797
    2    1   37  217  327    1   21    3    2    0    1034
    2    1   38  218  382    0   24    3    1    0    1575
    2    1   39  219  133    0    9    1    1    1     771
    2    1   40  220  186    1   12    2    2    1     739
    2    1   41  221  179    0   12    2    2    1     808
    2    1   42  222  317    0   20    2    3    0     907
    2    1   43  223  288    0   18    2    3    0     981
    2    1   44  224    7    1    1    1    1    1     839
    2    1   45  225   37    0    3    1    1    1     851
    2    1   46  226  275    0   18    2    3    0     990
    2    1   47  227  443    1   28    3    2    0    2158
    2    1   48  228  257    0   17    2    1    0     919
    2    1   49  229  239    0   15    2    3    0    1448
    2    1   50  230   50    0    4    1    2    0    1611
    2    1   51  231  402    0   26    3    2    0     885
    2    1   52  232  241    1   16    2    1    0    1043
    2    1   53  233  380    0   24    3    2    0    1206
    2    1   54  234  279    1   18    2    2    1    1969
    2    1   55  235  120    0    8    1    1    1     792
    2    1   56  236  290    0   19    2    2    1     784
    2    1   57  237  325    0   21    3    2    0     700
    2    1   58  238  223    0   14    2    3    0     831
    2    1   59  239  446    1   28    3    3    1     926
    2    1   60  240   43    0    3    1    1    1    1683
    2    1   61  241  397    1   25    3    3    1     757
    2    1   62  242  385    0   25    3    3    1     663
    2    1   63  243  465    1   30    3    3    1     710
    2    1   64  244  227    0   15    2    3    0    1053
    2    1   65  245   79    0    5    1    1    1     716
    2    1   66  246  403    0   26    3    2    0     817
    2    1   67  247  100    0    7    1    1    1    1421
    2    1   68  248  459    0   29    3    3    1    1238
    2    1   69  249  304    0   19    2    1    0    3796
    2    1   70  250  475    0   30    3    2    0    1281
    2    1   71  251   68    0    5    1    1    1     681
    2    1   72  252  253    0   16    2    2    1     722
    2    1   73  253  145    0   10    1    1    1    1725
    2    1   74  254  206    0   13    2    3    0     938
    2    1   75  255  132    0    9    1    1    1     654
    2    1   76  256   17    1    2    1    3    0     879
    2    1   77  257   60    0    4    1    2    0     836
    2    1   78  258   62    1    4    1    1    1    1168
    2    1   79  259  111    1    7    1    1    1     630
    2    1   80  260  130    0    9    1    1    1     843
    2    1   81  261  164    0   11    2    2    1    1452
    2    1   82  262  337    1   22    3    3    1    1427
    2    1   83  263  174    0   11    2    1    0    2319
    2    1   84  264  336    0   21    3    2    0    1857
    2    1   85  265   76    0    5    1    3    0    1993
    2    1   86  266  126    0    8    1    3    0    1049
    2    1   87  267  453    0   29    3    3    1     843
    2    1   88  268  449    0   29    3    3    1     608
    2    1   89  269   33    0    3    1    2    0    1049
    2    1   90  270  248    0   16    2    2    1    1104
    2    1   91  271  395    1   25    3    3    1    2139
    2    1   92  272  252    0   16    2    3    0    1426
    2    1   93  273  388    0   25    3    1    0     914
    2    1   94  274  463    0   29    3    3    1    1814
    2    1   95  275  136    1    9    1    1    1     796
    2    1   96  276  347    0   22    3    1    0    1262
    2    1   97  277   65    0    5    1    1    1     903
    2    1   98  278  384    0   24    3    1    0    2237
    2    1   99  279  310    0   20    2    2    1    1217
    2    1  100  280  291    0   19    2    2    1     832
    2    1  101  281  128    0    8    1    2    0    1063
    2    1  102  282  381    1   24    3    3    1    1197
    2    1  103  283  423    1   27    3    3    1     991
    2    1  104  284  364    0   23    3    2    0     929
    2    1  105  285   14    0    1    1    1    1    4741
    2    1  106  286  222    0   14    2    3    0     810
    2    1  107  287   56    0    4    1    2    0     918
    2    1  108  288  135    1    9    1    1    1    1136
    2    1  109  289   55    1    4    1    1    1     840
    2    1  110  290   26    0    2    1    2    0    1016
    2    1  111  291  278    1   18    2    3    0     872
    2    1  112  292  387    0   25    3    3    1    1137
    2    1  113  293    5    0    1    1    1    1    1734
    2    1  114  294  298    0   19    2    2    1     914
    2    1  115  295  262    0   17    2    3    0    1395
    2    1  116  296  421    0   27    3    2    0     788
    2    1  117  297  215    1   14    2    2    1     908
    2    1  118  298  229    1   15    2    3    0     997
    2    1  119  299   90    0    6    1    1    1    1024
    2    1  120  300  121    0    8    1    1    1     880
    2    1  121  301   44    0    3    1    1    1     693
    2    1  122  302    1    0    1    1    1    1    1545
    2    1  123  303  125    1    8    1    1    1     611
    2    1  124  304   52    0    4    1    1    1    1119
    2    1  125  305  147    0   10    1    3    0     888
    2    1  126  306   81    0    6    1    1    1     823
    2    1  127  307  372    0   24    3    1    0     819
    2    1  128  308   38    0    3    1    3    0    1035
    2    1  129  309  419    0   27    3    3    1     831
    2    1  130  310   74    0    5    1    1    1    1016
    2    1  131  311  348    0   22    3    1    0    1278
    2    1  132  312  259    0   17    2    3    0     781
    2    1  133  313  169    0   11    2    1    0     943
    2    1  134  314    2    0    1    1    1    1     758
    2    1  135  315  226    0   15    2    2    1    1159
    2    1  136  316  378    0   24    3    1    0    1336
    2    1  137  317  108    0    7    1    1    1     677
    2    1  138  318  410    0   26    3    3    1     670
    2    1  139  319  314    0   20    2    2    1     795
    2    1  140  320  398    0   25    3    3    1    1892
    2    1  141  321  417    0   27    3    2    0    1022
    2    1  142  322    9    0    1    1    2    0     967
    2    1  143  323  177    0   12    2    2    1     860
    2    1  144  324   36    0    3    1    2    0    1785
    2    1  145  325  391    0   25    3    3    1     789
    2    1  146  326  201    0   13    2    3    0     731
    2    1  147  327  261    0   17    2    3    0     694
    2    1  148  328  379    0   24    3    1    0    1088
    2    1  149  329  349    0   22    3    1    0     688
    2    1  150  330  142    0    9    1    1    1    1598
    2    1  151  331  296    0   19    2    1    0     579
    2    1  152  332  225    0   15    2    2    1     744
    2    1  153  333  115    1    8    1    1    1    1007
    2    1  154  334  438    0   28    3    2    0    3792
    2    1  155  335  260    0   17    2    2    1    1764
    2    1  156  336  162    0   11    2    2    1     700
    2    1  157  337  190    1   12    2    2    1     583
    2    1  158  338  442    0   28    3    3    1     780
    2    1  159  339  375    0   24    3    1    0     642
    2    1  160  340  428    0   27    3    2    0     964
    2    1  161  341  407    0   26    3    3    1     855
    2    1  162  342  138    0    9    1    1    1     721
    2    1  163  343   39    0    3    1    1    1    2879
    2    1  164  344  472    0   30    3    3    1     716
    2    1  165  345  198    0   13    2    3    0     789
    2    1  166  346  203    1   13    2    3    0     738
    2    1  167  347  383    0   24    3    1    0     981
    2    1  168  348   29    0    2    1    2    0     859
    2    1  169  349  244    0   16    2    1    0    3030
    2    1  170  350  405    1   26    3    3    1    1047
    2    1  171  351   20    0    2    1    2    0    1080
    2    1  172  352   71    0    5    1    1    1     719
    2    1  173  353  155    0   10    1    2    0     788
    2    1  174  354  124    0    8    1    1    1     911
    2    1  175  355  426    0   27    3    3    1     858
    2    1  176  356   86    0    6    1    1    1     676
    2    1  177  357  219    0   14    2    2    1    1397
    2    1  178  358  431    0   27    3    2    0    2353
    2    1  179  359  123    0    8    1    1    1     768
    2    1  180  360  106    1    7    1    1    1     569
    2    1  181  361  409    0   26    3    3    1    1425
    2    1  182  362  445    0   28    3    1    0    1442
    2    1  183  363  119    0    8    1    1    1    2158
    2    1  184  364  368    0   23    3    1    0     638
    2    1  185  365  376    1   24    3    3    1    1552
    2    1  186  366  131    0    9    1    1    1    1199
    2    1  187  367  213    0   14    2    2    1     973
    2    1  188  368  159    0   10    1    2    0    1351
    2    1  189  369   99    0    7    1    1    1    1202
    2    1  190  370   48    0    3    1    1    1     814
    2    1  191  371  338    0   22    3    1    0     905
    2    1  192  372  265    0   17    2    3    0    1342
    2    1  193  373  266    0   17    2    2    1    1103
    2    1  194  374  148    1   10    1    3    0    3203
    2    1  195  375  285    0   18    2    2    1    1047
    2    1  196  376  264    0   17    2    3    0    1984
    2    1  197  377  181    0   12    2    2    1     815
    2    1  198  378  301    0   19    2    1    0    1779
    2    1  199  379   53    0    4    1    2    0     942
    2    1  200  380  362    0   23    3    1    0    1238
    2    1  201  381   32    0    2    1    1    1     870
    2    1  202  382   84    0    6    1    1    1     682
    2    1  203  383  302    0   19    2    2    1    1145
    2    1  204  384  183    0   12    2    2    1     954
    2    1  205  385  293    1   19    2    2    1     895
    2    1  206  386   16    1    1    1    1    1    1090
    2    1  207  387   89    0    6    1    1    1     693
    2    1  208  388  267    1   17    2    2    1    1067
    2    1  209  389  101    0    7    1    1    1     779
    2    1  210  390  334    0   21    3    2    0    1003
    2    1  211  391   69    0    5    1    1    1     728
    2    1  212  392  281    0   18    2    3    0     760
    2    1  213  393  357    0   23    3    3    1     615
    2    1  214  394   87    0    6    1    1    1     637
    2    1  215  395   91    0    6    1    1    1     677
    2    1  216  396  276    0   18    2    3    0    1241
    2    1  217  397   22    0    2    1    3    0     733
    2    1  218  398  311    0   20    2    2    1     846
    2    1  219  399  144    0    9    1    1    1     788
    2    1  220  400  221    0   14    2    2    1    1865
    2    1  221  401   51    0    4    1    1    1    2226
    2    1  222  402  435    0   28    3    1    0    1526
    2    1  223  403  315    0   20    2    2    1     712
    2    1  224  404   21    0    2    1    3    0     821
    2    1  225  405  460    0   29    3    3    1     794
    2    1  226  406  146    1   10    1    1    1     940
    2    1  227  407  287    0   18    2    1    0    1132
    2    1  228  408  418    0   27    3    3    1    1579
    2    1  229  409  367    0   23    3    2    0    1090
    2    1  230  410  474    0   30    3    2    0    1124
    2    1  231  411  129    0    9    1    1    1     737
    2    1  232  412   10    0    1    1    1    1     685
    2    1  233  413  365    0   23    3    1    0    1831
    2    1  234  414  308    1   20    2    2    1     747
    2    1  235  415  195    1   13    2    3    0    2958
    2    1  236  416  420    1   27    3    3    1    1140
    2    1  237  417  333    0   21    3    2    0     718
    2    1  238  418  350    0   22    3    1    0     762
    2    1  239  419  360    0   23    3    1    0     782
    2    1  240  420   72    1    5    1    1    1     553
    2    1  241  421  320    0   20    2    2    1     729
    2    1  242  422  361    0   23    3    2    0     799
    2    1  243  423  345    0   22    3    2    0    1064
    2    1  244  424  268    0   17    2    3    0     737
    2    1  245  425   66    0    5    1    1    1     644
    2    1  246  426  467    0   30    3    3    1     764
    2    1  247  427  335    0   21    3    2    0    1027
    2    1  248  428   25    0    2    1    2    0    1652
    2    1  249  429  458    0   29    3    2    0     737
    2    1  250  430  134    0    9    1    1    1    1746
    2    1  251  431  427    0   27    3    1    0     667
    2    1  252  432  163    1   11    2    2    1     622
    2    1  253  433  166    0   11    2    2    1     659
    2    1  254  434  150    0   10    1    2    0     732
    2    1  255  435  473    0   30    3    1    0     819
    2    1  256  436  373    0   24    3    1    0    1107
    2    1  257  437  429    0   27    3    2    0     715
    2    1  258  438  212    0   14    2    2    1     584
    2    1  259  439  232    0   15    2    2    1     666
    2    1  260  440  228    0   15    2    3    0     571
    2    1  261  441  116    0    8    1    1    1     708
    2    1  262  442  434    0   28    3    2    0    1287
    2    1  263  443  209    0   14    2    2    1     639
    2    1  264  444  430    0   27    3    3    1    2375
    2    1  265  445  156    0   10    1    1    1     715
    2    1  266  446  393    0   25    3    3    1     704
    2    1  267  447  356    0   23    3    2    0    1188
    2    1  268  448  342    0   22    3    2    0     828
    2    1  269  449  207    0   13    2    2    1     668
    2    1  270  450  318    0   20    2    2    1     720
    2    1  271  451  172    0   11    2    1    0    3119
    2    1  272  452  173    0   11    2    3    0    1021
    2    1  273  453   80    0    5    1    1    1     730
    2    1  274  454  305    0   20    2    3    0     842
    2    1  275  455  171    0   11    2    1    0     798
    2    1  276  456   64    0    4    1    2    0     873
    2    1  277  457  316    0   20    2    3    0    1397
    2    1  278  458    8    0    1    1    3    0     743
    2    1  279  459  352    0   22    3    1    0     816
    2    1  280  460   28    0    2    1    1    1     932
    2    1  281  461  312    0   20    2    3    0     746
    2    1  282  462  235    0   15    2    3    0    1251
    2    1  283  463  237    0   15    2    3    0     753
    2    1  284  464  272    1   17    2    2    1    1062
    2    1  285  465   73    1    5    1    1    1    1174
    2    1  286  466  140    0    9    1    3    0     828
    2    1  287  467   12    0    1    1    1    1     624
    2    1  288  468  469    0   30    3    2    0    1890
    2    1  289  469  105    0    7    1    1    1    1009
    2    1  290  470  137    0    9    1    1    1    1581
    2    1  291  471  188    0   12    2    2    1     679
    2    1  292  472   15    0    1    1    2    0    1224
    2    1  293  473  479    0   30    3    3    1    1097
    2    1  294  474  167    0   11    2    1    0     611
    2    1  295  475  456    1   29    3    3    1     612
    2    1  296  476  339    1   22    3    3    1    1004
    2    1  297  477   34    1    3    1    1    1     749
    2    1  298  478  238    1   15    2    2    1    1638
    2    1  299  479  102    0    7    1    2    0     881
    2    1  300  480  330    1   21    3    2    0     857
