    1    1    1    1   96    1    6    1    2    0    5502
    1    1    2    2    7    1    1    1    3    0    2551
    1    1    3    3  278    1   18    2    2    1    4579
    1    1    4    4  224    1   14    2    2    1    1953
    1    1    5    5   62    1    4    1    1    1    4829
    1    1    6    6  397    1   25    3    3    1    2594
    1    1    7    7   85    1    6    1    1    1    3852
    1    1    8    8  423    1   27    3    3    1    3850
    1    1    9    9  163    1   11    2    1    0    2808
    1    1   10   10   73    1    5    1    3    0    2488
    1    1   11   11  293    1   19    2    1    0    1993
    1    1   12   12  215    1   14    2    3    0    4889
    1    1   13   13  413    1   26    3    3    1    4342
    1    1   14   14  186    1   12    2    1    0    2313
    1    1   15   15  327    1   21    3    1    0    4583
    1    1   16   16  146    1   10    1    2    0    3489
    1    1   17   17  170    1   11    2    1    0    1946
    1    1   18   18  272    1   17    2    3    0    7231
    1    1   19   19  135    1    9    1    3    0    3273
    1    1   20   20  106    1    7    1    1    1    3099
    1    1   21   21  339    1   22    3    3    1    3960
    1    1   22   22   55    1    4    1    2    0    2497
    1    1   23   23   31    1    2    1    2    0    2203
    1    1   24   24  241    1   16    2    2    1    2380
    1    1   25   25  376    1   24    3    3    1    2085
    1    1   26   26   16    1    1    1    3    0    2350
    1    1   27   27  279    1   18    2    3    0    3889
    1    1   28   28  355    1   23    3    2    0    3790
    1    1   29   29   34    1    3    1    2    0    6430
    1    1   30   30  306    1   20    2    2    1    4450
    1    1   31   31  471    1   30    3    3    1    3549
    1    1   32   32   17    1    2    1    1    1    4098
    1    1   33   33  330    1   21    3    1    0    2514
    1    1   34   34  308    1   20    2    3    0    2647
    1    1   35   35  395    1   25    3    3    1    2396
    1    1   36   36  136    1    9    1    3    0    2684
    1    1   37   37  195    1   13    2    2    1    3981
    1    1   38   38  337    1   22    3    1    0    4853
    1    1   39   39  446    1   28    3    2    0    5312
    1    1   40   40  125    1    8    1    3    0    1589
    1    1   41   41  115    1    8    1    1    1    3708
    1    1   42   42  229    1   15    2    3    0    2792
    1    1   43   43  148    1   10    1    3    0    3128
    1    1   44   44  203    1   13    2    3    0    5827
    1    1   45   45  443    1   28    3    2    0    3987
    1    1   46   46  111    1    7    1    3    0    2034
    1    1   47   47  267    1   17    2    3    0    2465
    1    1   48   48  297    1   19    2    1    0    4566
    1    1   49   49  455    1   29    3    1    0    2815
    1    1   50   50  405    1   26    3    3    1    7219
    1    1   51   51  465    1   30    3    2    0    2050
    1    1   52   52  359    1   23    3    3    1    4703
    1    1   53   53   72    1    5    1    2    0    4324
    1    1   54   54  456    1   29    3    3    1    2219
    1    1   55   55  420    1   27    3    2    0    3776
    1    1   56   56   40    1    3    1    1    1    1968
    1    1   57   57  250    1   16    2    3    0    2775
    1    1   58   58  190    1   12    2    3    0    6203
    1    1   59   59  381    1   24    3    1    0    3535
    1    1   60   60  238    1   15    2    2    1    4608
    1    2    1   61  405    1   26    3    3    1    3501
    1    2    2   62   85    1    6    1    1    1    5663
    1    2    3   63  279    1   18    2    1    0    4612
    1    2    4   64  327    1   21    3    3    1    4399
    1    2    5   65  146    1   10    1    1    1    3552
    1    2    6   66  241    1   16    2    3    0    2912
    1    2    7   67  190    1   12    2    2    1    2667
    1    2    8   68  339    1   22    3    1    0    4421
    1    2    9   69  337    1   22    3    3    1    7961
    1    2   10   70   31    1    2    1    2    0    3082
    1    2   11   71  170    1   11    2    1    0    2020
    1    2   12   72  443    1   28    3    3    1    6042
    1    2   13   73  397    1   25    3    3    1    2165
    1    2   14   74  278    1   18    2    1    0    4490
    1    2   15   75   40    1    3    1    2    0    4519
    1    2   16   76  420    1   27    3    3    1    5443
    1    2   17   77  456    1   29    3    1    0    4266
    1    2   18   78   73    1    5    1    3    0    2905
    1    2   19   79  413    1   26    3    2    0    4150
    1    2   20   80  136    1    9    1    1    1    4363
    1    2   21   81   16    1    1    1    3    0    7714
    1    2   22   82  423    1   27    3    2    0    5595
    1    2   23   83   62    1    4    1    3    0    7067
    1    2   24   84  186    1   12    2    1    0    4180
    1    2   25   85  359    1   23    3    3    1    2756
    1    2   26   86    7    1    1    1    1    1    2678
    1    2   27   87  135    1    9    1    1    1    2187
    1    2   28   88  446    1   28    3    3    1    2803
    1    2   29   89   55    1    4    1    2    0    7128
    1    2   30   90  272    1   17    2    3    0    2424
    1    2   31   91  355    1   23    3    3    1    5317
    1    2   32   92  215    1   14    2    1    0    6084
    1    2   33   93  111    1    7    1    1    1    6518
    1    2   34   94   72    1    5    1    1    1    3733
    1    2   35   95  250    1   16    2    3    0    3032
    1    2   36   96   96    1    6    1    3    0    5034
    1    2   37   97  471    1   30    3    3    1    2266
    1    2   38   98  203    1   13    2    1    0    5080
    1    2   39   99  465    1   30    3    3    1    3093
    1    2   40  100  195    1   13    2    2    1    4805
    1    2   41  101  125    1    8    1    1    1    3905
    1    2   42  102  238    1   15    2    3    0    4278
    1    2   43  103  381    1   24    3    1    0    2175
    1    2   44  104  297    1   19    2    2    1    3020
    1    2   45  105  115    1    8    1    3    0    3920
    1    2   46  106   34    1    3    1    1    1    3390
    1    2   47  107  293    1   19    2    3    0    2958
    1    2   48  108  224    1   14    2    3    0    2874
    1    2   49  109  376    1   24    3    3    1    2215
    1    2   50  110  330    1   21    3    2    0    1971
    1    2   51  111  306    1   20    2    2    1    1713
    1    2   52  112  229    1   15    2    1    0    2840
    1    2   53  113  455    1   29    3    2    0    4375
    1    2   54  114  148    1   10    1    1    1    2724
    1    2   55  115   17    1    2    1    2    0    6592
    1    2   56  116  267    1   17    2    1    0    2671
    1    2   57  117  308    1   20    2    3    0    5068
    1    2   58  118  395    1   25    3    1    0    1705
    1    2   59  119  106    1    7    1    1    1    3599
    1    2   60  120  163    1   11    2    1    0    5085
    1    3    1  121   31    1    2    1    3    0    2102
    1    3    2  122  148    1   10    1    1    1    3606
    1    3    3  123  115    1    8    1    3    0    7123
    1    3    4  124  186    1   12    2    2    1    1828
    1    3    5  125  330    1   21    3    3    1    3675
    1    3    6  126  443    1   28    3    2    0    3280
    1    3    7  127  293    1   19    2    2    1    4084
    1    3    8  128  224    1   14    2    1    0    5240
    1    3    9  129  339    1   22    3    3    1    4577
    1    3   10  130  397    1   25    3    3    1    4894
    1    3   11  131  446    1   28    3    1    0    2864
    1    3   12  132  195    1   13    2    2    1    4486
    1    3   13  133  465    1   30    3    3    1    2468
    1    3   14  134  241    1   16    2    1    0    3630
    1    3   15  135  405    1   26    3    3    1    2721
    1    3   16  136  376    1   24    3    3    1    3730
    1    3   17  137   16    1    1    1    1    1    2571
    1    3   18  138  395    1   25    3    3    1    2471
    1    3   19  139  238    1   15    2    1    0    2519
    1    3   20  140  250    1   16    2    2    1    4319
    1    3   21  141  279    1   18    2    3    0    2826
    1    3   22  142  106    1    7    1    1    1    1177
    1    3   23  143  267    1   17    2    2    1    2602
    1    3   24  144  420    1   27    3    3    1    3886
    1    3   25  145  455    1   29    3    2    0    2607
    1    3   26  146  215    1   14    2    2    1    7116
    1    3   27  147  306    1   20    2    2    1    1976
    1    3   28  148  456    1   29    3    1    0    3827
    1    3   29  149   62    1    4    1    1    1    3905
    1    3   30  150  413    1   26    3    2    0    3923
    1    3   31  151  327    1   21    3    3    1    2226
    1    3   32  152  146    1   10    1    1    1    1698
    1    3   33  153   73    1    5    1    3    0    8052
    1    3   34  154  111    1    7    1    2    0    1805
    1    3   35  155   96    1    6    1    3    0    4812
    1    3   36  156  359    1   23    3    1    0    4101
    1    3   37  157  170    1   11    2    1    0    1247
    1    3   38  158  135    1    9    1    1    1    2420
    1    3   39  159  272    1   17    2    3    0    2882
    1    3   40  160  423    1   27    3    3    1    2642
    1    3   41  161  190    1   12    2    2    1    2177
    1    3   42  162    7    1    1    1    1    1    1243
    1    3   43  163   17    1    2    1    3    0    2822
    1    3   44  164   72    1    5    1    1    1    1584
    1    3   45  165  297    1   19    2    2    1    7644
    1    3   46  166  278    1   18    2    3    0    3748
    1    3   47  167  136    1    9    1    1    1    3300
    1    3   48  168  471    1   30    3    3    1    2790
    1    3   49  169  125    1    8    1    1    1    2989
    1    3   50  170  381    1   24    3    1    0    7738
    1    3   51  171  355    1   23    3    3    1    1927
    1    3   52  172   55    1    4    1    2    0    4901
    1    3   53  173  308    1   20    2    3    0    2551
    1    3   54  174   85    1    6    1    2    0    2891
    1    3   55  175   40    1    3    1    1    1    1366
    1    3   56  176  163    1   11    2    2    1    4747
    1    3   57  177  337    1   22    3    1    0    6260
    1    3   58  178  203    1   13    2    3    0    1810
    1    3   59  179  229    1   15    2    1    0    4037
    1    3   60  180   34    1    3    1    1    1    1307
    2    1    1  181  163    1   11    2    2    1   13997
    2    1    2  182  429    0   27    3    1    0    2231
    2    1    3  183  242    0   16    2    3    0    1786
    2    1    4  184   13    0    1    1    1    1    1722
    2    1    5  185  166    0   11    2    3    0    1973
    2    1    6  186  152    0   10    1    3    0    1170
    2    1    7  187  176    0   11    2    1    0    1250
    2    1    8  188  428    0   27    3    3    1    2612
    2    1    9  189   12    0    1    1    1    1    1302
    2    1   10  190  341    0   22    3    3    1    2882
    2    1   11  191  102    0    7    1    2    0    2255
    2    1   12  192  182    0   12    2    2    1     772
    2    1   13  193  116    0    8    1    1    1    1423
    2    1   14  194  189    0   12    2    2    1    1177
    2    1   15  195  144    0    9    1    3    0    1160
    2    1   16  196  423    1   27    3    3    1    2270
    2    1   17  197  449    0   29    3    2    0    3055
    2    1   18  198  383    0   24    3    3    1    2009
    2    1   19  199   98    0    7    1    2    0    2156
    2    1   20  200  330    1   21    3    2    0     773
    2    1   21  201  287    0   18    2    1    0    1341
    2    1   22  202  430    0   27    3    3    1    1667
    2    1   23  203  367    0   23    3    3    1    1749
    2    1   24  204  265    0   17    2    3    0    1584
    2    1   25  205   21    0    2    1    3    0    2133
    2    1   26  206  314    0   20    2    2    1     860
    2    1   27  207  277    0   18    2    3    0    1549
    2    1   28  208  365    0   23    3    1    0    3341
    2    1   29  209  471    1   30    3    3    1    1505
    2    1   30  210  143    0    9    1    3    0     762
    2    1   31  211  447    0   28    3    3    1    1650
    2    1   32  212  373    0   24    3    1    0    1260
    2    1   33  213  437    0   28    3    3    1    2538
    2    1   34  214   81    0    6    1    2    0    1180
    2    1   35  215   75    0    5    1    1    1    1110
    2    1   36  216  308    1   20    2    2    1    2722
    2    1   37  217  336    0   21    3    3    1    1450
    2    1   38  218   47    0    3    1    1    1    1158
    2    1   39  219  291    0   19    2    3    0    2879
    2    1   40  220  141    0    9    1    3    0     665
    2    1   41  221  395    1   25    3    3    1     616
    2    1   42  222   36    0    3    1    1    1     845
    2    1   43  223  463    0   29    3    1    0    1046
    2    1   44  224  303    0   19    2    3    0    1880
    2    1   45  225  167    0   11    2    1    0     676
    2    1   46  226  123    0    8    1    1    1    2683
    2    1   47  227  456    1   29    3    3    1    1376
    2    1   48  228  385    0   25    3    3    1    1019
    2    1   49  229  406    0   26    3    3    1     776
    2    1   50  230  139    0    9    1    1    1    1030
    2    1   51  231  119    0    8    1    1    1     985
    2    1   52  232  218    0   14    2    2    1    1701
    2    1   53  233  320    0   20    2    2    1    2470
    2    1   54  234  374    0   24    3    3    1    1607
    2    1   55  235   44    0    3    1    1    1     824
    2    1   56  236  233    0   15    2    3    0    1161
    2    1   57  237  461    0   29    3    3    1    2634
    2    1   58  238  170    1   11    2    1    0     725
    2    1   59  239  342    0   22    3    3    1    1389
    2    1   60  240  164    0   11    2    3    0    2340
    2    1   61  241    2    0    1    1    1    1    1260
    2    1   62  242  348    0   22    3    1    0    1115
    2    1   63  243  325    0   21    3    2    0    1000
    2    1   64  244  398    0   25    3    3    1    1330
    2    1   65  245   16    1    1    1    1    1    1113
    2    1   66  246  362    0   23    3    3    1    2121
    2    1   67  247   48    0    3    1    1    1    1011
    2    1   68  248  309    0   20    2    3    0    1642
    2    1   69  249  187    0   12    2    2    1    1520
    2    1   70  250  250    1   16    2    1    0    1122
    2    1   71  251  253    0   16    2    1    0    1317
    2    1   72  252  258    0   17    2    3    0    1669
    2    1   73  253  410    0   26    3    3    1    1099
    2    1   74  254  101    0    7    1    1    1    1191
    2    1   75  255  190    1   12    2    2    1    1031
    2    1   76  256  408    0   26    3    2    0    1566
    2    1   77  257  420    1   27    3    3    1    2213
    2    1   78  258  197    0   13    2    1    0    1119
    2    1   79  259  392    0   25    3    3    1    1897
    2    1   80  260  159    0   10    1    1    1    1564
    2    1   81  261  217    0   14    2    3    0    2347
    2    1   82  262   15    0    1    1    1    1    2194
    2    1   83  263   95    0    6    1    2    0    1402
    2    1   84  264   57    0    4    1    2    0    2993
    2    1   85  265  311    0   20    2    3    0    2005
    2    1   86  266  415    0   26    3    3    1    1407
    2    1   87  267  117    0    8    1    1    1    1415
    2    1   88  268   96    1    6    1    2    0    3286
    2    1   89  269  221    0   14    2    3    0    1494
    2    1   90  270  231    0   15    2    1    0    1156
    2    1   91  271  199    0   13    2    2    1    3414
    2    1   92  272  425    0   27    3    3    1    3660
    2    1   93  273  232    0   15    2    1    0    3460
    2    1   94  274   31    1    2    1    3    0    1092
    2    1   95  275  379    0   24    3    1    0    1391
    2    1   96  276   56    0    4    1    3    0    1789
    2    1   97  277  124    0    8    1    1    1    1200
    2    1   98  278   46    0    3    1    1    1    1099
    2    1   99  279  443    1   28    3    2    0    2370
    2    1  100  280  418    0   27    3    3    1    2601
    2    1  101  281   94    0    6    1    2    0    1473
    2    1  102  282  302    0   19    2    2    1    1585
    2    1  103  283  244    0   16    2    2    1    2408
    2    1  104  284  473    0   30    3    1    0    4619
    2    1  105  285  118    0    8    1    1    1    1317
    2    1  106  286  149    0   10    1    3    0    1474
    2    1  107  287  469    0   30    3    2    0    1919
    2    1  108  288   66    0    5    1    1    1    1179
    2    1  109  289   77    0    5    1    1    1    1086
    2    1  110  290   68    0    5    1    1    1     620
    2    1  111  291  186    1   12    2    2    1    1242
    2    1  112  292   33    0    3    1    1    1    1171
    2    1  113  293  281    0   18    2    3    0    1645
    2    1  114  294   32    0    2    1    3    0    1090
    2    1  115  295  289    0   19    2    3    0    1453
    2    1  116  296   30    0    2    1    3    0    1646
    2    1  117  297   69    0    5    1    1    1    3036
    2    1  118  298    5    0    1    1    1    1    1290
    2    1  119  299  136    1    9    1    3    0    1579
    2    1  120  300  400    0   25    3    2    0    1458
    2    1  121  301  350    0   22    3    2    0    1374
    2    1  122  302  178    0   12    2    2    1     785
    2    1  123  303  121    0    8    1    1    1    1986
    2    1  124  304  305    0   20    2    3    0    1426
    2    1  125  305  304    0   19    2    2    1    1553
    2    1  126  306  381    1   24    3    1    0    3732
    2    1  127  307  158    0   10    1    3    0    1296
    2    1  128  308  238    1   15    2    2    1    2603
    2    1  129  309  396    0   25    3    3    1    1140
    2    1  130  310  370    0   24    3    1    0    1077
    2    1  131  311   29    0    2    1    3    0    1681
    2    1  132  312  145    0   10    1    1    1    1197
    2    1  133  313  380    0   24    3    3    1    1591
    2    1  134  314  251    0   16    2    2    1    1320
    2    1  135  315   42    0    3    1    1    1    1218
    2    1  136  316  450    0   29    3    2    0    2410
    2    1  137  317  407    0   26    3    3    1    1193
    2    1  138  318  173    0   11    2    1    0    1508
    2    1  139  319  219    0   14    2    3    0    1981
    2    1  140  320  280    0   18    2    2    1    1923
    2    1  141  321  295    0   19    2    2    1    2194
    2    1  142  322  235    0   15    2    1    0    3400
    2    1  143  323  181    0   12    2    2    1    1105
    2    1  144  324  179    0   12    2    2    1    1452
    2    1  145  325   26    0    2    1    3    0    1306
    2    1  146  326  478    0   30    3    1    0    1461
    2    1  147  327  100    0    7    1    1    1    1134
    2    1  148  328   27    0    2    1    3    0    1244
    2    1  149  329  424    0   27    3    3    1    3601
    2    1  150  330  409    0   26    3    2    0    1315
    2    1  151  331  207    0   13    2    3    0    1991
    2    1  152  332   93    0    6    1    2    0    1053
    2    1  153  333   67    0    5    1    1    1    1025
    2    1  154  334  317    0   20    2    2    1    1462
    2    1  155  335  155    0   10    1    3    0    1265
    2    1  156  336  115    1    8    1    2    0    1628
    2    1  157  337  236    0   15    2    2    1    1936
    2    1  158  338  193    0   13    2    2    1    1145
    2    1  159  339  275    0   18    2    1    0    1566
    2    1  160  340  326    0   21    3    2    0    1233
    2    1  161  341  363    0   23    3    2    0    1430
    2    1  162  342  426    0   27    3    3    1    1415
    2    1  163  343   84    0    6    1    2    0    1225
    2    1  164  344   79    0    5    1    1    1     924
    2    1  165  345  452    0   29    3    3    1    1181
    2    1  166  346  290    0   19    2    1    0    1529
    2    1  167  347  435    0   28    3    3    1    1292
    2    1  168  348  353    0   23    3    3    1    1987
    2    1  169  349  224    1   14    2    1    0    2871
    2    1  170  350  451    0   29    3    3    1    1161
    2    1  171  351   24    0    2    1    2    0    1897
    2    1  172  352  172    0   11    2    1    0    1523
    2    1  173  353   88    0    6    1    2    0    1268
    2    1  174  354  360    0   23    3    3    1    2131
    2    1  175  355  113    0    8    1    1    1    1263
    2    1  176  356  323    0   21    3    2    0    1436
    2    1  177  357  203    1   13    2    2    1    1915
    2    1  178  358  446    1   28    3    3    1    1152
    2    1  179  359  216    0   14    2    2    1    1381
    2    1  180  360   28    0    2    1    3    0    1206
    2    1  181  361   87    0    6    1    2    0    1168
    2    1  182  362  154    0   10    1    1    1    1123
    2    1  183  363   64    0    4    1    2    0    1393
    2    1  184  364  272    1   17    2    1    0    1520
    2    1  185  365  401    0   26    3    3    1    1645
    2    1  186  366  364    0   23    3    3    1    1618
    2    1  187  367  361    0   23    3    3    1    1258
    2    1  188  368  140    0    9    1    1    1    1513
    2    1  189  369  384    0   24    3    3    1    3527
    2    1  190  370  294    0   19    2    2    1    1758
    2    1  191  371  354    0   23    3    3    1    1307
    2    1  192  372  349    0   22    3    1    0    2062
    2    1  193  373    6    0    1    1    1    1    1158
    2    1  194  374  357    0   23    3    3    1    1256
    2    1  195  375  479    0   30    3    3    1    1316
    2    1  196  376  225    0   15    2    1    0    1797
    2    1  197  377  358    0   23    3    3    1    1871
    2    1  198  378   74    0    5    1    1    1    1202
    2    1  199  379  245    0   16    2    2    1    1434
    2    1  200  380  175    0   11    2    3    0    2250
    2    1  201  381  343    0   22    3    1    0    1248
    2    1  202  382  377    0   24    3    3    1    1400
    2    1  203  383  126    0    8    1    1    1    1195
    2    1  204  384  192    0   12    2    2    1    1550
    2    1  205  385  109    0    7    1    1    1    1652
    2    1  206  386  171    0   11    2    1    0    1063
    2    1  207  387  321    0   21    3    2    0    1243
    2    1  208  388  202    0   13    2    2    1    1004
    2    1  209  389  351    0   22    3    1    0    1913
    2    1  210  390  107    0    7    1    3    0    2146
    2    1  211  391   22    0    2    1    3    0    1396
    2    1  212  392  413    1   26    3    2    0    2808
    2    1  213  393  334    0   21    3    2    0    1097
    2    1  214  394  316    0   20    2    2    1    1573
    2    1  215  395   43    0    3    1    1    1    1111
    2    1  216  396  419    0   27    3    3    1    1270
    2    1  217  397   54    0    4    1    2    0    2250
    2    1  218  398  146    1   10    1    1    1    1070
    2    1  219  399   58    0    4    1    3    0    1460
    2    1  220  400  151    0   10    1    2    0    1520
    2    1  221  401   40    1    3    1    1    1    1005
    2    1  222  402  458    0   29    3    3    1    2526
    2    1  223  403  257    0   17    2    1    0    1840
    2    1  224  404  111    1    7    1    1    1    3679
    2    1  225  405    4    0    1    1    3    0    1344
    2    1  226  406  306    1   20    2    2    1    1090
    2    1  227  407  462    0   29    3    3    1    1461
    2    1  228  408   97    0    7    1    1    1    1302
    2    1  229  409  148    1   10    1    3    0    1453
    2    1  230  410  421    0   27    3    2    0    1453
    2    1  231  411   49    0    4    1    1    1    1167
    2    1  232  412   18    0    2    1    3    0    1289
    2    1  233  413  322    0   21    3    2    0    1212
    2    1  234  414   53    0    4    1    1    1    1891
    2    1  235  415   25    0    2    1    3    0    1403
    2    1  236  416  200    0   13    2    2    1    1409
    2    1  237  417  405    1   26    3    3    1    1284
    2    1  238  418  125    1    8    1    1    1    1056
    2    1  239  419  273    0   18    2    3    0    1100
    2    1  240  420  335    0   21    3    2    0    1173
    2    1  241  421  212    0   14    2    2    1    1664
    2    1  242  422  254    0   16    2    2    1    1329
    2    1  243  423  230    0   15    2    3    0    1624
    2    1  244  424  327    1   21    3    2    0    1825
    2    1  245  425  338    0   22    3    1    0    1128
    2    1  246  426  104    0    7    1    2    0    1636
    2    1  247  427   76    0    5    1    1    1    1138
    2    1  248  428  467    0   30    3    3    1    1472
    2    1  249  429  337    1   22    3    3    1    4168
    2    1  250  430  310    0   20    2    2    1    1128
    2    1  251  431  369    0   24    3    3    1    2107
    2    1  252  432  227    0   15    2    3    0    1218
    2    1  253  433  114    0    8    1    1    1    1170
    2    1  254  434  215    1   14    2    2    1    1211
    2    1  255  435  378    0   24    3    1    0    1143
    2    1  256  436  248    0   16    2    2    1    1565
    2    1  257  437   82    0    6    1    2    0     868
    2    1  258  438  214    0   14    2    2    1    1303
    2    1  259  439  222    0   14    2    3    0    1172
    2    1  260  440  332    0   21    3    3    1    2278
    2    1  261  441   80    0    5    1    1    1    1146
    2    1  262  442  274    0   18    2    2    1    1413
    2    1  263  443  249    0   16    2    1    0    1413
    2    1  264  444  150    0   10    1    2    0    1306
    2    1  265  445  293    1   19    2    2    1     718
    2    1  266  446  195    1   13    2    2    1     655
    2    1  267  447  206    0   13    2    2    1     695
    2    1  268  448  386    0   25    3    3    1    1341
    2    1  269  449  133    0    9    1    1    1    1250
    2    1  270  450  243    0   16    2    2    1    1138
    2    1  271  451  464    0   29    3    3    1    1644
    2    1  272  452  417    0   27    3    3    1    1127
    2    1  273  453  312    0   20    2    3    0    2876
    2    1  274  454   38    0    3    1    1    1    1345
    2    1  275  455   14    0    1    1    1    1    1803
    2    1  276  456  442    0   28    3    1    0    2467
    2    1  277  457  229    1   15    2    2    1    2514
    2    1  278  458  307    0   20    2    3    0    1142
    2    1  279  459  160    0   10    1    1    1    1291
    2    1  280  460   86    0    6    1    2    0    1314
    2    1  281  461  472    0   30    3    2    0    2211
    2    1  282  462  393    0   25    3    2    0    1320
    2    1  283  463  388    0   25    3    3    1    1143
    2    1  284  464  284    0   18    2    3    0    1145
    2    1  285  465   61    0    4    1    1    1    1326
    2    1  286  466  340    0   22    3    1    0    1523
    2    1  287  467  434    0   28    3    1    0     649
    2    1  288  468  130    0    9    1    1    1     745
    2    1  289  469  433    0   28    3    2    0    1289
    2    1  290  470  184    0   12    2    2    1     631
    2    1  291  471  137    0    9    1    1    1    2086
    2    1  292  472   60    0    4    1    3    0    1985
    2    1  293  473  339    1   22    3    1    0    1161
    2    1  294  474  298    0   19    2    1    0    2483
    2    1  295  475   70    0    5    1    1    1    1017
    2    1  296  476  296    0   19    2    3    0    4689
    2    1  297  477  240    0   15    2    3    0    1503
    2    1  298  478  440    0   28    3    3    1    2013
    2    1  299  479  211    0   14    2    2    1    2410
    2    1  300  480  246    0   16    2    2    1    1959
