    1    1    1    1  164    1   11    2    1    0    7670
    1    1    2    2   15    1    1    1    3    0    2273
    1    1    3    3  380    1   24    3    1    0    2341
    1    1    4    4  448    1   28    3    2    0     926
    1    1    5    5   36    1    3    1    3    0     849
    1    1    6    6  356    1   23    3    2    0    1077
    1    1    7    7  424    1   27    3    3    1    2234
    1    1    8    8  353    1   23    3    1    0     870
    1    1    9    9   53    1    4    1    2    0    1870
    1    1   10   10  340    1   22    3    2    0     923
    1    1   11   11  201    1   13    2    2    1    1219
    1    1   12   12  360    1   23    3    3    1    1519
    1    1   13   13  267    1   17    2    1    0     998
    1    1   14   14  409    1   26    3    2    0    1557
    1    1   15   15  396    1   25    3    2    0    1360
    1    1   16   16  266    1   17    2    1    0    1490
    1    1   17   17  359    1   23    3    3    1    2154
    1    1   18   18  280    1   18    2    3    0    2237
    1    1   19   19  276    1   18    2    1    0    1861
    1    1   20   20  117    1    8    1    1    1     989
    1    1   21   21  250    1   16    2    2    1    3454
    1    1   22   22   80    1    5    1    1    1    2408
    1    1   23   23  217    1   14    2    1    0    1931
    1    1   24   24  219    1   14    2    3    0    2433
    1    1   25   25  473    1   30    3    1    0     226
    1    1   26   26  408    1   26    3    2    0     280
    1    1   27   27  272    1   17    2    3    0     696
    1    1   28   28   35    1    3    1    2    0    1278
    1    1   29   29  411    1   26    3    3    1    1240
    1    1   30   30   37    1    3    1    1    1     941
    1    1   31   31  121    1    8    1    2    0     639
    1    1   32   32  216    1   14    2    2    1    1322
    1    1   33   33   66    1    5    1    1    1    1076
    1    1   34   34   71    1    5    1    1    1    1782
    1    1   35   35  269    1   17    2    3    0     762
    1    1   36   36  326    1   21    3    3    1     656
    1    1   37   37  245    1   16    2    2    1    1084
    1    1   38   38   38    1    3    1    1    1     769
    1    1   39   39  290    1   19    2    2    1    1293
    1    1   40   40    4    1    1    1    3    0    1345
    1    1   41   41  471    1   30    3    3    1     929
    1    1   42   42  240    1   15    2    2    1     929
    1    1   43   43  476    1   30    3    3    1     995
    1    1   44   44  120    1    8    1    2    0    1952
    1    1   45   45  465    1   30    3    3    1     856
    1    1   46   46  271    1   17    2    3    0    1914
    1    1   47   47   58    1    4    1    2    0    1075
    1    1   48   48  387    1   25    3    2    0    1014
    1    1   49   49   33    1    3    1    1    1    2276
    1    1   50   50   49    1    4    1    1    1    1563
    1    1   51   51   56    1    4    1    1    1    1453
    1    1   52   52  289    1   19    2    3    0     861
    1    1   53   53  252    1   16    2    3    0    1086
    1    1   54   54  182    1   12    2    3    0   10635
    1    1   55   55  406    1   26    3    3    1    2203
    1    1   56   56    6    1    1    1    1    1    1924
    1    1   57   57  479    1   30    3    3    1    2672
    1    1   58   58   52    1    4    1    1    1    1083
    1    1   59   59  212    1   14    2    2    1    3602
    1    1   60   60   16    1    1    1    1    1    1406
    1    2    1   61  409    1   26    3    3    1     700
    1    2    2   62  250    1   16    2    3    0    1638
    1    2    3   63  269    1   17    2    2    1    1659
    1    2    4   64  240    1   15    2    3    0    1408
    1    2    5   65  290    1   19    2    1    0    3759
    1    2    6   66   52    1    4    1    1    1     719
    1    2    7   67  271    1   17    2    3    0     953
    1    2    8   68  424    1   27    3    2    0    1557
    1    2    9   69  219    1   14    2    3    0     815
    1    2   10   70  117    1    8    1    2    0     962
    1    2   11   71  396    1   25    3    3    1     758
    1    2   12   72  476    1   30    3    3    1     840
    1    2   13   73   71    1    5    1    1    1    1189
    1    2   14   74   35    1    3    1    1    1     790
    1    2   15   75  280    1   18    2    2    1    1442
    1    2   16   76  448    1   28    3    2    0    2765
    1    2   17   77  471    1   30    3    3    1     719
    1    2   18   78   58    1    4    1    1    1     798
    1    2   19   79  340    1   22    3    1    0    2439
    1    2   20   80   37    1    3    1    1    1    1366
    1    2   21   81  272    1   17    2    2    1     715
    1    2   22   82  182    1   12    2    2    1    1316
    1    2   23   83  479    1   30    3    3    1     772
    1    2   24   84  276    1   18    2    1    0    3314
    1    2   25   85  356    1   23    3    3    1     640
    1    2   26   86   33    1    3    1    1    1     724
    1    2   27   87   56    1    4    1    2    0    1078
    1    2   28   88  465    1   30    3    3    1     827
    1    2   29   89  164    1   11    2    2    1     914
    1    2   30   90   36    1    3    1    1    1     596
    1    2   31   91   38    1    3    1    1    1     827
    1    2   32   92  120    1    8    1    2    0     919
    1    2   33   93   15    1    1    1    1    1     760
    1    2   34   94  121    1    8    1    3    0    1653
    1    2   35   95  252    1   16    2    1    0    1222
    1    2   36   96   80    1    5    1    1    1     790
    1    2   37   97  406    1   26    3    2    0     935
    1    2   38   98  245    1   16    2    2    1    1591
    1    2   39   99    4    1    1    1    1    1     811
    1    2   40  100  359    1   23    3    3    1    1874
    1    2   41  101  380    1   24    3    1    0    1005
    1    2   42  102  473    1   30    3    3    1     820
    1    2   43  103  387    1   25    3    1    0     625
    1    2   44  104  212    1   14    2    2    1    1440
    1    2   45  105   53    1    4    1    1    1    2732
    1    2   46  106  326    1   21    3    3    1     773
    1    2   47  107  217    1   14    2    1    0     579
    1    2   48  108  360    1   23    3    2    0     729
    1    2   49  109  266    1   17    2    2    1     825
    1    2   50  110    6    1    1    1    1    1     506
    1    2   51  111  216    1   14    2    2    1    2047
    1    2   52  112   49    1    4    1    1    1     854
    1    2   53  113  411    1   26    3    3    1     583
    1    2   54  114  408    1   26    3    1    0    2196
    1    2   55  115  289    1   19    2    2    1    1268
    1    2   56  116  353    1   23    3    3    1    1272
    1    2   57  117  201    1   13    2    2    1     911
    1    2   58  118   16    1    1    1    1    1     542
    1    2   59  119   66    1    5    1    1    1     811
    1    2   60  120  267    1   17    2    2    1    3142
    1    3    1  121  289    1   19    2    2    1    1243
    1    3    2  122  280    1   18    2    3    0    1045
    1    3    3  123  290    1   19    2    1    0     764
    1    3    4  124  340    1   22    3    3    1    1754
    1    3    5  125   37    1    3    1    1    1     705
    1    3    6  126  212    1   14    2    2    1    1060
    1    3    7  127   16    1    1    1    1    1    1628
    1    3    8  128  380    1   24    3    2    0    1650
    1    3    9  129  448    1   28    3    3    1    1095
    1    3   10  130  276    1   18    2    3    0    1135
    1    3   11  131    4    1    1    1    1    1    3180
    1    3   12  132  465    1   30    3    3    1     948
    1    3   13  133  217    1   14    2    1    0     701
    1    3   14  134  272    1   17    2    2    1     776
    1    3   15  135   56    1    4    1    1    1     981
    1    3   16  136  240    1   15    2    3    0     851
    1    3   17  137  219    1   14    2    1    0     678
    1    3   18  138  271    1   17    2    2    1     678
    1    3   19  139    6    1    1    1    1    1    1534
    1    3   20  140   66    1    5    1    1    1    1570
    1    3   21  141  408    1   26    3    3    1     893
    1    3   22  142  117    1    8    1    2    0    1231
    1    3   23  143  424    1   27    3    3    1     663
    1    3   24  144  360    1   23    3    3    1    1170
    1    3   25  145  182    1   12    2    2    1    1068
    1    3   26  146  267    1   17    2    1    0    1177
    1    3   27  147  269    1   17    2    3    0     816
    1    3   28  148  356    1   23    3    3    1     710
    1    3   29  149   80    1    5    1    1    1    1036
    1    3   30  150   38    1    3    1    1    1     728
    1    3   31  151  409    1   26    3    3    1     706
    1    3   32  152   58    1    4    1    1    1    4406
    1    3   33  153  201    1   13    2    2    1     810
    1    3   34  154   36    1    3    1    1    1     757
    1    3   35  155  250    1   16    2    2    1     801
    1    3   36  156  479    1   30    3    2    0    1290
    1    3   37  157   71    1    5    1    1    1     619
    1    3   38  158   35    1    3    1    1    1    1217
    1    3   39  159   52    1    4    1    2    0    1908
    1    3   40  160  406    1   26    3    2    0    1228
    1    3   41  161  216    1   14    2    2    1    1704
    1    3   42  162  120    1    8    1    1    1     693
    1    3   43  163  164    1   11    2    1    0    6937
    1    3   44  164  396    1   25    3    3    1     779
    1    3   45  165  121    1    8    1    3    0    1062
    1    3   46  166  266    1   17    2    2    1    1761
    1    3   47  167   49    1    4    1    1    1    1165
    1    3   48  168   33    1    3    1    1    1     961
    1    3   49  169  326    1   21    3    3    1    1574
    1    3   50  170  476    1   30    3    3    1    1085
    1    3   51  171  252    1   16    2    2    1    1039
    1    3   52  172  359    1   23    3    3    1     929
    1    3   53  173  387    1   25    3    3    1     874
    1    3   54  174   53    1    4    1    1    1     763
    1    3   55  175  245    1   16    2    2    1     918
    1    3   56  176  471    1   30    3    3    1    1384
    1    3   57  177  473    1   30    3    3    1    2869
    1    3   58  178   15    1    1    1    1    1     807
    1    3   59  179  411    1   26    3    3    1    1216
    1    3   60  180  353    1   23    3    3    1     738
    2    1    1  181  386    0   25    3    3    1    3804
    2    1    2  182  160    0   10    1    2    0    3430
    2    1    3  183  104    0    7    1    3    0     884
    2    1    4  184  461    0   29    3    3    1     995
    2    1    5  185  244    0   16    2    2    1    2854
    2    1    6  186  318    0   20    2    2    1    1033
    2    1    7  187   16    1    1    1    1    1     558
    2    1    8  188  358    0   23    3    3    1    1101
    2    1    9  189  312    0   20    2    3    0     657
    2    1   10  190  390    0   25    3    3    1     970
    2    1   11  191  301    0   19    2    2    1    2826
    2    1   12  192  452    0   29    3    3    1     708
    2    1   13  193  190    0   12    2    1    0     696
    2    1   14  194   37    1    3    1    1    1     880
    2    1   15  195  126    0    8    1    2    0    2897
    2    1   16  196  243    0   16    2    3    0     925
    2    1   17  197  217    1   14    2    2    1     916
    2    1   18  198  445    0   28    3    3    1     961
    2    1   19  199  369    0   24    3    3    1    2166
    2    1   20  200  263    0   17    2    2    1     773
    2    1   21  201  321    0   21    3    2    0    1219
    2    1   22  202   27    0    2    1    1    1     626
    2    1   23  203  181    0   12    2    3    0    2561
    2    1   24  204  336    0   21    3    2    0    5129
    2    1   25  205   25    0    2    1    3    0    1026
    2    1   26  206   23    0    2    1    1    1    2246
    2    1   27  207  285    0   18    2    3    0    1955
    2    1   28  208  209    0   14    2    3    0    1860
    2    1   29  209  103    0    7    1    3    0    1003
    2    1   30  210    6    1    1    1    1    1     597
    2    1   31  211  277    0   18    2    2    1    3360
    2    1   32  212  332    0   21    3    2    0     958
    2    1   33  213  266    1   17    2    2    1    1692
    2    1   34  214  106    0    7    1    3    0    1114
    2    1   35  215  255    0   16    2    2    1    1856
    2    1   36  216  203    0   13    2    2    1    1362
    2    1   37  217  341    0   22    3    3    1     895
    2    1   38  218   87    0    6    1    3    0     883
    2    1   39  219  374    0   24    3    1    0     898
    2    1   40  220  459    0   29    3    3    1     921
    2    1   41  221  348    0   22    3    1    0    2150
    2    1   42  222   88    0    6    1    3    0     756
    2    1   43  223   44    0    3    1    1    1     783
    2    1   44  224    2    0    1    1    2    0     867
    2    1   45  225  320    0   20    2    3    0     750
    2    1   46  226  131    0    9    1    1    1     948
    2    1   47  227  322    0   21    3    3    1     714
    2    1   48  228   21    0    2    1    3    0     832
    2    1   49  229  201    1   13    2    2    1     864
    2    1   50  230  295    0   19    2    1    0    3256
    2    1   51  231  376    0   24    3    1    0    1574
    2    1   52  232  424    1   27    3    3    1     712
    2    1   53  233  248    0   16    2    2    1     908
    2    1   54  234  116    0    8    1    1    1    1529
    2    1   55  235   98    0    7    1    1    1    2032
    2    1   56  236   43    0    3    1    1    1    1294
    2    1   57  237  371    0   24    3    1    0    2595
    2    1   58  238  250    1   16    2    2    1     782
    2    1   59  239  127    0    8    1    1    1    1521
    2    1   60  240  311    0   20    2    3    0     554
    2    1   61  241   59    0    4    1    2    0     756
    2    1   62  242  392    0   25    3    3    1    1205
    2    1   63  243  308    0   20    2    2    1     749
    2    1   64  244  140    0    9    1    3    0    1890
    2    1   65  245   52    1    4    1    1    1     711
    2    1   66  246  280    1   18    2    2    1     574
    2    1   67  247  121    1    8    1    1    1     776
    2    1   68  248  395    0   25    3    2    0     923
    2    1   69  249  457    0   29    3    3    1     623
    2    1   70  250  120    1    8    1    1    1     696
    2    1   71  251  304    0   19    2    2    1    1310
    2    1   72  252  161    0   11    2    3    0     934
    2    1   73  253  170    0   11    2    1    0     881
    2    1   74  254  202    0   13    2    2    1    1536
    2    1   75  255   57    0    4    1    3    0     720
    2    1   76  256  151    0   10    1    2    0    2687
    2    1   77  257  274    0   18    2    3    0    1762
    2    1   78  258  435    0   28    3    3    1    1455
    2    1   79  259  334    0   21    3    2    0    1082
    2    1   80  260  456    0   29    3    3    1    1150
    2    1   81  261  164    1   11    2    2    1    1360
    2    1   82  262  335    0   21    3    2    0   19706
    2    1   83  263  208    0   13    2    2    1    2977
    2    1   84  264  355    0   23    3    3    1     914
    2    1   85  265  448    1   28    3    3    1     760
    2    1   86  266  444    0   28    3    3    1     986
    2    1   87  267   33    1    3    1    2    0     625
    2    1   88  268  382    0   24    3    3    1    1762
    2    1   89  269  155    0   10    1    3    0    1391
    2    1   90  270  394    0   25    3    3    1     679
    2    1   91  271  239    0   15    2    3    0     735
    2    1   92  272   40    0    3    1    1    1     549
    2    1   93  273  175    0   11    2    2    1     708
    2    1   94  274  438    0   28    3    3    1     874
    2    1   95  275  453    0   29    3    3    1    1492
    2    1   96  276  356    1   23    3    2    0    3648
    2    1   97  277   86    0    6    1    3    0    1002
    2    1   98  278   17    0    2    1    3    0     916
    2    1   99  279  141    0    9    1    2    0     787
    2    1  100  280   77    0    5    1    1    1     808
    2    1  101  281  268    0   17    2    2    1     741
    2    1  102  282  258    0   17    2    3    0     877
    2    1  103  283   19    0    2    1    2    0    1515
    2    1  104  284   70    0    5    1    1    1     695
    2    1  105  285  224    0   14    2    2    1     785
    2    1  106  286   50    0    4    1    3    0     799
    2    1  107  287  269    1   17    2    2    1    1410
    2    1  108  288   54    0    4    1    2    0    5392
    2    1  109  289  310    0   20    2    3    0     726
    2    1  110  290  451    0   29    3    3    1    1016
    2    1  111  291  184    0   12    2    3    0     725
    2    1  112  292  219    1   14    2    2    1     680
    2    1  113  293  163    0   11    2    3    0     931
    2    1  114  294  185    0   12    2    3    0     978
    2    1  115  295  194    0   13    2    2    1    1271
    2    1  116  296  227    0   15    2    3    0    1480
    2    1  117  297  326    1   21    3    2    0    1056
    2    1  118  298  470    0   30    3    3    1    1746
    2    1  119  299  187    0   12    2    2    1    1075
    2    1  120  300  180    0   12    2    2    1     829
    2    1  121  301   31    0    2    1    1    1     745
    2    1  122  302  306    0   20    2    3    0     583
    2    1  123  303   13    0    1    1    2    0     821
    2    1  124  304  286    0   18    2    3    0     907
    2    1  125  305  349    0   22    3    3    1     559
    2    1  126  306  309    0   20    2    3    0     561
    2    1  127  307   61    0    4    1    1    1     904
    2    1  128  308  174    0   11    2    2    1     860
    2    1  129  309  475    0   30    3    2    0     990
    2    1  130  310   94    0    6    1    3    0     809
    2    1  131  311   62    0    4    1    1    1    6440
    2    1  132  312  405    0   26    3    2    0     814
    2    1  133  313  410    0   26    3    3    1     527
    2    1  134  314    7    0    1    1    1    1     778
    2    1  135  315    1    0    1    1    1    1    1488
    2    1  136  316    4    1    1    1    1    1    1015
    2    1  137  317  221    0   14    2    2    1     622
    2    1  138  318  230    0   15    2    3    0    2682
    2    1  139  319  434    0   28    3    3    1     869
    2    1  140  320  112    0    7    1    3    0     897
    2    1  141  321  291    0   19    2    1    0     651
    2    1  142  322  110    0    7    1    2    0    1511
    2    1  143  323  171    0   11    2    1    0    1881
    2    1  144  324  330    0   21    3    3    1    7604
    2    1  145  325  162    0   11    2    1    0     948
    2    1  146  326  352    0   22    3    3    1     812
    2    1  147  327  147    0   10    1    2    0     886
    2    1  148  328   20    0    2    1    3    0    1231
    2    1  149  329  302    0   19    2    2    1    1494
    2    1  150  330  464    0   29    3    3    1     630
    2    1  151  331  100    0    7    1    3    0    1903
    2    1  152  332  315    0   20    2    3    0     706
    2    1  153  333  413    0   26    3    3    1     614
    2    1  154  334   11    0    1    1    1    1     801
    2    1  155  335  408    1   26    3    2    0    3871
    2    1  156  336  168    0   11    2    3    0     845
    2    1  157  337  153    0   10    1    1    1     835
    2    1  158  338  478    0   30    3    3    1     687
    2    1  159  339  165    0   11    2    1    0     896
    2    1  160  340   83    0    6    1    3    0     800
    2    1  161  341   67    0    5    1    2    0     735
    2    1  162  342  440    0   28    3    3    1    2099
    2    1  163  343  228    0   15    2    3    0    2675
    2    1  164  344  109    0    7    1    1    1    1821
    2    1  165  345  290    1   19    2    2    1    1159
    2    1  166  346  117    1    8    1    2    0    1285
    2    1  167  347   73    0    5    1    1    1     737
    2    1  168  348   74    0    5    1    1    1     730
    2    1  169  349   53    1    4    1    2    0     959
    2    1  170  350   56    1    4    1    2    0     744
    2    1  171  351  427    0   27    3    3    1     533
    2    1  172  352  123    0    8    1    2    0     766
    2    1  173  353  193    0   13    2    2    1    2081
    2    1  174  354  401    0   26    3    3    1     596
    2    1  175  355  361    0   23    3    3    1     858
    2    1  176  356  420    0   27    3    3    1     795
    2    1  177  357  271    1   17    2    2    1    1233
    2    1  178  358  149    0   10    1    3    0     958
    2    1  179  359  360    1   23    3    3    1     605
    2    1  180  360  446    0   28    3    3    1     757
    2    1  181  361   58    1    4    1    1    1     669
    2    1  182  362  416    0   26    3    3    1     730
    2    1  183  363  101    0    7    1    2    0    1187
    2    1  184  364   99    0    7    1    1    1    1550
    2    1  185  365  378    0   24    3    1    0    2268
    2    1  186  366  433    0   28    3    3    1    1052
    2    1  187  367  148    0   10    1    3    0    1023
    2    1  188  368  158    0   10    1    3    0    1560
    2    1  189  369  288    0   18    2    3    0    3949
    2    1  190  370  102    0    7    1    2    0    4632
    2    1  191  371   39    0    3    1    1    1    2123
    2    1  192  372  454    0   29    3    3    1    1063
    2    1  193  373  419    0   27    3    3    1     768
    2    1  194  374  166    0   11    2    3    0    1367
    2    1  195  375  139    0    9    1    3    0    1344
    2    1  196  376  189    0   12    2    3    0     905
    2    1  197  377  375    0   24    3    1    0    1157
    2    1  198  378  232    0   15    2    2    1    6716
    2    1  199  379   72    0    5    1    1    1    1554
    2    1  200  380  381    0   24    3    1    0    7331
    2    1  201  381  264    0   17    2    3    0    3622
    2    1  202  382   68    0    5    1    1    1     783
    2    1  203  383  411    1   26    3    2    0    2333
    2    1  204  384  439    0   28    3    3    1    1040
    2    1  205  385  385    0   25    3    3    1     797
    2    1  206  386    8    0    1    1    2    0    1031
    2    1  207  387  389    0   25    3    3    1    1004
    2    1  208  388  260    0   17    2    2    1    1033
    2    1  209  389  480    0   30    3    2    0    1153
    2    1  210  390  267    1   17    2    2    1     812
    2    1  211  391  425    0   27    3    3    1     830
    2    1  212  392  298    0   19    2    1    0     722
    2    1  213  393   95    0    6    1    3    0     691
    2    1  214  394  458    0   29    3    2    0    2985
    2    1  215  395  198    0   13    2    2    1     914
    2    1  216  396  462    0   29    3    3    1     587
    2    1  217  397   69    0    5    1    1    1     842
    2    1  218  398  443    0   28    3    3    1    3135
    2    1  219  399   89    0    6    1    3    0    1673
    2    1  220  400  245    1   16    2    2    1     837
    2    1  221  401  179    0   12    2    3    0    1483
    2    1  222  402  128    0    8    1    1    1     886
    2    1  223  403  366    0   23    3    3    1     620
    2    1  224  404  132    0    9    1    2    0     775
    2    1  225  405  449    0   29    3    2    0     949
    2    1  226  406  133    0    9    1    1    1     750
    2    1  227  407  467    0   30    3    2    0    1249
    2    1  228  408  191    0   12    2    2    1    1384
    2    1  229  409  251    0   16    2    2    1     899
    2    1  230  410  383    0   24    3    1    0     663
    2    1  231  411  289    1   19    2    2    1     844
    2    1  232  412  207    0   13    2    2    1     697
    2    1  233  413  397    0   25    3    2    0     725
    2    1  234  414  287    0   18    2    3    0     725
    2    1  235  415  156    0   10    1    1    1     809
    2    1  236  416  340    1   22    3    1    0    2464
    2    1  237  417  122    0    8    1    1    1     718
    2    1  238  418  213    0   14    2    3    0     821
    2    1  239  419  426    0   27    3    3    1     632
    2    1  240  420  368    0   23    3    2    0    2024
    2    1  241  421  236    0   15    2    2    1    1440
    2    1  242  422  229    0   15    2    3    0     714
    2    1  243  423  344    0   22    3    1    0     623
    2    1  244  424  353    1   23    3    3    1     772
    2    1  245  425  183    0   12    2    3    0     865
    2    1  246  426  463    0   29    3    3    1    6696
    2    1  247  427  429    0   27    3    3    1     961
    2    1  248  428  169    0   11    2    2    1    1863
    2    1  249  429  206    0   13    2    1    0   11218
    2    1  250  430  474    0   30    3    2    0    1273
    2    1  251  431    9    0    1    1    2    0    1607
    2    1  252  432   36    1    3    1    1    1     760
    2    1  253  433  218    0   14    2    2    1    1140
    2    1  254  434  472    0   30    3    3    1     747
    2    1  255  435  477    0   30    3    2    0    1011
    2    1  256  436  466    0   30    3    1    0    1716
    2    1  257  437  396    1   25    3    2    0    2527
    2    1  258  438   71    1    5    1    1    1     590
    2    1  259  439   32    0    2    1    1    1    1748
    2    1  260  440  257    0   17    2    1    0     692
    2    1  261  441   28    0    2    1    2    0     681
    2    1  262  442  105    0    7    1    1    1     950
    2    1  263  443  259    0   17    2    3    0    2448
    2    1  264  444  418    0   27    3    3    1     551
    2    1  265  445  254    0   16    2    2    1     782
    2    1  266  446  159    0   10    1    1    1    1242
    2    1  267  447  331    0   21    3    3    1     829
    2    1  268  448   35    1    3    1    1    1    1290
    2    1  269  449  297    0   19    2    1    0     858
    2    1  270  450   65    0    5    1    1    1     843
    2    1  271  451  136    0    9    1    2    0    2607
    2    1  272  452  129    0    9    1    1    1     631
    2    1  273  453   51    0    4    1    1    1     719
    2    1  274  454   45    0    3    1    1    1    1082
    2    1  275  455  276    1   18    2    3    0    3003
    2    1  276  456  314    0   20    2    2    1    1884
    2    1  277  457  195    0   13    2    2    1     715
    2    1  278  458   93    0    6    1    3    0    2263
    2    1  279  459  437    0   28    3    3    1    4345
    2    1  280  460   12    0    1    1    1    1     961
    2    1  281  461  241    0   16    2    1    0    1034
    2    1  282  462  143    0    9    1    1    1     807
    2    1  283  463  377    0   24    3    1    0     908
    2    1  284  464   64    0    4    1    2    0    3575
    2    1  285  465  172    0   11    2    1    0    1079
    2    1  286  466  204    0   13    2    1    0    2314
    2    1  287  467  339    0   22    3    1    0    1451
    2    1  288  468  108    0    7    1    1    1    1119
    2    1  289  469  414    0   26    3    3    1     882
    2    1  290  470  125    0    8    1    1    1    2067
    2    1  291  471  114    0    8    1    1    1     804
    2    1  292  472  178    0   12    2    3    0    1594
    2    1  293  473  430    0   27    3    3    1     775
    2    1  294  474  145    0   10    1    1    1     928
    2    1  295  475  428    0   27    3    3    1    1870
    2    1  296  476  305    0   20    2    1    0    4130
    2    1  297  477    5    0    1    1    1    1     629
    2    1  298  478  211    0   14    2    2    1    2351
    2    1  299  479  347    0   22    3    1    0     789
    2    1  300  480  357    0   23    3    2    0    1586
