    1    1    1    1  355    1   23    3    2    0    3229
    1    1    2    2  203    1   13    2    1    0    2550
    1    1    3    3  146    1   10    1    1    1    1636
    1    1    4    4   16    1    1    1    3    0    1624
    1    1    5    5  111    1    7    1    3    0    1564
    1    1    6    6   40    1    3    1    2    0    2354
    1    1    7    7  446    1   28    3    3    1    2344
    1    1    8    8  125    1    8    1    3    0    2256
    1    1    9    9  186    1   12    2    3    0    1386
    1    1   10   10   72    1    5    1    1    1    1896
    1    1   11   11  148    1   10    1    2    0    4641
    1    1   12   12  115    1    8    1    2    0     699
    1    1   13   13  308    1   20    2    2    1     948
    1    1   14   14  224    1   14    2    1    0    2787
    1    1   15   15  190    1   12    2    1    0    1624
    1    1   16   16  272    1   17    2    2    1    1051
    1    1   17   17   85    1    6    1    3    0    1879
    1    1   18   18  405    1   26    3    3    1    1824
    1    1   19   19  465    1   30    3    3    1    2364
    1    1   20   20   55    1    4    1    1    1    1874
    1    1   21   21  306    1   20    2    2    1    2077
    1    1   22   22  170    1   11    2    1    0     990
    1    1   23   23  136    1    9    1    1    1    1260
    1    1   24   24  376    1   24    3    1    0    1775
    1    1   25   25  337    1   22    3    3    1    1741
    1    1   26   26  238    1   15    2    2    1    2428
    1    1   27   27  106    1    7    1    1    1    2223
    1    1   28   28  330    1   21    3    2    0    2364
    1    1   29   29  279    1   18    2    2    1    1170
    1    1   30   30  443    1   28    3    1    0    1543
    1    1   31   31   17    1    2    1    2    0    1471
    1    1   32   32  250    1   16    2    1    0    2089
    1    1   33   33    7    1    1    1    3    0    3146
    1    1   34   34   96    1    6    1    2    0   10817
    1    1   35   35  455    1   29    3    2    0    6741
    1    1   36   36  293    1   19    2    2    1    1533
    1    1   37   37  267    1   17    2    1    0    1492
    1    1   38   38  163    1   11    2    2    1    2030
    1    1   39   39  278    1   18    2    1    0    1362
    1    1   40   40  413    1   26    3    3    1    2335
    1    1   41   41   34    1    3    1    1    1    1319
    1    1   42   42  195    1   13    2    2    1    1303
    1    1   43   43  423    1   27    3    2    0    1719
    1    1   44   44   73    1    5    1    1    1    2183
    1    1   45   45  395    1   25    3    2    0    2229
    1    1   46   46  456    1   29    3    2    0     832
    1    1   47   47  229    1   15    2    2    1    2643
    1    1   48   48   62    1    4    1    2    0    1358
    1    1   49   49  381    1   24    3    1    0    1693
    1    1   50   50  471    1   30    3    2    0    3118
    1    1   51   51  327    1   21    3    2    0    1413
    1    1   52   52   31    1    2    1    3    0    2034
    1    1   53   53  339    1   22    3    1    0    2628
    1    1   54   54  397    1   25    3    2    0    1056
    1    1   55   55  241    1   16    2    1    0    1324
    1    1   56   56  359    1   23    3    2    0    1131
    1    1   57   57  135    1    9    1    2    0    1843
    1    1   58   58  297    1   19    2    2    1    1326
    1    1   59   59  215    1   14    2    1    0    2702
    1    1   60   60  420    1   27    3    3    1    1879
    1    2    1   61  111    1    7    1    3    0    3056
    1    2    2   62  420    1   27    3    3    1    1386
    1    2    3   63   73    1    5    1    1    1    1608
    1    2    4   64  186    1   12    2    1    0    2813
    1    2    5   65  229    1   15    2    2    1    1761
    1    2    6   66  359    1   23    3    3    1    1983
    1    2    7   67  190    1   12    2    1    0    1973
    1    2    8   68   96    1    6    1    2    0    2267
    1    2    9   69   62    1    4    1    2    0     981
    1    2   10   70    7    1    1    1    1    1    1602
    1    2   11   71  413    1   26    3    3    1    1255
    1    2   12   72   40    1    3    1    1    1    1418
    1    2   13   73  250    1   16    2    2    1    1926
    1    2   14   74  446    1   28    3    3    1    1662
    1    2   15   75  405    1   26    3    3    1    1232
    1    2   16   76  238    1   15    2    1    0    2867
    1    2   17   77  278    1   18    2    2    1    5301
    1    2   18   78  306    1   20    2    2    1     791
    1    2   19   79  279    1   18    2    2    1     940
    1    2   20   80   55    1    4    1    3    0    2555
    1    2   21   81  115    1    8    1    3    0    1530
    1    2   22   82  381    1   24    3    1    0    2065
    1    2   23   83  135    1    9    1    1    1    1620
    1    2   24   84  395    1   25    3    1    0    2231
    1    2   25   85  327    1   21    3    1    0    1123
    1    2   26   86  203    1   13    2    2    1    2139
    1    2   27   87   16    1    1    1    1    1    2154
    1    2   28   88  272    1   17    2    2    1    1929
    1    2   29   89  215    1   14    2    1    0    2688
    1    2   30   90  293    1   19    2    2    1    1818
    1    2   31   91  308    1   20    2    2    1    3047
    1    2   32   92  443    1   28    3    2    0    1379
    1    2   33   93   34    1    3    1    1    1    1407
    1    2   34   94  423    1   27    3    2    0    1308
    1    2   35   95  163    1   11    2    1    0    1404
    1    2   36   96  455    1   29    3    1    0    4090
    1    2   37   97  337    1   22    3    3    1    2298
    1    2   38   98  146    1   10    1    1    1    1683
    1    2   39   99  224    1   14    2    2    1    1157
    1    2   40  100   31    1    2    1    3    0    4011
    1    2   41  101  170    1   11    2    1    0    1472
    1    2   42  102  355    1   23    3    3    1    2409
    1    2   43  103  267    1   17    2    2    1    1486
    1    2   44  104   85    1    6    1    3    0    3783
    1    2   45  105  136    1    9    1    1    1    1397
    1    2   46  106  297    1   19    2    1    0    1954
    1    2   47  107  456    1   29    3    3    1    4585
    1    2   48  108  465    1   30    3    2    0   39478
    1    2   49  109  339    1   22    3    1    0    2111
    1    2   50  110  241    1   16    2    2    1    2431
    1    2   51  111  330    1   21    3    2    0     787
    1    2   52  112  106    1    7    1    2    0    1673
    1    2   53  113   17    1    2    1    2    0     795
    1    2   54  114  148    1   10    1    1    1    1984
    1    2   55  115  397    1   25    3    2    0    2646
    1    2   56  116  125    1    8    1    3    0    1760
    1    2   57  117   72    1    5    1    1    1    2304
    1    2   58  118  195    1   13    2    2    1    2025
    1    2   59  119  376    1   24    3    3    1    2700
    1    2   60  120  471    1   30    3    3    1    2598
    1    3    1  121   62    1    4    1    1    1    3810
    1    3    2  122  446    1   28    3    3    1    2734
    1    3    3  123  203    1   13    2    2    1    4646
    1    3    4  124   72    1    5    1    2    0    3632
    1    3    5  125  186    1   12    2    1    0    2565
    1    3    6  126  293    1   19    2    2    1    1778
    1    3    7  127  376    1   24    3    3    1    2672
    1    3    8  128  471    1   30    3    3    1    1369
    1    3    9  129  279    1   18    2    2    1    2663
    1    3   10  130  238    1   15    2    1    0    2370
    1    3   11  131  146    1   10    1    1    1    1496
    1    3   12  132  306    1   20    2    2    1    1761
    1    3   13  133  297    1   19    2    1    0    2751
    1    3   14  134  465    1   30    3    3    1    1653
    1    3   15  135   16    1    1    1    1    1    5000
    1    3   16  136  355    1   23    3    1    0   34149
    1    3   17  137  413    1   26    3    3    1    2275
    1    3   18  138  190    1   12    2    1    0    6126
    1    3   19  139  111    1    7    1    1    1    1358
    1    3   20  140  250    1   16    2    2    1    1996
    1    3   21  141   85    1    6    1    3    0    2946
    1    3   22  142  136    1    9    1    1    1    1760
    1    3   23  143  224    1   14    2    2    1    1439
    1    3   24  144  420    1   27    3    3    1    1770
    1    3   25  145  278    1   18    2    2    1    2440
    1    3   26  146   55    1    4    1    1    1    1628
    1    3   27  147  381    1   24    3    3    1    3471
    1    3   28  148  125    1    8    1    1    1    1929
    1    3   29  149   17    1    2    1    2    0    2064
    1    3   30  150  170    1   11    2    2    1    1795
    1    3   31  151  272    1   17    2    2    1    2271
    1    3   32  152  327    1   21    3    2    0    5529
    1    3   33  153  455    1   29    3    3    1    1456
    1    3   34  154  339    1   22    3    1    0    1467
    1    3   35  155   40    1    3    1    2    0    1749
    1    3   36  156   96    1    6    1    2    0    1268
    1    3   37  157  106    1    7    1    1    1    1079
    1    3   38  158  359    1   23    3    3    1    1984
    1    3   39  159   31    1    2    1    3    0    1957
    1    3   40  160  267    1   17    2    2    1    2059
    1    3   41  161  195    1   13    2    2    1    1343
    1    3   42  162  405    1   26    3    3    1    1408
    1    3   43  163  443    1   28    3    2    0    1819
    1    3   44  164  308    1   20    2    2    1    1096
    1    3   45  165  135    1    9    1    2    0    1265
    1    3   46  166   73    1    5    1    2    0    1123
    1    3   47  167  456    1   29    3    3    1    2251
    1    3   48  168   34    1    3    1    2    0    3606
    1    3   49  169  163    1   11    2    1    0    2810
    1    3   50  170  148    1   10    1    3    0    2686
    1    3   51  171  215    1   14    2    2    1    2440
    1    3   52  172  337    1   22    3    3    1    1468
    1    3   53  173  241    1   16    2    2    1    1589
    1    3   54  174  397    1   25    3    2    0    1914
    1    3   55  175  115    1    8    1    3    0    2179
    1    3   56  176  229    1   15    2    1    0    2224
    1    3   57  177  423    1   27    3    1    0    1997
    1    3   58  178    7    1    1    1    1    1    1618
    1    3   59  179  395    1   25    3    3    1    3237
    1    3   60  180  330    1   21    3    1    0    1945
    2    1    1  181  331    0   21    3    2    0    5056
    2    1    2  182  345    0   22    3    1    0    2022
    2    1    3  183   34    1    3    1    2    0    1431
    2    1    4  184  464    0   29    3    3    1    1614
    2    1    5  185  376    1   24    3    3    1    1342
    2    1    6  186   99    0    7    1    1    1    1546
    2    1    7  187  310    0   20    2    2    1    2187
    2    1    8  188  368    0   23    3    1    0    4661
    2    1    9  189  172    0   11    2    1    0     988
    2    1   10  190  228    0   15    2    2    1    1636
    2    1   11  191   19    0    2    1    2    0     884
    2    1   12  192  309    0   20    2    2    1    1602
    2    1   13  193   92    0    6    1    2    0    1282
    2    1   14  194   54    0    4    1    1    1    1376
    2    1   15  195  219    0   14    2    1    0     617
    2    1   16  196  480    0   30    3    3    1    1969
    2    1   17  197   55    1    4    1    3    0    2068
    2    1   18  198  155    0   10    1    2    0    3089
    2    1   19  199   24    0    2    1    2    0    5622
    2    1   20  200  415    0   26    3    3    1    1942
    2    1   21  201  257    0   17    2    1    0    1450
    2    1   22  202  398    0   25    3    3    1    2112
    2    1   23  203  173    0   11    2    3    0    4525
    2    1   24  204  256    0   16    2    2    1    1113
    2    1   25  205  443    1   28    3    2    0     988
    2    1   26  206  208    0   13    2    1    0    2501
    2    1   27  207   30    0    2    1    3    0    2147
    2    1   28  208  116    0    8    1    1    1   17294
    2    1   29  209   22    0    2    1    2    0    2607
    2    1   30  210  425    0   27    3    1    0    1352
    2    1   31  211  422    0   27    3    1    0    1267
    2    1   32  212  207    0   13    2    3    0    1969
    2    1   33  213  194    0   13    2    1    0    1955
    2    1   34  214   95    0    6    1    2    0    3670
    2    1   35  215  419    0   27    3    2    0    1715
    2    1   36  216  213    0   14    2    3    0    1743
    2    1   37  217  426    0   27    3    1    0    1018
    2    1   38  218  301    0   19    2    3    0    1986
    2    1   39  219  148    1   10    1    3    0    3924
    2    1   40  220  332    0   21    3    1    0    1927
    2    1   41  221   69    0    5    1    1    1    1931
    2    1   42  222  109    0    7    1    1    1    2398
    2    1   43  223  254    0   16    2    1    0     767
    2    1   44  224  267    1   17    2    2    1    1745
    2    1   45  225  465    1   30    3    2    0    5404
    2    1   46  226  211    0   14    2    2    1    3333
    2    1   47  227   52    0    4    1    2    0    3855
    2    1   48  228  299    0   19    2    1    0    2759
    2    1   49  229  475    0   30    3    3    1    3417
    2    1   50  230   98    0    7    1    1    1    1201
    2    1   51  231  318    0   20    2    2    1    1218
    2    1   52  232  399    0   25    3    2    0     913
    2    1   53  233  137    0    9    1    1    1    1086
    2    1   54  234  312    0   20    2    3    0    1123
    2    1   55  235  217    0   14    2    2    1    1751
    2    1   56  236  434    0   28    3    1    0    1074
    2    1   57  237  432    0   27    3    2    0    1816
    2    1   58  238  218    0   14    2    2    1     688
    2    1   59  239  114    0    8    1    1    1    1606
    2    1   60  240  105    0    7    1    1    1     710
    2    1   61  241  379    0   24    3    3    1    2122
    2    1   62  242  144    0    9    1    3    0    1191
    2    1   63  243  437    0   28    3    2    0    3096
    2    1   64  244  131    0    9    1    1    1     989
    2    1   65  245  169    0   11    2    2    1    1207
    2    1   66  246  176    0   11    2    2    1     822
    2    1   67  247  164    0   11    2    2    1    1975
    2    1   68  248  353    0   23    3    1    0    2889
    2    1   69  249    5    0    1    1    1    1    1462
    2    1   70  250  352    0   22    3    1    0     748
    2    1   71  251  161    0   11    2    1    0     559
    2    1   72  252   51    0    4    1    2    0    1882
    2    1   73  253  467    0   30    3    3    1    1152
    2    1   74  254   45    0    3    1    1    1    1042
    2    1   75  255  261    0   17    2    2    1    1417
    2    1   76  256  315    0   20    2    2    1     625
    2    1   77  257  295    0   19    2    1    0     890
    2    1   78  258   62    1    4    1    3    0    1367
    2    1   79  259  370    0   24    3    1    0     704
    2    1   80  260  421    0   27    3    1    0    2181
    2    1   81  261  429    0   27    3    1    0    2079
    2    1   82  262  336    0   21    3    3    1    1660
    2    1   83  263  407    0   26    3    2    0    1674
    2    1   84  264  183    0   12    2    2    1    2648
    2    1   85  265  134    0    9    1    1    1    1087
    2    1   86  266    2    0    1    1    1    1    1012
    2    1   87  267   33    0    3    1    2    0    1964
    2    1   88  268  170    1   11    2    2    1    2365
    2    1   89  269  124    0    8    1    1    1    1152
    2    1   90  270  354    0   23    3    2    0    2466
    2    1   91  271  108    0    7    1    1    1     992
    2    1   92  272  435    0   28    3    1    0     602
    2    1   93  273  129    0    9    1    3    0    1043
    2    1   94  274  210    0   14    2    2    1    1050
    2    1   95  275  226    0   15    2    1    0    1345
    2    1   96  276  260    0   17    2    1    0     716
    2    1   97  277  286    0   18    2    1    0     992
    2    1   98  278   71    0    5    1    1    1    1625
    2    1   99  279  160    0   10    1    3    0     745
    2    1  100  280   15    0    1    1    1    1     923
    2    1  101  281  444    0   28    3    1    0    1352
    2    1  102  282  404    0   26    3    2    0    1746
    2    1  103  283  165    0   11    2    1    0    2909
    2    1  104  284   72    1    5    1    2    0    2298
    2    1  105  285  472    0   30    3    3    1    1983
    2    1  106  286  153    0   10    1    1    1    2064
    2    1  107  287  405    1   26    3    3    1    1117
    2    1  108  288  119    0    8    1    1    1    1873
    2    1  109  289  289    0   19    2    1    0    2263
    2    1  110  290   44    0    3    1    1    1    1053
    2    1  111  291  361    0   23    3    2    0    1877
    2    1  112  292  386    0   25    3    1    0    1754
    2    1  113  293  355    1   23    3    2    0    1349
    2    1  114  294  192    0   12    2    2    1    1007
    2    1  115  295  195    1   13    2    1    0    1128
    2    1  116  296  258    0   17    2    2    1    1019
    2    1  117  297  411    0   26    3    2    0    1763
    2    1  118  298  449    0   29    3    3    1    1485
    2    1  119  299   35    0    3    1    1    1    1459
    2    1  120  300   13    0    1    1    3    0    1514
    2    1  121  301   83    0    6    1    1    1    1438
    2    1  122  302  366    0   23    3    1    0    6948
    2    1  123  303  306    1   20    2    2    1    1344
    2    1  124  304  347    0   22    3    1    0    1676
    2    1  125  305  451    0   29    3    2    0    2745
    2    1  126  306  438    0   28    3    3    1    1467
    2    1  127  307  250    1   16    2    2    1    4049
    2    1  128  308   89    0    6    1    2    0    4048
    2    1  129  309  403    0   26    3    2    0    2030
    2    1  130  310   97    0    7    1    1    1    1966
    2    1  131  311  279    1   18    2    2    1    1184
    2    1  132  312  323    0   21    3    1    0    1554
    2    1  133  313  222    0   14    2    2    1    1157
    2    1  134  314  469    0   30    3    2    0    1240
    2    1  135  315  188    0   12    2    1    0    2054
    2    1  136  316  268    0   17    2    1    0    2741
    2    1  137  317  463    0   29    3    3    1    3241
    2    1  138  318  442    0   28    3    1    0    3480
    2    1  139  319  264    0   17    2    1    0    1069
    2    1  140  320  327    1   21    3    2    0    1811
    2    1  141  321  101    0    7    1    1    1    1420
    2    1  142  322  382    0   24    3    1    0    1412
    2    1  143  323  362    0   23    3    3    1    2156
    2    1  144  324  458    0   29    3    3    1    1174
    2    1  145  325  263    0   17    2    2    1    1240
    2    1  146  326  360    0   23    3    3    1    2168
    2    1  147  327  330    1   21    3    2    0    1090
    2    1  148  328   49    0    4    1    2    0    2199
    2    1  149  329  396    0   25    3    2    0    1168
    2    1  150  330  240    0   15    2    2    1    2321
    2    1  151  331  193    0   13    2    3    0    1814
    2    1  152  332  239    0   15    2    1    0    4430
    2    1  153  333  302    0   19    2    2    1    1293
    2    1  154  334  182    0   12    2    2    1     906
    2    1  155  335  229    1   15    2    2    1    2022
    2    1  156  336  282    0   18    2    1    0    1495
    2    1  157  337  215    1   14    2    2    1    1787
    2    1  158  338    3    0    1    1    2    0    1413
    2    1  159  339  231    0   15    2    1    0    1325
    2    1  160  340  233    0   15    2    1    0    1385
    2    1  161  341  140    0    9    1    1    1    2082
    2    1  162  342  201    0   13    2    3    0    2160
    2    1  163  343  180    0   12    2    3    0    1706
    2    1  164  344  374    0   24    3    1    0    5575
    2    1  165  345  253    0   16    2    1    0    5050
    2    1  166  346  338    0   22    3    1    0    5584
    2    1  167  347  439    0   28    3    1    0    5073
    2    1  168  348  156    0   10    1    1    1    1288
    2    1  169  349  273    0   18    2    2    1    1060
    2    1  170  350  123    0    8    1    1    1    1019
    2    1  171  351  423    1   27    3    2    0    1363
    2    1  172  352  357    0   23    3    3    1     957
    2    1  173  353  135    1    9    1    3    0    1448
    2    1  174  354  236    0   15    2    1    0    1694
    2    1  175  355   60    0    4    1    2    0    1147
    2    1  176  356  174    0   11    2    1    0    1806
    2    1  177  357  197    0   13    2    2    1    2758
    2    1  178  358  247    0   16    2    3    0    2730
    2    1  179  359  460    0   29    3    3    1    1421
    2    1  180  360  154    0   10    1    1    1    1877
    2    1  181  361  100    0    7    1    1    1     875
    2    1  182  362  186    1   12    2    3    0    3097
    2    1  183  363  162    0   11    2    1    0    1789
    2    1  184  364  175    0   11    2    2    1    1254
    2    1  185  365  363    0   23    3    3    1    1925
    2    1  186  366   32    0    2    1    3    0    1289
    2    1  187  367  190    1   12    2    1    0    1159
    2    1  188  368   39    0    3    1    1    1    1097
    2    1  189  369   64    0    4    1    2    0     989
    2    1  190  370  375    0   24    3    1    0    1144
    2    1  191  371   76    0    5    1    1    1    1242
    2    1  192  372  177    0   12    2    2    1    1194
    2    1  193  373  305    0   20    2    1    0    1403
    2    1  194  374   59    0    4    1    2    0    1091
    2    1  195  375  146    1   10    1    1    1    2120
    2    1  196  376   90    0    6    1    3    0    1205
    2    1  197  377  214    0   14    2    3    0    2181
    2    1  198  378  395    1   25    3    3    1    1263
    2    1  199  379  326    0   21    3    3    1    2813
    2    1  200  380  163    1   11    2    1    0    1213
    2    1  201  381  314    0   20    2    2    1    1116
    2    1  202  382  136    1    9    1    1    1    2273
    2    1  203  383  142    0    9    1    3    0    1511
    2    1  204  384   81    0    6    1    2    0    3451
    2    1  205  385  450    0   29    3    3    1    1249
    2    1  206  386  461    0   29    3    3    1    1105
    2    1  207  387  159    0   10    1    1    1    1062
    2    1  208  388  224    1   14    2    2    1    1099
    2    1  209  389  178    0   12    2    2    1    1279
    2    1  210  390  143    0    9    1    1    1    1085
    2    1  211  391  272    1   17    2    2    1    1201
    2    1  212  392   96    1    6    1    1    1    1475
    2    1  213  393  285    0   18    2    2    1    1016
    2    1  214  394   56    0    4    1    2    0    1728
    2    1  215  395   84    0    6    1    3    0    1276
    2    1  216  396   29    0    2    1    3    0    1403
    2    1  217  397  187    0   12    2    1    0    1474
    2    1  218  398  427    0   27    3    3    1    1544
    2    1  219  399  205    0   13    2    2    1    1132
    2    1  220  400  294    0   19    2    1    0    2446
    2    1  221  401  269    0   17    2    2    1    3469
    2    1  222  402  348    0   22    3    1    0    1460
    2    1  223  403  204    0   13    2    2    1    1642
    2    1  224  404  230    0   15    2    1    0    1593
    2    1  225  405  477    0   30    3    3    1    2666
    2    1  226  406  473    0   30    3    3    1    2385
    2    1  227  407  227    0   15    2    1    0    3602
    2    1  228  408  320    0   20    2    1    0    2547
    2    1  229  409  111    1    7    1    1    1    6238
    2    1  230  410  241    1   16    2    1    0    1156
    2    1  231  411  117    0    8    1    2    0    2952
    2    1  232  412   38    0    3    1    1    1    2675
    2    1  233  413  206    0   13    2    2    1    5112
    2    1  234  414  339    1   22    3    1    0    4652
    2    1  235  415  246    0   16    2    1    0    1058
    2    1  236  416   80    0    5    1    1    1    1193
    2    1  237  417  358    0   23    3    3    1    1978
    2    1  238  418  328    0   21    3    3    1    2636
    2    1  239  419  122    0    8    1    1    1    2339
    2    1  240  420  476    0   30    3    2    0    1927
    2    1  241  421   66    0    5    1    1    1    1242
    2    1  242  422   20    0    2    1    3    0    2650
    2    1  243  423  283    0   18    2    3    0    3520
    2    1  244  424  112    0    7    1    1    1    5683
    2    1  245  425  445    0   28    3    3    1    1394
    2    1  246  426   40    1    3    1    1    1    3227
    2    1  247  427    1    0    1    1    2    0    2555
    2    1  248  428   61    0    4    1    2    0     805
    2    1  249  429  459    0   29    3    2    0    1607
    2    1  250  430  242    0   16    2    2    1    4214
    2    1  251  431  167    0   11    2    1    0    2335
    2    1  252  432  390    0   25    3    1    0    1186
    2    1  253  433  440    0   28    3    3    1    1764
    2    1  254  434  356    0   23    3    2    0    2365
    2    1  255  435  446    1   28    3    3    1    1295
    2    1  256  436   93    0    6    1    2    0    1965
    2    1  257  437   16    1    1    1    1    1    1198
    2    1  258  438  259    0   17    2    2    1    1231
    2    1  259  439  203    1   13    2    1    0    1230
    2    1  260  440  234    0   15    2    3    0    1246
    2    1  261  441  456    1   29    3    3    1    1485
    2    1  262  442  266    0   17    2    3    0    1538
    2    1  263  443  278    1   18    2    3    0    2853
    2    1  264  444  470    0   30    3    2    0    4228
    2    1  265  445   36    0    3    1    2    0    4187
    2    1  266  446  373    0   24    3    1    0    1972
    2    1  267  447  452    0   29    3    3    1    1510
    2    1  268  448  413    1   26    3    3    1    1211
    2    1  269  449   18    0    2    1    2    0    1515
    2    1  270  450   42    0    3    1    2    0    1215
    2    1  271  451  107    0    7    1    1    1    1200
    2    1  272  452  418    0   27    3    3    1    1888
    2    1  273  453   65    0    5    1    1    1    1222
    2    1  274  454   78    0    5    1    1    1    1349
    2    1  275  455  371    0   24    3    1    0    1136
    2    1  276  456   17    1    2    1    2    0    2020
    2    1  277  457  364    0   23    3    2    0    1220
    2    1  278  458  271    0   17    2    2    1     980
    2    1  279  459  341    0   22    3    3    1    2733
    2    1  280  460  448    0   28    3    3    1    1888
    2    1  281  461  402    0   26    3    1    0    2406
    2    1  282  462  317    0   20    2    2    1    2695
    2    1  283  463  466    0   30    3    2    0    3052
    2    1  284  464  284    0   18    2    3    0    2706
    2    1  285  465  275    0   18    2    2    1    2679
    2    1  286  466   94    0    6    1    3    0    2572
    2    1  287  467  293    1   19    2    1    0    4150
    2    1  288  468  406    0   26    3    2    0    1330
    2    1  289  469  277    0   18    2    1    0    1661
    2    1  290  470  380    0   24    3    2    0    1835
    2    1  291  471   27    0    2    1    3    0    2386
    2    1  292  472   82    0    6    1    3    0    7540
    2    1  293  473   91    0    6    1    3    0    1467
    2    1  294  474  410    0   26    3    3    1    2305
    2    1  295  475  351    0   22    3    1    0    1622
    2    1  296  476  216    0   14    2    2    1    1671
    2    1  297  477  313    0   20    2    1    0    2387
    2    1  298  478  474    0   30    3    2    0    2358
    2    1  299  479  120    0    8    1    1    1    1560
    2    1  300  480   77    0    5    1    1    1    2106
