    1    1    1    1   15    1    1    1    1    1    5008
    1    1    2    2   53    1    4    1    1    1    1761
    1    1    3    3  216    1   14    2    1    0    1605
    1    1    4    4  252    1   16    2    3    0    5193
    1    1    5    5   35    1    3    1    1    1    2730
    1    1    6    6  353    1   23    3    2    0    2169
    1    1    7    7  217    1   14    2    1    0    1698
    1    1    8    8  387    1   25    3    1    0    2450
    1    1    9    9  326    1   21    3    2    0    3177
    1    1   10   10  201    1   13    2    2    1    2684
    1    1   11   11  120    1    8    1    3    0    2199
    1    1   12   12  121    1    8    1    1    1    2584
    1    1   13   13  359    1   23    3    2    0    6777
    1    1   14   14  289    1   19    2    1    0    1539
    1    1   15   15  266    1   17    2    2    1    1210
    1    1   16   16   80    1    5    1    1    1    5050
    1    1   17   17  280    1   18    2    2    1    1931
    1    1   18   18  448    1   28    3    1    0    2558
    1    1   19   19  360    1   23    3    3    1    3462
    1    1   20   20   49    1    4    1    3    0    1595
    1    1   21   21   56    1    4    1    1    1    6397
    1    1   22   22    4    1    1    1    3    0    1615
    1    1   23   23  406    1   26    3    3    1    9890
    1    1   24   24  219    1   14    2    2    1    3115
    1    1   25   25  245    1   16    2    2    1    1849
    1    1   26   26  340    1   22    3    1    0    2681
    1    1   27   27   16    1    1    1    3    0    1856
    1    1   28   28  380    1   24    3    3    1    2716
    1    1   29   29  396    1   25    3    2    0    3760
    1    1   30   30  424    1   27    3    1    0    1941
    1    1   31   31  272    1   17    2    2    1    6320
    1    1   32   32  164    1   11    2    2    1    6183
    1    1   33   33  471    1   30    3    3    1    3688
    1    1   34   34  476    1   30    3    1    0    6767
    1    1   35   35  250    1   16    2    2    1    1505
    1    1   36   36  408    1   26    3    3    1    7502
    1    1   37   37  356    1   23    3    2    0    3234
    1    1   38   38  271    1   17    2    1    0    2171
    1    1   39   39  212    1   14    2    1    0    4556
    1    1   40   40    6    1    1    1    1    1    2156
    1    1   41   41  267    1   17    2    2    1   15156
    1    1   42   42  473    1   30    3    3    1    2927
    1    1   43   43  182    1   12    2    2    1    2035
    1    1   44   44  411    1   26    3    3    1    1816
    1    1   45   45  240    1   15    2    2    1     916
    1    1   46   46   58    1    4    1    1    1    2128
    1    1   47   47   33    1    3    1    1    1     942
    1    1   48   48  269    1   17    2    2    1     804
    1    1   49   49  290    1   19    2    1    0     897
    1    1   50   50  117    1    8    1    1    1     857
    1    1   51   51   66    1    5    1    1    1    1084
    1    1   52   52  276    1   18    2    3    0    1937
    1    1   53   53   37    1    3    1    1    1     890
    1    1   54   54   38    1    3    1    1    1     719
    1    1   55   55   52    1    4    1    2    0    1262
    1    1   56   56   36    1    3    1    1    1     798
    1    1   57   57  409    1   26    3    3    1     873
    1    1   58   58  479    1   30    3    3    1    2613
    1    1   59   59   71    1    5    1    1    1     867
    1    1   60   60  465    1   30    3    3    1     742
    1    2    1   61  121    1    8    1    1    1    2378
    1    2    2   62  266    1   17    2    2    1    1618
    1    2    3   63   66    1    5    1    1    1    1135
    1    2    4   64    4    1    1    1    1    1    1715
    1    2    5   65  424    1   27    3    3    1    3294
    1    2    6   66  216    1   14    2    2    1    2088
    1    2    7   67   52    1    4    1    1    1    1150
    1    2    8   68  217    1   14    2    2    1    1749
    1    2    9   69  280    1   18    2    2    1    2514
    1    2   10   70  269    1   17    2    2    1    1228
    1    2   11   71  353    1   23    3    3    1    1536
    1    2   12   72  245    1   16    2    2    1    2862
    1    2   13   73  117    1    8    1    1    1    2490
    1    2   14   74  406    1   26    3    3    1    2347
    1    2   15   75  471    1   30    3    3    1    1220
    1    2   16   76  250    1   16    2    2    1    1151
    1    2   17   77   33    1    3    1    1    1    1437
    1    2   18   78  411    1   26    3    3    1    6000
    1    2   19   79  219    1   14    2    1    0    2556
    1    2   20   80  271    1   17    2    2    1    1187
    1    2   21   81   36    1    3    1    1    1    3685
    1    2   22   82   49    1    4    1    1    1    1246
    1    2   23   83  387    1   25    3    3    1    3458
    1    2   24   84  120    1    8    1    1    1    1258
    1    2   25   85  212    1   14    2    3    0    1210
    1    2   26   86   38    1    3    1    1    1    1448
    1    2   27   87  326    1   21    3    2    0   17168
    1    2   28   88    6    1    1    1    1    1    1068
    1    2   29   89   53    1    4    1    1    1    1109
    1    2   30   90  290    1   19    2    2    1    3774
    1    2   31   91   37    1    3    1    1    1    1405
    1    2   32   92  476    1   30    3    3    1    1176
    1    2   33   93  276    1   18    2    3    0    2155
    1    2   34   94  396    1   25    3    3    1     620
    1    2   35   95  182    1   12    2    2    1     687
    1    2   36   96  289    1   19    2    2    1    1091
    1    2   37   97  380    1   24    3    3    1    1244
    1    2   38   98   35    1    3    1    1    1     628
    1    2   39   99  201    1   13    2    2    1    1249
    1    2   40  100  409    1   26    3    3    1     748
    1    2   41  101  164    1   11    2    1    0     634
    1    2   42  102  360    1   23    3    3    1    3916
    1    2   43  103   15    1    1    1    1    1    4127
    1    2   44  104   56    1    4    1    1    1    1315
    1    2   45  105  465    1   30    3    3    1    2285
    1    2   46  106  272    1   17    2    2    1    1503
    1    2   47  107  359    1   23    3    3    1    1455
    1    2   48  108  408    1   26    3    3    1    1017
    1    2   49  109   80    1    5    1    1    1    1049
    1    2   50  110  448    1   28    3    1    0    1521
    1    2   51  111  240    1   15    2    2    1    1611
    1    2   52  112   16    1    1    1    1    1     555
    1    2   53  113  340    1   22    3    3    1    1719
    1    2   54  114  473    1   30    3    3    1    1753
    1    2   55  115  252    1   16    2    2    1     699
    1    2   56  116  479    1   30    3    3    1     862
    1    2   57  117   58    1    4    1    1    1    1710
    1    2   58  118   71    1    5    1    2    0     589
    1    2   59  119  267    1   17    2    2    1     825
    1    2   60  120  356    1   23    3    3    1     700
    1    3    1  121   52    1    4    1    1    1     634
    1    3    2  122  272    1   17    2    2    1    1679
    1    3    3  123  353    1   23    3    3    1     787
    1    3    4  124  409    1   26    3    3    1     713
    1    3    5  125  471    1   30    3    3    1     589
    1    3    6  126   56    1    4    1    1    1     622
    1    3    7  127   58    1    4    1    1    1     928
    1    3    8  128   80    1    5    1    1    1     736
    1    3    9  129  448    1   28    3    3    1    1108
    1    3   10  130   38    1    3    1    1    1     666
    1    3   11  131  387    1   25    3    3    1    3735
    1    3   12  132   35    1    3    1    1    1    1260
    1    3   13  133   37    1    3    1    1    1     703
    1    3   14  134   36    1    3    1    1    1     576
    1    3   15  135  406    1   26    3    3    1    1557
    1    3   16  136  219    1   14    2    1    0    1853
    1    3   17  137  290    1   19    2    2    1    3448
    1    3   18  138    4    1    1    1    1    1    3703
    1    3   19  139  479    1   30    3    3    1    8518
    1    3   20  140  271    1   17    2    2    1    2311
    1    3   21  141  476    1   30    3    3    1    2932
    1    3   22  142  280    1   18    2    2    1    1227
    1    3   23  143  289    1   19    2    2    1     645
    1    3   24  144   71    1    5    1    1    1     793
    1    3   25  145  408    1   26    3    3    1    5001
    1    3   26  146   53    1    4    1    1    1    2731
    1    3   27  147  212    1   14    2    3    0    1904
    1    3   28  148  360    1   23    3    3    1    1134
    1    3   29  149   66    1    5    1    1    1     843
    1    3   30  150  216    1   14    2    2    1    4641
    1    3   31  151  465    1   30    3    3    1    1338
    1    3   32  152  356    1   23    3    3    1     673
    1    3   33  153  182    1   12    2    2    1     619
    1    3   34  154  217    1   14    2    1    0    1769
    1    3   35  155  266    1   17    2    3    0     634
    1    3   36  156  326    1   21    3    3    1    1342
    1    3   37  157  473    1   30    3    3    1    1219
    1    3   38  158  340    1   22    3    3    1    1278
    1    3   39  159  411    1   26    3    3    1    2809
    1    3   40  160  117    1    8    1    1    1     771
    1    3   41  161  164    1   11    2    1    0     604
    1    3   42  162   16    1    1    1    1    1     678
    1    3   43  163  380    1   24    3    3    1     748
    1    3   44  164  276    1   18    2    3    0    1465
    1    3   45  165  252    1   16    2    2    1     532
    1    3   46  166  269    1   17    2    2    1     557
    1    3   47  167    6    1    1    1    1    1     772
    1    3   48  168  121    1    8    1    1    1     907
    1    3   49  169  245    1   16    2    2    1     826
    1    3   50  170   49    1    4    1    1    1    2844
    1    3   51  171  201    1   13    2    2    1    6316
    1    3   52  172  359    1   23    3    3    1     747
    1    3   53  173  267    1   17    2    2    1    1324
    1    3   54  174   15    1    1    1    1    1    1064
    1    3   55  175  240    1   15    2    2    1    1297
    1    3   56  176  424    1   27    3    3    1    1290
    1    3   57  177  120    1    8    1    1    1    1281
    1    3   58  178  396    1   25    3    3    1     590
    1    3   59  179   33    1    3    1    1    1    2562
    1    3   60  180  250    1   16    2    2    1    1465
    2    1    1  181  148    0   10    1    3    0    3651
    2    1    2  182  231    0   15    2    2    1    1170
    2    1    3  183  404    0   26    3    3    1     759
    2    1    4  184  335    0   21    3    3    1    2466
    2    1    5  185  276    1   18    2    3    0     739
    2    1    6  186   19    0    2    1    1    1     595
    2    1    7  187  292    0   19    2    3    0    1513
    2    1    8  188  451    0   29    3    3    1     544
    2    1    9  189  443    0   28    3    3    1     744
    2    1   10  190  263    0   17    2    2    1     489
    2    1   11  191  184    0   12    2    3    0    1445
    2    1   12  192   88    0    6    1    2    0    4518
    2    1   13  193  462    0   29    3    3    1     758
    2    1   14  194  412    0   26    3    1    0    1363
    2    1   15  195   68    0    5    1    1    1     701
    2    1   16  196  233    0   15    2    1    0    1041
    2    1   17  197  278    0   18    2    2    1     775
    2    1   18  198   74    0    5    1    1    1     646
    2    1   19  199  477    0   30    3    3    1    4035
    2    1   20  200  135    0    9    1    1    1    2500
    2    1   21  201   97    0    7    1    1    1     747
    2    1   22  202  441    0   28    3    3    1    2973
    2    1   23  203   21    0    2    1    3    0    4084
    2    1   24  204  308    0   20    2    3    0    1832
    2    1   25  205  411    1   26    3    3    1     928
    2    1   26  206  301    0   19    2    3    0    1348
    2    1   27  207  328    0   21    3    3    1     739
    2    1   28  208  381    0   24    3    3    1    4963
    2    1   29  209   63    0    4    1    1    1    5492
    2    1   30  210  465    1   30    3    3    1     757
    2    1   31  211  314    0   20    2    2    1    5921
    2    1   32  212  431    0   27    3    2    0    1543
    2    1   33  213  100    0    7    1    1    1     759
    2    1   34  214  164    1   11    2    1    0     961
    2    1   35  215  182    1   12    2    2    1     543
    2    1   36  216  349    0   22    3    3    1    3531
    2    1   37  217  396    1   25    3    3    1    1627
    2    1   38  218  319    0   20    2    3    0    1300
    2    1   39  219  378    0   24    3    3    1    1171
    2    1   40  220   31    0    2    1    3    0     978
    2    1   41  221  147    0   10    1    2    0    1596
    2    1   42  222   24    0    2    1    3    0    3422
    2    1   43  223  161    0   11    2    1    0    1369
    2    1   44  224  220    0   14    2    3    0    2770
    2    1   45  225  229    0   15    2    1    0    3529
    2    1   46  226  460    0   29    3    3    1    5367
    2    1   47  227  448    1   28    3    3    1    3084
    2    1   48  228  362    0   23    3    3    1    2092
    2    1   49  229  355    0   23    3    3    1     806
    2    1   50  230    8    0    1    1    1    1    1609
    2    1   51  231   93    0    6    1    3    0    2431
    2    1   52  232  380    1   24    3    3    1    1874
    2    1   53  233  368    0   23    3    3    1    1165
    2    1   54  234  246    0   16    2    2    1    1641
    2    1   55  235  283    0   18    2    3    0    1310
    2    1   56  236  167    0   11    2    1    0    3606
    2    1   57  237  445    0   28    3    1    0    9806
    2    1   58  238  242    0   16    2    2    1    1537
    2    1   59  239  179    0   12    2    3    0    2336
    2    1   60  240  110    0    7    1    3    0    2475
    2    1   61  241   80    1    5    1    3    0    2288
    2    1   62  242  436    0   28    3    1    0    1044
    2    1   63  243   52    1    4    1    3    0    1150
    2    1   64  244  111    0    7    1    2    0     721
    2    1   65  245  118    0    8    1    1    1     556
    2    1   66  246  329    0   21    3    1    0    2857
    2    1   67  247  453    0   29    3    3    1     660
    2    1   68  248  348    0   22    3    1    0     661
    2    1   69  249  386    0   25    3    3    1    1912
    2    1   70  250   10    0    1    1    1    1     927
    2    1   71  251    4    1    1    1    3    0    1018
    2    1   72  252  198    0   13    2    2    1     624
    2    1   73  253  450    0   29    3    3    1     640
    2    1   74  254  354    0   23    3    3    1     759
    2    1   75  255  285    0   18    2    3    0     932
    2    1   76  256  357    0   23    3    3    1     607
    2    1   77  257  364    0   23    3    3    1     803
    2    1   78  258  456    0   29    3    3    1     603
    2    1   79  259  334    0   21    3    1    0    1120
    2    1   80  260  296    0   19    2    2    1    1266
    2    1   81  261  399    0   25    3    3    1     799
    2    1   82  262  415    0   26    3    3    1     584
    2    1   83  263   46    0    3    1    1    1     521
    2    1   84  264  221    0   14    2    2    1    1433
    2    1   85  265  304    0   19    2    2    1     709
    2    1   86  266  107    0    7    1    3    0    3093
    2    1   87  267  282    0   18    2    3    0     657
    2    1   88  268  284    0   18    2    1    0    5074
    2    1   89  269  202    0   13    2    2    1    2401
    2    1   90  270  250    1   16    2    2    1     947
    2    1   91  271  235    0   15    2    2    1    3168
    2    1   92  272  168    0   11    2    2    1     591
    2    1   93  273  410    0   26    3    3    1    2887
    2    1   94  274  363    0   23    3    1    0    2482
    2    1   95  275  163    0   11    2    2    1     978
    2    1   96  276  141    0    9    1    3    0     684
    2    1   97  277   15    1    1    1    1    1    2491
    2    1   98  278  103    0    7    1    1    1     671
    2    1   99  279   67    0    5    1    1    1     551
    2    1  100  280  234    0   15    2    3    0     670
    2    1  101  281  155    0   10    1    3    0     552
    2    1  102  282   92    0    6    1    1    1     701
    2    1  103  283   28    0    2    1    1    1     604
    2    1  104  284  406    1   26    3    3    1     561
    2    1  105  285  204    0   13    2    2    1    2445
    2    1  106  286  440    0   28    3    2    0    2844
    2    1  107  287   87    0    6    1    2    0     686
    2    1  108  288  442    0   28    3    3    1     712
    2    1  109  289   57    0    4    1    1    1    1191
    2    1  110  290   14    0    1    1    1    1     725
    2    1  111  291  423    0   27    3    3    1    1540
    2    1  112  292  466    0   30    3    3    1    1038
    2    1  113  293  331    0   21    3    1    0    2835
    2    1  114  294   41    0    3    1    1    1     665
    2    1  115  295  186    0   12    2    1    0     690
    2    1  116  296  426    0   27    3    1    0     793
    2    1  117  297   95    0    6    1    1    1     583
    2    1  118  298  116    0    8    1    1    1     801
    2    1  119  299  437    0   28    3    1    0    2043
    2    1  120  300  325    0   21    3    1    0    2417
    2    1  121  301  142    0    9    1    3    0     670
    2    1  122  302   75    0    5    1    1    1     647
    2    1  123  303  166    0   11    2    1    0     886
    2    1  124  304  106    0    7    1    1    1    2238
    2    1  125  305  104    0    7    1    2    0    1137
    2    1  126  306  439    0   28    3    2    0    1025
    2    1  127  307  471    1   30    3    3    1    1110
    2    1  128  308  260    0   17    2    1    0     843
    2    1  129  309  187    0   12    2    2    1    1847
    2    1  130  310  208    0   13    2    2    1     975
    2    1  131  311  160    0   10    1    3    0     874
    2    1  132  312  257    0   17    2    1    0    3449
    2    1  133  313   16    1    1    1    1    1     663
    2    1  134  314  432    0   27    3    2    0    1283
    2    1  135  315  343    0   22    3    3    1    1528
    2    1  136  316  174    0   11    2    1    0     635
    2    1  137  317  272    1   17    2    1    0    3293
    2    1  138  318  209    0   14    2    3    0    4287
    2    1  139  319  261    0   17    2    2    1    1280
    2    1  140  320  123    0    8    1    1    1     733
    2    1  141  321  173    0   11    2    1    0    2702
    2    1  142  322  339    0   22    3    3    1    2170
    2    1  143  323  253    0   16    2    1    0     862
    2    1  144  324   66    1    5    1    1    1     995
    2    1  145  325  102    0    7    1    1    1     588
    2    1  146  326   78    0    5    1    1    1     499
    2    1  147  327   53    1    4    1    1    1     953
    2    1  148  328  420    0   27    3    1    0    1819
    2    1  149  329  170    0   11    2    1    0     717
    2    1  150  330  159    0   10    1    1    1     750
    2    1  151  331  388    0   25    3    3    1     429
    2    1  152  332  286    0   18    2    1    0    1415
    2    1  153  333  294    0   19    2    3    0     816
    2    1  154  334  417    0   27    3    2    0    1067
    2    1  155  335    2    0    1    1    1    1     667
    2    1  156  336  139    0    9    1    3    0     610
    2    1  157  337   89    0    6    1    1    1    1293
    2    1  158  338  379    0   24    3    3    1    1238
    2    1  159  339  125    0    8    1    1    1     623
    2    1  160  340  394    0   25    3    3    1    4877
    2    1  161  341  468    0   30    3    3    1     503
    2    1  162  342  397    0   25    3    3    1     610
    2    1  163  343  269    1   17    2    2    1     440
    2    1  164  344  467    0   30    3    3    1     704
    2    1  165  345  398    0   25    3    3    1    3214
    2    1  166  346  279    0   18    2    3    0     653
    2    1  167  347   32    0    2    1    3    0     637
    2    1  168  348  382    0   24    3    1    0     532
    2    1  169  349  120    1    8    1    1    1     533
    2    1  170  350  400    0   25    3    3    1     532
    2    1  171  351  446    0   28    3    1    0     594
    2    1  172  352   42    0    3    1    1    1     601
    2    1  173  353  193    0   13    2    2    1     748
    2    1  174  354  290    1   19    2    2    1    1538
    2    1  175  355  119    0    8    1    1    1    1288
    2    1  176  356  206    0   13    2    2    1     755
    2    1  177  357  461    0   29    3    2    0    2991
    2    1  178  358  252    1   16    2    2    1     791
    2    1  179  359  194    0   13    2    2    1     533
    2    1  180  360  403    0   26    3    3    1    2139
    2    1  181  361  210    0   14    2    3    0    1016
    2    1  182  362  180    0   12    2    2    1    1020
    2    1  183  363  200    0   13    2    2    1     740
    2    1  184  364  425    0   27    3    3    1    1936
    2    1  185  365   18    0    2    1    1    1    2896
    2    1  186  366  249    0   16    2    2    1    2108
    2    1  187  367  145    0   10    1    1    1     628
    2    1  188  368   69    0    5    1    1    1     893
    2    1  189  369  455    0   29    3    2    0    1262
    2    1  190  370  452    0   29    3    3    1     835
    2    1  191  371   51    0    4    1    1    1     513
    2    1  192  372   55    0    4    1    1    1     841
    2    1  193  373  127    0    8    1    1    1     534
    2    1  194  374  422    0   27    3    3    1     876
    2    1  195  375  153    0   10    1    1    1     497
    2    1  196  376  387    1   25    3    1    0    2602
    2    1  197  377   25    0    2    1    3    0     518
    2    1  198  378   39    0    3    1    1    1     435
    2    1  199  379   33    1    3    1    1    1     367
    2    1  200  380  457    0   29    3    3    1     507
    2    1  201  381   59    0    4    1    1    1     479
    2    1  202  382  201    1   13    2    1    0     451
    2    1  203  383   98    0    7    1    1    1    1893
    2    1  204  384  154    0   10    1    1    1     527
    2    1  205  385  274    0   18    2    2    1     439
    2    1  206  386  211    0   14    2    3    0     684
    2    1  207  387  395    0   25    3    1    0    1448
    2    1  208  388  267    1   17    2    2    1     651
    2    1  209  389   96    0    6    1    1    1    1144
    2    1  210  390  369    0   24    3    1    0    4750
    2    1  211  391  131    0    9    1    3    0     701
    2    1  212  392  332    0   21    3    1    0    4012
    2    1  213  393  479    1   30    3    3    1     638
    2    1  214  394  275    0   18    2    1    0     519
    2    1  215  395  305    0   20    2    1    0    2527
    2    1  216  396  215    0   14    2    1    0    1380
    2    1  217  397   23    0    2    1    3    0     807
    2    1  218  398  336    0   21    3    1    0    1954
    2    1  219  399  344    0   22    3    1    0    1160
    2    1  220  400   37    1    3    1    1    1     787
    2    1  221  401   79    0    5    1    1    1     640
    2    1  222  402  407    0   26    3    1    0    8828
    2    1  223  403  144    0    9    1    3    0    4385
    2    1  224  404  280    1   18    2    2    1    1103
    2    1  225  405  356    1   23    3    3    1    1595
    2    1  226  406  178    0   12    2    1    0    1373
    2    1  227  407  101    0    7    1    1    1     571
    2    1  228  408  129    0    9    1    1    1     540
    2    1  229  409  353    1   23    3    3    1    1067
    2    1  230  410   99    0    7    1    1    1     656
    2    1  231  411  190    0   12    2    2    1    1979
    2    1  232  412   71    1    5    1    1    1     523
    2    1  233  413  232    0   15    2    1    0     964
    2    1  234  414  303    0   19    2    2    1     705
    2    1  235  415   70    0    5    1    1    1    3105
    2    1  236  416  435    0   28    3    1    0     942
    2    1  237  417  350    0   22    3    1    0     986
    2    1  238  418  418    0   27    3    2    0    2966
    2    1  239  419  409    1   26    3    3    1     570
    2    1  240  420  114    0    8    1    1    1     509
    2    1  241  421  219    1   14    2    1    0    1053
    2    1  242  422  323    0   21    3    1    0    2649
    2    1  243  423  287    0   18    2    1    0     764
    2    1  244  424  427    0   27    3    3    1    2092
    2    1  245  425  365    0   23    3    3    1     902
    2    1  246  426  416    0   26    3    3    1     564
    2    1  247  427  433    0   28    3    1    0    1753
    2    1  248  428  367    0   23    3    1    0     807
    2    1  249  429  321    0   21    3    1    0    2107
    2    1  250  430  248    0   16    2    2    1     713
    2    1  251  431  259    0   17    2    1    0    4628
    2    1  252  432  372    0   24    3    3    1    1697
    2    1  253  433   54    0    4    1    1    1     982
    2    1  254  434  213    0   14    2    3    0    1940
    2    1  255  435  136    0    9    1    3    0     909
    2    1  256  436   17    0    2    1    3    0     826
    2    1  257  437   64    0    4    1    1    1     768
    2    1  258  438  401    0   26    3    3    1     523
    2    1  259  439   38    1    3    1    1    1     552
    2    1  260  440  390    0   25    3    3    1     512
    2    1  261  441   73    0    5    1    1    1     662
    2    1  262  442  333    0   21    3    1    0    1533
    2    1  263  443  478    0   30    3    3    1     692
    2    1  264  444  149    0   10    1    3    0     865
    2    1  265  445   84    0    6    1    2    0    2707
    2    1  266  446   86    0    6    1    2    0    1133
    2    1  267  447   13    0    1    1    1    1     672
    2    1  268  448   76    0    5    1    1    1    1335
    2    1  269  449  216    1   14    2    1    0    2253
    2    1  270  450  370    0   24    3    3    1    1564
    2    1  271  451  113    0    8    1    1    1     868
    2    1  272  452  312    0   20    2    3    0     745
    2    1  273  453  371    0   24    3    3    1     680
    2    1  274  454  316    0   20    2    2    1     828
    2    1  275  455  251    0   16    2    2    1     670
    2    1  276  456  373    0   24    3    3    1     629
    2    1  277  457  347    0   22    3    3    1     713
    2    1  278  458   30    0    2    1    3    0     824
    2    1  279  459  157    0   10    1    3    0     645
    2    1  280  460  117    1    8    1    1    1     641
    2    1  281  461  223    0   14    2    3    0     820
    2    1  282  462  351    0   22    3    3    1     637
    2    1  283  463  241    0   16    2    2    1    1016
    2    1  284  464  300    0   19    2    1    0    2829
    2    1  285  465  293    0   19    2    2    1    1435
    2    1  286  466    9    0    1    1    1    1     834
    2    1  287  467  474    0   30    3    3    1    1400
    2    1  288  468  385    0   25    3    3    1     482
    2    1  289  469  227    0   15    2    3    0     517
    2    1  290  470  152    0   10    1    3    0     408
    2    1  291  471  392    0   25    3    3    1     636
    2    1  292  472  112    0    7    1    1    1    1382
    2    1  293  473  302    0   19    2    2    1    1724
    2    1  294  474   35    1    3    1    1    1     513
    2    1  295  475  185    0   12    2    2    1     813
    2    1  296  476  115    0    8    1    1    1    1367
    2    1  297  477  188    0   12    2    1    0     850
    2    1  298  478  203    0   13    2    2    1    1687
    2    1  299  479  326    1   21    3    3    1    2777
    2    1  300  480  389    0   25    3    3    1     798
