    1    1    1    1  360    1   23    3    3    1    9557
    1    1    2    2  272    1   17    2    3    0    3744
    1    1    3    3  387    1   25    3    3    1    3734
    1    1    4    4  409    1   26    3    2    0    1076
    1    1    5    5  473    1   30    3    3    1    2491
    1    1    6    6   56    1    4    1    3    0    3489
    1    1    7    7    6    1    1    1    2    0    2431
    1    1    8    8  356    1   23    3    3    1    3847
    1    1    9    9  380    1   24    3    1    0    1506
    1    1   10   10  476    1   30    3    3    1    1100
    1    1   11   11  353    1   23    3    1    0    2274
    1    1   12   12  219    1   14    2    3    0     448
    1    1   13   13   37    1    3    1    2    0    1410
    1    1   14   14  424    1   27    3    3    1    1701
    1    1   15   15  269    1   17    2    1    0    2216
    1    1   16   16  201    1   13    2    2    1    1111
    1    1   17   17   36    1    3    1    2    0     864
    1    1   18   18  182    1   12    2    1    0    1254
    1    1   19   19  217    1   14    2    2    1    1408
    1    1   20   20  289    1   19    2    3    0    4405
    1    1   21   21  359    1   23    3    1    0    1677
    1    1   22   22  245    1   16    2    2    1     723
    1    1   23   23   52    1    4    1    2    0    1305
    1    1   24   24  164    1   11    2    1    0    4698
    1    1   25   25   58    1    4    1    2    0    1746
    1    1   26   26  266    1   17    2    1    0    2759
    1    1   27   27  471    1   30    3    2    0     866
    1    1   28   28  250    1   16    2    2    1    1009
    1    1   29   29  465    1   30    3    3    1    2945
    1    1   30   30  216    1   14    2    2    1    1121
    1    1   31   31   66    1    5    1    1    1    3064
    1    1   32   32   33    1    3    1    2    0     770
    1    1   33   33  267    1   17    2    2    1     766
    1    1   34   34  276    1   18    2    2    1    1091
    1    1   35   35   53    1    4    1    1    1     786
    1    1   36   36  340    1   22    3    3    1     968
    1    1   37   37  120    1    8    1    1    1    1812
    1    1   38   38  448    1   28    3    3    1    1092
    1    1   39   39  408    1   26    3    3    1    1070
    1    1   40   40  280    1   18    2    2    1    1103
    1    1   41   41  212    1   14    2    2    1     967
    1    1   42   42   49    1    4    1    1    1     792
    1    1   43   43   35    1    3    1    1    1     964
    1    1   44   44  326    1   21    3    2    0    1164
    1    1   45   45  406    1   26    3    2    0    1083
    1    1   46   46  240    1   15    2    3    0    1327
    1    1   47   47   38    1    3    1    1    1     489
    1    1   48   48   80    1    5    1    1    1    2577
    1    1   49   49   15    1    1    1    1    1     977
    1    1   50   50  411    1   26    3    2    0     819
    1    1   51   51  396    1   25    3    3    1     982
    1    1   52   52  479    1   30    3    2    0    2980
    1    1   53   53  121    1    8    1    2    0     646
    1    1   54   54   71    1    5    1    1    1     706
    1    1   55   55  271    1   17    2    3    0    2782
    1    1   56   56    4    1    1    1    1    1    1702
    1    1   57   57   16    1    1    1    1    1     741
    1    1   58   58  117    1    8    1    1    1    2220
    1    1   59   59  290    1   19    2    1    0     973
    1    1   60   60  252    1   16    2    3    0     684
    1    2    1   61   35    1    3    1    1    1     978
    1    2    2   62  240    1   15    2    2    1     906
    1    2    3   63  271    1   17    2    3    0     902
    1    2    4   64  272    1   17    2    2    1    1803
    1    2    5   65  465    1   30    3    3    1     968
    1    2    6   66   66    1    5    1    1    1     835
    1    2    7   67  326    1   21    3    2    0     828
    1    2    8   68  411    1   26    3    3    1    5762
    1    2    9   69  471    1   30    3    3    1     757
    1    2   10   70  387    1   25    3    2    0     988
    1    2   11   71  289    1   19    2    2    1    2633
    1    2   12   72  269    1   17    2    3    0    1752
    1    2   13   73  473    1   30    3    3    1    2919
    1    2   14   74  117    1    8    1    1    1     933
    1    2   15   75   71    1    5    1    1    1     906
    1    2   16   76  252    1   16    2    2    1    1272
    1    2   17   77  280    1   18    2    1    0    1458
    1    2   18   78  360    1   23    3    3    1     922
    1    2   19   79  250    1   16    2    2    1    2476
    1    2   20   80   53    1    4    1    1    1     768
    1    2   21   81  448    1   28    3    3    1     761
    1    2   22   82  408    1   26    3    3    1     908
    1    2   23   83  380    1   24    3    2    0    2594
    1    2   24   84   16    1    1    1    1    1     942
    1    2   25   85  290    1   19    2    2    1    3477
    1    2   26   86  479    1   30    3    2    0    1614
    1    2   27   87  164    1   11    2    1    0     898
    1    2   28   88  340    1   22    3    3    1     820
    1    2   29   89   33    1    3    1    1    1     855
    1    2   30   90   80    1    5    1    1    1     730
    1    2   31   91  120    1    8    1    1    1     741
    1    2   32   92   58    1    4    1    2    0    1548
    1    2   33   93   56    1    4    1    1    1    1048
    1    2   34   94   15    1    1    1    1    1     930
    1    2   35   95  276    1   18    2    1    0    5011
    1    2   36   96  201    1   13    2    1    0    1024
    1    2   37   97   36    1    3    1    1    1     944
    1    2   38   98  219    1   14    2    2    1     897
    1    2   39   99  217    1   14    2    2    1     770
    1    2   40  100  212    1   14    2    2    1    1085
    1    2   41  101  409    1   26    3    2    0     778
    1    2   42  102  424    1   27    3    3    1     721
    1    2   43  103  216    1   14    2    2    1     724
    1    2   44  104   52    1    4    1    1    1     786
    1    2   45  105   49    1    4    1    1    1     747
    1    2   46  106  353    1   23    3    3    1     816
    1    2   47  107    6    1    1    1    1    1    1347
    1    2   48  108  266    1   17    2    2    1    3190
    1    2   49  109  356    1   23    3    3    1    1184
    1    2   50  110  406    1   26    3    2    0    1371
    1    2   51  111  476    1   30    3    3    1    1218
    1    2   52  112  267    1   17    2    2    1    1838
    1    2   53  113  245    1   16    2    2    1    1113
    1    2   54  114   38    1    3    1    1    1     749
    1    2   55  115  396    1   25    3    3    1    1082
    1    2   56  116    4    1    1    1    1    1     839
    1    2   57  117  182    1   12    2    2    1    1242
    1    2   58  118  121    1    8    1    1    1     866
    1    2   59  119   37    1    3    1    1    1     970
    1    2   60  120  359    1   23    3    3    1     865
    1    3    1  121   35    1    3    1    1    1     788
    1    3    2  122  117    1    8    1    1    1     778
    1    3    3  123  473    1   30    3    2    0     933
    1    3    4  124   56    1    4    1    1    1     802
    1    3    5  125  276    1   18    2    3    0    2874
    1    3    6  126  360    1   23    3    3    1     687
    1    3    7  127  289    1   19    2    1    0    2602
    1    3    8  128   15    1    1    1    1    1    1013
    1    3    9  129  164    1   11    2    1    0     950
    1    3   10  130   33    1    3    1    1    1    1011
    1    3   11  131  408    1   26    3    3    1     723
    1    3   12  132  353    1   23    3    3    1     860
    1    3   13  133  120    1    8    1    1    1     720
    1    3   14  134  409    1   26    3    3    1    1350
    1    3   15  135    6    1    1    1    1    1     825
    1    3   16  136  217    1   14    2    2    1     779
    1    3   17  137  396    1   25    3    3    1     824
    1    3   18  138   49    1    4    1    1    1     622
    1    3   19  139  266    1   17    2    2    1    1676
    1    3   20  140   37    1    3    1    1    1     713
    1    3   21  141  406    1   26    3    3    1    3069
    1    3   22  142   80    1    5    1    1    1     658
    1    3   23  143  269    1   17    2    2    1    1152
    1    3   24  144  216    1   14    2    3    0    3608
    1    3   25  145  272    1   17    2    2    1    1551
    1    3   26  146  290    1   19    2    1    0     903
    1    3   27  147   58    1    4    1    2    0     804
    1    3   28  148  280    1   18    2    3    0    1634
    1    3   29  149   16    1    1    1    1    1     644
    1    3   30  150  271    1   17    2    2    1    2324
    1    3   31  151  240    1   15    2    2    1    2777
    1    3   32  152  212    1   14    2    2    1    1028
    1    3   33  153  326    1   21    3    2    0     863
    1    3   34  154  380    1   24    3    2    0    1010
    1    3   35  155  448    1   28    3    3    1     801
    1    3   36  156  476    1   30    3    3    1     949
    1    3   37  157  359    1   23    3    3    1     805
    1    3   38  158  411    1   26    3    2    0    2358
    1    3   39  159  250    1   16    2    2    1     647
    1    3   40  160  121    1    8    1    1    1    1004
    1    3   41  161   71    1    5    1    1    1    2164
    1    3   42  162  356    1   23    3    3    1    2291
    1    3   43  163  182    1   12    2    2    1    1326
    1    3   44  164  245    1   16    2    2    1    1137
    1    3   45  165  219    1   14    2    2    1    1253
    1    3   46  166  465    1   30    3    3    1     860
    1    3   47  167  252    1   16    2    2    1     989
    1    3   48  168  424    1   27    3    3    1     637
    1    3   49  169    4    1    1    1    1    1    1017
    1    3   50  170   53    1    4    1    1    1     999
    1    3   51  171  479    1   30    3    2    0    3461
    1    3   52  172  340    1   22    3    3    1     628
    1    3   53  173   38    1    3    1    1    1     744
    1    3   54  174   36    1    3    1    1    1     821
    1    3   55  175  201    1   13    2    2    1    2089
    1    3   56  176   66    1    5    1    1    1     767
    1    3   57  177  471    1   30    3    3    1     953
    1    3   58  178   52    1    4    1    1    1    1082
    1    3   59  179  267    1   17    2    2    1    1381
    1    3   60  180  387    1   25    3    3    1    1734
    2    1    1  181  342    0   22    3    3    1    1320
    2    1    2  182  445    0   28    3    3    1    1224
    2    1    3  183  431    0   27    3    3    1    1722
    2    1    4  184  397    0   25    3    2    0    2276
    2    1    5  185  344    0   22    3    1    0    2075
    2    1    6  186  384    0   24    3    1    0    6684
    2    1    7  187   24    0    2    1    3    0    1389
    2    1    8  188  329    0   21    3    3    1     845
    2    1    9  189  236    0   15    2    3    0   11900
    2    1   10  190  351    0   22    3    2    0    2235
    2    1   11  191   60    0    4    1    2    0    1264
    2    1   12  192  403    0   26    3    2    0    1794
    2    1   13  193   69    0    5    1    2    0    1514
    2    1   14  194  219    1   14    2    2    1     901
    2    1   15  195  381    0   24    3    1    0    1160
    2    1   16  196  380    1   24    3    2    0    1416
    2    1   17  197  123    0    8    1    1    1     993
    2    1   18  198  472    0   30    3    3    1     819
    2    1   19  199  155    0   10    1    3    0    3023
    2    1   20  200  446    0   28    3    3    1    1985
    2    1   21  201  210    0   14    2    2    1    1033
    2    1   22  202   50    0    4    1    2    0    2752
    2    1   23  203  132    0    9    1    2    0    3094
    2    1   24  204  354    0   23    3    3    1     863
    2    1   25  205  391    0   25    3    2    0     925
    2    1   26  206   49    1    4    1    1    1     780
    2    1   27  207  298    0   19    2    1    0     817
    2    1   28  208   39    0    3    1    1    1     951
    2    1   29  209  216    1   14    2    2    1     912
    2    1   30  210  115    0    8    1    2    0    2918
    2    1   31  211   36    1    3    1    1    1     742
    2    1   32  212  455    0   29    3    3    1     904
    2    1   33  213  154    0   10    1    1    1     868
    2    1   34  214  235    0   15    2    2    1    2392
    2    1   35  215  199    0   13    2    2    1    3497
    2    1   36  216  297    0   19    2    1    0    1025
    2    1   37  217  139    0    9    1    3    0    2112
    2    1   38  218  223    0   14    2    3    0    2169
    2    1   39  219  153    0   10    1    1    1    1457
    2    1   40  220   77    0    5    1    1    1     890
    2    1   41  221   33    1    3    1    1    1     855
    2    1   42  222  476    1   30    3    3    1     908
    2    1   43  223  189    0   12    2    3    0     760
    2    1   44  224   44    0    3    1    1    1    1104
    2    1   45  225  450    0   29    3    3    1    1506
    2    1   46  226  226    0   15    2    3    0     810
    2    1   47  227  125    0    8    1    2    0    4650
    2    1   48  228   30    0    2    1    2    0    1475
    2    1   49  229  256    0   16    2    2    1    2361
    2    1   50  230  316    0   20    2    3    0     934
    2    1   51  231  232    0   15    2    3    0    2026
    2    1   52  232  328    0   21    3    3    1     813
    2    1   53  233   73    0    5    1    1    1    1002
    2    1   54  234  411    1   26    3    3    1    1325
    2    1   55  235  432    0   27    3    3    1     828
    2    1   56  236  302    0   19    2    3    0    2861
    2    1   57  237  321    0   21    3    2    0     529
    2    1   58  238  283    0   18    2    3    0    1989
    2    1   59  239  420    0   27    3    3    1    4792
    2    1   60  240  452    0   29    3    3    1     764
    2    1   61  241  325    0   21    3    2    0    2097
    2    1   62  242   78    0    5    1    1    1     767
    2    1   63  243  126    0    8    1    1    1    2611
    2    1   64  244  426    0   27    3    3    1     706
    2    1   65  245    3    0    1    1    2    0    1387
    2    1   66  246   43    0    3    1    1    1     588
    2    1   67  247  239    0   15    2    2    1    1812
    2    1   68  248  250    1   16    2    2    1    1415
    2    1   69  249  474    0   30    3    3    1    2033
    2    1   70  250  133    0    9    1    1    1    1034
    2    1   71  251  213    0   14    2    2    1    1128
    2    1   72  252   83    0    6    1    3    0     761
    2    1   73  253   41    0    3    1    1    1     851
    2    1   74  254  416    0   26    3    3    1    1792
    2    1   75  255  303    0   19    2    2    1    4686
    2    1   76  256  161    0   11    2    1    0    1999
    2    1   77  257  224    0   14    2    2    1    1102
    2    1   78  258  150    0   10    1    2    0    1266
    2    1   79  259  304    0   19    2    3    0    1309
    2    1   80  260  167    0   11    2    1    0     694
    2    1   81  261  252    1   16    2    2    1     799
    2    1   82  262   61    0    4    1    2    0    1848
    2    1   83  263  301    0   19    2    3    0    3343
    2    1   84  264  479    1   30    3    2    0    1431
    2    1   85  265  314    0   20    2    2    1    1063
    2    1   86  266   57    0    4    1    2    0    1666
    2    1   87  267  127    0    8    1    1    1     726
    2    1   88  268  413    0   26    3    3    1     971
    2    1   89  269  109    0    7    1    2    0    1944
    2    1   90  270  176    0   11    2    1    0    1185
    2    1   91  271  299    0   19    2    1    0     932
    2    1   92  272   88    0    6    1    3    0     759
    2    1   93  273  448    1   28    3    3    1     911
    2    1   94  274  225    0   15    2    2    1    4145
    2    1   95  275  366    0   23    3    3    1    1267
    2    1   96  276  444    0   28    3    3    1     921
    2    1   97  277  113    0    8    1    2    0    1000
    2    1   98  278  358    0   23    3    3    1    3495
    2    1   99  279   37    1    3    1    1    1     505
    2    1  100  280  407    0   26    3    2    0     843
    2    1  101  281  414    0   26    3    3    1    1390
    2    1  102  282  197    0   13    2    1    0     826
    2    1  103  283  363    0   23    3    3    1     805
    2    1  104  284  173    0   11    2    2    1    1717
    2    1  105  285  253    0   16    2    1    0    4871
    2    1  106  286  108    0    7    1    1    1     837
    2    1  107  287  192    0   12    2    3    0     886
    2    1  108  288  268    0   17    2    3    0    1899
    2    1  109  289  147    0   10    1    2    0    2534
    2    1  110  290  405    0   26    3    2    0    2341
    2    1  111  291   12    0    1    1    1    1     776
    2    1  112  292  258    0   17    2    3    0    1241
    2    1  113  293  259    0   17    2    2    1    1986
    2    1  114  294  163    0   11    2    2    1    2790
    2    1  115  295  370    0   24    3    1    0    1156
    2    1  116  296  461    0   29    3    2    0    3348
    2    1  117  297  103    0    7    1    1    1    5975
    2    1  118  298  170    0   11    2    1    0    1082
    2    1  119  299  201    1   13    2    2    1     847
    2    1  120  300  336    0   21    3    3    1    1262
    2    1  121  301  117    1    8    1    2    0    1311
    2    1  122  302   79    0    5    1    1    1     944
    2    1  123  303   86    0    6    1    3    0     762
    2    1  124  304  144    0    9    1    2    0    1135
    2    1  125  305  273    0   18    2    2    1    1027
    2    1  126  306  436    0   28    3    3    1     735
    2    1  127  307  330    0   21    3    2    0     867
    2    1  128  308  401    0   26    3    2    0     823
    2    1  129  309   80    1    5    1    1    1     756
    2    1  130  310   20    0    2    1    2    0    4359
    2    1  131  311  294    0   19    2    1    0     717
    2    1  132  312   62    0    4    1    2    0    1596
    2    1  133  313   98    0    7    1    2    0    4034
    2    1  134  314  248    0   16    2    2    1     788
    2    1  135  315   85    0    6    1    3    0    2059
    2    1  136  316  460    0   29    3    2    0     996
    2    1  137  317  220    0   14    2    3    0    1094
    2    1  138  318  231    0   15    2    2    1    1098
    2    1  139  319  464    0   29    3    3    1    2513
    2    1  140  320   66    1    5    1    1    1     814
    2    1  141  321  146    0   10    1    1    1    2301
    2    1  142  322  119    0    8    1    1    1    1094
    2    1  143  323  102    0    7    1    1    1    4223
    2    1  144  324  158    0   10    1    2    0    2730
    2    1  145  325  185    0   12    2    3    0     685
    2    1  146  326  327    0   21    3    2    0    2005
    2    1  147  327  368    0   23    3    3    1    1662
    2    1  148  328    8    0    1    1    2    0    1330
    2    1  149  329   87    0    6    1    3    0     928
    2    1  150  330  263    0   17    2    2    1    5026
    2    1  151  331  270    0   17    2    3    0    3199
    2    1  152  332   54    0    4    1    2    0    1373
    2    1  153  333   95    0    6    1    3    0     583
    2    1  154  334  215    0   14    2    3    0    1510
    2    1  155  335  211    0   14    2    2    1    4191
    2    1  156  336  165    0   11    2    1    0     996
    2    1  157  337  424    1   27    3    3    1     785
    2    1  158  338   70    0    5    1    1    1     789
    2    1  159  339  392    0   25    3    2    0    1253
    2    1  160  340   48    0    3    1    1    1     774
    2    1  161  341  218    0   14    2    2    1     685
    2    1  162  342   67    0    5    1    2    0    3786
    2    1  163  343  480    0   30    3    2    0     855
    2    1  164  344  462    0   29    3    3    1     844
    2    1  165  345  183    0   12    2    3    0     656
    2    1  166  346  345    0   22    3    3    1     612
    2    1  167  347  260    0   17    2    2    1     826
    2    1  168  348  249    0   16    2    2    1    4257
    2    1  169  349  323    0   21    3    2    0    1175
    2    1  170  350    7    0    1    1    1    1    1020
    2    1  171  351  279    0   18    2    2    1     737
    2    1  172  352   35    1    3    1    1    1    1604
    2    1  173  353  343    0   22    3    1    0    1865
    2    1  174  354   55    0    4    1    1    1     789
    2    1  175  355  334    0   21    3    2    0     645
    2    1  176  356   81    0    6    1    3    0     879
    2    1  177  357  104    0    7    1    3    0    3244
    2    1  178  358   53    1    4    1    1    1     960
    2    1  179  359  291    0   19    2    1    0    5384
    2    1  180  360  120    1    8    1    1    1     897
    2    1  181  361   52    1    4    1    1    1     917
    2    1  182  362  129    0    9    1    1    1    1172
    2    1  183  363  209    0   14    2    2    1    1207
    2    1  184  364  177    0   12    2    3    0    2013
    2    1  185  365  194    0   13    2    2    1    2164
    2    1  186  366  347    0   22    3    1    0    1404
    2    1  187  367  408    1   26    3    3    1     811
    2    1  188  368   23    0    2    1    1    1    1569
    2    1  189  369  477    0   30    3    2    0     848
    2    1  190  370  160    0   10    1    2    0     983
    2    1  191  371   68    0    5    1    1    1     669
    2    1  192  372  379    0   24    3    1    0    2410
    2    1  193  373  441    0   28    3    3    1     721
    2    1  194  374  322    0   21    3    3    1     856
    2    1  195  375  221    0   14    2    3    0    4352
    2    1  196  376  359    1   23    3    3    1     917
    2    1  197  377  357    0   23    3    3    1    1669
    2    1  198  378   71    1    5    1    1    1     725
    2    1  199  379  106    0    7    1    3    0    2646
    2    1  200  380   47    0    3    1    1    1     655
    2    1  201  381  478    0   30    3    2    0     841
    2    1  202  382  369    0   24    3    1    0    2378
    2    1  203  383  272    1   17    2    2    1    1454
    2    1  204  384  141    0    9    1    1    1    1105
    2    1  205  385  362    0   23    3    3    1    3050
    2    1  206  386  237    0   15    2    1    0    3711
    2    1  207  387  437    0   28    3    3    1    2603
    2    1  208  388  240    1   15    2    2    1    1192
    2    1  209  389  346    0   22    3    1    0    1378
    2    1  210  390  375    0   24    3    1    0    1671
    2    1  211  391  188    0   12    2    3    0    1033
    2    1  212  392  404    0   26    3    3    1     651
    2    1  213  393  229    0   15    2    3    0    5066
    2    1  214  394  266    1   17    2    3    0    1558
    2    1  215  395   18    0    2    1    2    0     710
    2    1  216  396    1    0    1    1    1    1    2843
    2    1  217  397  471    1   30    3    2    0    8572
    2    1  218  398   42    0    3    1    1    1     923
    2    1  219  399   94    0    6    1    3    0     855
    2    1  220  400   92    0    6    1    3    0     808
    2    1  221  401  202    0   13    2    2    1    1725
    2    1  222  402  143    0    9    1    1    1    2291
    2    1  223  403  190    0   12    2    3    0     941
    2    1  224  404   46    0    3    1    1    1     780
    2    1  225  405  326    1   21    3    2    0    1113
    2    1  226  406    2    0    1    1    2    0    2053
    2    1  227  407  311    0   20    2    3    0    3008
    2    1  228  408  360    1   23    3    3    1     832
    2    1  229  409  338    0   22    3    1    0     771
    2    1  230  410  275    0   18    2    1    0     884
    2    1  231  411   26    0    2    1    3    0    3842
    2    1  232  412   17    0    2    1    2    0     648
    2    1  233  413   56    1    4    1    1    1    1211
    2    1  234  414  306    0   20    2    3    0    1242
    2    1  235  415   64    0    4    1    2    0    1447
    2    1  236  416  367    0   23    3    2    0    1263
    2    1  237  417  269    1   17    2    2    1    1508
    2    1  238  418   29    0    2    1    3    0    1861
    2    1  239  419  246    0   16    2    2    1    1742
    2    1  240  420  378    0   24    3    1    0     811
    2    1  241  421    5    0    1    1    1    1     750
    2    1  242  422   97    0    7    1    1    1    1043
    2    1  243  423  399    0   25    3    2    0    5388
    2    1  244  424  308    0   20    2    2    1     762
    2    1  245  425   21    0    2    1    2    0     820
    2    1  246  426   89    0    6    1    3    0     764
    2    1  247  427  227    0   15    2    3    0    1376
    2    1  248  428  114    0    8    1    1    1     908
    2    1  249  429  171    0   11    2    1    0    2356
    2    1  250  430  430    0   27    3    3    1     922
    2    1  251  431    9    0    1    1    1    1    1431
    2    1  252  432  438    0   28    3    1    0     791
    2    1  253  433  315    0   20    2    3    0    2948
    2    1  254  434  340    1   22    3    1    0    3833
    2    1  255  435   34    0    3    1    1    1     731
    2    1  256  436  456    0   29    3    3    1    1395
    2    1  257  437   22    0    2    1    3    0     599
    2    1  258  438  151    0   10    1    2    0    1001
    2    1  259  439  433    0   28    3    3    1    1467
    2    1  260  440  285    0   18    2    2    1    1289
    2    1  261  441  157    0   10    1    2    0    2478
    2    1  262  442  196    0   13    2    2    1    1012
    2    1  263  443  251    0   16    2    3    0    2514
    2    1  264  444   93    0    6    1    3    0     494
    2    1  265  445  264    0   17    2    3    0    1101
    2    1  266  446  387    1   25    3    2    0    1366
    2    1  267  447   74    0    5    1    1    1     966
    2    1  268  448  124    0    8    1    1    1     830
    2    1  269  449   90    0    6    1    2    0    1019
    2    1  270  450  348    0   22    3    1    0    1004
    2    1  271  451  207    0   13    2    2    1    1797
    2    1  272  452  355    0   23    3    3    1    3620
    2    1  273  453  427    0   27    3    3    1     937
    2    1  274  454  191    0   12    2    3    0     570
    2    1  275  455  353    1   23    3    3    1     691
    2    1  276  456  390    0   25    3    3    1    1275
    2    1  277  457   84    0    6    1    3    0     515
    2    1  278  458  459    0   29    3    2    0    1043
    2    1  279  459  195    0   13    2    2    1     914
    2    1  280  460   38    1    3    1    1    1     966
    2    1  281  461  331    0   21    3    3    1     968
    2    1  282  462  243    0   16    2    2    1    1108
    2    1  283  463  385    0   25    3    2    0    3624
    2    1  284  464    6    1    1    1    1    1     952
    2    1  285  465  280    1   18    2    3    0    1593
    2    1  286  466  349    0   22    3    1    0     844
    2    1  287  467   63    0    4    1    1    1    1565
    2    1  288  468  265    0   17    2    3    0    2063
    2    1  289  469  457    0   29    3    2    0     559
    2    1  290  470  422    0   27    3    3    1    2636
    2    1  291  471   40    0    3    1    1    1     497
    2    1  292  472  111    0    7    1    1    1    2117
    2    1  293  473  350    0   22    3    1    0    2207
    2    1  294  474  386    0   25    3    2    0    2921
    2    1  295  475  261    0   17    2    2    1     921
    2    1  296  476  241    0   16    2    2    1    1266
    2    1  297  477  324    0   21    3    3    1    1553
    2    1  298  478  247    0   16    2    2    1     873
    2    1  299  479  152    0   10    1    3    0     907
    2    1  300  480  458    0   29    3    2    0    1971
