    1    1    1    1  190    1   12    2    1    0    3348
    1    1    2    2  327    1   21    3    3    1    3044
    1    1    3    3  106    1    7    1    1    1    1184
    1    1    4    4  397    1   25    3    3    1    2453
    1    1    5    5  250    1   16    2    1    0     904
    1    1    6    6  293    1   19    2    2    1    5672
    1    1    7    7  278    1   18    2    1    0    1354
    1    1    8    8  376    1   24    3    1    0    1225
    1    1    9    9  163    1   11    2    1    0     685
    1    1   10   10   34    1    3    1    1    1     551
    1    1   11   11  297    1   19    2    3    0    2534
    1    1   12   12  272    1   17    2    3    0    6181
    1    1   13   13  203    1   13    2    3    0    2914
    1    1   14   14  339    1   22    3    3    1    1378
    1    1   15   15  125    1    8    1    1    1    2720
    1    1   16   16  148    1   10    1    2    0    2760
    1    1   17   17  306    1   20    2    2    1    3920
    1    1   18   18  224    1   14    2    3    0    3896
    1    1   19   19   40    1    3    1    1    1    1280
    1    1   20   20  215    1   14    2    3    0    2178
    1    1   21   21  355    1   23    3    1    0    2752
    1    1   22   22  186    1   12    2    1    0     662
    1    1   23   23  455    1   29    3    1    0     896
    1    1   24   24    7    1    1    1    1    1     784
    1    1   25   25   96    1    6    1    1    1    2166
    1    1   26   26  381    1   24    3    3    1    1637
    1    1   27   27  115    1    8    1    2    0    2200
    1    1   28   28   17    1    2    1    3    0    1941
    1    1   29   29  456    1   29    3    3    1    1563
    1    1   30   30  267    1   17    2    1    0    2275
    1    1   31   31  279    1   18    2    2    1    4268
    1    1   32   32  395    1   25    3    1    0    2487
    1    1   33   33  443    1   28    3    1    0    1128
    1    1   34   34  146    1   10    1    2    0    2624
    1    1   35   35  195    1   13    2    1    0    5260
    1    1   36   36   55    1    4    1    2    0       0
    1    1   37   37  238    1   15    2    2    1       0
    1    1   38   38   73    1    5    1    1    1    1560
    1    1   39   39   16    1    1    1    3    0    1934
    1    1   40   40  170    1   11    2    1    0    1046
    1    1   41   41  446    1   28    3    1    0     785
    1    1   42   42  308    1   20    2    2    1    2551
    1    1   43   43  465    1   30    3    3    1    2373
    1    1   44   44  423    1   27    3    1    0    1323
    1    1   45   45  405    1   26    3    2    0    2300
    1    1   46   46   85    1    6    1    1    1     820
    1    1   47   47  229    1   15    2    3    0    2552
    1    1   48   48  413    1   26    3    2    0    6887
    1    1   49   49  136    1    9    1    1    1    1240
    1    1   50   50  241    1   16    2    1    0   98188
    1    1   51   51  359    1   23    3    3    1    1674
    1    1   52   52  471    1   30    3    2    0    1596
    1    1   53   53  330    1   21    3    1    0    2770
    1    1   54   54  337    1   22    3    1    0    1528
    1    1   55   55  111    1    7    1    1    1    1343
    1    1   56   56  135    1    9    1    2    0    1935
    1    1   57   57   31    1    2    1    2    0    5622
    1    1   58   58   72    1    5    1    1    1    1738
    1    1   59   59   62    1    4    1    3    0    4426
    1    1   60   60  420    1   27    3    1    0    1598
    1    2    1   61  148    1   10    1    3    0    9698
    1    2    2   62  293    1   19    2    1    0   13012
    1    2    3   63  111    1    7    1    1    1    1599
    1    2    4   64  115    1    8    1    2    0    1349
    1    2    5   65  395    1   25    3    3    1    1219
    1    2    6   66  229    1   15    2    1    0    3687
    1    2    7   67  471    1   30    3    1    0    1017
    1    2    8   68  405    1   26    3    2    0    7236
    1    2    9   69  420    1   27    3    1    0    2568
    1    2   10   70   31    1    2    1    3    0    1414
    1    2   11   71  359    1   23    3    3    1    1906
    1    2   12   72   96    1    6    1    1    1    1259
    1    2   13   73   85    1    6    1    1    1     766
    1    2   14   74   40    1    3    1    2    0    1315
    1    2   15   75  106    1    7    1    3    0    2980
    1    2   16   76  125    1    8    1    1    1    1009
    1    2   17   77  224    1   14    2    1    0    1694
    1    2   18   78  278    1   18    2    3    0    1888
    1    2   19   79  397    1   25    3    1    0    2056
    1    2   20   80  446    1   28    3    1    0     794
    1    2   21   81  267    1   17    2    1    0    1760
    1    2   22   82  355    1   23    3    1    0    1007
    1    2   23   83  170    1   11    2    2    1    1836
    1    2   24   84  465    1   30    3    2    0    3943
    1    2   25   85  423    1   27    3    2    0    3711
    1    2   26   86  136    1    9    1    2    0    3327
    1    2   27   87  443    1   28    3    1    0    2255
    1    2   28   88  203    1   13    2    1    0    1130
    1    2   29   89  306    1   20    2    3    0    4034
    1    2   30   90  250    1   16    2    2    1    1350
    1    2   31   91   34    1    3    1    1    1    3300
    1    2   32   92  339    1   22    3    1    0    1300
    1    2   33   93   73    1    5    1    1    1     884
    1    2   34   94   16    1    1    1    2    0    3990
    1    2   35   95  337    1   22    3    1    0     795
    1    2   36   96  330    1   21    3    2    0    1536
    1    2   37   97  272    1   17    2    3    0    1384
    1    2   38   98  146    1   10    1    3    0    1140
    1    2   39   99   55    1    4    1    1    1    4717
    1    2   40  100  238    1   15    2    1    0    3061
    1    2   41  101  413    1   26    3    3    1    1600
    1    2   42  102  190    1   12    2    2    1    1572
    1    2   43  103  135    1    9    1    2    0    2281
    1    2   44  104  163    1   11    2    1    0    1475
    1    2   45  105  186    1   12    2    1    0    1197
    1    2   46  106   62    1    4    1    2    0    2738
    1    2   47  107  241    1   16    2    2    1    2986
    1    2   48  108    7    1    1    1    2    0    2615
    1    2   49  109  455    1   29    3    2    0    1586
    1    2   50  110  376    1   24    3    3    1    1416
    1    2   51  111  195    1   13    2    2    1    3940
    1    2   52  112  381    1   24    3    2    0    4204
    1    2   53  113  215    1   14    2    2    1    1401
    1    2   54  114  279    1   18    2    3    0    1973
    1    2   55  115  308    1   20    2    3    0    2716
    1    2   56  116  456    1   29    3    3    1    1268
    1    2   57  117  297    1   19    2    2    1     982
    1    2   58  118   72    1    5    1    1    1     995
    1    2   59  119  327    1   21    3    2    0    2368
    1    2   60  120   17    1    2    1    3    0    1510
    1    3    1  121  423    1   27    3    2    0    3679
    1    3    2  122   31    1    2    1    2    0    2177
    1    3    3  123   40    1    3    1    1    1    1007
    1    3    4  124  195    1   13    2    1    0    1532
    1    3    5  125   62    1    4    1    2    0    1428
    1    3    6  126  203    1   13    2    1    0    1279
    1    3    7  127  190    1   12    2    2    1    1489
    1    3    8  128  308    1   20    2    3    0    2236
    1    3    9  129  136    1    9    1    3    0    2247
    1    3   10  130  376    1   24    3    3    1    3170
    1    3   11  131  238    1   15    2    1    0    2791
    1    3   12  132  293    1   19    2    1    0    1661
    1    3   13  133   34    1    3    1    1    1     896
    1    3   14  134  405    1   26    3    3    1    1377
    1    3   15  135  135    1    9    1    1    1    1167
    1    3   16  136  278    1   18    2    1    0    3749
    1    3   17  137  330    1   21    3    1    0    1140
    1    3   18  138  229    1   15    2    2    1    2523
    1    3   19  139  297    1   19    2    2    1    1692
    1    3   20  140  420    1   27    3    1    0    3180
    1    3   21  141   73    1    5    1    1    1    1329
    1    3   22  142  337    1   22    3    3    1    3297
    1    3   23  143  267    1   17    2    1    0    1250
    1    3   24  144  186    1   12    2    2    1    2005
    1    3   25  145  413    1   26    3    3    1    2058
    1    3   26  146  355    1   23    3    3    1    2828
    1    3   27  147  359    1   23    3    2    0    2688
    1    3   28  148  272    1   17    2    3    0    1930
    1    3   29  149  146    1   10    1    3    0    3650
    1    3   30  150  241    1   16    2    2    1    1268
    1    3   31  151   55    1    4    1    2    0    1174
    1    3   32  152  306    1   20    2    3    0    3117
    1    3   33  153  106    1    7    1    1    1    1268
    1    3   34  154  250    1   16    2    2    1    1287
    1    3   35  155  125    1    8    1    1    1    2520
    1    3   36  156    7    1    1    1    2    0    1448
    1    3   37  157  163    1   11    2    2    1    3155
    1    3   38  158  471    1   30    3    3    1    1306
    1    3   39  159   72    1    5    1    1    1    2266
    1    3   40  160  111    1    7    1    2    0    2198
    1    3   41  161  215    1   14    2    2    1    1458
    1    3   42  162  397    1   25    3    2    0    1405
    1    3   43  163  279    1   18    2    2    1    1209
    1    3   44  164  327    1   21    3    1    0    1613
    1    3   45  165  395    1   25    3    2    0    1233
    1    3   46  166   16    1    1    1    3    0    2085
    1    3   47  167  465    1   30    3    2    0     951
    1    3   48  168   17    1    2    1    2    0     981
    1    3   49  169  115    1    8    1    1    1    1203
    1    3   50  170  339    1   22    3    2    0     999
    1    3   51  171  224    1   14    2    1    0    1028
    1    3   52  172  443    1   28    3    2    0    1152
    1    3   53  173  456    1   29    3    3    1    1063
    1    3   54  174  446    1   28    3    3    1    2609
    1    3   55  175   96    1    6    1    2    0    2046
    1    3   56  176  455    1   29    3    3    1    1473
    1    3   57  177   85    1    6    1    1    1    2923
    1    3   58  178  170    1   11    2    1    0    1274
    1    3   59  179  381    1   24    3    1    0    2205
    1    3   60  180  148    1   10    1    3    0    2697
    2    1    1  181  262    0   17    2    2    1    6131
    2    1    2  182  116    0    8    1    1    1    1167
    2    1    3  183  169    0   11    2    1    0    2480
    2    1    4  184   83    0    6    1    1    1    1037
    2    1    5  185  460    0   29    3    3    1    1590
    2    1    6  186  471    1   30    3    3    1    1062
    2    1    7  187  336    0   21    3    1    0    1628
    2    1    8  188   91    0    6    1    1    1    1853
    2    1    9  189   65    0    5    1    1    1    2259
    2    1   10  190   26    0    2    1    2    0    2234
    2    1   11  191   90    0    6    1    1    1    3313
    2    1   12  192  318    0   20    2    3    0    2493
    2    1   13  193   81    0    6    1    1    1     810
    2    1   14  194  200    0   13    2    2    1     891
    2    1   15  195   16    1    1    1    2    0     489
    2    1   16  196  346    0   22    3    1    0    1399
    2    1   17  197  193    0   13    2    3    0     895
    2    1   18  198  278    1   18    2    3    0    1420
    2    1   19  199   28    0    2    1    2    0    1445
    2    1   20  200   37    0    3    1    3    0    2093
    2    1   21  201  409    0   26    3    1    0    1689
    2    1   22  202  111    1    7    1    1    1    1910
    2    1   23  203   42    0    3    1    2    0    3819
    2    1   24  204    7    1    1    1    1    1    1827
    2    1   25  205  115    1    8    1    1    1     619
    2    1   26  206  148    1   10    1    3    0    1539
    2    1   27  207  320    0   20    2    3    0    6295
    2    1   28  208  304    0   19    2    1    0    1196
    2    1   29  209    4    0    1    1    1    1    3101
    2    1   30  210  175    0   11    2    2    1     993
    2    1   31  211  172    0   11    2    1    0     619
    2    1   32  212  180    0   12    2    1    0     563
    2    1   33  213  170    1   11    2    1    0    4541
    2    1   34  214   23    0    2    1    2    0    2361
    2    1   35  215  224    1   14    2    3    0    1019
    2    1   36  216  237    0   15    2    1    0    1507
    2    1   37  217  252    0   16    2    2    1    2504
    2    1   38  218  444    0   28    3    1    0     916
    2    1   39  219  427    0   27    3    1    0    1041
    2    1   40  220  418    0   27    3    2    0    2823
    2    1   41  221  454    0   29    3    3    1    2504
    2    1   42  222  209    0   14    2    2    1    1924
    2    1   43  223  248    0   16    2    2    1    2121
    2    1   44  224  463    0   29    3    3    1    1284
    2    1   45  225  128    0    8    1    1    1    2129
    2    1   46  226  447    0   28    3    3    1    2206
    2    1   47  227  123    0    8    1    2    0    2278
    2    1   48  228  327    1   21    3    2    0    2524
    2    1   49  229  166    0   11    2    1    0    2151
    2    1   50  230  176    0   11    2    2    1    4931
    2    1   51  231  413    1   26    3    3    1    3646
    2    1   52  232  341    0   22    3    3    1    4220
    2    1   53  233    6    0    1    1    2    0    1445
    2    1   54  234    1    0    1    1    2    0    4620
    2    1   55  235   17    1    2    1    2    0    6885
    2    1   56  236   43    0    3    1    1    1    4562
    2    1   57  237  382    0   24    3    1    0    2637
    2    1   58  238  203    1   13    2    2    1    4484
    2    1   59  239  412    0   26    3    1    0    6306
    2    1   60  240  383    0   24    3    1    0    1479
    2    1   61  241   54    0    4    1    2    0    1741
    2    1   62  242  362    0   23    3    3    1    1687
    2    1   63  243  277    0   18    2    3    0    8470
    2    1   64  244  386    0   25    3    1    0    1768
    2    1   65  245  239    0   15    2    1    0    1074
    2    1   66  246  470    0   30    3    1    0    6200
    2    1   67  247  126    0    8    1    1    1     848
    2    1   68  248   82    0    6    1    1    1     767
    2    1   69  249  182    0   12    2    2    1   10688
    2    1   70  250   98    0    7    1    1    1     971
    2    1   71  251   79    0    5    1    1    1    5557
    2    1   72  252  113    0    8    1    2    0    3974
    2    1   73  253    8    0    1    1    2    0    3721
    2    1   74  254  421    0   27    3    1    0    2837
    2    1   75  255  216    0   14    2    2    1    1525
    2    1   76  256  264    0   17    2    1    0    4185
    2    1   77  257  263    0   17    2    3    0    2099
    2    1   78  258  467    0   30    3    3    1    5600
    2    1   79  259  385    0   25    3    3    1    3153
    2    1   80  260  231    0   15    2    2    1    1251
    2    1   81  261  319    0   20    2    3    0    1057
    2    1   82  262  414    0   26    3    3    1    1144
    2    1   83  263   66    0    5    1    3    0     828
    2    1   84  264  134    0    9    1    3    0     907
    2    1   85  265  177    0   12    2    1    0    1114
    2    1   86  266  389    0   25    3    1    0    3437
    2    1   87  267  352    0   22    3    3    1    2453
    2    1   88  268   51    0    4    1    2    0    1155
    2    1   89  269   78    0    5    1    1    1     998
    2    1   90  270  138    0    9    1    2    0    3375
    2    1   91  271  393    0   25    3    1    0    1353
    2    1   92  272  107    0    7    1    1    1     947
    2    1   93  273  306    1   20    2    3    0    1502
    2    1   94  274  432    0   27    3    1    0    2692
    2    1   95  275  321    0   21    3    1    0    1017
    2    1   96  276  269    0   17    2    2    1    2961
    2    1   97  277   73    1    5    1    1    1    1036
    2    1   98  278  159    0   10    1    1    1    4259
    2    1   99  279  379    0   24    3    1    0    1003
    2    1  100  280  129    0    9    1    2    0    1236
    2    1  101  281   99    0    7    1    1    1    1554
    2    1  102  282  130    0    9    1    2    0    3381
    2    1  103  283  261    0   17    2    3    0    1518
    2    1  104  284  312    0   20    2    3    0    1042
    2    1  105  285  189    0   12    2    1    0    1178
    2    1  106  286  244    0   16    2    1    0    1164
    2    1  107  287   52    0    4    1    2    0    2686
    2    1  108  288  335    0   21    3    2    0    9747
    2    1  109  289  240    0   15    2    3    0    1394
    2    1  110  290   88    0    6    1    1    1    1227
    2    1  111  291  294    0   19    2    1    0    2443
    2    1  112  292  251    0   16    2    3    0    3402
    2    1  113  293  135    1    9    1    2    0    2803
    2    1  114  294   58    0    4    1    2    0    5412
    2    1  115  295  265    0   17    2    3    0    3837
    2    1  116  296  234    0   15    2    1    0    2948
    2    1  117  297   20    0    2    1    3    0    4143
    2    1  118  298  287    0   18    2    3    0    1451
    2    1  119  299  397    1   25    3    2    0    6849
    2    1  120  300  469    0   30    3    2    0    9088
    2    1  121  301  367    0   23    3    1    0    7066
    2    1  122  302  361    0   23    3    1    0    2948
    2    1  123  303  255    0   16    2    1    0    4333
    2    1  124  304  202    0   13    2    2    1    3553
    2    1  125  305  374    0   24    3    2    0    7732
    2    1  126  306  425    0   27    3    1    0    2899
    2    1  127  307   46    0    3    1    1    1    3488
    2    1  128  308  205    0   13    2    1    0    6742
    2    1  129  309  313    0   20    2    3    0    2361
    2    1  130  310  254    0   16    2    2    1    9707
    2    1  131  311  343    0   22    3    1    0    1100
    2    1  132  312  101    0    7    1    1    1    6529
    2    1  133  313  184    0   12    2    1    0    8909
    2    1  134  314  249    0   16    2    1    0    3678
    2    1  135  315  288    0   18    2    2    1    4075
    2    1  136  316   10    0    1    1    3    0    2874
    2    1  137  317  468    0   30    3    3    1    8841
    2    1  138  318  185    0   12    2    1    0    1132
    2    1  139  319  461    0   29    3    3    1    1408
    2    1  140  320  270    0   17    2    1    0    1304
    2    1  141  321   61    0    4    1    2    0    4149
    2    1  142  322  145    0   10    1    3    0    1536
    2    1  143  323  402    0   26    3    1    0    1538
    2    1  144  324  399    0   25    3    2    0    4200
    2    1  145  325  286    0   18    2    1    0    2736
    2    1  146  326  398    0   25    3    3    1    1171
    2    1  147  327   56    0    4    1    2    0    1158
    2    1  148  328   97    0    7    1    1    1    2920
    2    1  149  329  372    0   24    3    1    0    1748
    2    1  150  330  132    0    9    1    3    0    1039
    2    1  151  331  266    0   17    2    3    0     647
    2    1  152  332  456    1   29    3    3    1    1021
    2    1  153  333  324    0   21    3    1    0    2821
    2    1  154  334  291    0   19    2    1    0    1157
    2    1  155  335  171    0   11    2    1    0    1640
    2    1  156  336  192    0   12    2    1    0    1815
    2    1  157  337  161    0   11    2    1    0    4783
    2    1  158  338  211    0   14    2    3    0     913
    2    1  159  339  388    0   25    3    3    1    1197
    2    1  160  340  160    0   10    1    2    0    3486
    2    1  161  341  250    1   16    2    3    0    3379
    2    1  162  342   45    0    3    1    2    0    2237
    2    1  163  343  141    0    9    1    1    1     436
    2    1  164  344   13    0    1    1    3    0      84
    2    1  165  345  236    0   15    2    2    1    1093
    2    1  166  346  354    0   23    3    3    1    1930
    2    1  167  347  462    0   29    3    3    1    1117
    2    1  168  348   31    1    2    1    2    0    1778
    2    1  169  349  119    0    8    1    3    0    2235
    2    1  170  350  477    0   30    3    3    1     914
    2    1  171  351   95    0    6    1    1    1    1471
    2    1  172  352   29    0    2    1    2    0    1861
    2    1  173  353   59    0    4    1    3    0    1147
    2    1  174  354   22    0    2    1    2    0    1966
    2    1  175  355  208    0   13    2    3    0    1584
    2    1  176  356  452    0   29    3    3    1    1074
    2    1  177  357  158    0   10    1    3    0    1320
    2    1  178  358   36    0    3    1    1    1    3459
    2    1  179  359  428    0   27    3    1    0    1386
    2    1  180  360  142    0    9    1    3    0    1188
    2    1  181  361  274    0   18    2    2    1    4069
    2    1  182  362   41    0    3    1    1    1    3619
    2    1  183  363  424    0   27    3    1    0    1874
    2    1  184  364  338    0   22    3    1    0    2554
    2    1  185  365  422    0   27    3    1    0    1093
    2    1  186  366  423    1   27    3    1    0    2490
    2    1  187  367  357    0   23    3    1    0    1031
    2    1  188  368  429    0   27    3    1    0     990
    2    1  189  369  377    0   24    3    1    0    1752
    2    1  190  370   11    0    1    1    2    0    3154
    2    1  191  371  405    1   26    3    3    1    1045
    2    1  192  372  271    0   17    2    2    1     941
    2    1  193  373  480    0   30    3    2    0    1016
    2    1  194  374   14    0    1    1    1    1    1216
    2    1  195  375  284    0   18    2    3    0     640
    2    1  196  376  310    0   20    2    2    1    1480
    2    1  197  377  446    1   28    3    3    1     829
    2    1  198  378  146    1   10    1    2    0    1069
    2    1  199  379  459    0   29    3    3    1     995
    2    1  200  380   40    1    3    1    1    1    3133
    2    1  201  381  391    0   25    3    1    0    3279
    2    1  202  382  120    0    8    1    1    1     845
    2    1  203  383  314    0   20    2    3    0    1244
    2    1  204  384  201    0   13    2    2    1    1836
    2    1  205  385  279    1   18    2    2    1     818
    2    1  206  386  155    0   10    1    3    0    1043
    2    1  207  387  438    0   28    3    3    1     779
    2    1  208  388  479    0   30    3    3    1     845
    2    1  209  389  474    0   30    3    2    0    2028
    2    1  210  390  281    0   18    2    2    1    1115
    2    1  211  391  243    0   16    2    2    1    1248
    2    1  212  392  273    0   18    2    3    0    1150
    2    1  213  393   19    0    2    1    2    0    1090
    2    1  214  394  376    1   24    3    1    0     887
    2    1  215  395   62    1    4    1    2    0    1253
    2    1  216  396  210    0   14    2    3    0    1762
    2    1  217  397  311    0   20    2    2    1    1294
    2    1  218  398  392    0   25    3    2    0    4330
    2    1  219  399   68    0    5    1    1    1    1645
    2    1  220  400  430    0   27    3    1    0     573
    2    1  221  401  473    0   30    3    1    0     631
    2    1  222  402  420    1   27    3    1    0     958
    2    1  223  403  431    0   27    3    2    0    1913
    2    1  224  404  136    1    9    1    3    0    1662
    2    1  225  405  394    0   25    3    2    0    1980
    2    1  226  406  133    0    9    1    3    0    2174
    2    1  227  407   64    0    4    1    2    0    1159
    2    1  228  408  328    0   21    3    2    0    2987
    2    1  229  409  387    0   25    3    3    1    3860
    2    1  230  410  226    0   15    2    1    0     986
    2    1  231  411  179    0   12    2    1    0     948
    2    1  232  412  437    0   28    3    3    1     927
    2    1  233  413  110    0    7    1    1    1    1835
    2    1  234  414  149    0   10    1    3    0    1042
    2    1  235  415    5    0    1    1    2    0    1482
    2    1  236  416  396    0   25    3    2    0     527
    2    1  237  417  339    1   22    3    2    0    1035
    2    1  238  418  221    0   14    2    1    0     802
    2    1  239  419  108    0    7    1    1    1     963
    2    1  240  420   89    0    6    1    1    1     717
    2    1  241  421  187    0   12    2    1    0     449
    2    1  242  422  164    0   11    2    2    1     912
    2    1  243  423   96    1    6    1    1    1     892
    2    1  244  424   33    0    3    1    3    0     459
    2    1  245  425  195    1   13    2    3    0    1672
    2    1  246  426  404    0   26    3    1    0     791
    2    1  247  427  212    0   14    2    2    1     520
    2    1  248  428  229    1   15    2    1    0    1379
    2    1  249  429  369    0   24    3    3    1     653
    2    1  250  430  426    0   27    3    1    0     996
    2    1  251  431  436    0   28    3    1    0     637
    2    1  252  432   30    0    2    1    2    0    1475
    2    1  253  433   84    0    6    1    1    1     651
    2    1  254  434  106    1    7    1    1    1    1104
    2    1  255  435  347    0   22    3    3    1    3477
    2    1  256  436  355    1   23    3    3    1     651
    2    1  257  437  272    1   17    2    3    0    1378
    2    1  258  438  406    0   26    3    3    1    1659
    2    1  259  439  165    0   11    2    2    1    1369
    2    1  260  440  163    1   11    2    1    0    2851
    2    1  261  441  283    0   18    2    1    0       0
    2    1  262  442  300    0   19    2    1    0       0
    2    1  263  443  441    0   28    3    1    0    1724
    2    1  264  444   77    0    5    1    1    1    1255
    2    1  265  445  154    0   10    1    2    0    1383
    2    1  266  446  143    0    9    1    3    0     992
    2    1  267  447  435    0   28    3    1    0    1641
    2    1  268  448  292    0   19    2    1    0     920
    2    1  269  449  315    0   20    2    3    0    1156
    2    1  270  450  289    0   19    2    2    1    1527
    2    1  271  451  303    0   19    2    3    0    1451
    2    1  272  452  298    0   19    2    3    0    3170
    2    1  273  453  407    0   26    3    3    1    1139
    2    1  274  454   70    0    5    1    1    1    2071
    2    1  275  455   76    0    5    1    1    1    1941
    2    1  276  456  325    0   21    3    3    1    1624
    2    1  277  457  307    0   20    2    3    0     888
    2    1  278  458  381    1   24    3    3    1    1990
    2    1  279  459  453    0   29    3    3    1    1031
    2    1  280  460  199    0   13    2    2    1    1343
    2    1  281  461  246    0   16    2    1    0    1066
    2    1  282  462  349    0   22    3    1    0    1105
    2    1  283  463  280    0   18    2    2    1    1541
    2    1  284  464  137    0    9    1    2    0    2025
    2    1  285  465    2    0    1    1    1    1     905
    2    1  286  466  466    0   30    3    1    0     725
    2    1  287  467  439    0   28    3    1    0     504
    2    1  288  468  322    0   21    3    1    0     725
    2    1  289  469  419    0   27    3    1    0    1162
    2    1  290  470  256    0   16    2    1    0     524
    2    1  291  471  359    1   23    3    3    1    1064
    2    1  292  472  400    0   25    3    3    1    1118
    2    1  293  473  223    0   14    2    2    1    1970
    2    1  294  474   49    0    4    1    3    0    1716
    2    1  295  475   48    0    3    1    1    1    1952
    2    1  296  476  344    0   22    3    1    0     707
    2    1  297  477   47    0    3    1    3    0     871
    2    1  298  478  308    1   20    2    3    0    1333
    2    1  299  479  450    0   29    3    3    1     801
    2    1  300  480  448    0   28    3    1    0    1794
