    1    1    1    1   16    1    1    1    2    0    9848
    1    1    2    2  297    1   19    2    3    0    2282
    1    1    3    3  465    1   30    3    3    1    2467
    1    1    4    4  395    1   25    3    1    0    3525
    1    1    5    5  279    1   18    2    3    0    1260
    1    1    6    6  446    1   28    3    1    0    4078
    1    1    7    7  381    1   24    3    2    0    2769
    1    1    8    8  136    1    9    1    2    0    1655
    1    1    9    9  238    1   15    2    2    1    3609
    1    1   10   10  215    1   14    2    1    0   12190
    1    1   11   11  229    1   15    2    3    0    3483
    1    1   12   12  163    1   11    2    2    1    3606
    1    1   13   13  293    1   19    2    1    0    5115
    1    1   14   14  420    1   27    3    3    1    4738
    1    1   15   15  359    1   23    3    3    1    4297
    1    1   16   16   62    1    4    1    1    1    2514
    1    1   17   17  278    1   18    2    3    0    1587
    1    1   18   18  306    1   20    2    2    1    2760
    1    1   19   19  148    1   10    1    2    0    1999
    1    1   20   20  135    1    9    1    1    1    1667
    1    1   21   21  125    1    8    1    3    0    7926
    1    1   22   22  355    1   23    3    3    1    2158
    1    1   23   23  241    1   16    2    2    1    4477
    1    1   24   24   40    1    3    1    3    0    2990
    1    1   25   25   55    1    4    1    3    0    4572
    1    1   26   26  195    1   13    2    2    1    2602
    1    1   27   27  456    1   29    3    3    1    2374
    1    1   28   28  423    1   27    3    1    0    2716
    1    1   29   29  405    1   26    3    2    0    7413
    1    1   30   30  443    1   28    3    3    1    1937
    1    1   31   31  186    1   12    2    3    0    7080
    1    1   32   32  203    1   13    2    2    1    1681
    1    1   33   33  397    1   25    3    1    0   10498
    1    1   34   34   31    1    2    1    1    1    1619
    1    1   35   35  250    1   16    2    2    1    1527
    1    1   36   36  339    1   22    3    3    1    2992
    1    1   37   37  471    1   30    3    3    1    3916
    1    1   38   38   85    1    6    1    1    1    3749
    1    1   39   39  170    1   11    2    2    1    1843
    1    1   40   40  267    1   17    2    2    1    2847
    1    1   41   41  308    1   20    2    3    0    4977
    1    1   42   42  272    1   17    2    2    1    1328
    1    1   43   43  413    1   26    3    3    1    6271
    1    1   44   44  455    1   29    3    2    0    1178
    1    1   45   45  146    1   10    1    3    0    2768
    1    1   46   46  190    1   12    2    1    0    1510
    1    1   47   47   72    1    5    1    2    0    1150
    1    1   48   48   73    1    5    1    2    0    8598
    1    1   49   49  337    1   22    3    3    1    7058
    1    1   50   50  111    1    7    1    2    0    1470
    1    1   51   51  106    1    7    1    3    0    2599
    1    1   52   52  327    1   21    3    1    0    1379
    1    1   53   53  330    1   21    3    1    0    1440
    1    1   54   54    7    1    1    1    2    0    1853
    1    1   55   55  376    1   24    3    2    0    1720
    1    1   56   56   17    1    2    1    3    0    3271
    1    1   57   57  115    1    8    1    1    1   13001
    1    1   58   58  224    1   14    2    1    0   11334
    1    1   59   59   96    1    6    1    1    1    1446
    1    1   60   60   34    1    3    1    1    1    3233
    1    2    1   61   85    1    6    1    1    1    1876
    1    2    2   62   73    1    5    1    1    1    2191
    1    2    3   63   72    1    5    1    1    1    1628
    1    2    4   64  170    1   11    2    1    0    1824
    1    2    5   65   31    1    2    1    1    1    1644
    1    2    6   66  278    1   18    2    3    0    2399
    1    2    7   67  148    1   10    1    1    1    2100
    1    2    8   68   16    1    1    1    1    1    2501
    1    2    9   69  190    1   12    2    3    0    4021
    1    2   10   70  163    1   11    2    1    0    2555
    1    2   11   71  455    1   29    3    3    1    2537
    1    2   12   72  308    1   20    2    3    0    1560
    1    2   13   73  297    1   19    2    2    1    1615
    1    2   14   74    7    1    1    1    1    1    1779
    1    2   15   75  111    1    7    1    1    1    1488
    1    2   16   76  306    1   20    2    2    1    3179
    1    2   17   77  229    1   15    2    3    0    2064
    1    2   18   78  203    1   13    2    2    1    4163
    1    2   19   79  339    1   22    3    3    1    4129
    1    2   20   80  465    1   30    3    1    0    8193
    1    2   21   81  250    1   16    2    2    1    7358
    1    2   22   82  186    1   12    2    1    0    2205
    1    2   23   83  381    1   24    3    1    0    3738
    1    2   24   84  272    1   17    2    2    1    3913
    1    2   25   85  471    1   30    3    3    1    1825
    1    2   26   86  215    1   14    2    1    0    3821
    1    2   27   87   40    1    3    1    1    1    1705
    1    2   28   88  359    1   23    3    3    1    1610
    1    2   29   89  327    1   21    3    2    0    1807
    1    2   30   90  136    1    9    1    1    1    1772
    1    2   31   91  279    1   18    2    3    0    1289
    1    2   32   92   34    1    3    1    1    1    1579
    1    2   33   93  241    1   16    2    2    1    2864
    1    2   34   94  355    1   23    3    3    1   10275
    1    2   35   95  224    1   14    2    2    1    2269
    1    2   36   96  420    1   27    3    1    0    1543
    1    2   37   97  115    1    8    1    1    1    2782
    1    2   38   98  405    1   26    3    3    1    1716
    1    2   39   99  376    1   24    3    1    0    4084
    1    2   40  100  337    1   22    3    3    1    2901
    1    2   41  101  125    1    8    1    1    1    3878
    1    2   42  102  413    1   26    3    3    1    1424
    1    2   43  103  106    1    7    1    1    1    2701
    1    2   44  104  456    1   29    3    3    1    2116
    1    2   45  105  146    1   10    1    2    0    3413
    1    2   46  106  443    1   28    3    1    0    1698
    1    2   47  107  423    1   27    3    3    1    9490
    1    2   48  108  267    1   17    2    2    1    1724
    1    2   49  109   55    1    4    1    3    0    3036
    1    2   50  110   17    1    2    1    1    1    2519
    1    2   51  111  238    1   15    2    3    0    3383
    1    2   52  112  195    1   13    2    2    1    1988
    1    2   53  113  135    1    9    1    1    1    1754
    1    2   54  114   96    1    6    1    1    1    1176
    1    2   55  115  293    1   19    2    1    0    1519
    1    2   56  116  397    1   25    3    2    0    7159
    1    2   57  117  395    1   25    3    1    0    1342
    1    2   58  118  330    1   21    3    1    0    4445
    1    2   59  119   62    1    4    1    2    0    4544
    1    2   60  120  446    1   28    3    3    1    2399
    1    3    1  121  446    1   28    3    3    1    1380
    1    3    2  122  423    1   27    3    3    1    1265
    1    3    3  123   85    1    6    1    1    1    4708
    1    3    4  124  115    1    8    1    1    1    1420
    1    3    5  125   17    1    2    1    3    0    3752
    1    3    6  126  456    1   29    3    3    1    1255
    1    3    7  127  125    1    8    1    1    1    1546
    1    3    8  128  381    1   24    3    3    1    1921
    1    3    9  129  339    1   22    3    3    1    2169
    1    3   10  130  229    1   15    2    3    0    2086
    1    3   11  131  413    1   26    3    3    1    1112
    1    3   12  132  190    1   12    2    1    0    5025
    1    3   13  133  455    1   29    3    3    1    2044
    1    3   14  134  135    1    9    1    1    1    1440
    1    3   15  135  170    1   11    2    2    1    1100
    1    3   16  136  293    1   19    2    1    0    2403
    1    3   17  137  224    1   14    2    2    1    2505
    1    3   18  138  106    1    7    1    1    1    1354
    1    3   19  139  186    1   12    2    2    1    2456
    1    3   20  140  272    1   17    2    2    1    8491
    1    3   21  141  306    1   20    2    3    0    2237
    1    3   22  142   40    1    3    1    1    1    1657
    1    3   23  143  465    1   30    3    1    0    1915
    1    3   24  144   31    1    2    1    3    0    2034
    1    3   25  145   73    1    5    1    1    1    2150
    1    3   26  146  203    1   13    2    2    1    1717
    1    3   27  147  443    1   28    3    3    1    3157
    1    3   28  148    7    1    1    1    1    1    4348
    1    3   29  149  146    1   10    1    1    1    1747
    1    3   30  150   16    1    1    1    2    0    2674
    1    3   31  151   72    1    5    1    2    0    3643
    1    3   32  152   62    1    4    1    1    1    1614
    1    3   33  153  308    1   20    2    2    1    1812
    1    3   34  154  471    1   30    3    3    1    1168
    1    3   35  155  359    1   23    3    3    1    1350
    1    3   36  156  136    1    9    1    1    1    1972
    1    3   37  157   55    1    4    1    3    0    2203
    1    3   38  158  327    1   21    3    1    0    1687
    1    3   39  159  337    1   22    3    3    1    2489
    1    3   40  160  148    1   10    1    1    1    3243
    1    3   41  161  111    1    7    1    1    1    1662
    1    3   42  162   34    1    3    1    2    0    3728
    1    3   43  163  297    1   19    2    2    1    3888
    1    3   44  164  376    1   24    3    1    0    2346
    1    3   45  165  215    1   14    2    1    0    8049
    1    3   46  166  195    1   13    2    2    1    1507
    1    3   47  167  250    1   16    2    2    1    1484
    1    3   48  168  355    1   23    3    3    1    1846
    1    3   49  169   96    1    6    1    1    1    1618
    1    3   50  170  330    1   21    3    1    0    2773
    1    3   51  171  395    1   25    3    3    1    2764
    1    3   52  172  238    1   15    2    3    0    2274
    1    3   53  173  279    1   18    2    3    0    1387
    1    3   54  174  278    1   18    2    2    1    1608
    1    3   55  175  163    1   11    2    1    0    2543
    1    3   56  176  267    1   17    2    2    1    1470
    1    3   57  177  405    1   26    3    3    1    1735
    1    3   58  178  241    1   16    2    2    1    1607
    1    3   59  179  420    1   27    3    3    1    3596
    1    3   60  180  397    1   25    3    2    0    2721
    2    1    1  181  410    0   26    3    2    0    8523
    2    1    2  182   80    0    5    1    3    0    3548
    2    1    3  183  226    0   15    2    1    0    2206
    2    1    4  184  286    0   18    2    2    1    4583
    2    1    5  185   57    0    4    1    1    1    4320
    2    1    6  186  291    0   19    2    3    0    5491
    2    1    7  187  446    1   28    3    3    1    6089
    2    1    8  188   95    0    6    1    1    1    1143
    2    1    9  189  266    0   17    2    2    1    1994
    2    1   10  190  326    0   21    3    2    0    9051
    2    1   11  191  240    0   15    2    2    1    4214
    2    1   12  192  282    0   18    2    3    0    1598
    2    1   13  193  444    0   28    3    1    0    1518
    2    1   14  194   92    0    6    1    1    1    1314
    2    1   15  195  287    0   18    2    2    1    4543
    2    1   16  196    9    0    1    1    1    1    1466
    2    1   17  197   76    0    5    1    2    0    2560
    2    1   18  198  177    0   12    2    1    0    2907
    2    1   19  199  460    0   29    3    3    1    1080
    2    1   20  200  304    0   19    2    2    1    2317
    2    1   21  201   39    0    3    1    1    1    1394
    2    1   22  202   82    0    6    1    1    1     747
    2    1   23  203  126    0    8    1    3    0    5197
    2    1   24  204  124    0    8    1    2    0    4862
    2    1   25  205   84    0    6    1    1    1    1085
    2    1   26  206  267    1   17    2    2    1    1170
    2    1   27  207  224    1   14    2    2    1    2116
    2    1   28  208  162    0   11    2    2    1    1616
    2    1   29  209  471    1   30    3    3    1    1202
    2    1   30  210  217    0   14    2    2    1    1489
    2    1   31  211  167    0   11    2    1    0    1367
    2    1   32  212  152    0   10    1    3    0    1056
    2    1   33  213  185    0   12    2    1    0    1369
    2    1   34  214  349    0   22    3    3    1    1938
    2    1   35  215  387    0   25    3    2    0    1830
    2    1   36  216  312    0   20    2    3    0    1405
    2    1   37  217  355    1   23    3    3    1    1974
    2    1   38  218  151    0   10    1    2    0    4521
    2    1   39  219  176    0   11    2    1    0    2021
    2    1   40  220  428    0   27    3    1    0    1733
    2    1   41  221  373    0   24    3    3    1    5505
    2    1   42  222  412    0   26    3    1    0    2789
    2    1   43  223  127    0    8    1    2    0    1831
    2    1   44  224  361    0   23    3    1    0    1998
    2    1   45  225  138    0    9    1    1    1    1311
    2    1   46  226  200    0   13    2    2    1     763
    2    1   47  227   13    0    1    1    1    1    1438
    2    1   48  228  450    0   29    3    3    1     485
    2    1   49  229  403    0   26    3    2    0    1058
    2    1   50  230  274    0   18    2    3    0     633
    2    1   51  231   18    0    2    1    2    0     992
    2    1   52  232  290    0   19    2    2    1     905
    2    1   53  233  309    0   20    2    3    0     534
    2    1   54  234  325    0   21    3    1    0     769
    2    1   55  235  382    0   24    3    3    1    3603
    2    1   56  236   68    0    5    1    1    1    1284
    2    1   57  237  303    0   19    2    3    0    1345
    2    1   58  238   53    0    4    1    1    1    1229
    2    1   59  239  248    0   16    2    2    1    1069
    2    1   60  240  170    1   11    2    1    0    4483
    2    1   61  241  150    0   10    1    2    0    3792
    2    1   62  242    2    0    1    1    1    1    1113
    2    1   63  243  182    0   12    2    3    0    1517
    2    1   64  244  415    0   26    3    3    1     578
    2    1   65  245  289    0   19    2    2    1     939
    2    1   66  246    1    0    1    1    1    1    1607
    2    1   67  247  307    0   20    2    3    0     807
    2    1   68  248  261    0   17    2    2    1    1656
    2    1   69  249   64    0    4    1    1    1     919
    2    1   70  250  249    0   16    2    2    1    2499
    2    1   71  251  130    0    9    1    1    1    1024
    2    1   72  252  314    0   20    2    2    1    1273
    2    1   73  253  148    1   10    1    1    1    1623
    2    1   74  254   69    0    5    1    3    0    1928
    2    1   75  255  315    0   20    2    2    1    1659
    2    1   76  256  435    0   28    3    1    0    5546
    2    1   77  257  277    0   18    2    2    1    3181
    2    1   78  258  111    1    7    1    1    1     911
    2    1   79  259  209    0   14    2    1    0    3099
    2    1   80  260  300    0   19    2    2    1    3504
    2    1   81  261  395    1   25    3    3    1    2020
    2    1   82  262   42    0    3    1    2    0    1476
    2    1   83  263  380    0   24    3    3    1    1722
    2    1   84  264   87    0    6    1    1    1    1351
    2    1   85  265  165    0   11    2    2    1    1425
    2    1   86  266  449    0   29    3    3    1    1433
    2    1   87  267   30    0    2    1    1    1    1105
    2    1   88  268   36    0    3    1    2    0    1301
    2    1   89  269  294    0   19    2    2    1    2579
    2    1   90  270   11    0    1    1    3    0    1660
    2    1   91  271  429    0   27    3    1    0    1579
    2    1   92  272  198    0   13    2    2    1    1165
    2    1   93  273  172    0   11    2    2    1    1151
    2    1   94  274  273    0   18    2    2    1    2754
    2    1   95  275  424    0   27    3    1    0    2020
    2    1   96  276  448    0   28    3    1    0    1972
    2    1   97  277  478    0   30    3    3    1     950
    2    1   98  278  270    0   17    2    2    1    3378
    2    1   99  279  311    0   20    2    3    0    1243
    2    1  100  280  245    0   16    2    2    1    1212
    2    1  101  281  417    0   27    3    1    0    1579
    2    1  102  282  386    0   25    3    3    1    2078
    2    1  103  283  204    0   13    2    2    1    1228
    2    1  104  284  108    0    7    1    1    1    1467
    2    1  105  285  149    0   10    1    3    0     978
    2    1  106  286   43    0    3    1    2    0    1020
    2    1  107  287  375    0   24    3    3    1    1396
    2    1  108  288  393    0   25    3    3    1    3405
    2    1  109  289  333    0   21    3    1    0    1206
    2    1  110  290  332    0   21    3    1    0    7238
    2    1  111  291  285    0   18    2    2    1    1419
    2    1  112  292  313    0   20    2    2    1    1282
    2    1  113  293  439    0   28    3    1    0    1616
    2    1  114  294  414    0   26    3    3    1    1983
    2    1  115  295  411    0   26    3    2    0    3585
    2    1  116  296  348    0   22    3    3    1    2466
    2    1  117  297  472    0   30    3    2    0    1312
    2    1  118  298  171    0   11    2    1    0    2989
    2    1  119  299  107    0    7    1    1    1    7975
    2    1  120  300  388    0   25    3    1    0    1485
    2    1  121  301   74    0    5    1    2    0     705
    2    1  122  302  145    0   10    1    2    0     694
    2    1  123  303  322    0   21    3    1    0     891
    2    1  124  304   21    0    2    1    2    0    1657
    2    1  125  305  352    0   22    3    3    1    1815
    2    1  126  306  431    0   27    3    1    0     624
    2    1  127  307  100    0    7    1    2    0     824
    2    1  128  308    4    0    1    1    2    0     695
    2    1  129  309  129    0    9    1    1    1     749
    2    1  130  310  258    0   17    2    3    0     240
    2    1  131  311  323    0   21    3    2    0    1291
    2    1  132  312  229    1   15    2    1    0     937
    2    1  133  313  292    0   19    2    2    1     676
    2    1  134  314   52    0    4    1    2    0     986
    2    1  135  315  214    0   14    2    1    0    1139
    2    1  136  316   17    1    2    1    2    0     887
    2    1  137  317  343    0   22    3    3    1    1300
    2    1  138  318  254    0   16    2    2    1    1440
    2    1  139  319  377    0   24    3    3    1    1704
    2    1  140  320  317    0   20    2    2    1    1476
    2    1  141  321  194    0   13    2    2    1    2043
    2    1  142  322  367    0   23    3    3    1    1178
    2    1  143  323  437    0   28    3    3    1    1052
    2    1  144  324  201    0   13    2    2    1    1410
    2    1  145  325  190    1   12    2    3    0    1292
    2    1  146  326  423    1   27    3    1    0    2056
    2    1  147  327  341    0   22    3    3    1    1159
    2    1  148  328   35    0    3    1    2    0    1242
    2    1  149  329  206    0   13    2    2    1    1337
    2    1  150  330  461    0   29    3    3    1    1381
    2    1  151  331  378    0   24    3    3    1    1935
    2    1  152  332   89    0    6    1    1    1    1841
    2    1  153  333  174    0   11    2    2    1    3065
    2    1  154  334  260    0   17    2    3    0    3279
    2    1  155  335  189    0   12    2    1    0    2652
    2    1  156  336  391    0   25    3    2    0    1443
    2    1  157  337  104    0    7    1    1    1    1659
    2    1  158  338  257    0   17    2    1    0    2330
    2    1  159  339  234    0   15    2    1    0    1388
    2    1  160  340  154    0   10    1    2    0    1143
    2    1  161  341   37    0    3    1    2    0    1354
    2    1  162  342  102    0    7    1    3    0    1156
    2    1  163  343   27    0    2    1    3    0    1191
    2    1  164  344  454    0   29    3    3    1    1209
    2    1  165  345  357    0   23    3    3    1    1801
    2    1  166  346   81    0    6    1    1    1    1489
    2    1  167  347  376    1   24    3    3    1    3879
    2    1  168  348  335    0   21    3    1    0    1389
    2    1  169  349   45    0    3    1    2    0    1126
    2    1  170  350  106    1    7    1    1    1    1227
    2    1  171  351   60    0    4    1    2    0    1451
    2    1  172  352   94    0    6    1    1    1    1105
    2    1  173  353   55    1    4    1    3    0    1558
    2    1  174  354  223    0   14    2    2    1    1609
    2    1  175  355   34    1    3    1    1    1    2522
    2    1  176  356  230    0   15    2    3    0    3333
    2    1  177  357  336    0   21    3    1    0     897
    2    1  178  358  331    0   21    3    1    0    1357
    2    1  179  359  306    1   20    2    2    1    1288
    2    1  180  360  459    0   29    3    3    1    1191
    2    1  181  361  133    0    9    1    3    0     632
    2    1  182  362  239    0   15    2    2    1    1055
    2    1  183  363  407    0   26    3    2    0     982
    2    1  184  364  390    0   25    3    1    0    1535
    2    1  185  365  208    0   13    2    3    0     466
    2    1  186  366   50    0    4    1    3    0    1824
    2    1  187  367  253    0   16    2    2    1    1576
    2    1  188  368   41    0    3    1    2    0    1131
    2    1  189  369  413    1   26    3    3    1    1310
    2    1  190  370  210    0   14    2    2    1    1098
    2    1  191  371  169    0   11    2    2    1     912
    2    1  192  372  272    1   17    2    2    1    1004
    2    1  193  373  215    1   14    2    1    0     852
    2    1  194  374  119    0    8    1    2    0     739
    2    1  195  375   67    0    5    1    2    0    1527
    2    1  196  376  347    0   22    3    3    1    1276
    2    1  197  377  329    0   21    3    1    0    1481
    2    1  198  378  432    0   27    3    2    0    4350
    2    1  199  379  252    0   16    2    2    1    1713
    2    1  200  380  275    0   18    2    3    0    2733
    2    1  201  381  338    0   22    3    3    1    1600
    2    1  202  382  193    0   13    2    2    1    2608
    2    1  203  383   71    0    5    1    2    0     857
    2    1  204  384  356    0   23    3    2    0    1176
    2    1  205  385  334    0   21    3    1    0    3146
    2    1  206  386   77    0    5    1    2    0    1581
    2    1  207  387  468    0   30    3    2    0    1150
    2    1  208  388  213    0   14    2    2    1    3169
    2    1  209  389  321    0   21    3    1    0    2115
    2    1  210  390  441    0   28    3    3    1    2320
    2    1  211  391  350    0   22    3    3    1     803
    2    1  212  392  183    0   12    2    1    0    1972
    2    1  213  393  474    0   30    3    2    0    4582
    2    1  214  394  452    0   29    3    3    1    1552
    2    1  215  395   40    1    3    1    2    0    2770
    2    1  216  396  457    0   29    3    3    1    1876
    2    1  217  397  363    0   23    3    1    0    1307
    2    1  218  398  121    0    8    1    2    0    1655
    2    1  219  399  241    1   16    2    2    1     966
    2    1  220  400  192    0   12    2    1    0    1376
    2    1  221  401  269    0   17    2    3    0    1897
    2    1  222  402   58    0    4    1    2    0    2847
    2    1  223  403   88    0    6    1    1    1    1165
    2    1  224  404  296    0   19    2    2    1    1855
    2    1  225  405  271    0   17    2    2    1    1062
    2    1  226  406   78    0    5    1    1    1    1165
    2    1  227  407  473    0   30    3    3    1    1423
    2    1  228  408  445    0   28    3    1    0    1382
    2    1  229  409    6    0    1    1    3    0    1760
    2    1  230  410   85    1    6    1    1    1    2347
    2    1  231  411  340    0   22    3    2    0    2029
    2    1  232  412  402    0   26    3    3    1    1548
    2    1  233  413  422    0   27    3    1    0    2623
    2    1  234  414  436    0   28    3    1    0    1671
    2    1  235  415  236    0   15    2    2    1    1766
    2    1  236  416  132    0    9    1    1    1    4256
    2    1  237  417   72    1    5    1    2    0    2343
    2    1  238  418  370    0   24    3    3    1    8169
    2    1  239  419  153    0   10    1    3    0    1672
    2    1  240  420   96    1    6    1    1    1    1238
    2    1  241  421   31    1    2    1    1    1    1542
    2    1  242  422  101    0    7    1    2    0    3689
    2    1  243  423  465    1   30    3    2    0    4853
    2    1  244  424  419    0   27    3    1    0    1461
    2    1  245  425   12    0    1    1    3    0    1467
    2    1  246  426  369    0   24    3    1    0    1521
    2    1  247  427  394    0   25    3    3    1    1077
    2    1  248  428  156    0   10    1    2    0    3563
    2    1  249  429  466    0   30    3    1    0    1325
    2    1  250  430  110    0    7    1    1    1    1450
    2    1  251  431  479    0   30    3    2    0    1712
    2    1  252  432  455    1   29    3    3    1    2189
    2    1  253  433  221    0   14    2    1    0    1766
    2    1  254  434  188    0   12    2    1    0     994
    2    1  255  435  155    0   10    1    2    0    8938
    2    1  256  436  443    1   28    3    1    0    1241
    2    1  257  437  225    0   15    2    2    1    1192
    2    1  258  438  426    0   27    3    1    0    1147
    2    1  259  439  470    0   30    3    3    1    1181
    2    1  260  440  316    0   20    2    2    1    1215
    2    1  261  441    5    0    1    1    2    0     784
    2    1  262  442  362    0   23    3    1    0    1041
    2    1  263  443  371    0   24    3    2    0    1544
    2    1  264  444  427    0   27    3    3    1    1611
    2    1  265  445  416    0   26    3    3    1    1180
    2    1  266  446  476    0   30    3    3    1     590
    2    1  267  447  425    0   27    3    1    0    1431
    2    1  268  448  330    1   21    3    3    1    2447
    2    1  269  449   86    0    6    1    1    1    1710
    2    1  270  450  345    0   22    3    1    0     746
    2    1  271  451   24    0    2    1    2    0    1452
    2    1  272  452  327    1   21    3    2    0    1219
    2    1  273  453   93    0    6    1    1    1    1090
    2    1  274  454    3    0    1    1    2    0    2233
    2    1  275  455   91    0    6    1    1    1    1008
    2    1  276  456  305    0   20    2    3    0    1146
    2    1  277  457  139    0    9    1    3    0     525
    2    1  278  458  268    0   17    2    2    1    1545
    2    1  279  459   61    0    4    1    2    0    1083
    2    1  280  460  218    0   14    2    2    1    1442
    2    1  281  461   98    0    7    1    3    0    2905
    2    1  282  462   46    0    3    1    2    0    1718
    2    1  283  463  142    0    9    1    1    1    3041
    2    1  284  464  464    0   29    3    3    1    1834
    2    1  285  465  456    1   29    3    3    1     961
    2    1  286  466   59    0    4    1    2    0    1084
    2    1  287  467  358    0   23    3    1    0    1153
    2    1  288  468  288    0   18    2    2    1    1027
    2    1  289  469  418    0   27    3    1    0    1644
    2    1  290  470  297    1   19    2    2    1    1276
    2    1  291  471   26    0    2    1    3    0    1594
    2    1  292  472  205    0   13    2    2    1     987
    2    1  293  473  166    0   11    2    2    1    1525
    2    1  294  474  339    1   22    3    3    1    1368
    2    1  295  475  211    0   14    2    2    1    1524
    2    1  296  476  280    0   18    2    2    1    2103
    2    1  297  477  103    0    7    1    3    0    1588
    2    1  298  478  186    1   12    2    1    0    1654
    2    1  299  479  196    0   13    2    2    1    1414
    2    1  300  480  467    0   30    3    3    1    1022
