    1    1    1    1  163    1   11    2    1    0    4121
    1    1    2    2  111    1    7    1    2    0    3803
    1    1    3    3  293    1   19    2    3    0    3325
    1    1    4    4   62    1    4    1    3    0    5934
    1    1    5    5  215    1   14    2    1    0    2131
    1    1    6    6  297    1   19    2    3    0    1515
    1    1    7    7  339    1   22    3    3    1    2177
    1    1    8    8  423    1   27    3    2    0    3289
    1    1    9    9  327    1   21    3    3    1    2760
    1    1   10   10   55    1    4    1    3    0    2148
    1    1   11   11  170    1   11    2    2    1    6161
    1    1   12   12   85    1    6    1    1    1    3878
    1    1   13   13  250    1   16    2    2    1    1868
    1    1   14   14  229    1   15    2    3    0    2442
    1    1   15   15  446    1   28    3    3    1    1576
    1    1   16   16  238    1   15    2    3    0    7840
    1    1   17   17  455    1   29    3    3    1    2703
    1    1   18   18  279    1   18    2    1    0    2982
    1    1   19   19   34    1    3    1    2    0    1606
    1    1   20   20  359    1   23    3    3    1    1697
    1    1   21   21   16    1    1    1    3    0    7314
    1    1   22   22  337    1   22    3    3    1    1261
    1    1   23   23  308    1   20    2    3    0    2589
    1    1   24   24   72    1    5    1    1    1    2698
    1    1   25   25   96    1    6    1    2    0    1837
    1    1   26   26   17    1    2    1    2    0    2986
    1    1   27   27  135    1    9    1    3    0    6943
    1    1   28   28   31    1    2    1    3    0   21735
    1    1   29   29  465    1   30    3    1    0    2606
    1    1   30   30  125    1    8    1    2    0    1626
    1    1   31   31  115    1    8    1    2    0    1936
    1    1   32   32  355    1   23    3    2    0    2339
    1    1   33   33  241    1   16    2    1    0    3074
    1    1   34   34  224    1   14    2    3    0    5635
    1    1   35   35  146    1   10    1    3    0    3578
    1    1   36   36  413    1   26    3    1    0    3913
    1    1   37   37  381    1   24    3    3    1    1690
    1    1   38   38  395    1   25    3    3    1     984
    1    1   39   39  203    1   13    2    2    1    3081
    1    1   40   40  190    1   12    2    1    0    3838
    1    1   41   41  272    1   17    2    3    0    2014
    1    1   42   42  186    1   12    2    3    0    4924
    1    1   43   43  420    1   27    3    3    1    4947
    1    1   44   44   73    1    5    1    3    0    2231
    1    1   45   45  267    1   17    2    3    0    1808
    1    1   46   46  106    1    7    1    1    1    2531
    1    1   47   47  330    1   21    3    2    0    2492
    1    1   48   48  306    1   20    2    3    0    2025
    1    1   49   49  405    1   26    3    3    1    1508
    1    1   50   50   40    1    3    1    2    0    3025
    1    1   51   51  136    1    9    1    3    0    6078
    1    1   52   52  456    1   29    3    2    0    3349
    1    1   53   53  471    1   30    3    3    1    1425
    1    1   54   54  278    1   18    2    1    0    3453
    1    1   55   55  195    1   13    2    2    1    2824
    1    1   56   56  148    1   10    1    3    0    4595
    1    1   57   57  443    1   28    3    3    1    2802
    1    1   58   58  397    1   25    3    3    1    1288
    1    1   59   59  376    1   24    3    3    1     923
    1    1   60   60    7    1    1    1    2    0    2089
    1    2    1   61  337    1   22    3    3    1    1015
    1    2    2   62  115    1    8    1    1    1    3284
    1    2    3   63  455    1   29    3    3    1    2188
    1    2    4   64  278    1   18    2    3    0    3818
    1    2    5   65  111    1    7    1    3    0    2987
    1    2    6   66  443    1   28    3    3    1    3531
    1    2    7   67  186    1   12    2    3    0    2063
    1    2    8   68  446    1   28    3    3    1    2200
    1    2    9   69   55    1    4    1    3    0     999
    1    2   10   70  355    1   23    3    1    0    3853
    1    2   11   71  381    1   24    3    3    1    1638
    1    2   12   72  146    1   10    1    2    0    3651
    1    2   13   73   34    1    3    1    2    0    1254
    1    2   14   74  471    1   30    3    3    1    3008
    1    2   15   75   96    1    6    1    3    0    7044
    1    2   16   76   16    1    1    1    3    0    1944
    1    2   17   77   73    1    5    1    3    0    1596
    1    2   18   78  195    1   13    2    2    1    1355
    1    2   19   79  203    1   13    2    2    1    1574
    1    2   20   80  330    1   21    3    3    1    4302
    1    2   21   81  395    1   25    3    3    1    1402
    1    2   22   82  297    1   19    2    3    0    2545
    1    2   23   83   85    1    6    1    1    1    2549
    1    2   24   84  327    1   21    3    3    1    1497
    1    2   25   85  241    1   16    2    1    0    2145
    1    2   26   86   62    1    4    1    3    0    1313
    1    2   27   87  163    1   11    2    2    1    1915
    1    2   28   88  376    1   24    3    3    1     769
    1    2   29   89  135    1    9    1    3    0    1183
    1    2   30   90  279    1   18    2    3    0    2761
    1    2   31   91  405    1   26    3    3    1     986
    1    2   32   92  359    1   23    3    1    0    1768
    1    2   33   93   31    1    2    1    3    0     967
    1    2   34   94  229    1   15    2    3    0    1047
    1    2   35   95   72    1    5    1    2    0    2151
    1    2   36   96  339    1   22    3    3    1     699
    1    2   37   97  190    1   12    2    2    1    2925
    1    2   38   98  148    1   10    1    3    0    2464
    1    2   39   99   40    1    3    1    2    0    1150
    1    2   40  100  465    1   30    3    3    1    3115
    1    2   41  101  267    1   17    2    3    0    1316
    1    2   42  102  308    1   20    2    3    0    1166
    1    2   43  103  250    1   16    2    1    0    1920
    1    2   44  104  125    1    8    1    1    1    1321
    1    2   45  105  306    1   20    2    3    0    1202
    1    2   46  106  170    1   11    2    2    1    1565
    1    2   47  107  238    1   15    2    1    0    2986
    1    2   48  108  413    1   26    3    3    1     954
    1    2   49  109  215    1   14    2    1    0    2715
    1    2   50  110  397    1   25    3    3    1    1027
    1    2   51  111    7    1    1    1    2    0    2497
    1    2   52  112  106    1    7    1    1    1    1049
    1    2   53  113  293    1   19    2    2    1    2975
    1    2   54  114  272    1   17    2    2    1    2162
    1    2   55  115  136    1    9    1    3    0    1730
    1    2   56  116   17    1    2    1    3    0    2252
    1    2   57  117  420    1   27    3    3    1    1917
    1    2   58  118  224    1   14    2    1    0    1502
    1    2   59  119  456    1   29    3    1    0    1664
    1    2   60  120  423    1   27    3    1    0    4008
    1    3    1  121  163    1   11    2    2    1    4615
    1    3    2  122  241    1   16    2    3    0    1224
    1    3    3  123  395    1   25    3    3    1    2625
    1    3    4  124   85    1    6    1    2    0    1667
    1    3    5  125   55    1    4    1    3    0    1326
    1    3    6  126  327    1   21    3    3    1    1346
    1    3    7  127  359    1   23    3    3    1    4337
    1    3    8  128  455    1   29    3    3    1    2743
    1    3    9  129  125    1    8    1    1    1    1247
    1    3   10  130  306    1   20    2    2    1    3631
    1    3   11  131  136    1    9    1    3    0     845
    1    3   12  132  135    1    9    1    3    0    2164
    1    3   13  133   17    1    2    1    3    0    1154
    1    3   14  134  215    1   14    2    1    0    5725
    1    3   15  135  170    1   11    2    2    1    2137
    1    3   16  136  456    1   29    3    3    1    1101
    1    3   17  137  238    1   15    2    3    0    1398
    1    3   18  138  471    1   30    3    3    1    1015
    1    3   19  139  381    1   24    3    3    1    1369
    1    3   20  140  111    1    7    1    3    0    1540
    1    3   21  141   96    1    6    1    2    0    1795
    1    3   22  142   40    1    3    1    2    0     809
    1    3   23  143  224    1   14    2    3    0    1046
    1    3   24  144  405    1   26    3    3    1     925
    1    3   25  145   62    1    4    1    3    0    2153
    1    3   26  146  423    1   27    3    3    1    2175
    1    3   27  147  203    1   13    2    1    0    2762
    1    3   28  148  146    1   10    1    3    0    1780
    1    3   29  149   73    1    5    1    3    0    2383
    1    3   30  150  446    1   28    3    3    1    1177
    1    3   31  151  376    1   24    3    3    1    1323
    1    3   32  152  413    1   26    3    3    1    2339
    1    3   33  153  250    1   16    2    1    0    2058
    1    3   34  154  106    1    7    1    1    1     805
    1    3   35  155  229    1   15    2    3    0    3414
    1    3   36  156  420    1   27    3    3    1    1602
    1    3   37  157  465    1   30    3    1    0    2666
    1    3   38  158  278    1   18    2    1    0    2165
    1    3   39  159  339    1   22    3    3    1    1373
    1    3   40  160  330    1   21    3    1    0    2694
    1    3   41  161   34    1    3    1    1    1     862
    1    3   42  162   31    1    2    1    3    0    1524
    1    3   43  163  267    1   17    2    2    1    2945
    1    3   44  164  115    1    8    1    1    1    3117
    1    3   45  165   16    1    1    1    2    0    1926
    1    3   46  166   72    1    5    1    1    1    1988
    1    3   47  167  293    1   19    2    2    1    2516
    1    3   48  168  279    1   18    2    3    0    2615
    1    3   49  169  272    1   17    2    3    0    1611
    1    3   50  170  190    1   12    2    3    0    2835
    1    3   51  171  337    1   22    3    3    1    1197
    1    3   52  172  308    1   20    2    3    0    1309
    1    3   53  173    7    1    1    1    1    1    2077
    1    3   54  174  355    1   23    3    1    0    2632
    1    3   55  175  443    1   28    3    1    0    1168
    1    3   56  176  186    1   12    2    1    0     977
    1    3   57  177  297    1   19    2    1    0    1170
    1    3   58  178  397    1   25    3    3    1    1931
    1    3   59  179  148    1   10    1    3    0    2710
    1    3   60  180  195    1   13    2    2    1    3858
    2    1    1  181  262    0   17    2    2    1    4279
    2    1    2  182  111    1    7    1    1    1    3553
    2    1    3  183  229    1   15    2    3    0    4041
    2    1    4  184  320    0   20    2    2    1    3322
    2    1    5  185   59    0    4    1    1    1    2249
    2    1    6  186  221    0   14    2    1    0    3119
    2    1    7  187   43    0    3    1    1    1    6194
    2    1    8  188  270    0   17    2    3    0    5478
    2    1    9  189  470    0   30    3    3    1    5984
    2    1   10  190  401    0   26    3    3    1    1934
    2    1   11  191  215    1   14    2    2    1    2846
    2    1   12  192  313    0   20    2    2    1    2283
    2    1   13  193   39    0    3    1    1    1    2088
    2    1   14  194  212    0   14    2    2    1    4584
    2    1   15  195  106    1    7    1    1    1     966
    2    1   16  196  191    0   12    2    2    1    1856
    2    1   17  197  390    0   25    3    3    1    3656
    2    1   18  198  119    0    8    1    1    1    3705
    2    1   19  199  236    0   15    2    1    0    2275
    2    1   20  200  415    0   26    3    3    1    8356
    2    1   21  201  146    1   10    1    2    0    1666
    2    1   22  202   31    1    2    1    3    0    1254
    2    1   23  203  349    0   22    3    3    1    1367
    2    1   24  204  416    0   26    3    3    1    2099
    2    1   25  205  161    0   11    2    1    0    3278
    2    1   26  206   68    0    5    1    1    1    2730
    2    1   27  207   70    0    5    1    2    0    1941
    2    1   28  208  160    0   10    1    3    0    2253
    2    1   29  209  338    0   22    3    3    1    2435
    2    1   30  210   12    0    1    1    3    0    2451
    2    1   31  211   46    0    3    1    2    0    1519
    2    1   32  212  429    0   27    3    1    0    2950
    2    1   33  213   67    0    5    1    2    0    3780
    2    1   34  214   47    0    3    1    1    1    1797
    2    1   35  215   38    0    3    1    2    0    1218
    2    1   36  216  404    0   26    3    1    0    2166
    2    1   37  217  427    0   27    3    1    0    4089
    2    1   38  218  304    0   19    2    2    1    3508
    2    1   39  219  451    0   29    3    1    0    2637
    2    1   40  220  244    0   16    2    2    1    2552
    2    1   41  221   87    0    6    1    2    0    2456
    2    1   42  222  440    0   28    3    1    0    2516
    2    1   43  223  479    0   30    3    1    0    4421
    2    1   44  224  288    0   18    2    2    1    2201
    2    1   45  225  100    0    7    1    3    0     760
    2    1   46  226  238    1   15    2    1    0    1797
    2    1   47  227  125    1    8    1    1    1     909
    2    1   48  228  419    0   27    3    2    0    3508
    2    1   49  229  193    0   13    2    2    1    2145
    2    1   50  230  420    1   27    3    3    1     895
    2    1   51  231  257    0   17    2    1    0    2526
    2    1   52  232   16    1    1    1    2    0    2267
    2    1   53  233  134    0    9    1    3    0    1349
    2    1   54  234  315    0   20    2    1    0    2323
    2    1   55  235  285    0   18    2    1    0    3337
    2    1   56  236   77    0    5    1    2    0    1570
    2    1   57  237  424    0   27    3    3    1    1766
    2    1   58  238  223    0   14    2    2    1    1958
    2    1   59  239  202    0   13    2    2    1    1062
    2    1   60  240  444    0   28    3    2    0    1389
    2    1   61  241  384    0   24    3    3    1     890
    2    1   62  242  235    0   15    2    3    0     918
    2    1   63  243   11    0    1    1    1    1    2032
    2    1   64  244   14    0    1    1    1    1    1558
    2    1   65  245  321    0   21    3    2    0    2391
    2    1   66  246  188    0   12    2    1    0    1814
    2    1   67  247   35    0    3    1    2    0    1730
    2    1   68  248   65    0    5    1    2    0     963
    2    1   69  249  108    0    7    1    1    1    2932
    2    1   70  250  124    0    8    1    1    1    1155
    2    1   71  251  391    0   25    3    1    0    1829
    2    1   72  252  278    1   18    2    2    1    1467
    2    1   73  253  354    0   23    3    1    0    2299
    2    1   74  254  172    0   11    2    1    0    1050
    2    1   75  255  341    0   22    3    3    1     948
    2    1   76  256   61    0    4    1    2    0    1445
    2    1   77  257  318    0   20    2    1    0    2495
    2    1   78  258   54    0    4    1    1    1    1414
    2    1   79  259  176    0   11    2    1    0     646
    2    1   80  260  352    0   22    3    3    1     922
    2    1   81  261  247    0   16    2    2    1    2866
    2    1   82  262  386    0   25    3    2    0    1250
    2    1   83  263    1    0    1    1    1    1    1381
    2    1   84  264  360    0   23    3    1    0    1415
    2    1   85  265  395    1   25    3    3    1     768
    2    1   86  266   13    0    1    1    1    1    2329
    2    1   87  267  456    1   29    3    3    1     729
    2    1   88  268   96    1    6    1    2    0    1538
    2    1   89  269  129    0    9    1    3    0    1054
    2    1   90  270  259    0   17    2    1    0    1241
    2    1   91  271  218    0   14    2    1    0    2528
    2    1   92  272  250    1   16    2    2    1    1008
    2    1   93  273  228    0   15    2    3    0    1648
    2    1   94  274  345    0   22    3    1    0    3781
    2    1   95  275  473    0   30    3    3    1    2876
    2    1   96  276  281    0   18    2    1    0    1581
    2    1   97  277  476    0   30    3    3    1    2028
    2    1   98  278   40    1    3    1    1    1    1584
    2    1   99  279  432    0   27    3    1    0    2325
    2    1  100  280   55    1    4    1    3    0    1338
    2    1  101  281   76    0    5    1    2    0    3010
    2    1  102  282  132    0    9    1    3    0     737
    2    1  103  283  463    0   29    3    3    1    1104
    2    1  104  284  461    0   29    3    3    1    2258
    2    1  105  285  181    0   12    2    2    1    3124
    2    1  106  286  127    0    8    1    1    1    2438
    2    1  107  287   80    0    5    1    1    1    1001
    2    1  108  288  398    0   25    3    2    0    1456
    2    1  109  289  312    0   20    2    2    1    1884
    2    1  110  290  113    0    8    1    3    0    1702
    2    1  111  291  271    0   17    2    2    1    2339
    2    1  112  292  301    0   19    2    1    0    1561
    2    1  113  293   58    0    4    1    3    0    1833
    2    1  114  294  412    0   26    3    1    0    1761
    2    1  115  295  333    0   21    3    1    0    2071
    2    1  116  296  403    0   26    3    3    1    1469
    2    1  117  297  284    0   18    2    1    0    1753
    2    1  118  298  197    0   13    2    2    1    1292
    2    1  119  299  203    1   13    2    2    1    1134
    2    1  120  300  366    0   23    3    1    0    1193
    2    1  121  301   95    0    6    1    1    1    1176
    2    1  122  302    9    0    1    1    2    0    2558
    2    1  123  303  308    1   20    2    3    0    2782
    2    1  124  304   18    0    2    1    1    1    2155
    2    1  125  305  121    0    8    1    1    1    1288
    2    1  126  306   21    0    2    1    1    1    1359
    2    1  127  307  327    1   21    3    1    0    2052
    2    1  128  308  298    0   19    2    3    0    1369
    2    1  129  309  165    0   11    2    1    0    2843
    2    1  130  310  368    0   23    3    1    0    1242
    2    1  131  311  258    0   17    2    1    0    2798
    2    1  132  312  477    0   30    3    1    0    1167
    2    1  133  313  102    0    7    1    3    0    1578
    2    1  134  314   29    0    2    1    3    0    2555
    2    1  135  315    4    0    1    1    1    1     822
    2    1  136  316  307    0   20    2    3    0    3265
    2    1  137  317  372    0   24    3    3    1    1185
    2    1  138  318  227    0   15    2    3    0     779
    2    1  139  319  466    0   30    3    1    0    1505
    2    1  140  320  233    0   15    2    3    0    1720
    2    1  141  321   50    0    4    1    1    1    2083
    2    1  142  322  148    1   10    1    3    0     899
    2    1  143  323  330    1   21    3    2    0    1454
    2    1  144  324  447    0   28    3    3    1    1323
    2    1  145  325  430    0   27    3    3    1    2067
    2    1  146  326   93    0    6    1    2    0    1352
    2    1  147  327  251    0   16    2    1    0    3494
    2    1  148  328  459    0   29    3    1    0    2004
    2    1  149  329  205    0   13    2    2    1    1200
    2    1  150  330  411    0   26    3    1    0    1760
    2    1  151  331  101    0    7    1    1    1    2360
    2    1  152  332  114    0    8    1    1    1     686
    2    1  153  333  446    1   28    3    3    1     693
    2    1  154  334  140    0    9    1    1    1    1634
    2    1  155  335  123    0    8    1    1    1    1213
    2    1  156  336   33    0    3    1    2    0    1386
    2    1  157  337  163    1   11    2    2    1    1038
    2    1  158  338  462    0   29    3    3    1    1401
    2    1  159  339  400    0   25    3    1    0    3032
    2    1  160  340  291    0   19    2    1    0    2098
    2    1  161  341  222    0   14    2    1    0    1609
    2    1  162  342   71    0    5    1    2    0    1879
    2    1  163  343  425    0   27    3    1    0    1273
    2    1  164  344  157    0   10    1    3    0     602
    2    1  165  345   28    0    2    1    3    0     616
    2    1  166  346   10    0    1    1    3    0     697
    2    1  167  347  351    0   22    3    3    1    1149
    2    1  168  348   53    0    4    1    1    1    1455
    2    1  169  349  195    1   13    2    2    1    1257
    2    1  170  350    3    0    1    1    2    0     971
    2    1  171  351  469    0   30    3    1    0    1447
    2    1  172  352   74    0    5    1    1    1    1788
    2    1  173  353   49    0    4    1    1    1    2472
    2    1  174  354  104    0    7    1    2    0    1713
    2    1  175  355  399    0   25    3    2    0    1242
    2    1  176  356   26    0    2    1    1    1    1369
    2    1  177  357  170    1   11    2    2    1    1154
    2    1  178  358  437    0   28    3    1    0    2275
    2    1  179  359  409    0   26    3    3    1    2012
    2    1  180  360  335    0   21    3    1    0    1547
    2    1  181  361  267    1   17    2    2    1    1593
    2    1  182  362  438    0   28    3    3    1    2377
    2    1  183  363   27    0    2    1    3    0     813
    2    1  184  364    8    0    1    1    3    0    2189
    2    1  185  365  179    0   12    2    1    0    1335
    2    1  186  366   85    1    6    1    1    1    2788
    2    1  187  367  336    0   21    3    2    0    1431
    2    1  188  368  185    0   12    2    2    1    2071
    2    1  189  369  316    0   20    2    2    1    1723
    2    1  190  370  294    0   19    2    1    0    1780
    2    1  191  371  231    0   15    2    2    1    1452
    2    1  192  372   64    0    4    1    1    1    2095
    2    1  193  373  109    0    7    1    1    1    1174
    2    1  194  374  480    0   30    3    3    1    1952
    2    1  195  375  324    0   21    3    1    0     874
    2    1  196  376  382    0   24    3    3    1    1803
    2    1  197  377  408    0   26    3    2    0    3025
    2    1  198  378  117    0    8    1    1    1    1897
    2    1  199  379  213    0   14    2    1    0     927
    2    1  200  380  274    0   18    2    2    1    1836
    2    1  201  381  296    0   19    2    1    0    1835
    2    1  202  382  468    0   30    3    3    1    3654
    2    1  203  383  156    0   10    1    1    1    1218
    2    1  204  384  450    0   29    3    1    0    1026
    2    1  205  385  269    0   17    2    1    0    1244
    2    1  206  386  154    0   10    1    1    1    3781
    2    1  207  387  152    0   10    1    3    0     667
    2    1  208  388  439    0   28    3    3    1    1489
    2    1  209  389  277    0   18    2    1    0    4065
    2    1  210  390   45    0    3    1    1    1    2166
    2    1  211  391  325    0   21    3    1    0     758
    2    1  212  392  126    0    8    1    1    1    1137
    2    1  213  393  249    0   16    2    1    0    1217
    2    1  214  394  184    0   12    2    2    1    1344
    2    1  215  395  289    0   19    2    3    0    1708
    2    1  216  396  282    0   18    2    3    0    1079
    2    1  217  397  443    1   28    3    3    1     786
    2    1  218  398  232    0   15    2    3    0     677
    2    1  219  399   62    1    4    1    1    1    1463
    2    1  220  400  369    0   24    3    3    1    1138
    2    1  221  401   91    0    6    1    2    0    2216
    2    1  222  402  314    0   20    2    1    0    1447
    2    1  223  403  279    1   18    2    1    0    1450
    2    1  224  404  319    0   20    2    1    0     761
    2    1  225  405   89    0    6    1    2    0    1186
    2    1  226  406   73    1    5    1    1    1    1220
    2    1  227  407  334    0   21    3    1    0     986
    2    1  228  408  475    0   30    3    2    0    2502
    2    1  229  409  344    0   22    3    3    1     629
    2    1  230  410  355    1   23    3    1    0    1480
    2    1  231  411  260    0   17    2    1    0    1149
    2    1  232  412  410    0   26    3    2    0    1803
    2    1  233  413  365    0   23    3    1    0    2650
    2    1  234  414  332    0   21    3    3    1    1246
    2    1  235  415  405    1   26    3    3    1     734
    2    1  236  416  206    0   13    2    2    1    1858
    2    1  237  417  241    1   16    2    3    0    1704
    2    1  238  418  252    0   16    2    3    0    2822
    2    1  239  419  359    1   23    3    1    0    1625
    2    1  240  420  406    0   26    3    1    0    1357
    2    1  241  421  224    1   14    2    1    0    1149
    2    1  242  422  305    0   20    2    1    0     704
    2    1  243  423  174    0   11    2    1    0    2061
    2    1  244  424   57    0    4    1    2    0    1134
    2    1  245  425  162    0   11    2    2    1     916
    2    1  246  426  428    0   27    3    1    0    1285
    2    1  247  427  464    0   29    3    3    1    2981
    2    1  248  428  392    0   25    3    3    1     909
    2    1  249  429  418    0   27    3    3    1    1635
    2    1  250  430  183    0   12    2    2    1    1250
    2    1  251  431  153    0   10    1    3    0     903
    2    1  252  432  173    0   11    2    3    0    2506
    2    1  253  433   75    0    5    1    2    0     826
    2    1  254  434   52    0    4    1    2    0     780
    2    1  255  435  472    0   30    3    3    1    1629
    2    1  256  436  385    0   25    3    1    0    1595
    2    1  257  437  381    1   24    3    3    1     671
    2    1  258  438  465    1   30    3    1    0    1115
    2    1  259  439  208    0   13    2    2    1    1570
    2    1  260  440  130    0    9    1    3    0    1524
    2    1  261  441   98    0    7    1    2    0    1718
    2    1  262  442  363    0   23    3    1    0    1123
    2    1  263  443  328    0   21    3    2    0    1582
    2    1  264  444  407    0   26    3    2    0    1738
    2    1  265  445   41    0    3    1    2    0     526
    2    1  266  446  379    0   24    3    3    1     635
    2    1  267  447  209    0   14    2    2    1     770
    2    1  268  448   42    0    3    1    2    0     678
    2    1  269  449   32    0    2    1    2    0     987
    2    1  270  450  329    0   21    3    2    0    1225
    2    1  271  451  467    0   30    3    1    0    2330
    2    1  272  452   99    0    7    1    1    1     670
    2    1  273  453  364    0   23    3    1    0    1798
    2    1  274  454   44    0    3    1    1    1     816
    2    1  275  455  455    1   29    3    3    1    1312
    2    1  276  456  458    0   29    3    3    1    1390
    2    1  277  457  378    0   24    3    3    1     695
    2    1  278  458  343    0   22    3    3    1    1724
    2    1  279  459  268    0   17    2    2    1    2106
    2    1  280  460  155    0   10    1    1    1    2112
    2    1  281  461  210    0   14    2    1    0    1245
    2    1  282  462  275    0   18    2    1    0     956
    2    1  283  463  414    0   26    3    1    0    1162
    2    1  284  464  453    0   29    3    3    1    1819
    2    1  285  465    2    0    1    1    3    0     565
    2    1  286  466  122    0    8    1    1    1    1587
    2    1  287  467  120    0    8    1    1    1    1058
    2    1  288  468  280    0   18    2    2    1    2014
    2    1  289  469  112    0    7    1    2    0    1727
    2    1  290  470  441    0   28    3    3    1    1459
    2    1  291  471  147    0   10    1    2    0    2243
    2    1  292  472  326    0   21    3    2    0     853
    2    1  293  473  358    0   23    3    2    0     682
    2    1  294  474  192    0   12    2    2    1    1458
    2    1  295  475   92    0    6    1    2    0     761
    2    1  296  476  239    0   15    2    2    1     880
    2    1  297  477  287    0   18    2    1    0    1000
    2    1  298  478   63    0    4    1    1    1    2073
    2    1  299  479  141    0    9    1    3    0    1091
    2    1  300  480  431    0   27    3    3    1    1124
