    1    1    1    1   31    1    2    1    1    1    7024
    1    1    2    2  125    1    8    1    2    0    5283
    1    1    3    3  279    1   18    2    2    1    6004
    1    1    4    4  272    1   17    2    3    0    3705
    1    1    5    5   16    1    1    1    2    0    2890
    1    1    6    6   73    1    5    1    3    0    3338
    1    1    7    7   40    1    3    1    1    1    2890
    1    1    8    8  359    1   23    3    3    1    2618
    1    1    9    9  278    1   18    2    3    0    3462
    1    1   10   10  148    1   10    1    2    0    4130
    1    1   11   11  106    1    7    1    2    0    4001
    1    1   12   12  186    1   12    2    2    1    9110
    1    1   13   13  297    1   19    2    2    1    2047
    1    1   14   14  135    1    9    1    1    1    1825
    1    1   15   15  195    1   13    2    1    0    4126
    1    1   16   16  381    1   24    3    2    0    3854
    1    1   17   17  203    1   13    2    3    0    2312
    1    1   18   18  224    1   14    2    1    0    2785
    1    1   19   19  446    1   28    3    2    0    5206
    1    1   20   20  163    1   11    2    3    0    2299
    1    1   21   21  355    1   23    3    3    1    5556
    1    1   22   22  330    1   21    3    1    0    2730
    1    1   23   23  376    1   24    3    2    0   13329
    1    1   24   24    7    1    1    1    2    0    2962
    1    1   25   25  229    1   15    2    2    1    2288
    1    1   26   26  136    1    9    1    3    0   12729
    1    1   27   27  170    1   11    2    2    1    7088
    1    1   28   28   34    1    3    1    2    0    4682
    1    1   29   29  146    1   10    1    1    1   14403
    1    1   30   30  293    1   19    2    2    1    3289
    1    1   31   31   17    1    2    1    1    1    1498
    1    1   32   32  465    1   30    3    1    0    1043
    1    1   33   33  115    1    8    1    2    0    1902
    1    1   34   34   55    1    4    1    1    1    4326
    1    1   35   35  455    1   29    3    3    1    2942
    1    1   36   36  397    1   25    3    1    0    1550
    1    1   37   37  250    1   16    2    1    0    1796
    1    1   38   38  238    1   15    2    1    0    1425
    1    1   39   39  443    1   28    3    3    1    1805
    1    1   40   40   96    1    6    1    3    0    1514
    1    1   41   41  241    1   16    2    3    0   15826
    1    1   42   42  423    1   27    3    3    1    2142
    1    1   43   43  215    1   14    2    1    0    1565
    1    1   44   44   62    1    4    1    1    1    1076
    1    1   45   45  327    1   21    3    1    0    1903
    1    1   46   46  190    1   12    2    2    1    2887
    1    1   47   47  267    1   17    2    1    0    3048
    1    1   48   48  395    1   25    3    3    1    3091
    1    1   49   49  405    1   26    3    3    1    4845
    1    1   50   50   72    1    5    1    2    0    3104
    1    1   51   51  471    1   30    3    3    1    5464
    1    1   52   52  456    1   29    3    1    0    2595
    1    1   53   53  337    1   22    3    1    0    7968
    1    1   54   54  308    1   20    2    1    0    1542
    1    1   55   55  420    1   27    3    1    0    3021
    1    1   56   56  306    1   20    2    3    0    3066
    1    1   57   57  111    1    7    1    2    0    4388
    1    1   58   58  339    1   22    3    2    0   14026
    1    1   59   59   85    1    6    1    2    0    2718
    1    1   60   60  413    1   26    3    1    0    4438
    1    2    1   61    7    1    1    1    2    0    3833
    1    2    2   62  195    1   13    2    1    0    3060
    1    2    3   63  465    1   30    3    2    0   11263
    1    2    4   64   31    1    2    1    2    0     914
    1    2    5   65  170    1   11    2    2    1     769
    1    2    6   66  420    1   27    3    2    0    1448
    1    2    7   67  163    1   11    2    2    1    2802
    1    2    8   68  359    1   23    3    3    1    2934
    1    2    9   69  190    1   12    2    2    1    2919
    1    2   10   70  455    1   29    3    1    0    2662
    1    2   11   71   34    1    3    1    2    0    1456
    1    2   12   72  376    1   24    3    3    1    2443
    1    2   13   73  413    1   26    3    1    0    1697
    1    2   14   74  148    1   10    1    1    1    2159
    1    2   15   75  297    1   19    2    3    0    2846
    1    2   16   76  293    1   19    2    2    1    1489
    1    2   17   77  446    1   28    3    2    0     650
    1    2   18   78  224    1   14    2    1    0    2661
    1    2   19   79   85    1    6    1    2    0    1391
    1    2   20   80  250    1   16    2    3    0    8029
    1    2   21   81  330    1   21    3    2    0    1169
    1    2   22   82  471    1   30    3    3    1    1575
    1    2   23   83  395    1   25    3    3    1    1197
    1    2   24   84   96    1    6    1    2    0    1394
    1    2   25   85  267    1   17    2    3    0   11567
    1    2   26   86  203    1   13    2    1    0    1829
    1    2   27   87  115    1    8    1    2    0    3602
    1    2   28   88  308    1   20    2    3    0    5703
    1    2   29   89  405    1   26    3    3    1    1639
    1    2   30   90   73    1    5    1    2    0    1514
    1    2   31   91  279    1   18    2    2    1    1778
    1    2   32   92  306    1   20    2    2    1     913
    1    2   33   93  327    1   21    3    3    1    3233
    1    2   34   94   16    1    1    1    1    1    1892
    1    2   35   95  229    1   15    2    1    0    1150
    1    2   36   96  125    1    8    1    3    0    2020
    1    2   37   97  106    1    7    1    2    0    1481
    1    2   38   98  186    1   12    2    2    1    1665
    1    2   39   99  423    1   27    3    1    0    1763
    1    2   40  100  381    1   24    3    3    1    1809
    1    2   41  101  238    1   15    2    1    0    2542
    1    2   42  102  397    1   25    3    2    0    3182
    1    2   43  103  355    1   23    3    1    0    4179
    1    2   44  104  339    1   22    3    3    1    1696
    1    2   45  105  272    1   17    2    3    0    1569
    1    2   46  106  135    1    9    1    1    1    2631
    1    2   47  107   62    1    4    1    3    0    2659
    1    2   48  108   55    1    4    1    1    1    2478
    1    2   49  109  241    1   16    2    1    0    2047
    1    2   50  110  146    1   10    1    1    1    1826
    1    2   51  111  215    1   14    2    3    0    2878
    1    2   52  112   72    1    5    1    1    1    1760
    1    2   53  113  337    1   22    3    3    1    1631
    1    2   54  114  278    1   18    2    1    0    2323
    1    2   55  115  136    1    9    1    1    1    1947
    1    2   56  116  456    1   29    3    3    1    2417
    1    2   57  117  443    1   28    3    1    0    1333
    1    2   58  118   17    1    2    1    3    0    1413
    1    2   59  119   40    1    3    1    3    0    3057
    1    2   60  120  111    1    7    1    1    1    1324
    1    3    1  121  376    1   24    3    3    1    1340
    1    3    2  122  337    1   22    3    3    1    1404
    1    3    3  123   40    1    3    1    1    1    2824
    1    3    4  124  381    1   24    3    3    1    1388
    1    3    5  125  115    1    8    1    3    0    2330
    1    3    6  126  455    1   29    3    3    1    1586
    1    3    7  127  446    1   28    3    2    0    2295
    1    3    8  128  146    1   10    1    2    0    1360
    1    3    9  129  330    1   21    3    2    0    1424
    1    3   10  130  195    1   13    2    2    1     939
    1    3   11  131  135    1    9    1    1    1    2154
    1    3   12  132   16    1    1    1    3    0    2393
    1    3   13  133  339    1   22    3    3    1    1631
    1    3   14  134  359    1   23    3    3    1    1474
    1    3   15  135  229    1   15    2    3    0    2012
    1    3   16  136  215    1   14    2    3    0    2016
    1    3   17  137  420    1   27    3    3    1    2101
    1    3   18  138  279    1   18    2    3    0    1941
    1    3   19  139   55    1    4    1    1    1    1581
    1    3   20  140  190    1   12    2    3    0    5762
    1    3   21  141  125    1    8    1    3    0    2705
    1    3   22  142   34    1    3    1    1    1    1609
    1    3   23  143  355    1   23    3    3    1    1694
    1    3   24  144  278    1   18    2    1    0    2655
    1    3   25  145   72    1    5    1    1    1    1242
    1    3   26  146  136    1    9    1    1    1    1614
    1    3   27  147  471    1   30    3    3    1    1555
    1    3   28  148  203    1   13    2    2    1    1993
    1    3   29  149  308    1   20    2    2    1    4063
    1    3   30  150  297    1   19    2    1    0    1713
    1    3   31  151  250    1   16    2    3    0    1697
    1    3   32  152  443    1   28    3    2    0    1601
    1    3   33  153  395    1   25    3    1    0    1623
    1    3   34  154  327    1   21    3    1    0    1578
    1    3   35  155   17    1    2    1    3    0    1856
    1    3   36  156  238    1   15    2    1    0    1499
    1    3   37  157  106    1    7    1    3    0    2005
    1    3   38  158    7    1    1    1    1    1    1210
    1    3   39  159   73    1    5    1    2    0    1886
    1    3   40  160   96    1    6    1    3    0    1383
    1    3   41  161  306    1   20    2    3    0    2614
    1    3   42  162  456    1   29    3    3    1    1249
    1    3   43  163   62    1    4    1    1    1    2052
    1    3   44  164  272    1   17    2    1    0    1159
    1    3   45  165  423    1   27    3    1    0    1565
    1    3   46  166  241    1   16    2    3    0    2003
    1    3   47  167  186    1   12    2    3    0    2681
    1    3   48  168  413    1   26    3    3    1    1314
    1    3   49  169  111    1    7    1    1    1    1793
    1    3   50  170   31    1    2    1    2    0    2479
    1    3   51  171  148    1   10    1    1    1    4881
    1    3   52  172  405    1   26    3    3    1    1650
    1    3   53  173  224    1   14    2    2    1    1973
    1    3   54  174  267    1   17    2    2    1    2763
    1    3   55  175  293    1   19    2    2    1    1009
    1    3   56  176  397    1   25    3    2    0    1470
    1    3   57  177   85    1    6    1    3    0    1560
    1    3   58  178  170    1   11    2    1    0    1807
    1    3   59  179  465    1   30    3    3    1    1547
    1    3   60  180  163    1   11    2    1    0    2978
    2    1    1  181  304    0   19    2    2    1    2698
    2    1    2  182   40    1    3    1    1    1    1215
    2    1    3  183  448    0   28    3    2    0    3792
    2    1    4  184   31    1    2    1    3    0    4329
    2    1    5  185  359    1   23    3    3    1    1293
    2    1    6  186  421    0   27    3    2    0    3371
    2    1    7  187  451    0   29    3    1    0    2037
    2    1    8  188  374    0   24    3    2    0    1171
    2    1    9  189  191    0   12    2    3    0    1334
    2    1   10  190  124    0    8    1    1    1    1393
    2    1   11  191  459    0   29    3    2    0    1594
    2    1   12  192  392    0   25    3    3    1    1371
    2    1   13  193  454    0   29    3    3    1    1334
    2    1   14  194    6    0    1    1    1    1     834
    2    1   15  195  109    0    7    1    2    0    4896
    2    1   16  196  438    0   28    3    2    0    2429
    2    1   17  197  443    1   28    3    3    1    4094
    2    1   18  198  286    0   18    2    1    0    2186
    2    1   19  199   97    0    7    1    2    0     964
    2    1   20  200  474    0   30    3    1    0    2990
    2    1   21  201  476    0   30    3    1    0    2103
    2    1   22  202  265    0   17    2    1    0     852
    2    1   23  203  295    0   19    2    2    1    1187
    2    1   24  204  480    0   30    3    2    0    1556
    2    1   25  205   49    0    4    1    2    0    1991
    2    1   26  206  202    0   13    2    1    0    2760
    2    1   27  207   60    0    4    1    1    1    2251
    2    1   28  208  110    0    7    1    2    0    1777
    2    1   29  209  256    0   16    2    3    0    1595
    2    1   30  210  237    0   15    2    1    0    1373
    2    1   31  211  401    0   26    3    1    0     710
    2    1   32  212  425    0   27    3    2    0    1916
    2    1   33  213  314    0   20    2    2    1    5600
    2    1   34  214  346    0   22    3    2    0    2417
    2    1   35  215  130    0    9    1    3    0    1713
    2    1   36  216  279    1   18    2    1    0     750
    2    1   37  217  330    1   21    3    2    0    1392
    2    1   38  218  372    0   24    3    2    0    3610
    2    1   39  219  290    0   19    2    2    1    1451
    2    1   40  220  186    1   12    2    3    0    1776
    2    1   41  221  232    0   15    2    1    0    2794
    2    1   42  222  351    0   22    3    2    0    1052
    2    1   43  223  467    0   30    3    3    1    3220
    2    1   44  224  157    0   10    1    2    0     930
    2    1   45  225  347    0   22    3    1    0    3054
    2    1   46  226   62    1    4    1    2    0    1556
    2    1   47  227   93    0    6    1    1    1    1671
    2    1   48  228  177    0   12    2    3    0    1111
    2    1   49  229   66    0    5    1    1    1     698
    2    1   50  230  268    0   17    2    2    1    1279
    2    1   51  231  188    0   12    2    3    0    1742
    2    1   52  232  272    1   17    2    3    0    1096
    2    1   53  233  303    0   19    2    3    0    1085
    2    1   54  234  151    0   10    1    1    1    1652
    2    1   55  235  376    1   24    3    3    1    1458
    2    1   56  236  216    0   14    2    3    0    1641
    2    1   57  237  260    0   17    2    3    0    1416
    2    1   58  238  223    0   14    2    1    0    1632
    2    1   59  239  234    0   15    2    2    1    2383
    2    1   60  240  167    0   11    2    2    1    1680
    2    1   61  241  288    0   18    2    2    1     782
    2    1   62  242  353    0   23    3    1    0    2191
    2    1   63  243   76    0    5    1    2    0    1145
    2    1   64  244  255    0   16    2    3    0     668
    2    1   65  245  385    0   25    3    1    0     819
    2    1   66  246  287    0   18    2    2    1     994
    2    1   67  247  252    0   16    2    3    0    1724
    2    1   68  248  149    0   10    1    3    0    1144
    2    1   69  249  368    0   23    3    2    0    1883
    2    1   70  250   44    0    3    1    1    1     816
    2    1   71  251  289    0   19    2    1    0    1553
    2    1   72  252  214    0   14    2    1    0     755
    2    1   73  253  277    0   18    2    1    0     726
    2    1   74  254  446    1   28    3    2    0    1322
    2    1   75  255  329    0   21    3    2    0    1110
    2    1   76  256  134    0    9    1    1    1    1482
    2    1   77  257  261    0   17    2    1    0    1200
    2    1   78  258  128    0    8    1    2    0    1456
    2    1   79  259  430    0   27    3    2    0    1176
    2    1   80  260   28    0    2    1    3    0    1370
    2    1   81  261  283    0   18    2    1    0     819
    2    1   82  262   39    0    3    1    1    1     996
    2    1   83  263  423    1   27    3    1    0    1901
    2    1   84  264  291    0   19    2    2    1    6738
    2    1   85  265  168    0   11    2    2    1    1525
    2    1   86  266    4    0    1    1    2    0    1081
    2    1   87  267  250    1   16    2    2    1     958
    2    1   88  268  436    0   28    3    2    0    1145
    2    1   89  269   65    0    5    1    1    1    1003
    2    1   90  270  116    0    8    1    3    0    2629
    2    1   91  271  473    0   30    3    1    0    1341
    2    1   92  272  386    0   25    3    1    0    4280
    2    1   93  273  159    0   10    1    1    1     878
    2    1   94  274  453    0   29    3    1    0     795
    2    1   95  275  203    1   13    2    1    0    3517
    2    1   96  276   41    0    3    1    3    0    3441
    2    1   97  277   68    0    5    1    2    0    2409
    2    1   98  278  257    0   17    2    3    0    1401
    2    1   99  279  107    0    7    1    2    0    1602
    2    1  100  280  340    0   22    3    3    1    1794
    2    1  101  281  174    0   11    2    1    0     908
    2    1  102  282  220    0   14    2    1    0     793
    2    1  103  283  208    0   13    2    1    0     778
    2    1  104  284  301    0   19    2    1    0    1773
    2    1  105  285  389    0   25    3    3    1    1382
    2    1  106  286  113    0    8    1    1    1     927
    2    1  107  287  253    0   16    2    2    1    1195
    2    1  108  288  471    1   30    3    3    1    1900
    2    1  109  289  125    1    8    1    3    0    1425
    2    1  110  290  362    0   23    3    1    0    3482
    2    1  111  291  267    1   17    2    1    0     863
    2    1  112  292  156    0   10    1    2    0     893
    2    1  113  293  221    0   14    2    1    0     730
    2    1  114  294  226    0   15    2    3    0    3229
    2    1  115  295  354    0   23    3    3    1    1118
    2    1  116  296  178    0   12    2    3    0    1218
    2    1  117  297   98    0    7    1    1    1     898
    2    1  118  298  106    1    7    1    3    0    1071
    2    1  119  299  143    0    9    1    1    1     773
    2    1  120  300  258    0   17    2    2    1     679
    2    1  121  301   72    1    5    1    2    0    1901
    2    1  122  302  147    0   10    1    1    1     930
    2    1  123  303  399    0   25    3    2    0     877
    2    1  124  304  342    0   22    3    1    0    1004
    2    1  125  305  320    0   20    2    1    0    3427
    2    1  126  306  233    0   15    2    2    1    3868
    2    1  127  307  455    1   29    3    3    1     994
    2    1  128  308  332    0   21    3    1    0     667
    2    1  129  309  179    0   12    2    2    1    1073
    2    1  130  310   70    0    5    1    1    1    3064
    2    1  131  311  251    0   16    2    3    0    3022
    2    1  132  312  452    0   29    3    1    0     724
    2    1  133  313  449    0   29    3    3    1     873
    2    1  134  314  325    0   21    3    2    0    1270
    2    1  135  315  319    0   20    2    1    0     710
    2    1  136  316  240    0   15    2    1    0    1098
    2    1  137  317  175    0   11    2    1    0    1663
    2    1  138  318   74    0    5    1    2    0    2814
    2    1  139  319  228    0   15    2    2    1   10494
    2    1  140  320   55    1    4    1    1    1    4366
    2    1  141  321    7    1    1    1    2    0    4704
    2    1  142  322   88    0    6    1    2    0    2502
    2    1  143  323  426    0   27    3    3    1    1090
    2    1  144  324   29    0    2    1    2    0    1735
    2    1  145  325  247    0   16    2    1    0    4450
    2    1  146  326  434    0   28    3    1    0    1296
    2    1  147  327  427    0   27    3    2    0    7438
    2    1  148  328  306    1   20    2    1    0    1801
    2    1  149  329  225    0   15    2    2    1    3330
    2    1  150  330  144    0    9    1    3    0    1726
    2    1  151  331  207    0   13    2    1    0     794
    2    1  152  332  440    0   28    3    2    0     636
    2    1  153  333  166    0   11    2    1    0     708
    2    1  154  334   45    0    3    1    3    0    1208
    2    1  155  335  391    0   25    3    1    0     745
    2    1  156  336   35    0    3    1    2    0     845
    2    1  157  337   36    0    3    1    1    1    1612
    2    1  158  338  333    0   21    3    3    1     732
    2    1  159  339  433    0   28    3    3    1    1232
    2    1  160  340   79    0    5    1    2    0     815
    2    1  161  341   82    0    6    1    1    1     623
    2    1  162  342  209    0   14    2    3    0    1239
    2    1  163  343  387    0   25    3    1    0     710
    2    1  164  344  271    0   17    2    2    1     795
    2    1  165  345  246    0   16    2    1    0     638
    2    1  166  346  108    0    7    1    2    0     804
    2    1  167  347  470    0   30    3    3    1    1638
    2    1  168  348  327    1   21    3    1    0     981
    2    1  169  349  463    0   29    3    1    0    1358
    2    1  170  350   11    0    1    1    1    1    1448
    2    1  171  351  242    0   16    2    1    0    2976
    2    1  172  352  280    0   18    2    1    0     778
    2    1  173  353  278    1   18    2    1    0     604
    2    1  174  354  137    0    9    1    3    0    1540
    2    1  175  355  367    0   23    3    1    0    1511
    2    1  176  356  238    1   15    2    1    0     524
    2    1  177  357  355    1   23    3    1    0     729
    2    1  178  358   43    0    3    1    1    1     860
    2    1  179  359  282    0   18    2    1    0    2379
    2    1  180  360  316    0   20    2    2    1     876
    2    1  181  361  153    0   10    1    2    0    1067
    2    1  182  362  403    0   26    3    3    1    1121
    2    1  183  363  158    0   10    1    2    0    1781
    2    1  184  364  146    1   10    1    1    1    1215
    2    1  185  365  270    0   17    2    2    1     816
    2    1  186  366  394    0   25    3    1    0     687
    2    1  187  367  230    0   15    2    2    1     612
    2    1  188  368  312    0   20    2    3    0    1085
    2    1  189  369   38    0    3    1    2    0     978
    2    1  190  370  111    1    7    1    3    0    1261
    2    1  191  371  122    0    8    1    3    0     955
    2    1  192  372  311    0   20    2    3    0    1686
    2    1  193  373  131    0    9    1    1    1     867
    2    1  194  374  276    0   18    2    2    1    1281
    2    1  195  375  360    0   23    3    3    1     927
    2    1  196  376  458    0   29    3    1    0     794
    2    1  197  377  155    0   10    1    1    1    1804
    2    1  198  378  176    0   11    2    1    0     756
    2    1  199  379    3    0    1    1    2    0     424
    2    1  200  380   52    0    4    1    3    0     727
    2    1  201  381  132    0    9    1    3    0     907
    2    1  202  382  217    0   14    2    1    0     808
    2    1  203  383  352    0   22    3    3    1    1241
    2    1  204  384  100    0    7    1    3    0     952
    2    1  205  385  422    0   27    3    3    1     595
    2    1  206  386  466    0   30    3    2    0    2061
    2    1  207  387  369    0   24    3    2    0     956
    2    1  208  388  213    0   14    2    2    1     758
    2    1  209  389  383    0   24    3    2    0    1930
    2    1  210  390  181    0   12    2    3    0     973
    2    1  211  391   57    0    4    1    1    1    1751
    2    1  212  392  102    0    7    1    2    0     834
    2    1  213  393  184    0   12    2    2    1    1104
    2    1  214  394  117    0    8    1    2    0     966
    2    1  215  395   19    0    2    1    1    1     464
    2    1  216  396  172    0   11    2    1    0     878
    2    1  217  397   54    0    4    1    1    1     684
    2    1  218  398   75    0    5    1    2    0     769
    2    1  219  399  461    0   29    3    1    0     771
    2    1  220  400   46    0    3    1    1    1     789
    2    1  221  401  328    0   21    3    1    0     774
    2    1  222  402  227    0   15    2    1    0     921
    2    1  223  403  477    0   30    3    3    1    1605
    2    1  224  404  364    0   23    3    2    0    1349
    2    1  225  405  310    0   20    2    2    1    1375
    2    1  226  406  447    0   28    3    2    0     891
    2    1  227  407  414    0   26    3    1    0    1400
    2    1  228  408  305    0   20    2    3    0     898
    2    1  229  409  114    0    8    1    2    0    1150
    2    1  230  410  163    1   11    2    3    0    1202
    2    1  231  411  138    0    9    1    2    0     881
    2    1  232  412  457    0   29    3    3    1     719
    2    1  233  413   64    0    4    1    1    1     787
    2    1  234  414  478    0   30    3    2    0     580
    2    1  235  415   22    0    2    1    3    0     990
    2    1  236  416  145    0   10    1    1    1     856
    2    1  237  417  419    0   27    3    2    0     886
    2    1  238  418   91    0    6    1    3    0     948
    2    1  239  419  197    0   13    2    2    1     526
    2    1  240  420  118    0    8    1    1    1     699
    2    1  241  421  129    0    9    1    1    1     639
    2    1  242  422  418    0   27    3    2    0     694
    2    1  243  423  331    0   21    3    3    1     732
    2    1  244  424   25    0    2    1    1    1    1534
    2    1  245  425  456    1   29    3    3    1    1362
    2    1  246  426  284    0   18    2    1    0    1133
    2    1  247  427  292    0   19    2    2    1     655
    2    1  248  428   89    0    6    1    1    1    2662
    2    1  249  429  407    0   26    3    3    1    1533
    2    1  250  430  244    0   16    2    2    1     993
    2    1  251  431  210    0   14    2    1    0    1545
    2    1  252  432   90    0    6    1    2    0     861
    2    1  253  433  373    0   24    3    3    1    1132
    2    1  254  434  205    0   13    2    2    1     991
    2    1  255  435  103    0    7    1    2    0     631
    2    1  256  436    1    0    1    1    1    1     688
    2    1  257  437  441    0   28    3    2    0     341
    2    1  258  438  229    1   15    2    3    0     727
    2    1  259  439  365    0   23    3    2    0    1084
    2    1  260  440  363    0   23    3    2    0     690
    2    1  261  441  200    0   13    2    1    0     647
    2    1  262  442  321    0   21    3    2    0     445
    2    1  263  443  171    0   11    2    1    0     333
    2    1  264  444  115    1    8    1    2    0    1024
    2    1  265  445   69    0    5    1    1    1     776
    2    1  266  446  375    0   24    3    3    1     730
    2    1  267  447  334    0   21    3    2    0     877
    2    1  268  448  259    0   17    2    1    0    1307
    2    1  269  449  408    0   26    3    1    0     648
    2    1  270  450  104    0    7    1    2    0    1262
    2    1  271  451  350    0   22    3    2    0     654
    2    1  272  452  201    0   13    2    2    1     676
    2    1  273  453  194    0   13    2    2    1     938
    2    1  274  454  162    0   11    2    2    1     693
    2    1  275  455  420    1   27    3    3    1     890
    2    1  276  456   33    0    3    1    1    1     760
    2    1  277  457  222    0   14    2    2    1    1355
    2    1  278  458   30    0    2    1    1    1     950
    2    1  279  459  136    1    9    1    3    0    1104
    2    1  280  460  381    1   24    3    3    1     852
    2    1  281  461   81    0    6    1    2    0    2114
    2    1  282  462  415    0   26    3    1    0    1423
    2    1  283  463   78    0    5    1    3    0    2263
    2    1  284  464  219    0   14    2    2    1     733
    2    1  285  465  384    0   24    3    3    1    1088
    2    1  286  466  195    1   13    2    2    1    2726
    2    1  287  467  224    1   14    2    1    0     889
    2    1  288  468  404    0   26    3    2    0    1735
    2    1  289  469  465    1   30    3    2    0     562
    2    1  290  470  326    0   21    3    2    0     717
    2    1  291  471  417    0   27    3    2    0     737
    2    1  292  472  182    0   12    2    2    1     596
    2    1  293  473  281    0   18    2    3    0    1327
    2    1  294  474  442    0   28    3    3    1     793
    2    1  295  475  439    0   28    3    3    1     971
    2    1  296  476  249    0   16    2    2    1     870
    2    1  297  477    9    0    1    1    1    1     484
    2    1  298  478  120    0    8    1    2    0    1537
    2    1  299  479  274    0   18    2    1    0     644
    2    1  300  480  206    0   13    2    2    1    2443
