    1    1    1    1  215    1   14    2    1    0    4119
    1    1    2    2   96    1    6    1    1    1    3599
    1    1    3    3  337    1   22    3    3    1    2051
    1    1    4    4  111    1    7    1    3    0    3389
    1    1    5    5  267    1   17    2    1    0    6634
    1    1    6    6  278    1   18    2    1    0    6568
    1    1    7    7  272    1   17    2    2    1    3745
    1    1    8    8  330    1   21    3    1    0    2303
    1    1    9    9  186    1   12    2    2    1    3749
    1    1   10   10  163    1   11    2    2    1    2566
    1    1   11   11  279    1   18    2    1    0    6552
    1    1   12   12  250    1   16    2    2    1    3099
    1    1   13   13  146    1   10    1    2    0    2677
    1    1   14   14   17    1    2    1    1    1    3661
    1    1   15   15   73    1    5    1    3    0    1781
    1    1   16   16  395    1   25    3    2    0    4595
    1    1   17   17  203    1   13    2    3    0    5348
    1    1   18   18   31    1    2    1    1    1    2092
    1    1   19   19  125    1    8    1    2    0    3321
    1    1   20   20  381    1   24    3    3    1    2377
    1    1   21   21  420    1   27    3    2    0    4270
    1    1   22   22  455    1   29    3    2    0    2912
    1    1   23   23  465    1   30    3    1    0    4590
    1    1   24   24   34    1    3    1    2    0    5813
    1    1   25   25  170    1   11    2    1    0    2794
    1    1   26   26   16    1    1    1    3    0    2078
    1    1   27   27  135    1    9    1    2    0    1884
    1    1   28   28   72    1    5    1    1    1    4005
    1    1   29   29  306    1   20    2    3    0    1372
    1    1   30   30  405    1   26    3    3    1    4957
    1    1   31   31  241    1   16    2    3    0    1585
    1    1   32   32  136    1    9    1    1    1    1703
    1    1   33   33  456    1   29    3    3    1    2870
    1    1   34   34  106    1    7    1    3    0    2139
    1    1   35   35  423    1   27    3    2    0    4539
    1    1   36   36  327    1   21    3    2    0    1656
    1    1   37   37  359    1   23    3    2    0    6885
    1    1   38   38  297    1   19    2    1    0    3553
    1    1   39   39   40    1    3    1    1    1    1383
    1    1   40   40  308    1   20    2    3    0    3525
    1    1   41   41   62    1    4    1    1    1    3608
    1    1   42   42  190    1   12    2    2    1    2672
    1    1   43   43  471    1   30    3    2    0    7226
    1    1   44   44  293    1   19    2    2    1    5403
    1    1   45   45  376    1   24    3    3    1    2956
    1    1   46   46  238    1   15    2    1    0    4277
    1    1   47   47  229    1   15    2    1    0    4344
    1    1   48   48  443    1   28    3    2    0    1628
    1    1   49   49  413    1   26    3    3    1    2911
    1    1   50   50    7    1    1    1    1    1    3828
    1    1   51   51  446    1   28    3    2    0    6098
    1    1   52   52  115    1    8    1    1    1    1860
    1    1   53   53   55    1    4    1    1    1    1486
    1    1   54   54  355    1   23    3    2    0    3212
    1    1   55   55  148    1   10    1    1    1    5147
    1    1   56   56  224    1   14    2    2    1    3337
    1    1   57   57  339    1   22    3    3    1    2788
    1    1   58   58  397    1   25    3    3    1    5124
    1    1   59   59   85    1    6    1    2    0    3379
    1    1   60   60  195    1   13    2    3    0    3986
    1    2    1   61  330    1   21    3    3    1    2491
    1    2    2   62  327    1   21    3    3    1    9566
    1    2    3   63  443    1   28    3    3    1   10300
    1    2    4   64   16    1    1    1    1    1    1664
    1    2    5   65  195    1   13    2    2    1    5818
    1    2    6   66  293    1   19    2    2    1    5319
    1    2    7   67  229    1   15    2    2    1    5816
    1    2    8   68  148    1   10    1    1    1    4792
    1    2    9   69  186    1   12    2    3    0    8535
    1    2   10   70  163    1   11    2    1    0    3953
    1    2   11   71  465    1   30    3    3    1    2148
    1    2   12   72   73    1    5    1    1    1    2199
    1    2   13   73   34    1    3    1    1    1    4636
    1    2   14   74  420    1   27    3    3    1    5317
    1    2   15   75  146    1   10    1    1    1    1505
    1    2   16   76  381    1   24    3    1    0    1642
    1    2   17   77  306    1   20    2    3    0    2256
    1    2   18   78  446    1   28    3    2    0    2276
    1    2   19   79  397    1   25    3    3    1   10236
    1    2   20   80  405    1   26    3    3    1    2955
    1    2   21   81  339    1   22    3    1    0    1429
    1    2   22   82  250    1   16    2    1    0    4524
    1    2   23   83  238    1   15    2    2    1   10985
    1    2   24   84  106    1    7    1    3    0    3647
    1    2   25   85  278    1   18    2    3    0    1614
    1    2   26   86  136    1    9    1    1    1    1499
    1    2   27   87  297    1   19    2    3    0    2808
    1    2   28   88   96    1    6    1    2    0    2772
    1    2   29   89  423    1   27    3    2    0    6642
    1    2   30   90  170    1   11    2    1    0    1253
    1    2   31   91  203    1   13    2    2    1   12257
    1    2   32   92  395    1   25    3    1    0    3974
    1    2   33   93   17    1    2    1    1    1    4619
    1    2   34   94  115    1    8    1    1    1    1189
    1    2   35   95  111    1    7    1    3    0    2939
    1    2   36   96   40    1    3    1    1    1    1177
    1    2   37   97  190    1   12    2    2    1    2248
    1    2   38   98   31    1    2    1    1    1    2604
    1    2   39   99  267    1   17    2    1    0    5165
    1    2   40  100  125    1    8    1    1    1   20149
    1    2   41  101  355    1   23    3    3    1    3625
    1    2   42  102  376    1   24    3    3    1    2326
    1    2   43  103  215    1   14    2    2    1    6687
    1    2   44  104   62    1    4    1    1    1    1760
    1    2   45  105  241    1   16    2    2    1    2558
    1    2   46  106  135    1    9    1    1    1    1494
    1    2   47  107   72    1    5    1    1    1    1353
    1    2   48  108  224    1   14    2    2    1    2984
    1    2   49  109   85    1    6    1    1    1    1836
    1    2   50  110  308    1   20    2    2    1    2811
    1    2   51  111  359    1   23    3    3    1    3461
    1    2   52  112  279    1   18    2    2    1    3963
    1    2   53  113    7    1    1    1    1    1    1162
    1    2   54  114   55    1    4    1    1    1    1168
    1    2   55  115  413    1   26    3    2    0    4818
    1    2   56  116  272    1   17    2    2    1    2933
    1    2   57  117  456    1   29    3    3    1    3436
    1    2   58  118  471    1   30    3    2    0    2280
    1    2   59  119  455    1   29    3    3    1    2884
    1    2   60  120  337    1   22    3    3    1    2093
    1    3    1  121  163    1   11    2    1    0    3355
    1    3    2  122   73    1    5    1    1    1    7759
    1    3    3  123  455    1   29    3    3    1    1300
    1    3    4  124  355    1   23    3    3    1    2045
    1    3    5  125  443    1   28    3    3    1    1442
    1    3    6  126  136    1    9    1    1    1    1534
    1    3    7  127  203    1   13    2    3    0    5418
    1    3    8  128  446    1   28    3    3    1    2119
    1    3    9  129   31    1    2    1    1    1    3610
    1    3   10  130  224    1   14    2    2    1    3155
    1    3   11  131  330    1   21    3    3    1    4419
    1    3   12  132   17    1    2    1    2    0    3224
    1    3   13  133    7    1    1    1    1    1    1187
    1    3   14  134  111    1    7    1    1    1    2391
    1    3   15  135  195    1   13    2    1    0    3820
    1    3   16  136  376    1   24    3    3    1    1695
    1    3   17  137  308    1   20    2    2    1    2913
    1    3   18  138  297    1   19    2    1    0    1618
    1    3   19  139  215    1   14    2    2    1    2573
    1    3   20  140  229    1   15    2    1    0    9701
    1    3   21  141  267    1   17    2    1    0    2122
    1    3   22  142  250    1   16    2    2    1    5879
    1    3   23  143  115    1    8    1    1    1    1139
    1    3   24  144  170    1   11    2    2    1    2717
    1    3   25  145  238    1   15    2    2    1    4788
    1    3   26  146  339    1   22    3    1    0    1203
    1    3   27  147  190    1   12    2    2    1    5188
    1    3   28  148  423    1   27    3    3    1    5384
    1    3   29  149   40    1    3    1    1    1    1557
    1    3   30  150   34    1    3    1    1    1    2285
    1    3   31  151  471    1   30    3    2    0    3926
    1    3   32  152  397    1   25    3    3    1    1734
    1    3   33  153   16    1    1    1    1    1    1271
    1    3   34  154   72    1    5    1    1    1    1705
    1    3   35  155  420    1   27    3    3    1    3708
    1    3   36  156  186    1   12    2    2    1    5134
    1    3   37  157  272    1   17    2    3    0    3116
    1    3   38  158   55    1    4    1    1    1    1920
    1    3   39  159  148    1   10    1    1    1    2744
    1    3   40  160  327    1   21    3    3    1    2587
    1    3   41  161  465    1   30    3    2    0    3256
    1    3   42  162  106    1    7    1    3    0    6664
    1    3   43  163  359    1   23    3    3    1    8194
    1    3   44  164  413    1   26    3    3    1    2710
    1    3   45  165   96    1    6    1    1    1    2157
    1    3   46  166  135    1    9    1    1    1    1384
    1    3   47  167  279    1   18    2    3    0    1902
    1    3   48  168  395    1   25    3    1    0    6872
    1    3   49  169  125    1    8    1    3    0    3473
    1    3   50  170  337    1   22    3    3    1    1609
    1    3   51  171  456    1   29    3    3    1    1708
    1    3   52  172  278    1   18    2    2    1    4859
    1    3   53  173   85    1    6    1    1    1    1267
    1    3   54  174  293    1   19    2    2    1    2819
    1    3   55  175  405    1   26    3    3    1    2030
    1    3   56  176   62    1    4    1    1    1    1646
    1    3   57  177  146    1   10    1    1    1    1631
    1    3   58  178  241    1   16    2    2    1    1792
    1    3   59  179  381    1   24    3    3    1    3232
    1    3   60  180  306    1   20    2    2    1    4562
    2    1    1  181  250    1   16    2    2    1    5914
    2    1    2  182  280    0   18    2    2    1    5811
    2    1    3  183  448    0   28    3    1    0    4932
    2    1    4  184  424    0   27    3    3    1    6010
    2    1    5  185  437    0   28    3    2    0    6717
    2    1    6  186  407    0   26    3    1    0   15030
    2    1    7  187  224    1   14    2    2    1    2914
    2    1    8  188   51    0    4    1    1    1    1422
    2    1    9  189  271    0   17    2    2    1    3394
    2    1   10  190  270    0   17    2    3    0    2315
    2    1   11  191  203    1   13    2    2    1    3459
    2    1   12  192  184    0   12    2    2    1    2882
    2    1   13  193   13    0    1    1    1    1    1213
    2    1   14  194  383    0   24    3    3    1    1334
    2    1   15  195   62    1    4    1    1    1    2965
    2    1   16  196  393    0   25    3    2    0    2836
    2    1   17  197  301    0   19    2    3    0    4102
    2    1   18  198  260    0   17    2    2    1    2099
    2    1   19  199   81    0    6    1    1    1    2690
    2    1   20  200  293    1   19    2    2    1    1781
    2    1   21  201  217    0   14    2    2    1    3901
    2    1   22  202   40    1    3    1    1    1     975
    2    1   23  203    7    1    1    1    1    1    1125
    2    1   24  204  120    0    8    1    1    1    1593
    2    1   25  205  276    0   18    2    1    0    4328
    2    1   26  206  363    0   23    3    1    0    2226
    2    1   27  207   99    0    7    1    1    1    2146
    2    1   28  208  434    0   28    3    1    0    1469
    2    1   29  209  166    0   11    2    1    0    4195
    2    1   30  210  330    1   21    3    3    1    2960
    2    1   31  211  335    0   21    3    3    1    2259
    2    1   32  212  130    0    9    1    1    1    1514
    2    1   33  213   41    0    3    1    1    1    1301
    2    1   34  214  378    0   24    3    3    1    3117
    2    1   35  215  480    0   30    3    3    1    2357
    2    1   36  216   76    0    5    1    1    1    1481
    2    1   37  217  399    0   25    3    2    0    2820
    2    1   38  218  453    0   29    3    3    1    1308
    2    1   39  219  126    0    8    1    1    1    1289
    2    1   40  220  263    0   17    2    2    1    4189
    2    1   41  221  372    0   24    3    3    1    1821
    2    1   42  222   64    0    4    1    3    0    2867
    2    1   43  223  382    0   24    3    3    1    1722
    2    1   44  224  422    0   27    3    2    0    2749
    2    1   45  225  336    0   21    3    3    1    3685
    2    1   46  226  118    0    8    1    1    1    1585
    2    1   47  227  430    0   27    3    2    0    4442
    2    1   48  228  334    0   21    3    2    0    1020
    2    1   49  229  303    0   19    2    1    0    1539
    2    1   50  230   28    0    2    1    1    1    1019
    2    1   51  231   66    0    5    1    1    1    1171
    2    1   52  232  431    0   27    3    2    0    1391
    2    1   53  233  305    0   20    2    1    0    2454
    2    1   54  234  212    0   14    2    3    0    1551
    2    1   55  235  412    0   26    3    2    0    1193
    2    1   56  236   56    0    4    1    1    1    1078
    2    1   57  237  361    0   23    3    2    0    2220
    2    1   58  238  396    0   25    3    2    0    1962
    2    1   59  239   20    0    2    1    1    1    2931
    2    1   60  240  374    0   24    3    3    1    1587
    2    1   61  241   38    0    3    1    1    1    1142
    2    1   62  242  127    0    8    1    1    1     997
    2    1   63  243  204    0   13    2    2    1    1318
    2    1   64  244  323    0   21    3    3    1    1659
    2    1   65  245    4    0    1    1    1    1    2501
    2    1   66  246  201    0   13    2    3    0    1574
    2    1   67  247  132    0    9    1    1    1    1344
    2    1   68  248  349    0   22    3    3    1    1611
    2    1   69  249  219    0   14    2    1    0    1720
    2    1   70  250  284    0   18    2    3    0    2215
    2    1   71  251  148    1   10    1    1    1    1597
    2    1   72  252   22    0    2    1    2    0    1989
    2    1   73  253  362    0   23    3    3    1    2485
    2    1   74  254  117    0    8    1    1    1    1457
    2    1   75  255   71    0    5    1    1    1    1063
    2    1   76  256   21    0    2    1    2    0    1380
    2    1   77  257  196    0   13    2    2    1    2607
    2    1   78  258  414    0   26    3    3    1    2366
    2    1   79  259  308    1   20    2    2    1    4095
    2    1   80  260   18    0    2    1    1    1    2402
    2    1   81  261  226    0   15    2    3    0    4996
    2    1   82  262   97    0    7    1    1    1    2249
    2    1   83  263  216    0   14    2    1    0    3195
    2    1   84  264  390    0   25    3    3    1    2120
    2    1   85  265  316    0   20    2    3    0    2348
    2    1   86  266  405    1   26    3    3    1    1333
    2    1   87  267  419    0   27    3    2    0    2526
    2    1   88  268  209    0   14    2    2    1    3729
    2    1   89  269  373    0   24    3    3    1    1532
    2    1   90  270  151    0   10    1    3    0    1826
    2    1   91  271  154    0   10    1    1    1    1164
    2    1   92  272   86    0    6    1    2    0    3774
    2    1   93  273  145    0   10    1    1    1    1048
    2    1   94  274  205    0   13    2    2    1    3653
    2    1   95  275   70    0    5    1    1    1    1278
    2    1   96  276  461    0   29    3    3    1    1742
    2    1   97  277  321    0   21    3    2    0    5887
    2    1   98  278  143    0    9    1    1    1    1070
    2    1   99  279   23    0    2    1    1    1    1122
    2    1  100  280  478    0   30    3    2    0    3687
    2    1  101  281  286    0   18    2    1    0    2275
    2    1  102  282  207    0   13    2    3    0    1518
    2    1  103  283  242    0   16    2    1    0    3483
    2    1  104  284   73    1    5    1    1    1    1098
    2    1  105  285  116    0    8    1    1    1    1545
    2    1  106  286   54    0    4    1    1    1    1036
    2    1  107  287  295    0   19    2    1    0    4169
    2    1  108  288  248    0   16    2    1    0    2727
    2    1  109  289  398    0   25    3    3    1    1358
    2    1  110  290  187    0   12    2    3    0     899
    2    1  111  291  274    0   18    2    3    0     851
    2    1  112  292  281    0   18    2    1    0    2772
    2    1  113  293   90    0    6    1    2    0    1407
    2    1  114  294  214    0   14    2    2    1     988
    2    1  115  295  262    0   17    2    2    1    1489
    2    1  116  296   42    0    3    1    1    1    1397
    2    1  117  297  307    0   20    2    3    0    4013
    2    1  118  298  164    0   11    2    2    1    1555
    2    1  119  299    9    0    1    1    1    1    1144
    2    1  120  300   16    1    1    1    1    1     680
    2    1  121  301  161    0   11    2    1    0     796
    2    1  122  302  357    0   23    3    3    1    1678
    2    1  123  303  283    0   18    2    2    1    2115
    2    1  124  304  253    0   16    2    3    0    2064
    2    1  125  305  192    0   12    2    2    1    1598
    2    1  126  306  410    0   26    3    3    1    3400
    2    1  127  307  394    0   25    3    2    0    2291
    2    1  128  308  289    0   19    2    3    0    4577
    2    1  129  309  375    0   24    3    3    1    1476
    2    1  130  310  221    0   14    2    3    0    3762
    2    1  131  311  435    0   28    3    1    0    2526
    2    1  132  312  338    0   22    3    3    1    1880
    2    1  133  313  228    0   15    2    2    1    1620
    2    1  134  314  388    0   25    3    2    0    1216
    2    1  135  315  165    0   11    2    1    0    1101
    2    1  136  316   17    1    2    1    2    0    3664
    2    1  137  317  458    0   29    3    1    0    1058
    2    1  138  318    5    0    1    1    3    0    3822
    2    1  139  319   45    0    3    1    1    1    1216
    2    1  140  320  104    0    7    1    1    1    3046
    2    1  141  321  464    0   29    3    3    1    2992
    2    1  142  322  329    0   21    3    2    0    1441
    2    1  143  323  345    0   22    3    1    0    1966
    2    1  144  324  471    1   30    3    3    1    2480
    2    1  145  325  446    1   28    3    3    1    1413
    2    1  146  326  315    0   20    2    3    0    1320
    2    1  147  327   48    0    3    1    1    1    1139
    2    1  148  328  460    0   29    3    3    1    1422
    2    1  149  329  447    0   28    3    3    1    2226
    2    1  150  330  439    0   28    3    3    1    1267
    2    1  151  331  466    0   30    3    3    1    2767
    2    1  152  332   14    0    1    1    1    1    1532
    2    1  153  333  282    0   18    2    2    1    1803
    2    1  154  334  436    0   28    3    3    1    1329
    2    1  155  335  465    1   30    3    2    0    4054
    2    1  156  336  134    0    9    1    1    1    1954
    2    1  157  337  348    0   22    3    3    1    2308
    2    1  158  338   89    0    6    1    2    0    1364
    2    1  159  339  333    0   21    3    2    0    1366
    2    1  160  340  472    0   30    3    2    0    1595
    2    1  161  341  160    0   10    1    1    1    1139
    2    1  162  342  420    1   27    3    3    1    1266
    2    1  163  343  191    0   12    2    2    1    3375
    2    1  164  344  385    0   25    3    3    1    1678
    2    1  165  345  163    1   11    2    1    0    5490
    2    1  166  346   47    0    3    1    1    1    1895
    2    1  167  347  153    0   10    1    1    1    2188
    2    1  168  348  402    0   26    3    3    1    1575
    2    1  169  349  186    1   12    2    3    0    2359
    2    1  170  350  222    0   14    2    2    1    1494
    2    1  171  351  241    1   16    2    2    1    1049
    2    1  172  352  149    0   10    1    1    1    4001
    2    1  173  353  331    0   21    3    3    1    2095
    2    1  174  354  162    0   11    2    2    1    2269
    2    1  175  355  449    0   29    3    3    1    1160
    2    1  176  356  314    0   20    2    3    0    1427
    2    1  177  357  417    0   27    3    1    0    3078
    2    1  178  358   27    0    2    1    1    1    1339
    2    1  179  359  265    0   17    2    2    1    1941
    2    1  180  360  227    0   15    2    3    0    2486
    2    1  181  361  128    0    8    1    1    1    1332
    2    1  182  362  401    0   26    3    3    1    3191
    2    1  183  363  387    0   25    3    2    0    2122
    2    1  184  364   30    0    2    1    1    1    3508
    2    1  185  365  443    1   28    3    3    1    2342
    2    1  186  366  381    1   24    3    3    1    1346
    2    1  187  367  235    0   15    2    1    0    2873
    2    1  188  368  403    0   26    3    2    0    1960
    2    1  189  369   12    0    1    1    1    1    1017
    2    1  190  370  376    1   24    3    3    1    1329
    2    1  191  371   60    0    4    1    1    1    2068
    2    1  192  372  309    0   20    2    2    1    1508
    2    1  193  373  239    0   15    2    3    0    1908
    2    1  194  374  418    0   27    3    3    1    3347
    2    1  195  375  391    0   25    3    2    0    2236
    2    1  196  376  386    0   25    3    1    0    2263
    2    1  197  377  288    0   18    2    1    0    2125
    2    1  198  378   83    0    6    1    2    0    1896
    2    1  199  379   58    0    4    1    1    1    1312
    2    1  200  380   68    0    5    1    1    1    1258
    2    1  201  381  251    0   16    2    2    1    3220
    2    1  202  382  296    0   19    2    3    0    2131
    2    1  203  383  100    0    7    1    1    1    1660
    2    1  204  384  450    0   29    3    3    1    1306
    2    1  205  385   37    0    3    1    1    1    1749
    2    1  206  386  135    1    9    1    1    1    1439
    2    1  207  387  108    0    7    1    1    1    1392
    2    1  208  388  360    0   23    3    2    0    1498
    2    1  209  389    2    0    1    1    1    1    1514
    2    1  210  390  269    0   17    2    3    0    1474
    2    1  211  391   25    0    2    1    2    0    2044
    2    1  212  392  479    0   30    3    2    0    4543
    2    1  213  393  298    0   19    2    1    0    1466
    2    1  214  394  441    0   28    3    3    1    1756
    2    1  215  395   39    0    3    1    1    1    1180
    2    1  216  396    8    0    1    1    3    0    3826
    2    1  217  397  105    0    7    1    1    1    2558
    2    1  218  398  254    0   16    2    2    1    1190
    2    1  219  399  206    0   13    2    2    1    1485
    2    1  220  400  474    0   30    3    2    0    1653
    2    1  221  401   98    0    7    1    1    1    1259
    2    1  222  402  406    0   26    3    3    1    2140
    2    1  223  403   46    0    3    1    1    1    1164
    2    1  224  404   78    0    5    1    1    1    1659
    2    1  225  405  208    0   13    2    3    0    1469
    2    1  226  406  181    0   12    2    2    1    1548
    2    1  227  407  367    0   23    3    3    1    1963
    2    1  228  408  180    0   12    2    2    1    2237
    2    1  229  409  185    0   12    2    2    1    1029
    2    1  230  410  300    0   19    2    1    0    1109
    2    1  231  411  341    0   22    3    3    1    2009
    2    1  232  412  259    0   17    2    2    1    2121
    2    1  233  413  413    1   26    3    3    1    2814
    2    1  234  414   19    0    2    1    1    1    1596
    2    1  235  415  346    0   22    3    1    0    2004
    2    1  236  416   96    1    6    1    2    0    1719
    2    1  237  417  278    1   18    2    3    0    1495
    2    1  238  418  400    0   25    3    1    0    1470
    2    1  239  419   95    0    6    1    2    0    1329
    2    1  240  420  171    0   11    2    1    0    2003
    2    1  241  421   29    0    2    1    2    0    1445
    2    1  242  422  168    0   11    2    1    0    1476
    2    1  243  423   34    1    3    1    1    1    1119
    2    1  244  424  359    1   23    3    3    1    1621
    2    1  245  425  173    0   11    2    3    0    1821
    2    1  246  426  322    0   21    3    2    0    2130
    2    1  247  427   32    0    2    1    1    1    2588
    2    1  248  428  233    0   15    2    1    0    1998
    2    1  249  429  144    0    9    1    1    1    1379
    2    1  250  430  358    0   23    3    2    0    2111
    2    1  251  431  115    1    8    1    1    1    1284
    2    1  252  432  223    0   14    2    3    0    1543
    2    1  253  433  317    0   20    2    3    0    1311
    2    1  254  434  234    0   15    2    1    0    4465
    2    1  255  435  114    0    8    1    1    1    1351
    2    1  256  436  137    0    9    1    1    1    1221
    2    1  257  437  123    0    8    1    1    1    2436
    2    1  258  438  339    1   22    3    3    1    2003
    2    1  259  439  365    0   23    3    2    0    1944
    2    1  260  440  240    0   15    2    2    1    3745
    2    1  261  441  352    0   22    3    3    1    2012
    2    1  262  442  366    0   23    3    2    0    1881
    2    1  263  443  121    0    8    1    1    1    1516
    2    1  264  444  364    0   23    3    3    1    2014
    2    1  265  445  467    0   30    3    3    1    1435
    2    1  266  446  454    0   29    3    3    1    1276
    2    1  267  447  229    1   15    2    2    1    5329
    2    1  268  448  304    0   19    2    3    0    3140
    2    1  269  449  133    0    9    1    1    1    1314
    2    1  270  450  347    0   22    3    3    1    3303
    2    1  271  451  202    0   13    2    2    1    1815
    2    1  272  452  342    0   22    3    1    0    2814
    2    1  273  453  445    0   28    3    3    1    2091
    2    1  274  454  218    0   14    2    2    1    2168
    2    1  275  455  174    0   11    2    1    0    1395
    2    1  276  456  356    0   23    3    2    0    2728
    2    1  277  457  189    0   12    2    2    1    2297
    2    1  278  458  462    0   29    3    3    1    1377
    2    1  279  459   36    0    3    1    1    1    1760
    2    1  280  460  395    1   25    3    3    1    3070
    2    1  281  461  428    0   27    3    1    0    2676
    2    1  282  462   52    0    4    1    1    1    1444
    2    1  283  463  438    0   28    3    1    0    1751
    2    1  284  464  197    0   13    2    1    0    1190
    2    1  285  465  440    0   28    3    3    1    2539
    2    1  286  466   75    0    5    1    1    1    1212
    2    1  287  467  213    0   14    2    2    1    2747
    2    1  288  468  231    0   15    2    3    0    2050
    2    1  289  469  326    0   21    3    2    0    2098
    2    1  290  470  112    0    7    1    1    1    2702
    2    1  291  471  459    0   29    3    3    1    1880
    2    1  292  472  392    0   25    3    1    0    1600
    2    1  293  473   50    0    4    1    2    0    1491
    2    1  294  474  256    0   16    2    2    1    2245
    2    1  295  475  468    0   30    3    3    1    1676
    2    1  296  476   94    0    6    1    2    0    1360
    2    1  297  477  384    0   24    3    3    1    2126
    2    1  298  478  107    0    7    1    1    1    2790
    2    1  299  479  426    0   27    3    2    0    2422
    2    1  300  480  332    0   21    3    3    1    4300
