    1    1    1    1  465    1   30    3    1    0    4197
    1    1    2    2  353    1   23    3    2    0    2100
    1    1    3    3  245    1   16    2    1    0    2234
    1    1    4    4   53    1    4    1    1    1    1677
    1    1    5    5  359    1   23    3    3    1    1827
    1    1    6    6    6    1    1    1    2    0    1638
    1    1    7    7  252    1   16    2    2    1    1568
    1    1    8    8  471    1   30    3    3    1    1386
    1    1    9    9   16    1    1    1    1    1    2282
    1    1   10   10  276    1   18    2    3    0    2641
    1    1   11   11  408    1   26    3    3    1    2719
    1    1   12   12  387    1   25    3    2    0    3275
    1    1   13   13  340    1   22    3    3    1    2876
    1    1   14   14  396    1   25    3    3    1    1427
    1    1   15   15   71    1    5    1    1    1    1714
    1    1   16   16   49    1    4    1    2    0    1429
    1    1   17   17  269    1   17    2    2    1    1730
    1    1   18   18  212    1   14    2    3    0    1329
    1    1   19   19  271    1   17    2    1    0    3748
    1    1   20   20   38    1    3    1    1    1    3664
    1    1   21   21  326    1   21    3    3    1    3718
    1    1   22   22  267    1   17    2    2    1    7114
    1    1   23   23  360    1   23    3    2    0    3937
    1    1   24   24  473    1   30    3    2    0    2425
    1    1   25   25  182    1   12    2    2    1    2081
    1    1   26   26  240    1   15    2    3    0    1651
    1    1   27   27   37    1    3    1    1    1    2226
    1    1   28   28   58    1    4    1    3    0     908
    1    1   29   29  380    1   24    3    3    1    1479
    1    1   30   30  164    1   11    2    1    0     880
    1    1   31   31  406    1   26    3    3    1     997
    1    1   32   32   36    1    3    1    1    1    2513
    1    1   33   33  117    1    8    1    3    0    3553
    1    1   34   34  272    1   17    2    3    0     956
    1    1   35   35  479    1   30    3    3    1    1784
    1    1   36   36   35    1    3    1    1    1     901
    1    1   37   37  280    1   18    2    3    0     913
    1    1   38   38  356    1   23    3    3    1    1538
    1    1   39   39  409    1   26    3    3    1    1347
    1    1   40   40  289    1   19    2    2    1    1402
    1    1   41   41  121    1    8    1    1    1     924
    1    1   42   42   66    1    5    1    1    1     801
    1    1   43   43  476    1   30    3    3    1    1033
    1    1   44   44  290    1   19    2    2    1    1278
    1    1   45   45  216    1   14    2    1    0    2545
    1    1   46   46  250    1   16    2    2    1    2013
    1    1   47   47   52    1    4    1    1    1    1201
    1    1   48   48   15    1    1    1    1    1     891
    1    1   49   49  219    1   14    2    1    0    3487
    1    1   50   50   80    1    5    1    1    1     771
    1    1   51   51  201    1   13    2    2    1     940
    1    1   52   52    4    1    1    1    1    1    1219
    1    1   53   53  120    1    8    1    1    1    4071
    1    1   54   54  411    1   26    3    3    1    1227
    1    1   55   55  424    1   27    3    1    0    5713
    1    1   56   56   56    1    4    1    1    1    1360
    1    1   57   57  448    1   28    3    3    1    1284
    1    1   58   58   33    1    3    1    1    1     850
    1    1   59   59  217    1   14    2    3    0   34708
    1    1   60   60  266    1   17    2    1    0    4344
    1    2    1   61  448    1   28    3    3    1     843
    1    2    2   62   36    1    3    1    1    1    1054
    1    2    3   63  411    1   26    3    3    1    1195
    1    2    4   64  269    1   17    2    2    1     856
    1    2    5   65  380    1   24    3    3    1     953
    1    2    6   66   53    1    4    1    1    1    3051
    1    2    7   67  471    1   30    3    3    1     744
    1    2    8   68  465    1   30    3    3    1     770
    1    2    9   69   35    1    3    1    1    1     725
    1    2   10   70   56    1    4    1    2    0    1363
    1    2   11   71  276    1   18    2    3    0    1216
    1    2   12   72  290    1   19    2    1    0    2311
    1    2   13   73  406    1   26    3    3    1     833
    1    2   14   74   37    1    3    1    1    1     746
    1    2   15   75  359    1   23    3    3    1     794
    1    2   16   76  356    1   23    3    3    1     913
    1    2   17   77  408    1   26    3    3    1     988
    1    2   18   78  245    1   16    2    2    1    1591
    1    2   19   79   58    1    4    1    1    1    1065
    1    2   20   80  473    1   30    3    3    1    4780
    1    2   21   81  353    1   23    3    3    1    1352
    1    2   22   82  121    1    8    1    1    1     864
    1    2   23   83  267    1   17    2    2    1    1118
    1    2   24   84  476    1   30    3    3    1    1492
    1    2   25   85  252    1   16    2    2    1    2307
    1    2   26   86  266    1   17    2    2    1    2067
    1    2   27   87  326    1   21    3    3    1    2245
    1    2   28   88  164    1   11    2    1    0    1750
    1    2   29   89   49    1    4    1    1    1    1026
    1    2   30   90  280    1   18    2    2    1    2817
    1    2   31   91  271    1   17    2    2    1    1621
    1    2   32   92  117    1    8    1    3    0    2572
    1    2   33   93  219    1   14    2    1    0     872
    1    2   34   94  479    1   30    3    3    1     890
    1    2   35   95   71    1    5    1    1    1     753
    1    2   36   96  424    1   27    3    3    1     839
    1    2   37   97  360    1   23    3    3    1     948
    1    2   38   98  212    1   14    2    3    0     847
    1    2   39   99  340    1   22    3    2    0    1428
    1    2   40  100  396    1   25    3    3    1    1871
    1    2   41  101   16    1    1    1    1    1     682
    1    2   42  102  387    1   25    3    3    1     970
    1    2   43  103  216    1   14    2    2    1    1271
    1    2   44  104  240    1   15    2    2    1    1610
    1    2   45  105  120    1    8    1    1    1     607
    1    2   46  106  272    1   17    2    2    1    1053
    1    2   47  107    6    1    1    1    1    1    2051
    1    2   48  108  250    1   16    2    2    1     698
    1    2   49  109   80    1    5    1    1    1    1510
    1    2   50  110   52    1    4    1    3    0    1861
    1    2   51  111   38    1    3    1    1    1     606
    1    2   52  112  217    1   14    2    2    1    2101
    1    2   53  113   66    1    5    1    1    1     779
    1    2   54  114   15    1    1    1    1    1     975
    1    2   55  115  182    1   12    2    2    1    1751
    1    2   56  116   33    1    3    1    1    1     817
    1    2   57  117  289    1   19    2    2    1     891
    1    2   58  118  409    1   26    3    3    1    2010
    1    2   59  119    4    1    1    1    1    1    3796
    1    2   60  120  201    1   13    2    2    1     783
    1    3    1  121  272    1   17    2    3    0    2025
    1    3    2  122  476    1   30    3    3    1     810
    1    3    3  123  471    1   30    3    3    1    1001
    1    3    4  124  250    1   16    2    2    1    1329
    1    3    5  125  448    1   28    3    3    1    1479
    1    3    6  126  201    1   13    2    2    1    1399
    1    3    7  127  359    1   23    3    3    1    1806
    1    3    8  128   71    1    5    1    1    1    2064
    1    3    9  129   52    1    4    1    1    1    1698
    1    3   10  130  252    1   16    2    2    1    1249
    1    3   11  131   80    1    5    1    1    1    1666
    1    3   12  132  245    1   16    2    2    1     940
    1    3   13  133  117    1    8    1    3    0     837
    1    3   14  134   15    1    1    1    1    1     896
    1    3   15  135  219    1   14    2    1    0    2500
    1    3   16  136  266    1   17    2    3    0    2314
    1    3   17  137  411    1   26    3    3    1    1091
    1    3   18  138  290    1   19    2    2    1    1868
    1    3   19  139  289    1   19    2    2    1    1258
    1    3   20  140   36    1    3    1    1    1    1530
    1    3   21  141  217    1   14    2    2    1    4285
    1    3   22  142  356    1   23    3    3    1     754
    1    3   23  143  340    1   22    3    2    0    4652
    1    3   24  144  396    1   25    3    3    1     866
    1    3   25  145  424    1   27    3    3    1     772
    1    3   26  146  465    1   30    3    3    1     617
    1    3   27  147   35    1    3    1    1    1     665
    1    3   28  148  473    1   30    3    3    1    4534
    1    3   29  149  240    1   15    2    2    1    1339
    1    3   30  150  120    1    8    1    2    0    2650
    1    3   31  151    4    1    1    1    1    1    2759
    1    3   32  152  212    1   14    2    3    0    1955
    1    3   33  153   33    1    3    1    1    1     740
    1    3   34  154   49    1    4    1    1    1    2180
    1    3   35  155  269    1   17    2    2    1    2736
    1    3   36  156  267    1   17    2    2    1     953
    1    3   37  157  408    1   26    3    3    1    1924
    1    3   38  158  360    1   23    3    3    1    1189
    1    3   39  159  380    1   24    3    3    1    2083
    1    3   40  160  409    1   26    3    3    1    1020
    1    3   41  161  353    1   23    3    3    1     868
    1    3   42  162  216    1   14    2    1    0    2352
    1    3   43  163   38    1    3    1    1    1    1400
    1    3   44  164  387    1   25    3    2    0    2074
    1    3   45  165  406    1   26    3    3    1    1033
    1    3   46  166  280    1   18    2    2    1    2341
    1    3   47  167  271    1   17    2    1    0    1565
    1    3   48  168   37    1    3    1    1    1    1112
    1    3   49  169  326    1   21    3    3    1    1343
    1    3   50  170  276    1   18    2    3    0    1649
    1    3   51  171   66    1    5    1    1    1    1013
    1    3   52  172  164    1   11    2    2    1    1204
    1    3   53  173   53    1    4    1    1    1    2988
    1    3   54  174   56    1    4    1    2    0    2603
    1    3   55  175  479    1   30    3    3    1    1834
    1    3   56  176   16    1    1    1    1    1    1910
    1    3   57  177  182    1   12    2    2    1    1313
    1    3   58  178    6    1    1    1    1    1     945
    1    3   59  179   58    1    4    1    1    1    2291
    1    3   60  180  121    1    8    1    1    1    1360
    2    1    1  181  379    0   24    3    1    0     992
    2    1    2  182  282    0   18    2    3    0    2255
    2    1    3  183  212    1   14    2    3    0     966
    2    1    4  184  271    1   17    2    2    1    1308
    2    1    5  185  279    0   18    2    3    0    1135
    2    1    6  186  203    0   13    2    2    1     745
    2    1    7  187   76    0    5    1    1    1     505
    2    1    8  188  231    0   15    2    2    1    5934
    2    1    9  189  434    0   28    3    1    0     679
    2    1   10  190  190    0   12    2    1    0     697
    2    1   11  191  309    0   20    2    3    0     962
    2    1   12  192  245    1   16    2    2    1    1600
    2    1   13  193  249    0   16    2    1    0    4117
    2    1   14  194  287    0   18    2    1    0    1742
    2    1   15  195  293    0   19    2    2    1    2791
    2    1   16  196   60    0    4    1    1    1    5899
    2    1   17  197  342    0   22    3    3    1    2465
    2    1   18  198  105    0    7    1    3    0     936
    2    1   19  199    5    0    1    1    2    0    1645
    2    1   20  200   91    0    6    1    3    0    2570
    2    1   21  201  195    0   13    2    2    1    1357
    2    1   22  202  123    0    8    1    1    1    1333
    2    1   23  203  103    0    7    1    1    1     788
    2    1   24  204  189    0   12    2    1    0     504
    2    1   25  205  303    0   19    2    3    0    1067
    2    1   26  206  443    0   28    3    3    1    1152
    2    1   27  207  286    0   18    2    3    0     737
    2    1   28  208  395    0   25    3    1    0    1985
    2    1   29  209  317    0   20    2    3    0    2865
    2    1   30  210  101    0    7    1    1    1    2727
    2    1   31  211  136    0    9    1    1    1    2815
    2    1   32  212  120    1    8    1    1    1    1007
    2    1   33  213  262    0   17    2    2    1    1513
    2    1   34  214  172    0   11    2    1    0    1018
    2    1   35  215   18    0    2    1    3    0    1401
    2    1   36  216  475    0   30    3    3    1    1615
    2    1   37  217  375    0   24    3    1    0     691
    2    1   38  218  440    0   28    3    3    1     811
    2    1   39  219  295    0   19    2    1    0     929
    2    1   40  220  386    0   25    3    3    1     649
    2    1   41  221  324    0   21    3    1    0    3842
    2    1   42  222  314    0   20    2    3    0     754
    2    1   43  223  305    0   20    2    3    0     546
    2    1   44  224   99    0    7    1    1    1    2736
    2    1   45  225  354    0   23    3    3    1     567
    2    1   46  226   41    0    3    1    1    1     777
    2    1   47  227   36    1    3    1    1    1     842
    2    1   48  228   19    0    2    1    1    1    1031
    2    1   49  229   59    0    4    1    2    0     766
    2    1   50  230  176    0   11    2    2    1    1137
    2    1   51  231  285    0   18    2    3    0     798
    2    1   52  232  259    0   17    2    3    0     769
    2    1   53  233  307    0   20    2    3    0     694
    2    1   54  234  196    0   13    2    2    1    3491
    2    1   55  235  133    0    9    1    1    1    1043
    2    1   56  236  466    0   30    3    3    1     576
    2    1   57  237  204    0   13    2    2    1    1011
    2    1   58  238   32    0    2    1    1    1     835
    2    1   59  239  358    0   23    3    3    1     442
    2    1   60  240  257    0   17    2    1    0     638
    2    1   61  241   69    0    5    1    1    1     762
    2    1   62  242   52    1    4    1    1    1     517
    2    1   63  243  380    1   24    3    3    1    1810
    2    1   64  244  130    0    9    1    1    1     746
    2    1   65  245  250    1   16    2    2    1    2959
    2    1   66  246   67    0    5    1    1    1     729
    2    1   67  247  402    0   26    3    3    1    2821
    2    1   68  248   47    0    3    1    1    1     692
    2    1   69  249  479    1   30    3    3    1    1176
    2    1   70  250   85    0    6    1    1    1     827
    2    1   71  251  265    0   17    2    2    1    1250
    2    1   72  252  331    0   21    3    1    0    2073
    2    1   73  253  325    0   21    3    1    0    1728
    2    1   74  254  240    1   15    2    2    1    2845
    2    1   75  255   39    0    3    1    1    1     689
    2    1   76  256   62    0    4    1    3    0    2254
    2    1   77  257  102    0    7    1    3    0     667
    2    1   78  258  449    0   29    3    2    0     481
    2    1   79  259  134    0    9    1    1    1    3621
    2    1   80  260  202    0   13    2    2    1     722
    2    1   81  261   22    0    2    1    3    0     698
    2    1   82  262   92    0    6    1    1    1     703
    2    1   83  263  321    0   21    3    1    0    1985
    2    1   84  264   74    0    5    1    1    1    2085
    2    1   85  265  223    0   14    2    3    0    2042
    2    1   86  266  428    0   27    3    3    1     982
    2    1   87  267  186    0   12    2    1    0    1946
    2    1   88  268    3    0    1    1    3    0     906
    2    1   89  269   33    1    3    1    1    1    1165
    2    1   90  270   11    0    1    1    1    1    1163
    2    1   91  271  450    0   29    3    3    1    2223
    2    1   92  272  396    1   25    3    3    1    1255
    2    1   93  273  436    0   28    3    3    1    2054
    2    1   94  274   29    0    2    1    3    0    1543
    2    1   95  275  192    0   12    2    1    0    1243
    2    1   96  276  439    0   28    3    3    1    1246
    2    1   97  277  394    0   25    3    3    1    3360
    2    1   98  278  266    1   17    2    2    1    1452
    2    1   99  279  370    0   24    3    1    0    1298
    2    1  100  280  426    0   27    3    3    1    1931
    2    1  101  281  264    0   17    2    2    1    1654
    2    1  102  282  146    0   10    1    1    1    1027
    2    1  103  283  480    0   30    3    3    1    1122
    2    1  104  284  111    0    7    1    2    0    1542
    2    1  105  285  216    1   14    2    3    0    1339
    2    1  106  286  411    1   26    3    3    1    1766
    2    1  107  287  376    0   24    3    1    0     676
    2    1  108  288  263    0   17    2    2    1    2711
    2    1  109  289   70    0    5    1    1    1     651
    2    1  110  290  346    0   22    3    1    0     716
    2    1  111  291  113    0    8    1    3    0    1134
    2    1  112  292  129    0    9    1    1    1     755
    2    1  113  293   49    1    4    1    1    1     628
    2    1  114  294   10    0    1    1    1    1     840
    2    1  115  295  448    1   28    3    3    1     722
    2    1  116  296  365    0   23    3    3    1     452
    2    1  117  297   48    0    3    1    1    1     743
    2    1  118  298   79    0    5    1    1    1     636
    2    1  119  299   45    0    3    1    1    1     520
    2    1  120  300  460    0   29    3    3    1     542
    2    1  121  301  236    0   15    2    2    1     940
    2    1  122  302  335    0   21    3    2    0     596
    2    1  123  303  280    1   18    2    2    1     821
    2    1  124  304  268    0   17    2    2    1     607
    2    1  125  305    4    1    1    1    1    1     658
    2    1  126  306  158    0   10    1    1    1     510
    2    1  127  307  392    0   25    3    1    0     676
    2    1  128  308  323    0   21    3    1    0    1038
    2    1  129  309    2    0    1    1    1    1    1025
    2    1  130  310  149    0   10    1    2    0    1454
    2    1  131  311  178    0   12    2    1    0     989
    2    1  132  312  306    0   20    2    3    0     590
    2    1  133  313    9    0    1    1    1    1    1026
    2    1  134  314  435    0   28    3    3    1    1963
    2    1  135  315  391    0   25    3    3    1     758
    2    1  136  316   15    1    1    1    1    1     990
    2    1  137  317  339    0   22    3    1    0     609
    2    1  138  318  343    0   22    3    1    0     608
    2    1  139  319  235    0   15    2    3    0    1660
    2    1  140  320  215    0   14    2    3    0     658
    2    1  141  321  228    0   15    2    3    0    1090
    2    1  142  322  201    1   13    2    2    1     693
    2    1  143  323  142    0    9    1    3    0    1429
    2    1  144  324  390    0   25    3    1    0     608
    2    1  145  325  417    0   27    3    2    0    1475
    2    1  146  326  207    0   13    2    2    1    1234
    2    1  147  327  131    0    9    1    1    1     639
    2    1  148  328   13    0    1    1    1    1    1157
    2    1  149  329  382    0   24    3    3    1    5597
    2    1  150  330   87    0    6    1    2    0     606
    2    1  151  331  330    0   21    3    1    0     914
    2    1  152  332  157    0   10    1    1    1    2111
    2    1  153  333  251    0   16    2    2    1     804
    2    1  154  334  166    0   11    2    1    0    1740
    2    1  155  335  374    0   24    3    2    0    1767
    2    1  156  336  470    0   30    3    2    0     989
    2    1  157  337   88    0    6    1    3    0    5300
    2    1  158  338  406    1   26    3    3    1    3856
    2    1  159  339  116    0    8    1    1    1    1166
    2    1  160  340  465    1   30    3    3    1    1175
    2    1  161  341  430    0   27    3    3    1    1232
    2    1  162  342  312    0   20    2    3    0    1914
    2    1  163  343  393    0   25    3    3    1     542
    2    1  164  344  408    1   26    3    3    1    1224
    2    1  165  345   53    1    4    1    1    1    1710
    2    1  166  346  320    0   20    2    3    0    1212
    2    1  167  347  334    0   21    3    1    0    2059
    2    1  168  348  121    1    8    1    1    1    1071
    2    1  169  349   75    0    5    1    1    1     917
    2    1  170  350  476    1   30    3    3    1    1760
    2    1  171  351  458    0   29    3    3    1     795
    2    1  172  352  255    0   16    2    2    1    1331
    2    1  173  353  247    0   16    2    2    1    1813
    2    1  174  354  299    0   19    2    1    0    1080
    2    1  175  355   98    0    7    1    1    1    3308
    2    1  176  356   58    1    4    1    1    1    1727
    2    1  177  357   65    0    5    1    1    1    1207
    2    1  178  358   51    0    4    1    1    1    1013
    2    1  179  359  469    0   30    3    3    1     745
    2    1  180  360  175    0   11    2    3    0     751
    2    1  181  361  115    0    8    1    1    1    1004
    2    1  182  362  272    1   17    2    2    1    1308
    2    1  183  363  112    0    7    1    1    1    1269
    2    1  184  364   86    0    6    1    1    1    2450
    2    1  185  365  177    0   12    2    1    0    1461
    2    1  186  366  422    0   27    3    3    1     725
    2    1  187  367  445    0   28    3    3    1    4944
    2    1  188  368  467    0   30    3    3    1    1660
    2    1  189  369  205    0   13    2    2    1    1431
    2    1  190  370  210    0   14    2    3    0    1165
    2    1  191  371  464    0   29    3    3    1     533
    2    1  192  372   84    0    6    1    1    1    2458
    2    1  193  373  246    0   16    2    2    1    1299
    2    1  194  374  277    0   18    2    3    0    1881
    2    1  195  375  310    0   20    2    2    1    1174
    2    1  196  376  361    0   23    3    3    1    1698
    2    1  197  377  322    0   21    3    1    0    1728
    2    1  198  378  349    0   22    3    1    0    1538
    2    1  199  379  141    0    9    1    3    0    2079
    2    1  200  380  278    0   18    2    2    1    2764
    2    1  201  381  128    0    8    1    1    1    1096
    2    1  202  382   61    0    4    1    1    1    1328
    2    1  203  383  405    0   26    3    2    0    1934
    2    1  204  384   78    0    5    1    1    1    1972
    2    1  205  385  447    0   28    3    3    1    2869
    2    1  206  386   24    0    2    1    1    1    2676
    2    1  207  387  224    0   14    2    1    0    3765
    2    1  208  388  148    0   10    1    3    0    3323
    2    1  209  389  328    0   21    3    1    0    1212
    2    1  210  390  242    0   16    2    2    1    1119
    2    1  211  391   21    0    2    1    3    0    2265
    2    1  212  392   12    0    1    1    1    1     916
    2    1  213  393   17    0    2    1    3    0     889
    2    1  214  394   90    0    6    1    1    1     931
    2    1  215  395  289    1   19    2    3    0    2243
    2    1  216  396  332    0   21    3    1    0    1323
    2    1  217  397  288    0   18    2    1    0    1784
    2    1  218  398  425    0   27    3    3    1     661
    2    1  219  399  167    0   11    2    1    0     840
    2    1  220  400  275    0   18    2    1    0    1016
    2    1  221  401  197    0   13    2    1    0     684
    2    1  222  402  132    0    9    1    2    0    1534
    2    1  223  403  209    0   14    2    1    0    2259
    2    1  224  404  377    0   24    3    1    0    1052
    2    1  225  405  431    0   27    3    3    1    2457
    2    1  226  406  461    0   29    3    3    1    3130
    2    1  227  407  150    0   10    1    2    0     824
    2    1  228  408  179    0   12    2    1    0    2503
    2    1  229  409  127    0    8    1    1    1     757
    2    1  230  410  100    0    7    1    1    1     706
    2    1  231  411  244    0   16    2    2    1    3701
    2    1  232  412   28    0    2    1    1    1     974
    2    1  233  413  444    0   28    3    3    1    4377
    2    1  234  414  156    0   10    1    1    1    1388
    2    1  235  415  462    0   29    3    3    1    1934
    2    1  236  416    8    0    1    1    1    1    1087
    2    1  237  417  420    0   27    3    3    1    2005
    2    1  238  418   56    1    4    1    1    1    2364
    2    1  239  419  188    0   12    2    1    0     992
    2    1  240  420  162    0   11    2    3    0    1432
    2    1  241  421  274    0   18    2    2    1    1214
    2    1  242  422  191    0   12    2    3    0    1395
    2    1  243  423  367    0   23    3    3    1     846
    2    1  244  424  194    0   13    2    2    1    1226
    2    1  245  425  427    0   27    3    3    1    1183
    2    1  246  426  326    1   21    3    3    1    1377
    2    1  247  427   96    0    6    1    1    1     968
    2    1  248  428  401    0   26    3    3    1     811
    2    1  249  429  318    0   20    2    3    0     623
    2    1  250  430  292    0   19    2    2    1    1093
    2    1  251  431  388    0   25    3    3    1     940
    2    1  252  432  154    0   10    1    1    1    3885
    2    1  253  433  222    0   14    2    3    0     810
    2    1  254  434  351    0   22    3    1    0    1297
    2    1  255  435  409    1   26    3    3    1    2028
    2    1  256  436  301    0   19    2    1    0    2419
    2    1  257  437  237    0   15    2    2    1    1261
    2    1  258  438   97    0    7    1    1    1     772
    2    1  259  439  208    0   13    2    2    1     696
    2    1  260  440  329    0   21    3    1    0     934
    2    1  261  441   16    1    1    1    1    1     824
    2    1  262  442  348    0   22    3    1    0     627
    2    1  263  443  152    0   10    1    3    0     804
    2    1  264  444  183    0   12    2    1    0    4026
    2    1  265  445   77    0    5    1    1    1     806
    2    1  266  446  471    1   30    3    3    1    1995
    2    1  267  447  261    0   17    2    3    0     832
    2    1  268  448  137    0    9    1    1    1    1758
    2    1  269  449  368    0   23    3    1    0    1183
    2    1  270  450  138    0    9    1    1    1     950
    2    1  271  451   35    1    3    1    1    1     849
    2    1  272  452  199    0   13    2    2    1    1994
    2    1  273  453  290    1   19    2    2    1    4503
    2    1  274  454  214    0   14    2    3    0    1387
    2    1  275  455  108    0    7    1    1    1    3110
    2    1  276  456   82    0    6    1    1    1    1256
    2    1  277  457  432    0   27    3    3    1     924
    2    1  278  458  302    0   19    2    2    1    1164
    2    1  279  459  418    0   27    3    3    1     906
    2    1  280  460  256    0   16    2    2    1    1321
    2    1  281  461   27    0    2    1    1    1    2281
    2    1  282  462  168    0   11    2    3    0    3314
    2    1  283  463  373    0   24    3    1    0    2142
    2    1  284  464  442    0   28    3    3    1    1242
    2    1  285  465  389    0   25    3    2    0    1531
    2    1  286  466  371    0   24    3    1    0     937
    2    1  287  467  414    0   26    3    3    1     961
    2    1  288  468  338    0   22    3    1    0    1224
    2    1  289  469  273    0   18    2    2    1    2228
    2    1  290  470  160    0   10    1    3    0    1861
    2    1  291  471   55    0    4    1    1    1     715
    2    1  292  472  206    0   13    2    2    1     641
    2    1  293  473  217    1   14    2    2    1    1810
    2    1  294  474   68    0    5    1    1    1     750
    2    1  295  475   43    0    3    1    1    1     563
    2    1  296  476  226    0   15    2    3    0    3527
    2    1  297  477  225    0   15    2    3    0    2347
    2    1  298  478  355    0   23    3    3    1    1095
    2    1  299  479   44    0    3    1    2    0    2504
    2    1  300  480  345    0   22    3    1    0    1382
