    1    1    1    1  146    1   10    1    3    0  106428
    1    1    2    2   62    1    4    1    3    0    3302
    1    1    3    3   96    1    6    1    2    0    2727
    1    1    4    4  250    1   16    2    1    0    1358
    1    1    5    5  330    1   21    3    1    0    1341
    1    1    6    6  359    1   23    3    2    0    4108
    1    1    7    7  148    1   10    1    1    1    3037
    1    1    8    8  170    1   11    2    3    0    4743
    1    1    9    9   17    1    2    1    1    1    1583
    1    1   10   10  115    1    8    1    2    0    5605
    1    1   11   11  420    1   27    3    2    0    2186
    1    1   12   12  446    1   28    3    3    1    1014
    1    1   13   13  413    1   26    3    1    0    1619
    1    1   14   14  308    1   20    2    3    0    2119
    1    1   15   15  455    1   29    3    2    0    9846
    1    1   16   16  195    1   13    2    1    0    1186
    1    1   17   17  397    1   25    3    3    1     503
    1    1   18   18  279    1   18    2    2    1     392
    1    1   19   19   85    1    6    1    1    1    1917
    1    1   20   20  224    1   14    2    3    0    3190
    1    1   21   21    7    1    1    1    2    0    2795
    1    1   22   22  135    1    9    1    3    0     416
    1    1   23   23   40    1    3    1    1    1    1524
    1    1   24   24  111    1    7    1    2    0     301
    1    1   25   25   55    1    4    1    3    0    1045
    1    1   26   26  125    1    8    1    1    1    7505
    1    1   27   27  337    1   22    3    1    0    1865
    1    1   28   28  190    1   12    2    2    1      19
    1    1   29   29  293    1   19    2    3    0     279
    1    1   30   30  405    1   26    3    2    0     209
    1    1   31   31  106    1    7    1    1    1     877
    1    1   32   32  229    1   15    2    1    0     976
    1    1   33   33  339    1   22    3    2    0     606
    1    1   34   34   34    1    3    1    2    0    1290
    1    1   35   35   73    1    5    1    3    0    1324
    1    1   36   36  306    1   20    2    2    1    2252
    1    1   37   37  355    1   23    3    1    0    2968
    1    1   38   38   72    1    5    1    2    0    1429
    1    1   39   39  297    1   19    2    1    0    2593
    1    1   40   40  267    1   17    2    2    1    2383
    1    1   41   41  395    1   25    3    1    0     436
    1    1   42   42  423    1   27    3    1    0    1015
    1    1   43   43  443    1   28    3    3    1    1507
    1    1   44   44  381    1   24    3    2    0    1501
    1    1   45   45  327    1   21    3    1    0     293
    1    1   46   46  186    1   12    2    1    0    4494
    1    1   47   47   16    1    1    1    2    0       0
    1    1   48   48  215    1   14    2    1    0     852
    1    1   49   49  376    1   24    3    3    1     215
    1    1   50   50  456    1   29    3    2    0     339
    1    1   51   51  272    1   17    2    1    0     603
    1    1   52   52  241    1   16    2    2    1    1367
    1    1   53   53  163    1   11    2    1    0     342
    1    1   54   54  238    1   15    2    2    1    2252
    1    1   55   55  465    1   30    3    1    0    1671
    1    1   56   56   31    1    2    1    1    1    3225
    1    1   57   57  278    1   18    2    3    0     382
    1    1   58   58  136    1    9    1    1    1     257
    1    1   59   59  203    1   13    2    2    1     221
    1    1   60   60  471    1   30    3    2    0     377
    1    2    1   61   62    1    4    1    1    1     335
    1    2    2   62  293    1   19    2    1    0    1655
    1    2    3   63  278    1   18    2    2    1    2266
    1    2    4   64  420    1   27    3    2    0     259
    1    2    5   65  224    1   14    2    1    0    1918
    1    2    6   66  381    1   24    3    3    1    2869
    1    2    7   67  465    1   30    3    2    0     279
    1    2    8   68   55    1    4    1    1    1     608
    1    2    9   69  339    1   22    3    2    0     110
    1    2   10   70  355    1   23    3    2    0    2158
    1    2   11   71  327    1   21    3    1    0    3005
    1    2   12   72  186    1   12    2    2    1    2137
    1    2   13   73  148    1   10    1    1    1       0
    1    2   14   74  106    1    7    1    2    0    1116
    1    2   15   75  136    1    9    1    3    0     437
    1    2   16   76  456    1   29    3    3    1    1544
    1    2   17   77  306    1   20    2    1    0    1488
    1    2   18   78  376    1   24    3    2    0    1081
    1    2   19   79   40    1    3    1    1    1     404
    1    2   20   80  443    1   28    3    2    0     375
    1    2   21   81   72    1    5    1    3    0     445
    1    2   22   82  267    1   17    2    1    0     497
    1    2   23   83  446    1   28    3    2    0     226
    1    2   24   84   17    1    2    1    3    0     398
    1    2   25   85  115    1    8    1    2    0    2739
    1    2   26   86  297    1   19    2    1    0    1947
    1    2   27   87   73    1    5    1    2    0     626
    1    2   28   88  423    1   27    3    3    1    1165
    1    2   29   89  308    1   20    2    1    0    4612
    1    2   30   90    7    1    1    1    2    0    1344
    1    2   31   91  395    1   25    3    3    1    1168
    1    2   32   92  190    1   12    2    1    0       0
    1    2   33   93   16    1    1    1    3    0    2490
    1    2   34   94  413    1   26    3    3    1     540
    1    2   35   95   34    1    3    1    2    0     731
    1    2   36   96  163    1   11    2    1    0    1954
    1    2   37   97  215    1   14    2    3    0    2841
    1    2   38   98  111    1    7    1    3    0     429
    1    2   39   99  455    1   29    3    1    0    5152
    1    2   40  100  229    1   15    2    2    1    1239
    1    2   41  101  405    1   26    3    3    1    1034
    1    2   42  102  250    1   16    2    2    1    2822
    1    2   43  103  330    1   21    3    1    0    3850
    1    2   44  104  146    1   10    1    3    0    2804
    1    2   45  105  238    1   15    2    1    0    1465
    1    2   46  106   96    1    6    1    2    0     292
    1    2   47  107  135    1    9    1    1    1    2525
    1    2   48  108  125    1    8    1    1    1   10205
    1    2   49  109  241    1   16    2    3    0    2362
    1    2   50  110  471    1   30    3    1    0    6640
    1    2   51  111   85    1    6    1    2    0     748
    1    2   52  112  195    1   13    2    2    1    2786
    1    2   53  113  337    1   22    3    3    1    4119
    1    2   54  114  397    1   25    3    1    0    1159
    1    2   55  115  170    1   11    2    1    0   12206
    1    2   56  116  203    1   13    2    2    1     715
    1    2   57  117   31    1    2    1    2    0     835
    1    2   58  118  279    1   18    2    3    0    1654
    1    2   59  119  272    1   17    2    2    1    2026
    1    2   60  120  359    1   23    3    1    0    2878
    1    3    1  121  241    1   16    2    2    1     736
    1    3    2  122  190    1   12    2    3    0    1319
    1    3    3  123  308    1   20    2    2    1    1223
    1    3    4  124  456    1   29    3    1    0    8748
    1    3    5  125  405    1   26    3    2    0     450
    1    3    6  126  355    1   23    3    3    1    1765
    1    3    7  127   96    1    6    1    2    0    1731
    1    3    8  128  135    1    9    1    1    1    4547
    1    3    9  129   17    1    2    1    2    0    1233
    1    3   10  130  170    1   11    2    3    0     308
    1    3   11  131  125    1    8    1    1    1    5965
    1    3   12  132  339    1   22    3    2    0    1444
    1    3   13  133  297    1   19    2    1    0   12239
    1    3   14  134   34    1    3    1    2    0    1545
    1    3   15  135  111    1    7    1    3    0    6416
    1    3   16  136  195    1   13    2    1    0    5701
    1    3   17  137  229    1   15    2    2    1    3654
    1    3   18  138   62    1    4    1    3    0    3945
    1    3   19  139   31    1    2    1    2    0    4768
    1    3   20  140  267    1   17    2    2    1   16470
    1    3   21  141  465    1   30    3    1    0    5304
    1    3   22  142   16    1    1    1    3    0    8057
    1    3   23  143  443    1   28    3    3    1    7756
    1    3   24  144  306    1   20    2    1    0    1083
    1    3   25  145  330    1   21    3    2    0     388
    1    3   26  146  420    1   27    3    1    0   26330
    1    3   27  147  381    1   24    3    2    0    1090
    1    3   28  148  272    1   17    2    1    0     426
    1    3   29  149  327    1   21    3    3    1     255
    1    3   30  150  455    1   29    3    2    0     282
    1    3   31  151  279    1   18    2    2    1     259
    1    3   32  152   55    1    4    1    1    1     238
    1    3   33  153  337    1   22    3    2    0     250
    1    3   34  154   73    1    5    1    3    0     852
    1    3   35  155  395    1   25    3    2    0    2119
    1    3   36  156  278    1   18    2    1    0   24519
    1    3   37  157  471    1   30    3    2    0    7366
    1    3   38  158  376    1   24    3    1    0    4885
    1    3   39  159  293    1   19    2    2    1     998
    1    3   40  160  136    1    9    1    3    0    1683
    1    3   41  161  224    1   14    2    2    1      20
    1    3   42  162  203    1   13    2    1    0     200
    1    3   43  163  397    1   25    3    2    0    1348
    1    3   44  164  106    1    7    1    1    1    1347
    1    3   45  165  238    1   15    2    3    0    1954
    1    3   46  166  446    1   28    3    3    1    5001
    1    3   47  167  215    1   14    2    1    0    1254
    1    3   48  168  148    1   10    1    2    0    4553
    1    3   49  169  359    1   23    3    1    0    1175
    1    3   50  170  250    1   16    2    1    0    2428
    1    3   51  171   72    1    5    1    1    1   12033
    1    3   52  172  115    1    8    1    2    0     325
    1    3   53  173   85    1    6    1    3    0     397
    1    3   54  174  186    1   12    2    3    0     275
    1    3   55  175  146    1   10    1    1    1     235
    1    3   56  176   40    1    3    1    2    0     455
    1    3   57  177  163    1   11    2    3    0     201
    1    3   58  178    7    1    1    1    1    1    4406
    1    3   59  179  423    1   27    3    2    0    1723
    1    3   60  180  413    1   26    3    1    0     442
    2    1    1  181   96    1    6    1    1    1    1177
    2    1    2  182  203    1   13    2    2    1     491
    2    1    3  183  147    0   10    1    3    0     232
    2    1    4  184  175    0   11    2    1    0    3749
    2    1    5  185   13    0    1    1    1    1    2734
    2    1    6  186  142    0    9    1    2    0    2066
    2    1    7  187  296    0   19    2    3    0    1616
    2    1    8  188  242    0   16    2    2    1    1631
    2    1    9  189  317    0   20    2    1    0    3663
    2    1   10  190   68    0    5    1    2    0    1405
    2    1   11  191  373    0   24    3    3    1    2278
    2    1   12  192  384    0   24    3    2    0    4541
    2    1   13  193  457    0   29    3    3    1    2182
    2    1   14  194    9    0    1    1    2    0    2321
    2    1   15  195  438    0   28    3    2    0    2933
    2    1   16  196  275    0   18    2    3    0    4528
    2    1   17  197  349    0   22    3    2    0    2668
    2    1   18  198   81    0    6    1    1    1    1538
    2    1   19  199  434    0   28    3    3    1    2369
    2    1   20  200    3    0    1    1    2    0    2120
    2    1   21  201  101    0    7    1    3    0    1588
    2    1   22  202  218    0   14    2    2    1    1046
    2    1   23  203  251    0   16    2    1    0    4093
    2    1   24  204  425    0   27    3    2    0    2730
    2    1   25  205  246    0   16    2    3    0    3661
    2    1   26  206  301    0   19    2    2    1    3020
    2    1   27  207  308    1   20    2    2    1    4916
    2    1   28  208  239    0   15    2    3    0    2304
    2    1   29  209   36    0    3    1    2    0    1510
    2    1   30  210  412    0   26    3    2    0    3162
    2    1   31  211  480    0   30    3    2    0    3565
    2    1   32  212  215    1   14    2    3    0     686
    2    1   33  213  365    0   23    3    2    0    4324
    2    1   34  214   84    0    6    1    2    0    4504
    2    1   35  215  318    0   20    2    3    0     470
    2    1   36  216  377    0   24    3    1    0    2835
    2    1   37  217  287    0   18    2    2    1    1987
    2    1   38  218  226    0   15    2    1    0    1477
    2    1   39  219  478    0   30    3    2    0    2011
    2    1   40  220   47    0    3    1    3    0    1499
    2    1   41  221  259    0   17    2    1    0    4400
    2    1   42  222  429    0   27    3    2    0     801
    2    1   43  223  280    0   18    2    3    0    3682
    2    1   44  224  141    0    9    1    2    0    1663
    2    1   45  225   88    0    6    1    1    1     590
    2    1   46  226  230    0   15    2    3    0     791
    2    1   47  227  352    0   22    3    2    0     552
    2    1   48  228  331    0   21    3    3    1    3507
    2    1   49  229   44    0    3    1    2    0     135
    2    1   50  230  250    1   16    2    1    0    4342
    2    1   51  231  303    0   19    2    3    0    2442
    2    1   52  232  150    0   10    1    2    0    1161
    2    1   53  233  469    0   30    3    2    0    4397
    2    1   54  234  299    0   19    2    3    0    4541
    2    1   55  235  279    1   18    2    2    1    3337
    2    1   56  236  371    0   24    3    2    0    3107
    2    1   57  237  286    0   18    2    3    0       0
    2    1   58  238   38    0    3    1    3    0    1087
    2    1   59  239  321    0   21    3    1    0    2370
    2    1   60  240  450    0   29    3    1    0    1412
    2    1   61  241  125    1    8    1    1    1    3789
    2    1   62  242  363    0   23    3    3    1    3175
    2    1   63  243   94    0    6    1    1    1    3273
    2    1   64  244  238    1   15    2    2    1   10279
    2    1   65  245  383    0   24    3    1    0   10594
    2    1   66  246  190    1   12    2    2    1    3438
    2    1   67  247  237    0   15    2    1    0    2214
    2    1   68  248  180    0   12    2    2    1    2766
    2    1   69  249    8    0    1    1    3    0    1473
    2    1   70  250   73    1    5    1    1    1    1479
    2    1   71  251  257    0   17    2    2    1    2652
    2    1   72  252  302    0   19    2    1    0    5971
    2    1   73  253  294    0   19    2    2    1    2102
    2    1   74  254  146    1   10    1    1    1    4995
    2    1   75  255  468    0   30    3    3    1    2940
    2    1   76  256  359    1   23    3    1    0    3879
    2    1   77  257  329    0   21    3    2    0    2892
    2    1   78  258  401    0   26    3    1    0    2730
    2    1   79  259  273    0   18    2    2    1    2478
    2    1   80  260   65    0    5    1    2    0    4971
    2    1   81  261  163    1   11    2    2    1    3477
    2    1   82  262  312    0   20    2    2    1    4203
    2    1   83  263   85    1    6    1    1    1    2452
    2    1   84  264  381    1   24    3    2    0    2484
    2    1   85  265   90    0    6    1    1    1    2240
    2    1   86  266  122    0    8    1    2    0    1607
    2    1   87  267  143    0    9    1    3    0     328
    2    1   88  268  225    0   15    2    3    0    1260
    2    1   89  269   97    0    7    1    2    0    1035
    2    1   90  270  217    0   14    2    1    0    1203
    2    1   91  271   20    0    2    1    2    0    2531
    2    1   92  272   79    0    5    1    3    0     430
    2    1   93  273  471    1   30    3    2    0     429
    2    1   94  274   92    0    6    1    3    0    2285
    2    1   95  275  168    0   11    2    2    1    4019
    2    1   96  276  439    0   28    3    1    0    6882
    2    1   97  277   53    0    4    1    2    0     880
    2    1   98  278   99    0    7    1    2    0    1517
    2    1   99  279  249    0   16    2    1    0    2288
    2    1  100  280   22    0    2    1    3    0    2231
    2    1  101  281  476    0   30    3    2    0    1486
    2    1  102  282  354    0   23    3    1    0    2931
    2    1  103  283  196    0   13    2    1    0    3087
    2    1  104  284  343    0   22    3    2    0   14229
    2    1  105  285  152    0   10    1    1    1    1041
    2    1  106  286  183    0   12    2    2    1    3209
    2    1  107  287  185    0   12    2    1    0   13450
    2    1  108  288  116    0    8    1    2    0     388
    2    1  109  289  347    0   22    3    1    0     630
    2    1  110  290   37    0    3    1    3    0    2270
    2    1  111  291  309    0   20    2    1    0    1539
    2    1  112  292  162    0   11    2    2    1    1350
    2    1  113  293  345    0   22    3    2    0    4673
    2    1  114  294  378    0   24    3    1    0    3287
    2    1  115  295  431    0   27    3    2    0     292
    2    1  116  296  466    0   30    3    3    1    1594
    2    1  117  297   29    0    2    1    2    0     891
    2    1  118  298  424    0   27    3    1    0    1049
    2    1  119  299  127    0    8    1    1    1    5567
    2    1  120  300  135    1    9    1    1    1    3122
    2    1  121  301  445    0   28    3    2    0    1781
    2    1  122  302  417    0   27    3    3    1     943
    2    1  123  303  154    0   10    1    1    1    3514
    2    1  124  304   80    0    5    1    2    0    1406
    2    1  125  305  263    0   17    2    3    0     279
    2    1  126  306   31    1    2    1    1    1     301
    2    1  127  307  214    0   14    2    2    1     450
    2    1  128  308  144    0    9    1    3    0    2480
    2    1  129  309  420    1   27    3    2    0    1885
    2    1  130  310  295    0   19    2    1    0     611
    2    1  131  311  252    0   16    2    2    1    1035
    2    1  132  312  105    0    7    1    3    0     754
    2    1  133  313  379    0   24    3    2    0    1414
    2    1  134  314  334    0   21    3    1    0     830
    2    1  135  315  229    1   15    2    1    0    1885
    2    1  136  316    2    0    1    1    2    0    1843
    2    1  137  317  139    0    9    1    1    1     633
    2    1  138  318  399    0   25    3    2    0     529
    2    1  139  319  453    0   29    3    3    1     365
    2    1  140  320   71    0    5    1    2    0    1230
    2    1  141  321  409    0   26    3    1    0     286
    2    1  142  322  202    0   13    2    2    1     387
    2    1  143  323   74    0    5    1    3    0     276
    2    1  144  324  392    0   25    3    2    0     235
    2    1  145  325  103    0    7    1    3    0     246
    2    1  146  326  368    0   23    3    2    0    2961
    2    1  147  327  338    0   22    3    1    0    1483
    2    1  148  328  240    0   15    2    3    0    1585
    2    1  149  329  276    0   18    2    1    0    3185
    2    1  150  330   67    0    5    1    2    0    2594
    2    1  151  331  235    0   15    2    2    1    2765
    2    1  152  332  360    0   23    3    2    0    1966
    2    1  153  333   62    1    4    1    1    1     785
    2    1  154  334  264    0   17    2    2    1    1650
    2    1  155  335  472    0   30    3    3    1    1104
    2    1  156  336    7    1    1    1    1    1    1333
    2    1  157  337    5    0    1    1    3    0    1201
    2    1  158  338   61    0    4    1    1    1     562
    2    1  159  339   77    0    5    1    2    0    1837
    2    1  160  340  167    0   11    2    3    0     852
    2    1  161  341   33    0    3    1    2    0    1732
    2    1  162  342  182    0   12    2    3    0     590
    2    1  163  343   57    0    4    1    2    0    2024
    2    1  164  344  290    0   19    2    1    0    2999
    2    1  165  345  385    0   25    3    3    1    1632
    2    1  166  346  233    0   15    2    1    0    2191
    2    1  167  347  326    0   21    3    2    0     825
    2    1  168  348  104    0    7    1    3    0    1081
    2    1  169  349  370    0   24    3    1    0    2718
    2    1  170  350  119    0    8    1    2    0    3458
    2    1  171  351  120    0    8    1    3    0    1338
    2    1  172  352  336    0   21    3    2    0     725
    2    1  173  353  118    0    8    1    3    0     569
    2    1  174  354  415    0   26    3    2    0    1555
    2    1  175  355  459    0   29    3    3    1     694
    2    1  176  356  419    0   27    3    2    0    1244
    2    1  177  357  433    0   28    3    1    0    2027
    2    1  178  358  427    0   27    3    3    1    1130
    2    1  179  359  200    0   13    2    1    0    1037
    2    1  180  360  288    0   18    2    2    1     741
    2    1  181  361  187    0   12    2    3    0    1978
    2    1  182  362  432    0   27    3    2    0     827
    2    1  183  363  149    0   10    1    1    1     539
    2    1  184  364   46    0    3    1    1    1    4439
    2    1  185  365  319    0   20    2    2    1     775
    2    1  186  366  231    0   15    2    2    1    2425
    2    1  187  367  158    0   10    1    3    0     569
    2    1  188  368  300    0   19    2    1    0    3107
    2    1  189  369  374    0   24    3    2    0    1863
    2    1  190  370   76    0    5    1    3    0    2702
    2    1  191  371  367    0   23    3    2    0    4098
    2    1  192  372  306    1   20    2    1    0    1743
    2    1  193  373  340    0   22    3    3    1    1163
    2    1  194  374   98    0    7    1    1    1    2094
    2    1  195  375  344    0   22    3    2    0     842
    2    1  196  376  106    1    7    1    3    0     378
    2    1  197  377  406    0   26    3    2    0    1564
    2    1  198  378  333    0   21    3    1    0     622
    2    1  199  379  277    0   18    2    1    0    2997
    2    1  200  380   25    0    2    1    3    0     830
    2    1  201  381  124    0    8    1    1    1    6573
    2    1  202  382   72    1    5    1    1    1    4280
    2    1  203  383  289    0   19    2    2    1    1278
    2    1  204  384  460    0   29    3    3    1    2395
    2    1  205  385  145    0   10    1    1    1    3741
    2    1  206  386  292    0   19    2    1    0    3944
    2    1  207  387  165    0   11    2    3    0    1739
    2    1  208  388  265    0   17    2    1    0    3640
    2    1  209  389  210    0   14    2    1    0    3175
    2    1  210  390  449    0   29    3    1    0    6729
    2    1  211  391  393    0   25    3    1    0    2844
    2    1  212  392  452    0   29    3    2    0     379
    2    1  213  393   43    0    3    1    3    0     606
    2    1  214  394  418    0   27    3    1    0     807
    2    1  215  395  157    0   10    1    1    1    2184
    2    1  216  396  169    0   11    2    1    0    2417
    2    1  217  397  110    0    7    1    3    0     320
    2    1  218  398  224    1   14    2    1    0    2262
    2    1  219  399  372    0   24    3    1    0     987
    2    1  220  400  260    0   17    2    3    0    1045
    2    1  221  401   56    0    4    1    2    0    3307
    2    1  222  402  172    0   11    2    1    0    2983
    2    1  223  403   24    0    2    1    3    0    1793
    2    1  224  404  441    0   28    3    1    0     394
    2    1  225  405  327    1   21    3    1    0    1483
    2    1  226  406   91    0    6    1    3    0    1841
    2    1  227  407  121    0    8    1    1    1     408
    2    1  228  408  138    0    9    1    2    0    3033
    2    1  229  409  291    0   19    2    1    0     929
    2    1  230  410  413    1   26    3    1    0    3181
    2    1  231  411   50    0    4    1    2    0    1758
    2    1  232  412  407    0   26    3    3    1    1576
    2    1  233  413  267    1   17    2    2    1    5546
    2    1  234  414  272    1   17    2    1    0    3629
    2    1  235  415  455    1   29    3    3    1    6157
    2    1  236  416  197    0   13    2    2    1    1032
    2    1  237  417  129    0    9    1    3    0    1007
    2    1  238  418  443    1   28    3    1    0    2279
    2    1  239  419  219    0   14    2    2    1    1773
    2    1  240  420  339    1   22    3    1    0    2343
    2    1  241  421  253    0   16    2    2    1    2298
    2    1  242  422  117    0    8    1    3    0    4430
    2    1  243  423  462    0   29    3    3    1     414
    2    1  244  424  380    0   24    3    1    0    1135
    2    1  245  425  151    0   10    1    2    0    2276
    2    1  246  426    6    0    1    1    1    1    4248
    2    1  247  427  477    0   30    3    2    0    1599
    2    1  248  428   75    0    5    1    2    0    2161
    2    1  249  429  271    0   17    2    2    1    1787
    2    1  250  430  244    0   16    2    3    0    1141
    2    1  251  431  132    0    9    1    1    1    1895
    2    1  252  432  461    0   29    3    2    0     605
    2    1  253  433  282    0   18    2    1    0    1430
    2    1  254  434  248    0   16    2    2    1    2142
    2    1  255  435  426    0   27    3    1    0    3913
    2    1  256  436  398    0   25    3    2    0    1293
    2    1  257  437   28    0    2    1    1    1     986
    2    1  258  438  298    0   19    2    2    1    1683
    2    1  259  439   40    1    3    1    1    1   10290
    2    1  260  440   15    0    1    1    2    0     779
    2    1  261  441  402    0   26    3    2    0    1501
    2    1  262  442  405    1   26    3    3    1    2706
    2    1  263  443  479    0   30    3    1    0    2870
    2    1  264  444  148    1   10    1    2    0    3924
    2    1  265  445   82    0    6    1    1    1    1928
    2    1  266  446  140    0    9    1    2    0    1212
    2    1  267  447  199    0   13    2    3    0     940
    2    1  268  448   52    0    4    1    1    1    3640
    2    1  269  449  437    0   28    3    2    0    1351
    2    1  270  450  278    1   18    2    1    0    1426
    2    1  271  451  247    0   16    2    2    1    3034
    2    1  272  452  204    0   13    2    3    0     657
    2    1  273  453   35    0    3    1    1    1     856
    2    1  274  454  416    0   26    3    2    0     726
    2    1  275  455  223    0   14    2    1    0     747
    2    1  276  456  274    0   18    2    1    0    2429
    2    1  277  457  475    0   30    3    2    0    2653
    2    1  278  458  320    0   20    2    1    0     435
    2    1  279  459  356    0   23    3    2    0    1267
    2    1  280  460  355    1   23    3    3    1    1489
    2    1  281  461  258    0   17    2    1    0    1271
    2    1  282  462  256    0   16    2    3    0    1380
    2    1  283  463  324    0   21    3    1    0    1214
    2    1  284  464  463    0   29    3    2    0     846
    2    1  285  465  220    0   14    2    2    1    2109
    2    1  286  466  208    0   13    2    3    0    2170
    2    1  287  467   93    0    6    1    2    0     916
    2    1  288  468  177    0   12    2    1    0     848
    2    1  289  469  212    0   14    2    2    1     927
    2    1  290  470   32    0    2    1    1    1    2283
    2    1  291  471   39    0    3    1    3    0    1712
    2    1  292  472  351    0   22    3    1    0    1964
    2    1  293  473   89    0    6    1    2    0    2110
    2    1  294  474  241    1   16    2    3    0    1545
    2    1  295  475  164    0   11    2    2    1    3133
    2    1  296  476  130    0    9    1    1    1     737
    2    1  297  477  361    0   23    3    1    0    1396
    2    1  298  478  456    1   29    3    3    1    1053
    2    1  299  479  358    0   23    3    2    0     531
    2    1  300  480  422    0   27    3    1    0    1568
