    1    1    1    1  424    1   27    3    1    0    7095
    1    1    2    2  267    1   17    2    3    0    1693
    1    1    3    3  406    1   26    3    1    0    2071
    1    1    4    4   37    1    3    1    2    0    1164
    1    1    5    5  201    1   13    2    1    0     460
    1    1    6    6  120    1    8    1    1    1     242
    1    1    7    7  252    1   16    2    3    0     929
    1    1    8    8   15    1    1    1    3    0    1301
    1    1    9    9  408    1   26    3    2    0     924
    1    1   10   10  271    1   17    2    1    0     458
    1    1   11   11   80    1    5    1    1    1     266
    1    1   12   12  266    1   17    2    1    0     369
    1    1   13   13  216    1   14    2    2    1     384
    1    1   14   14  272    1   17    2    3    0     488
    1    1   15   15  380    1   24    3    1    0     437
    1    1   16   16  356    1   23    3    2    0     337
    1    1   17   17  164    1   11    2    1    0     440
    1    1   18   18  240    1   15    2    3    0     784
    1    1   19   19   52    1    4    1    1    1     309
    1    1   20   20  387    1   25    3    2    0     994
    1    1   21   21  471    1   30    3    1    0     800
    1    1   22   22   53    1    4    1    1    1     309
    1    1   23   23  479    1   30    3    2    0     415
    1    1   24   24  448    1   28    3    2    0    1493
    1    1   25   25  360    1   23    3    2    0    4430
    1    1   26   26  353    1   23    3    3    1     692
    1    1   27   27  269    1   17    2    1    0     877
    1    1   28   28  217    1   14    2    2    1     701
    1    1   29   29  289    1   19    2    1    0     750
    1    1   30   30  473    1   30    3    2    0     578
    1    1   31   31  117    1    8    1    3    0    1123
    1    1   32   32   38    1    3    1    1    1     314
    1    1   33   33   33    1    3    1    1    1     415
    1    1   34   34  359    1   23    3    1    0     828
    1    1   35   35   58    1    4    1    2    0     497
    1    1   36   36    6    1    1    1    3    0     417
    1    1   37   37  411    1   26    3    1    0     539
    1    1   38   38   56    1    4    1    2    0     460
    1    1   39   39  396    1   25    3    1    0     655
    1    1   40   40  409    1   26    3    1    0     593
    1    1   41   41   66    1    5    1    2    0     661
    1    1   42   42  290    1   19    2    3    0     699
    1    1   43   43  182    1   12    2    1    0     512
    1    1   44   44  465    1   30    3    2    0     563
    1    1   45   45   36    1    3    1    3    0     715
    1    1   46   46  245    1   16    2    1    0    1016
    1    1   47   47   35    1    3    1    3    0     836
    1    1   48   48  212    1   14    2    2    1     427
    1    1   49   49  276    1   18    2    2    1     509
    1    1   50   50   71    1    5    1    2    0     439
    1    1   51   51  280    1   18    2    3    0     376
    1    1   52   52  121    1    8    1    1    1     226
    1    1   53   53  476    1   30    3    1    0     248
    1    1   54   54    4    1    1    1    3    0     341
    1    1   55   55   49    1    4    1    2    0     224
    1    1   56   56  250    1   16    2    2    1     240
    1    1   57   57  340    1   22    3    3    1     459
    1    1   58   58  219    1   14    2    1    0     466
    1    1   59   59   16    1    1    1    2    0     693
    1    1   60   60  326    1   21    3    3    1     537
    1    2    1   61  409    1   26    3    3    1    1725
    1    2    2   62  380    1   24    3    1    0    1074
    1    2    3   63  117    1    8    1    2    0    1062
    1    2    4   64  359    1   23    3    3    1     632
    1    2    5   65  424    1   27    3    3    1    9126
    1    2    6   66  182    1   12    2    3    0     626
    1    2    7   67  240    1   15    2    1    0     729
    1    2    8   68  216    1   14    2    2    1     470
    1    2    9   69  250    1   16    2    3    0     583
    1    2   10   70  356    1   23    3    3    1     806
    1    2   11   71  326    1   21    3    3    1     651
    1    2   12   72   36    1    3    1    3    0     646
    1    2   13   73  280    1   18    2    1    0     538
    1    2   14   74  476    1   30    3    2    0     501
    1    2   15   75   56    1    4    1    3    0     412
    1    2   16   76    6    1    1    1    1    1     764
    1    2   17   77  266    1   17    2    3    0     758
    1    2   18   78  219    1   14    2    1    0     482
    1    2   19   79  408    1   26    3    2    0     511
    1    2   20   80   33    1    3    1    3    0     402
    1    2   21   81   16    1    1    1    1    1     696
    1    2   22   82  396    1   25    3    2    0     695
    1    2   23   83  121    1    8    1    3    0     817
    1    2   24   84  406    1   26    3    1    0     587
    1    2   25   85  217    1   14    2    3    0    4095
    1    2   26   86  252    1   16    2    1    0    1176
    1    2   27   87  267    1   17    2    2    1     674
    1    2   28   88  120    1    8    1    2    0    2823
    1    2   29   89  340    1   22    3    3    1     803
    1    2   30   90  201    1   13    2    3    0     597
    1    2   31   91   15    1    1    1    2    0     552
    1    2   32   92  164    1   11    2    3    0     885
    1    2   33   93   66    1    5    1    3    0     639
    1    2   34   94  271    1   17    2    1    0    1001
    1    2   35   95    4    1    1    1    2    0     612
    1    2   36   96  269    1   17    2    3    0     432
    1    2   37   97  212    1   14    2    2    1     393
    1    2   38   98  290    1   19    2    3    0     621
    1    2   39   99   80    1    5    1    2    0     328
    1    2   40  100   71    1    5    1    3    0     487
    1    2   41  101  276    1   18    2    1    0     372
    1    2   42  102   49    1    4    1    2    0     356
    1    2   43  103  411    1   26    3    3    1     412
    1    2   44  104  473    1   30    3    3    1     495
    1    2   45  105  465    1   30    3    1    0     421
    1    2   46  106  272    1   17    2    3    0     970
    1    2   47  107   53    1    4    1    2    0    2617
    1    2   48  108  245    1   16    2    3    0     682
    1    2   49  109   35    1    3    1    2    0     573
    1    2   50  110   38    1    3    1    3    0     592
    1    2   51  111   52    1    4    1    1    1     560
    1    2   52  112  387    1   25    3    1    0     559
    1    2   53  113  360    1   23    3    3    1    1206
    1    2   54  114  353    1   23    3    3    1     542
    1    2   55  115   37    1    3    1    3    0    1331
    1    2   56  116  289    1   19    2    3    0     855
    1    2   57  117   58    1    4    1    3    0     613
    1    2   58  118  448    1   28    3    2    0     962
    1    2   59  119  471    1   30    3    2    0     505
    1    2   60  120  479    1   30    3    3    1     645
    1    3    1  121   16    1    1    1    2    0    1700
    1    3    2  122  271    1   17    2    1    0     804
    1    3    3  123  117    1    8    1    3    0    1322
    1    3    4  124  387    1   25    3    3    1    1170
    1    3    5  125   49    1    4    1    2    0    1227
    1    3    6  126  359    1   23    3    3    1    1133
    1    3    7  127  289    1   19    2    1    0    2599
    1    3    8  128   52    1    4    1    3    0     725
    1    3    9  129   80    1    5    1    1    1    1132
    1    3   10  130   56    1    4    1    2    0    1228
    1    3   11  131   15    1    1    1    3    0     618
    1    3   12  132  250    1   16    2    2    1     457
    1    3   13  133    6    1    1    1    2    0     793
    1    3   14  134  212    1   14    2    1    0     663
    1    3   15  135  182    1   12    2    1    0     433
    1    3   16  136   38    1    3    1    1    1     832
    1    3   17  137   58    1    4    1    2    0     700
    1    3   18  138  164    1   11    2    1    0     683
    1    3   19  139   36    1    3    1    2    0     781
    1    3   20  140  356    1   23    3    3    1     682
    1    3   21  141  479    1   30    3    1    0     963
    1    3   22  142   66    1    5    1    1    1     665
    1    3   23  143  326    1   21    3    3    1     862
    1    3   24  144  272    1   17    2    1    0    2113
    1    3   25  145  353    1   23    3    3    1     596
    1    3   26  146  408    1   26    3    3    1     667
    1    3   27  147  245    1   16    2    1    0     849
    1    3   28  148  280    1   18    2    3    0     884
    1    3   29  149   35    1    3    1    1    1    1009
    1    3   30  150  290    1   19    2    3    0     614
    1    3   31  151  216    1   14    2    3    0     637
    1    3   32  152  409    1   26    3    3    1     683
    1    3   33  153  269    1   17    2    1    0     604
    1    3   34  154  252    1   16    2    3    0     884
    1    3   35  155  219    1   14    2    2    1     671
    1    3   36  156  471    1   30    3    3    1     660
    1    3   37  157  121    1    8    1    2    0     694
    1    3   38  158  465    1   30    3    3    1     670
    1    3   39  159  411    1   26    3    1    0     888
    1    3   40  160  276    1   18    2    3    0     708
    1    3   41  161  201    1   13    2    3    0    1274
    1    3   42  162  380    1   24    3    1    0     681
    1    3   43  163    4    1    1    1    3    0    1173
    1    3   44  164  406    1   26    3    2    0    3614
    1    3   45  165  448    1   28    3    3    1     699
    1    3   46  166   71    1    5    1    1    1    1323
    1    3   47  167  473    1   30    3    3    1     840
    1    3   48  168  424    1   27    3    3    1     780
    1    3   49  169  360    1   23    3    3    1    1315
    1    3   50  170   33    1    3    1    1    1     611
    1    3   51  171  120    1    8    1    1    1    1125
    1    3   52  172   53    1    4    1    3    0    1214
    1    3   53  173  266    1   17    2    2    1     651
    1    3   54  174  340    1   22    3    3    1     720
    1    3   55  175  396    1   25    3    2    0    1244
    1    3   56  176  217    1   14    2    3    0     633
    1    3   57  177  476    1   30    3    3    1     711
    1    3   58  178  240    1   15    2    2    1    1992
    1    3   59  179   37    1    3    1    1    1     701
    1    3   60  180  267    1   17    2    3    0     616
    2    1    1  181   15    1    1    1    3    0    1705
    2    1    2  182   81    0    6    1    3    0     595
    2    1    3  183  257    0   17    2    3    0    3467
    2    1    4  184  136    0    9    1    2    0     804
    2    1    5  185  143    0    9    1    2    0     752
    2    1    6  186  242    0   16    2    2    1    2845
    2    1    7  187  377    0   24    3    3    1     705
    2    1    8  188  126    0    8    1    3    0    1012
    2    1    9  189    5    0    1    1    1    1     595
    2    1   10  190  395    0   25    3    2    0    1289
    2    1   11  191  473    1   30    3    3    1    1094
    2    1   12  192  165    0   11    2    1    0     573
    2    1   13  193  170    0   11    2    1    0     553
    2    1   14  194   48    0    3    1    1    1     408
    2    1   15  195  369    0   24    3    1    0    1623
    2    1   16  196   83    0    6    1    3    0     586
    2    1   17  197  202    0   13    2    1    0     547
    2    1   18  198  449    0   29    3    3    1     496
    2    1   19  199  108    0    7    1    1    1     639
    2    1   20  200  166    0   11    2    2    1     733
    2    1   21  201  330    0   21    3    3    1     572
    2    1   22  202   50    0    4    1    2    0     681
    2    1   23  203  160    0   10    1    2    0     611
    2    1   24  204  354    0   23    3    3    1     546
    2    1   25  205  359    1   23    3    3    1     809
    2    1   26  206  334    0   21    3    3    1    1053
    2    1   27  207  130    0    9    1    2    0     883
    2    1   28  208   95    0    6    1    3    0     592
    2    1   29  209   43    0    3    1    1    1     600
    2    1   30  210   82    0    6    1    3    0     546
    2    1   31  211  272    1   17    2    2    1     916
    2    1   32  212   55    0    4    1    1    1    2467
    2    1   33  213  382    0   24    3    1    0     963
    2    1   34  214  122    0    8    1    1    1     878
    2    1   35  215   26    0    2    1    3    0    1141
    2    1   36  216  336    0   21    3    3    1     560
    2    1   37  217   52    1    4    1    1    1     686
    2    1   38  218  437    0   28    3    3    1    1086
    2    1   39  219  145    0   10    1    1    1    1976
    2    1   40  220  129    0    9    1    2    0    1852
    2    1   41  221  236    0   15    2    3    0     626
    2    1   42  222  198    0   13    2    2    1    3661
    2    1   43  223  261    0   17    2    2    1     915
    2    1   44  224  318    0   20    2    2    1    1026
    2    1   45  225  389    0   25    3    3    1    5002
    2    1   46  226  233    0   15    2    3    0     949
    2    1   47  227  353    1   23    3    3    1     590
    2    1   48  228  414    0   26    3    3    1     988
    2    1   49  229  477    0   30    3    2    0     626
    2    1   50  230  387    1   25    3    3    1     817
    2    1   51  231  427    0   27    3    3    1     642
    2    1   52  232  148    0   10    1    2    0     649
    2    1   53  233   71    1    5    1    1    1     387
    2    1   54  234   25    0    2    1    2    0     774
    2    1   55  235  153    0   10    1    1    1     882
    2    1   56  236  134    0    9    1    2    0     654
    2    1   57  237  379    0   24    3    3    1     454
    2    1   58  238  286    0   18    2    3    0     541
    2    1   59  239   89    0    6    1    3    0     495
    2    1   60  240  144    0    9    1    2    0     555
    2    1   61  241  435    0   28    3    3    1     950
    2    1   62  242  367    0   23    3    3    1    1128
    2    1   63  243  178    0   12    2    3    0     541
    2    1   64  244  460    0   29    3    2    0     638
    2    1   65  245  333    0   21    3    3    1     511
    2    1   66  246  461    0   29    3    2    0     547
    2    1   67  247  373    0   24    3    1    0     728
    2    1   68  248  241    0   16    2    3    0    1101
    2    1   69  249  105    0    7    1    3    0     842
    2    1   70  250  195    0   13    2    2    1     680
    2    1   71  251  283    0   18    2    3    0     890
    2    1   72  252  433    0   28    3    3    1     592
    2    1   73  253  109    0    7    1    2    0     873
    2    1   74  254  271    1   17    2    3    0     597
    2    1   75  255  177    0   12    2    3    0     627
    2    1   76  256  298    0   19    2    2    1    1117
    2    1   77  257  430    0   27    3    3    1     620
    2    1   78  258   11    0    1    1    1    1     858
    2    1   79  259  244    0   16    2    3    0     999
    2    1   80  260   29    0    2    1    3    0     418
    2    1   81  261  159    0   10    1    3    0     464
    2    1   82  262  267    1   17    2    3    0     453
    2    1   83  263  308    0   20    2    3    0     873
    2    1   84  264    6    1    1    1    1    1     742
    2    1   85  265    7    0    1    1    1    1     457
    2    1   86  266  406    1   26    3    2    0     735
    2    1   87  267   75    0    5    1    1    1     528
    2    1   88  268  285    0   18    2    2    1     925
    2    1   89  269  410    0   26    3    3    1    1079
    2    1   90  270  364    0   23    3    3    1     862
    2    1   91  271  441    0   28    3    3    1     647
    2    1   92  272  329    0   21    3    3    1    1041
    2    1   93  273  462    0   29    3    3    1    1112
    2    1   94  274  288    0   18    2    3    0    1024
    2    1   95  275  439    0   28    3    3    1     544
    2    1   96  276   65    0    5    1    3    0     571
    2    1   97  277   53    1    4    1    3    0     706
    2    1   98  278  476    1   30    3    2    0     811
    2    1   99  279  231    0   15    2    2    1     768
    2    1  100  280   77    0    5    1    2    0    2018
    2    1  101  281   45    0    3    1    1    1     759
    2    1  102  282  443    0   28    3    3    1    1932
    2    1  103  283  278    0   18    2    2    1    1338
    2    1  104  284  141    0    9    1    2    0    1127
    2    1  105  285  383    0   24    3    1    0    5044
    2    1  106  286  110    0    7    1    3    0    5289
    2    1  107  287  246    0   16    2    3    0     810
    2    1  108  288  266    1   17    2    2    1    1646
    2    1  109  289  137    0    9    1    2    0     690
    2    1  110  290   87    0    6    1    3    0     596
    2    1  111  291  413    0   26    3    3    1    1019
    2    1  112  292  191    0   12    2    3    0     581
    2    1  113  293  106    0    7    1    3    0    1461
    2    1  114  294  203    0   13    2    1    0    3991
    2    1  115  295  344    0   22    3    1    0    1818
    2    1  116  296  208    0   13    2    1    0    7832
    2    1  117  297  101    0    7    1    3    0     910
    2    1  118  298  425    0   27    3    3    1     901
    2    1  119  299  348    0   22    3    3    1    1496
    2    1  120  300  470    0   30    3    3    1     649
    2    1  121  301  127    0    8    1    3    0    1133
    2    1  122  302  172    0   11    2    3    0     465
    2    1  123  303  262    0   17    2    3    0     491
    2    1  124  304  409    1   26    3    3    1     494
    2    1  125  305  252    1   16    2    3    0     415
    2    1  126  306  436    0   28    3    3    1     462
    2    1  127  307   60    0    4    1    2    0     590
    2    1  128  308  468    0   30    3    3    1     528
    2    1  129  309  295    0   19    2    3    0     396
    2    1  130  310  326    1   21    3    3    1     492
    2    1  131  311  147    0   10    1    3    0     793
    2    1  132  312  472    0   30    3    3    1     619
    2    1  133  313  393    0   25    3    3    1     709
    2    1  134  314  418    0   27    3    3    1     516
    2    1  135  315  212    1   14    2    2    1     780
    2    1  136  316  227    0   15    2    3    0     560
    2    1  137  317  121    1    8    1    3    0     637
    2    1  138  318  466    0   30    3    3    1     527
    2    1  139  319  478    0   30    3    3    1     501
    2    1  140  320  220    0   14    2    2    1    1109
    2    1  141  321  299    0   19    2    2    1    1095
    2    1  142  322  405    0   26    3    2    0    1656
    2    1  143  323  125    0    8    1    3    0    1402
    2    1  144  324  440    0   28    3    3    1     561
    2    1  145  325   35    1    3    1    1    1    1438
    2    1  146  326   34    0    3    1    1    1    1465
    2    1  147  327   96    0    6    1    3    0     669
    2    1  148  328  432    0   27    3    3    1     623
    2    1  149  329  311    0   20    2    2    1     802
    2    1  150  330    4    1    1    1    2    0    1093
    2    1  151  331  442    0   28    3    3    1     765
    2    1  152  332  194    0   13    2    2    1    3966
    2    1  153  333   28    0    2    1    2    0     659
    2    1  154  334   94    0    6    1    3    0     795
    2    1  155  335  169    0   11    2    1    0    2011
    2    1  156  336   58    1    4    1    2    0     928
    2    1  157  337  319    0   20    2    2    1     773
    2    1  158  338  228    0   15    2    2    1    1131
    2    1  159  339  343    0   22    3    2    0     735
    2    1  160  340  317    0   20    2    2    1    2515
    2    1  161  341   56    1    4    1    2    0    1196
    2    1  162  342  182    1   12    2    2    1     844
    2    1  163  343  163    0   11    2    3    0     736
    2    1  164  344  131    0    9    1    2    0     590
    2    1  165  345  303    0   19    2    2    1    1217
    2    1  166  346  399    0   25    3    2    0    1905
    2    1  167  347   42    0    3    1    1    1     853
    2    1  168  348  158    0   10    1    2    0     616
    2    1  169  349  139    0    9    1    2    0     499
    2    1  170  350  316    0   20    2    2    1    1096
    2    1  171  351   76    0    5    1    1    1     786
    2    1  172  352  218    0   14    2    2    1    1117
    2    1  173  353  296    0   19    2    2    1     622
    2    1  174  354  290    1   19    2    2    1     696
    2    1  175  355  376    0   24    3    2    0    1003
    2    1  176  356  378    0   24    3    2    0     711
    2    1  177  357  181    0   12    2    3    0     673
    2    1  178  358  304    0   19    2    3    0     865
    2    1  179  359  398    0   25    3    2    0     632
    2    1  180  360  355    0   23    3    3    1     815
    2    1  181  361  340    1   22    3    3    1     674
    2    1  182  362   73    0    5    1    3    0     896
    2    1  183  363  342    0   22    3    3    1     654
    2    1  184  364  362    0   23    3    3    1     716
    2    1  185  365  314    0   20    2    2    1     623
    2    1  186  366  419    0   27    3    2    0     820
    2    1  187  367  249    0   16    2    2    1    1216
    2    1  188  368  168    0   11    2    3    0     706
    2    1  189  369   98    0    7    1    3    0     822
    2    1  190  370  384    0   24    3    3    1     843
    2    1  191  371  255    0   16    2    3    0    1065
    2    1  192  372  204    0   13    2    3    0     807
    2    1  193  373  372    0   24    3    3    1    1549
    2    1  194  374   57    0    4    1    3    0     481
    2    1  195  375  479    1   30    3    2    0     519
    2    1  196  376   40    0    3    1    1    1     965
    2    1  197  377   93    0    6    1    3    0     619
    2    1  198  378  224    0   14    2    2    1     606
    2    1  199  379  222    0   14    2    2    1     865
    2    1  200  380  366    0   23    3    3    1     582
    2    1  201  381   44    0    3    1    1    1     625
    2    1  202  382  363    0   23    3    3    1     574
    2    1  203  383  184    0   12    2    3    0     562
    2    1  204  384   66    1    5    1    1    1     571
    2    1  205  385  107    0    7    1    3    0    2956
    2    1  206  386  434    0   28    3    3    1     552
    2    1  207  387  341    0   22    3    3    1     986
    2    1  208  388  280    1   18    2    2    1     604
    2    1  209  389  256    0   16    2    2    1     885
    2    1  210  390  118    0    8    1    1    1     545
    2    1  211  391  403    0   26    3    2    0     575
    2    1  212  392  193    0   13    2    3    0    1004
    2    1  213  393  282    0   18    2    3    0     554
    2    1  214  394  306    0   20    2    2    1     605
    2    1  215  395  397    0   25    3    2    0     561
    2    1  216  396  464    0   29    3    3    1    2088
    2    1  217  397   62    0    4    1    3    0     524
    2    1  218  398   38    1    3    1    1    1     404
    2    1  219  399  358    0   23    3    3    1     635
    2    1  220  400  124    0    8    1    1    1     582
    2    1  221  401  346    0   22    3    1    0    1329
    2    1  222  402  268    0   17    2    2    1    1412
    2    1  223  403  310    0   20    2    2    1     453
    2    1  224  404  113    0    8    1    2    0     651
    2    1  225  405  102    0    7    1    3    0    1678
    2    1  226  406  390    0   25    3    3    1     927
    2    1  227  407  357    0   23    3    3    1     538
    2    1  228  408  309    0   20    2    3    0    1284
    2    1  229  409  154    0   10    1    1    1     625
    2    1  230  410  151    0   10    1    2    0     596
    2    1  231  411  475    0   30    3    3    1     601
    2    1  232  412  254    0   16    2    2    1    1128
    2    1  233  413  289    1   19    2    2    1     665
    2    1  234  414  351    0   22    3    1    0    1047
    2    1  235  415  189    0   12    2    3    0     602
    2    1  236  416  426    0   27    3    3    1    1223
    2    1  237  417  135    0    9    1    2    0    3514
    2    1  238  418   72    0    5    1    1    1     509
    2    1  239  419  210    0   14    2    2    1     643
    2    1  240  420  214    0   14    2    3    0     862
    2    1  241  421  415    0   26    3    2    0     727
    2    1  242  422  269    1   17    2    2    1     615
    2    1  243  423  307    0   20    2    2    1     655
    2    1  244  424  234    0   15    2    3    0     578
    2    1  245  425  438    0   28    3    2    0    1431
    2    1  246  426  279    0   18    2    2    1     699
    2    1  247  427  313    0   20    2    2    1    1386
    2    1  248  428  396    1   25    3    2    0    1167
    2    1  249  429  328    0   21    3    3    1     902
    2    1  250  430  332    0   21    3    3    1     607
    2    1  251  431  331    0   21    3    3    1    1403
    2    1  252  432  188    0   12    2    3    0     649
    2    1  253  433   32    0    2    1    2    0     524
    2    1  254  434  360    1   23    3    3    1     489
    2    1  255  435   46    0    3    1    1    1     412
    2    1  256  436  445    0   28    3    3    1     519
    2    1  257  437  171    0   11    2    1    0     806
    2    1  258  438  322    0   21    3    3    1     580
    2    1  259  439   22    0    2    1    2    0     823
    2    1  260  440  412    0   26    3    3    1     584
    2    1  261  441   47    0    3    1    1    1     581
    2    1  262  442  408    1   26    3    3    1     539
    2    1  263  443   79    0    5    1    1    1     557
    2    1  264  444   41    0    3    1    1    1     511
    2    1  265  445  444    0   28    3    3    1    1010
    2    1  266  446  275    0   18    2    1    0     830
    2    1  267  447  230    0   15    2    3    0     754
    2    1  268  448  380    1   24    3    2    0     772
    2    1  269  449  374    0   24    3    2    0     761
    2    1  270  450  155    0   10    1    2    0     557
    2    1  271  451   69    0    5    1    1    1     916
    2    1  272  452  162    0   11    2    2    1     901
    2    1  273  453  292    0   19    2    1    0     902
    2    1  274  454  180    0   12    2    3    0     501
    2    1  275  455  217    1   14    2    2    1     620
    2    1  276  456  463    0   29    3    3    1     743
    2    1  277  457  293    0   19    2    3    0     608
    2    1  278  458  142    0    9    1    2    0     570
    2    1  279  459  416    0   26    3    2    0     820
    2    1  280  460  446    0   28    3    3    1     870
    2    1  281  461  199    0   13    2    2    1    1321
    2    1  282  462  226    0   15    2    3    0     634
    2    1  283  463  123    0    8    1    2    0    1853
    2    1  284  464  324    0   21    3    3    1    1958
    2    1  285  465  248    0   16    2    2    1    3863
    2    1  286  466  205    0   13    2    3    0    1222
    2    1  287  467  114    0    8    1    3    0     580
    2    1  288  468  176    0   11    2    3    0     771
    2    1  289  469  394    0   25    3    3    1     594
    2    1  290  470  201    1   13    2    3    0     843
    2    1  291  471  429    0   27    3    3    1     528
    2    1  292  472  349    0   22    3    3    1     556
    2    1  293  473  281    0   18    2    3    0     905
    2    1  294  474  149    0   10    1    2    0     569
    2    1  295  475  301    0   19    2    3    0     596
    2    1  296  476  213    0   14    2    3    0     494
    2    1  297  477  197    0   13    2    1    0     850
    2    1  298  478  320    0   20    2    2    1     714
    2    1  299  479  219    1   14    2    2    1     959
    2    1  300  480  240    1   15    2    3    0    2037
