    1    1    1    1  406    1   26    3    1    0    2260
    1    1    2    2  266    1   17    2    3    0    3158
    1    1    3    3  408    1   26    3    1    0    3006
    1    1    4    4  479    1   30    3    2    0    2372
    1    1    5    5   58    1    4    1    1    1    1797
    1    1    6    6  356    1   23    3    2    0    4443
    1    1    7    7   71    1    5    1    1    1    3618
    1    1    8    8  212    1   14    2    2    1    4398
    1    1    9    9   16    1    1    1    1    1    1259
    1    1   10   10   56    1    4    1    3    0    3526
    1    1   11   11  121    1    8    1    1    1    1561
    1    1   12   12  289    1   19    2    2    1    1843
    1    1   13   13   33    1    3    1    3    0    2567
    1    1   14   14  340    1   22    3    1    0    2278
    1    1   15   15  476    1   30    3    2    0    2482
    1    1   16   16  409    1   26    3    1    0    5014
    1    1   17   17  353    1   23    3    1    0    4709
    1    1   18   18  276    1   18    2    2    1    1774
    1    1   19   19   49    1    4    1    1    1    1664
    1    1   20   20  424    1   27    3    1    0    1393
    1    1   21   21  245    1   16    2    1    0    1460
    1    1   22   22   15    1    1    1    1    1    1121
    1    1   23   23  164    1   11    2    2    1    2486
    1    1   24   24  326    1   21    3    1    0    1833
    1    1   25   25  182    1   12    2    3    0    2456
    1    1   26   26  473    1   30    3    3    1    2111
    1    1   27   27   80    1    5    1    1    1    1300
    1    1   28   28   36    1    3    1    1    1    4366
    1    1   29   29   53    1    4    1    2    0    3876
    1    1   30   30  360    1   23    3    1    0    1489
    1    1   31   31   52    1    4    1    1    1    2109
    1    1   32   32  448    1   28    3    3    1    1773
    1    1   33   33  280    1   18    2    2    1    1820
    1    1   34   34  359    1   23    3    3    1    1628
    1    1   35   35  201    1   13    2    1    0    5034
    1    1   36   36   37    1    3    1    1    1    1462
    1    1   37   37  120    1    8    1    1    1    2390
    1    1   38   38  465    1   30    3    3    1    1361
    1    1   39   39  267    1   17    2    3    0    3617
    1    1   40   40   66    1    5    1    1    1    1150
    1    1   41   41  269    1   17    2    2    1    2594
    1    1   42   42  250    1   16    2    2    1    2174
    1    1   43   43  219    1   14    2    2    1    1468
    1    1   44   44   38    1    3    1    1    1    1366
    1    1   45   45  387    1   25    3    3    1     645
    1    1   46   46  471    1   30    3    3    1    1860
    1    1   47   47  411    1   26    3    3    1    2685
    1    1   48   48    6    1    1    1    2    0    1982
    1    1   49   49  117    1    8    1    1    1    1340
    1    1   50   50  240    1   15    2    3    0    2316
    1    1   51   51  290    1   19    2    1    0    2712
    1    1   52   52    4    1    1    1    3    0    1776
    1    1   53   53   35    1    3    1    1    1    1409
    1    1   54   54  271    1   17    2    2    1    2849
    1    1   55   55  252    1   16    2    1    0    1916
    1    1   56   56  380    1   24    3    3    1    1752
    1    1   57   57  217    1   14    2    1    0    2196
    1    1   58   58  396    1   25    3    3    1    1500
    1    1   59   59  272    1   17    2    2    1    4681
    1    1   60   60  216    1   14    2    1    0    3664
    1    2    1   61   58    1    4    1    1    1    2014
    1    2    2   62  409    1   26    3    3    1    1161
    1    2    3   63  216    1   14    2    2    1    3090
    1    2    4   64  252    1   16    2    2    1    2987
    1    2    5   65  272    1   17    2    2    1    2765
    1    2    6   66  271    1   17    2    1    0    2529
    1    2    7   67   35    1    3    1    1    1    1549
    1    2    8   68  473    1   30    3    2    0    3278
    1    2    9   69  120    1    8    1    1    1    1341
    1    2   10   70  164    1   11    2    2    1    4000
    1    2   11   71   15    1    1    1    1    1    1700
    1    2   12   72  479    1   30    3    3    1    1817
    1    2   13   73  201    1   13    2    2    1    2206
    1    2   14   74   37    1    3    1    1    1    1415
    1    2   15   75  280    1   18    2    2    1     994
    1    2   16   76   56    1    4    1    1    1    2186
    1    2   17   77  212    1   14    2    2    1    2798
    1    2   18   78   80    1    5    1    1    1    1011
    1    2   19   79    4    1    1    1    1    1    2387
    1    2   20   80   66    1    5    1    1    1    2826
    1    2   21   81  424    1   27    3    3    1    2351
    1    2   22   82  359    1   23    3    3    1    1125
    1    2   23   83  387    1   25    3    2    0    1073
    1    2   24   84  219    1   14    2    2    1    2011
    1    2   25   85  117    1    8    1    1    1     832
    1    2   26   86  245    1   16    2    2    1    2711
    1    2   27   87  217    1   14    2    2    1     875
    1    2   28   88  360    1   23    3    1    0    1314
    1    2   29   89   53    1    4    1    1    1    1460
    1    2   30   90  121    1    8    1    1    1    1074
    1    2   31   91    6    1    1    1    1    1    4572
    1    2   32   92  476    1   30    3    3    1    1160
    1    2   33   93  267    1   17    2    2    1    2515
    1    2   34   94  471    1   30    3    3    1    1399
    1    2   35   95  269    1   17    2    2    1    1896
    1    2   36   96  411    1   26    3    3    1    1379
    1    2   37   97  356    1   23    3    3    1    1058
    1    2   38   98  250    1   16    2    2    1    1208
    1    2   39   99  276    1   18    2    1    0    1996
    1    2   40  100   38    1    3    1    1    1     668
    1    2   41  101  353    1   23    3    3    1    1150
    1    2   42  102  406    1   26    3    3    1    2861
    1    2   43  103  448    1   28    3    1    0     992
    1    2   44  104  340    1   22    3    3    1    3904
    1    2   45  105  240    1   15    2    3    0    3382
    1    2   46  106  289    1   19    2    2    1    1537
    1    2   47  107  290    1   19    2    2    1    1517
    1    2   48  108   49    1    4    1    2    0     838
    1    2   49  109  408    1   26    3    3    1    1031
    1    2   50  110   16    1    1    1    1    1    1910
    1    2   51  111  396    1   25    3    3    1    3698
    1    2   52  112  326    1   21    3    1    0    6880
    1    2   53  113  465    1   30    3    2    0    3910
    1    2   54  114   36    1    3    1    1    1     959
    1    2   55  115  182    1   12    2    2    1    4159
    1    2   56  116   71    1    5    1    1    1    1602
    1    2   57  117  380    1   24    3    3    1     838
    1    2   58  118   52    1    4    1    1    1    1066
    1    2   59  119  266    1   17    2    3    0     839
    1    2   60  120   33    1    3    1    1    1    2678
    1    3    1  121  290    1   19    2    1    0    3478
    1    3    2  122  476    1   30    3    3    1     847
    1    3    3  123  201    1   13    2    2    1    1105
    1    3    4  124  182    1   12    2    2    1    2591
    1    3    5  125  479    1   30    3    2    0    2065
    1    3    6  126  117    1    8    1    2    0     844
    1    3    7  127  276    1   18    2    3    0    1987
    1    3    8  128  387    1   25    3    2    0    1664
    1    3    9  129  271    1   17    2    2    1    1250
    1    3   10  130   71    1    5    1    1    1    2692
    1    3   11  131   16    1    1    1    1    1    1390
    1    3   12  132   15    1    1    1    1    1    3163
    1    3   13  133   58    1    4    1    1    1    2561
    1    3   14  134  408    1   26    3    3    1    1585
    1    3   15  135  409    1   26    3    3    1    1947
    1    3   16  136  280    1   18    2    2    1    3475
    1    3   17  137  356    1   23    3    3    1    1009
    1    3   18  138  448    1   28    3    1    0    1069
    1    3   19  139  217    1   14    2    2    1    2917
    1    3   20  140   53    1    4    1    1    1    1832
    1    3   21  141  424    1   27    3    3    1    1129
    1    3   22  142   66    1    5    1    1    1    5870
    1    3   23  143   35    1    3    1    1    1    1014
    1    3   24  144   52    1    4    1    1    1     968
    1    3   25  145  240    1   15    2    3    0    1836
    1    3   26  146  267    1   17    2    3    0    1219
    1    3   27  147  473    1   30    3    3    1     971
    1    3   28  148  326    1   21    3    2    0    2169
    1    3   29  149  411    1   26    3    3    1     875
    1    3   30  150   33    1    3    1    2    0    1847
    1    3   31  151    4    1    1    1    1    1    1749
    1    3   32  152  359    1   23    3    1    0    3094
    1    3   33  153  406    1   26    3    2    0     951
    1    3   34  154  465    1   30    3    2    0    3218
    1    3   35  155  340    1   22    3    3    1    1606
    1    3   36  156  353    1   23    3    3    1    4250
    1    3   37  157  252    1   16    2    3    0    1238
    1    3   38  158  164    1   11    2    1    0    1679
    1    3   39  159   38    1    3    1    1    1    1218
    1    3   40  160   36    1    3    1    1    1    1260
    1    3   41  161  380    1   24    3    3    1    1880
    1    3   42  162  219    1   14    2    2    1    1811
    1    3   43  163  272    1   17    2    3    0    1182
    1    3   44  164  289    1   19    2    3    0    7338
    1    3   45  165   49    1    4    1    1    1     972
    1    3   46  166  120    1    8    1    1    1     935
    1    3   47  167  396    1   25    3    3    1    4122
    1    3   48  168  216    1   14    2    2    1    2379
    1    3   49  169  250    1   16    2    3    0    3841
    1    3   50  170  245    1   16    2    2    1    1264
    1    3   51  171  360    1   23    3    3    1    2930
    1    3   52  172   80    1    5    1    1    1    3312
    1    3   53  173  212    1   14    2    2    1    1253
    1    3   54  174  471    1   30    3    3    1    1325
    1    3   55  175  266    1   17    2    3    0     941
    1    3   56  176   56    1    4    1    1    1    1063
    1    3   57  177    6    1    1    1    1    1    8374
    1    3   58  178   37    1    3    1    1    1     759
    1    3   59  179  269    1   17    2    3    0    2810
    1    3   60  180  121    1    8    1    1    1     882
    2    1    1  181  323    0   21    3    1    0    4393
    2    1    2  182  249    0   16    2    1    0     749
    2    1    3  183   43    0    3    1    1    1    1805
    2    1    4  184  263    0   17    2    3    0    1886
    2    1    5  185  271    1   17    2    2    1    2495
    2    1    6  186  185    0   12    2    1    0    1642
    2    1    7  187   36    1    3    1    1    1    1658
    2    1    8  188  473    1   30    3    3    1    2176
    2    1    9  189    4    1    1    1    1    1    2042
    2    1   10  190   60    0    4    1    1    1    1190
    2    1   11  191  372    0   24    3    1    0     917
    2    1   12  192   11    0    1    1    3    0    2797
    2    1   13  193  356    1   23    3    3    1    2525
    2    1   14  194   99    0    7    1    1    1    6460
    2    1   15  195  224    0   14    2    1    0    7459
    2    1   16  196  276    1   18    2    3    0    1826
    2    1   17  197   26    0    2    1    2    0    6300
    2    1   18  198  456    0   29    3    3    1    1463
    2    1   19  199   89    0    6    1    1    1     950
    2    1   20  200  296    0   19    2    1    0     891
    2    1   21  201  267    1   17    2    3    0    5688
    2    1   22  202  131    0    9    1    3    0     692
    2    1   23  203  449    0   29    3    2    0    5969
    2    1   24  204  262    0   17    2    1    0    1966
    2    1   25  205  239    0   15    2    2    1    3021
    2    1   26  206   72    0    5    1    1    1    1741
    2    1   27  207  377    0   24    3    2    0    1707
    2    1   28  208  176    0   11    2    2    1    1059
    2    1   29  209  348    0   22    3    1    0    6041
    2    1   30  210   80    1    5    1    1    1    1662
    2    1   31  211  466    0   30    3    2    0     679
    2    1   32  212    7    0    1    1    1    1    6791
    2    1   33  213  295    0   19    2    1    0     702
    2    1   34  214  419    0   27    3    3    1    7430
    2    1   35  215   24    0    2    1    2    0    1554
    2    1   36  216  244    0   16    2    1    0    1054
    2    1   37  217  338    0   22    3    1    0    1825
    2    1   38  218  436    0   28    3    1    0     967
    2    1   39  219   76    0    5    1    2    0    1018
    2    1   40  220   32    0    2    1    2    0     883
    2    1   41  221  424    1   27    3    3    1     802
    2    1   42  222  240    1   15    2    2    1    3238
    2    1   43  223  391    0   25    3    2    0     638
    2    1   44  224  228    0   15    2    1    0     854
    2    1   45  225  258    0   17    2    2    1    1721
    2    1   46  226  435    0   28    3    1    0     917
    2    1   47  227  269    1   17    2    3    0    2298
    2    1   48  228   38    1    3    1    1    1     889
    2    1   49  229  430    0   27    3    1    0     715
    2    1   50  230  359    1   23    3    3    1    1396
    2    1   51  231  448    1   28    3    1    0    1428
    2    1   52  232  217    1   14    2    2    1    1539
    2    1   53  233  412    0   26    3    3    1    1232
    2    1   54  234  112    0    7    1    2    0    6266
    2    1   55  235  132    0    9    1    3    0    2982
    2    1   56  236  158    0   10    1    2    0    1963
    2    1   57  237  368    0   23    3    1    0    1146
    2    1   58  238  421    0   27    3    1    0    1021
    2    1   59  239  187    0   12    2    1    0     767
    2    1   60  240  255    0   16    2    3    0    2613
    2    1   61  241  319    0   20    2    3    0    2375
    2    1   62  242  135    0    9    1    2    0    1572
    2    1   63  243  441    0   28    3    1    0    1594
    2    1   64  244  366    0   23    3    1    0     533
    2    1   65  245  304    0   19    2    1    0    2186
    2    1   66  246   83    0    6    1    1    1     716
    2    1   67  247  389    0   25    3    3    1    1885
    2    1   68  248  203    0   13    2    2    1    2808
    2    1   69  249  166    0   11    2    2    1    1658
    2    1   70  250  305    0   20    2    3    0    1712
    2    1   71  251  196    0   13    2    2    1    1064
    2    1   72  252  191    0   12    2    1    0     723
    2    1   73  253  300    0   19    2    1    0    1003
    2    1   74  254  141    0    9    1    3    0    1435
    2    1   75  255  332    0   21    3    2    0    2523
    2    1   76  256  416    0   26    3    3    1    1121
    2    1   77  257  215    0   14    2    1    0     656
    2    1   78  258  204    0   13    2    2    1    4458
    2    1   79  259   86    0    6    1    1    1     978
    2    1   80  260  254    0   16    2    2    1    1178
    2    1   81  261  311    0   20    2    2    1    1264
    2    1   82  262  397    0   25    3    3    1     867
    2    1   83  263   31    0    2    1    3    0    3023
    2    1   84  264  399    0   25    3    2    0    1196
    2    1   85  265  395    0   25    3    1    0    1677
    2    1   86  266  317    0   20    2    3    0    1378
    2    1   87  267  207    0   13    2    3    0     939
    2    1   88  268   67    0    5    1    1    1     913
    2    1   89  269  463    0   29    3    3    1    2940
    2    1   90  270  168    0   11    2    1    0    1648
    2    1   91  271  243    0   16    2    3    0    3371
    2    1   92  272  151    0   10    1    2    0     573
    2    1   93  273  222    0   14    2    2    1     796
    2    1   94  274  148    0   10    1    3    0     981
    2    1   95  275  401    0   26    3    3    1    1786
    2    1   96  276  142    0    9    1    3    0     935
    2    1   97  277   49    1    4    1    3    0    6491
    2    1   98  278   81    0    6    1    1    1     806
    2    1   99  279  218    0   14    2    3    0    3218
    2    1  100  280   50    0    4    1    3    0    2643
    2    1  101  281   77    0    5    1    1    1     851
    2    1  102  282  423    0   27    3    3    1    2596
    2    1  103  283  277    0   18    2    2    1    2114
    2    1  104  284  109    0    7    1    1    1     963
    2    1  105  285   37    1    3    1    1    1    5791
    2    1  106  286  453    0   29    3    3    1    1246
    2    1  107  287  236    0   15    2    2    1    1759
    2    1  108  288  265    0   17    2    2    1    1133
    2    1  109  289  238    0   15    2    2    1    1507
    2    1  110  290  251    0   16    2    2    1     858
    2    1  111  291   46    0    3    1    2    0     834
    2    1  112  292   79    0    5    1    1    1     791
    2    1  113  293  417    0   27    3    3    1    2077
    2    1  114  294   47    0    3    1    1    1    7253
    2    1  115  295   95    0    6    1    1    1     677
    2    1  116  296  385    0   25    3    3    1     802
    2    1  117  297  420    0   27    3    1    0    3684
    2    1  118  298  163    0   11    2    1    0    1176
    2    1  119  299  390    0   25    3    1    0    3002
    2    1  120  300  344    0   22    3    2    0    1315
    2    1  121  301   85    0    6    1    1    1     752
    2    1  122  302  223    0   14    2    2    1    2343
    2    1  123  303  272    1   17    2    2    1     666
    2    1  124  304  398    0   25    3    2    0    2881
    2    1  125  305  230    0   15    2    1    0    2150
    2    1  126  306   96    0    6    1    1    1     712
    2    1  127  307  180    0   12    2    1    0     584
    2    1  128  308  437    0   28    3    3    1    3305
    2    1  129  309  104    0    7    1    1    1    1055
    2    1  130  310  402    0   26    3    3    1    3603
    2    1  131  311  314    0   20    2    3    0    4903
    2    1  132  312  189    0   12    2    1    0    1146
    2    1  133  313  472    0   30    3    3    1    2851
    2    1  134  314  100    0    7    1    1    1     751
    2    1  135  315  409    1   26    3    3    1    1461
    2    1  136  316  125    0    8    1    1    1     750
    2    1  137  317  400    0   25    3    3    1    1870
    2    1  138  318  248    0   16    2    1    0    2081
    2    1  139  319  376    0   24    3    1    0    2491
    2    1  140  320  164    1   11    2    1    0     584
    2    1  141  321  425    0   27    3    1    0     926
    2    1  142  322   52    1    4    1    1    1    1761
    2    1  143  323  432    0   27    3    1    0    1172
    2    1  144  324  440    0   28    3    1    0    1692
    2    1  145  325   84    0    6    1    1    1     940
    2    1  146  326  470    0   30    3    3    1    1044
    2    1  147  327  139    0    9    1    3    0     649
    2    1  148  328  181    0   12    2    1    0     699
    2    1  149  329  415    0   26    3    3    1    1973
    2    1  150  330  414    0   26    3    3    1    1047
    2    1  151  331  117    1    8    1    1    1    1705
    2    1  152  332  137    0    9    1    3    0    1483
    2    1  153  333  133    0    9    1    3    0     768
    2    1  154  334   33    1    3    1    2    0    1313
    2    1  155  335  193    0   13    2    2    1    1682
    2    1  156  336  301    0   19    2    3    0    3883
    2    1  157  337  382    0   24    3    3    1    2464
    2    1  158  338  211    0   14    2    2    1    2379
    2    1  159  339  256    0   16    2    2    1     955
    2    1  160  340   71    1    5    1    2    0    2537
    2    1  161  341    3    0    1    1    2    0    1361
    2    1  162  342    1    0    1    1    2    0    1932
    2    1  163  343  365    0   23    3    2    0    3095
    2    1  164  344   82    0    6    1    1    1     760
    2    1  165  345  406    1   26    3    3    1    2530
    2    1  166  346  324    0   21    3    1    0    1985
    2    1  167  347  418    0   27    3    1    0    6550
    2    1  168  348  182    1   12    2    1    0     685
    2    1  169  349  475    0   30    3    3    1    1120
    2    1  170  350  361    0   23    3    3    1    1688
    2    1  171  351  450    0   29    3    2    0     838
    2    1  172  352   66    1    5    1    2    0    3794
    2    1  173  353  322    0   21    3    1    0     909
    2    1  174  354  422    0   27    3    3    1   13969
    2    1  175  355  381    0   24    3    2    0    5706
    2    1  176  356  197    0   13    2    1    0    1076
    2    1  177  357  442    0   28    3    1    0     809
    2    1  178  358   98    0    7    1    2    0     839
    2    1  179  359  337    0   22    3    2    0     710
    2    1  180  360    6    1    1    1    2    0    1038
    2    1  181  361  307    0   20    2    3    0    1017
    2    1  182  362  298    0   19    2    2    1    1053
    2    1  183  363   62    0    4    1    2    0     870
    2    1  184  364  327    0   21    3    2    0     712
    2    1  185  365  205    0   13    2    1    0    1154
    2    1  186  366   35    1    3    1    2    0    1088
    2    1  187  367  128    0    8    1    1    1    1129
    2    1  188  368  346    0   22    3    2    0    2824
    2    1  189  369  275    0   18    2    1    0    2248
    2    1  190  370  120    1    8    1    1    1    1400
    2    1  191  371   87    0    6    1    1    1     972
    2    1  192  372  146    0   10    1    2    0    1259
    2    1  193  373  293    0   19    2    1    0     800
    2    1  194  374  167    0   11    2    2    1    1821
    2    1  195  375  320    0   20    2    3    0    1162
    2    1  196  376  313    0   20    2    3    0    2205
    2    1  197  377  145    0   10    1    2    0     829
    2    1  198  378  294    0   19    2    1    0     809
    2    1  199  379   14    0    1    1    2    0    4986
    2    1  200  380  246    0   16    2    1    0    1376
    2    1  201  381  213    0   14    2    1    0    1961
    2    1  202  382  190    0   12    2    1    0     864
    2    1  203  383  394    0   25    3    1    0    3187
    2    1  204  384  143    0    9    1    3    0    2697
    2    1  205  385  113    0    8    1    1    1     903
    2    1  206  386    8    0    1    1    2    0    1992
    2    1  207  387  367    0   23    3    1    0     965
    2    1  208  388  266    1   17    2    2    1    5462
    2    1  209  389  134    0    9    1    3    0    8236
    2    1  210  390  426    0   27    3    1    0    1244
    2    1  211  391  336    0   21    3    1    0     714
    2    1  212  392   59    0    4    1    2    0    6464
    2    1  213  393  226    0   15    2    1    0     993
    2    1  214  394  149    0   10    1    3    0    3083
    2    1  215  395  396    1   25    3    3    1    2162
    2    1  216  396  452    0   29    3    3    1    1432
    2    1  217  397  411    1   26    3    1    0    2664
    2    1  218  398   51    0    4    1    2    0    1848
    2    1  219  399   40    0    3    1    1    1     934
    2    1  220  400   78    0    5    1    2    0    1242
    2    1  221  401  260    0   17    2    2    1     784
    2    1  222  402  427    0   27    3    1    0    1184
    2    1  223  403  464    0   29    3    3    1    1021
    2    1  224  404   12    0    1    1    2    0    1681
    2    1  225  405  306    0   20    2    1    0    1316
    2    1  226  406  195    0   13    2    2    1    6510
    2    1  227  407   34    0    3    1    1    1     843
    2    1  228  408  446    0   28    3    1    0    1229
    2    1  229  409  477    0   30    3    3    1    1707
    2    1  230  410  160    0   10    1    2    0    1528
    2    1  231  411  127    0    8    1    1    1     746
    2    1  232  412   73    0    5    1    1    1    1368
    2    1  233  413   97    0    7    1    1    1     641
    2    1  234  414  480    0   30    3    2    0    1516
    2    1  235  415  165    0   11    2    2    1     812
    2    1  236  416  214    0   14    2    2    1     857
    2    1  237  417   65    0    5    1    2    0    1004
    2    1  238  418  405    0   26    3    1    0    2508
    2    1  239  419  410    0   26    3    3    1    1250
    2    1  240  420  288    0   18    2    1    0    1553
    2    1  241  421  108    0    7    1    1    1     749
    2    1  242  422  362    0   23    3    1    0    1053
    2    1  243  423  225    0   15    2    1    0    1530
    2    1  244  424  312    0   20    2    3    0    1366
    2    1  245  425  194    0   13    2    2    1     839
    2    1  246  426   16    1    1    1    2    0     664
    2    1  247  427  105    0    7    1    1    1     849
    2    1  248  428  451    0   29    3    3    1    1024
    2    1  249  429  200    0   13    2    2    1     795
    2    1  250  430  259    0   17    2    3    0    3303
    2    1  251  431  107    0    7    1    2    0    1163
    2    1  252  432  280    1   18    2    2    1    1710
    2    1  253  433  297    0   19    2    2    1     842
    2    1  254  434  461    0   29    3    3    1    1405
    2    1  255  435  351    0   22    3    1    0     870
    2    1  256  436   90    0    6    1    1    1     617
    2    1  257  437  355    0   23    3    1    0    4791
    2    1  258  438  345    0   22    3    1    0     804
    2    1  259  439   28    0    2    1    3    0    8353
    2    1  260  440   91    0    6    1    1    1     604
    2    1  261  441  172    0   11    2    1    0     671
    2    1  262  442  334    0   21    3    1    0     643
    2    1  263  443  328    0   21    3    1    0     518
    2    1  264  444  179    0   12    2    1    0     765
    2    1  265  445  369    0   24    3    3    1    2587
    2    1  266  446  114    0    8    1    1    1     863
    2    1  267  447  439    0   28    3    1    0    1293
    2    1  268  448  221    0   14    2    3    0    3413
    2    1  269  449  201    1   13    2    3    0    1315
    2    1  270  450  250    1   16    2    3    0    1781
    2    1  271  451  352    0   22    3    1    0    1496
    2    1  272  452  429    0   27    3    1    0     798
    2    1  273  453  341    0   22    3    1    0     672
    2    1  274  454  257    0   17    2    1    0    1004
    2    1  275  455  140    0    9    1    3    0    1163
    2    1  276  456  283    0   18    2    3    0     691
    2    1  277  457  318    0   20    2    2    1     726
    2    1  278  458  403    0   26    3    3    1    1831
    2    1  279  459  350    0   22    3    1    0    5502
    2    1  280  460  162    0   11    2    2    1    1495
    2    1  281  461  289    1   19    2    3    0    1069
    2    1  282  462  309    0   20    2    3    0     929
    2    1  283  463  316    0   20    2    2    1    1943
    2    1  284  464  232    0   15    2    1    0    1208
    2    1  285  465  299    0   19    2    1    0     793
    2    1  286  466  177    0   12    2    1    0    1134
    2    1  287  467  199    0   13    2    2    1     832
    2    1  288  468  404    0   26    3    1    0    2568
    2    1  289  469  462    0   29    3    3    1    1215
    2    1  290  470   63    0    4    1    2    0    2685
    2    1  291  471  212    1   14    2    3    0    2021
    2    1  292  472   29    0    2    1    2    0    1726
    2    1  293  473  247    0   16    2    3    0    4238
    2    1  294  474  227    0   15    2    3    0    3267
    2    1  295  475  444    0   28    3    1    0     827
    2    1  296  476  364    0   23    3    1    0    2262
    2    1  297  477  188    0   12    2    1    0     566
    2    1  298  478  438    0   28    3    1    0    1341
    2    1  299  479  407    0   26    3    3    1    1532
    2    1  300  480  183    0   12    2    1    0     825
