    1    1    1    1   31    1    2    1    1    1    6709
    1    1    2    2  238    1   15    2    3    0    1982
    1    1    3    3  229    1   15    2    3    0    1496
    1    1    4    4  215    1   14    2    1    0    1873
    1    1    5    5   72    1    5    1    3    0    1443
    1    1    6    6   34    1    3    1    2    0    1239
    1    1    7    7  355    1   23    3    3    1    1174
    1    1    8    8  423    1   27    3    1    0    3114
    1    1    9    9  125    1    8    1    2    0    1843
    1    1   10   10  186    1   12    2    1    0    1852
    1    1   11   11  272    1   17    2    2    1    4248
    1    1   12   12  293    1   19    2    3    0    2760
    1    1   13   13  106    1    7    1    2    0    2519
    1    1   14   14   55    1    4    1    2    0    2526
    1    1   15   15  224    1   14    2    1    0    2172
    1    1   16   16   73    1    5    1    2    0     993
    1    1   17   17  420    1   27    3    1    0    1932
    1    1   18   18  115    1    8    1    2    0    3199
    1    1   19   19   40    1    3    1    2    0    2062
    1    1   20   20  395    1   25    3    3    1    1486
    1    1   21   21  195    1   13    2    2    1    2488
    1    1   22   22  170    1   11    2    1    0    1255
    1    1   23   23   85    1    6    1    1    1    1845
    1    1   24   24   16    1    1    1    2    0    1678
    1    1   25   25   96    1    6    1    1    1    1697
    1    1   26   26  413    1   26    3    3    1     803
    1    1   27   27  443    1   28    3    2    0    4704
    1    1   28   28  190    1   12    2    1    0     970
    1    1   29   29   62    1    4    1    1    1    1359
    1    1   30   30  148    1   10    1    3    0     851
    1    1   31   31  405    1   26    3    2    0    1014
    1    1   32   32   17    1    2    1    2    0    3374
    1    1   33   33  339    1   22    3    1    0     984
    1    1   34   34  359    1   23    3    3    1    1126
    1    1   35   35  337    1   22    3    1    0   14783
    1    1   36   36  163    1   11    2    1    0    1730
    1    1   37   37  136    1    9    1    3    0    1675
    1    1   38   38  111    1    7    1    2    0    1075
    1    1   39   39  241    1   16    2    1    0     976
    1    1   40   40  203    1   13    2    3    0    1704
    1    1   41   41  146    1   10    1    2    0    2741
    1    1   42   42  456    1   29    3    3    1    2448
    1    1   43   43  465    1   30    3    1    0    1569
    1    1   44   44  446    1   28    3    2    0    2211
    1    1   45   45  306    1   20    2    3    0    1056
    1    1   46   46  471    1   30    3    1    0    2231
    1    1   47   47  267    1   17    2    2    1    2331
    1    1   48   48  279    1   18    2    3    0     826
    1    1   49   49  308    1   20    2    1    0    2166
    1    1   50   50  455    1   29    3    3    1    2444
    1    1   51   51  376    1   24    3    2    0    1494
    1    1   52   52  397    1   25    3    2    0     717
    1    1   53   53  327    1   21    3    1    0    1236
    1    1   54   54    7    1    1    1    2    0    1318
    1    1   55   55  250    1   16    2    2    1    3091
    1    1   56   56  381    1   24    3    3    1    1435
    1    1   57   57  278    1   18    2    1    0    1214
    1    1   58   58  297    1   19    2    2    1     749
    1    1   59   59  135    1    9    1    2    0    1358
    1    1   60   60  330    1   21    3    1    0    1136
    1    2    1   61  186    1   12    2    1    0    5401
    1    2    2   62  125    1    8    1    2    0    3500
    1    2    3   63   85    1    6    1    2    0    1567
    1    2    4   64  170    1   11    2    2    1    2607
    1    2    5   65  195    1   13    2    1    0    1427
    1    2    6   66   31    1    2    1    1    1    1556
    1    2    7   67  420    1   27    3    1    0    2760
    1    2    8   68  355    1   23    3    3    1    1155
    1    2    9   69  306    1   20    2    2    1    3069
    1    2   10   70  148    1   10    1    1    1     852
    1    2   11   71  215    1   14    2    1    0    2095
    1    2   12   72   34    1    3    1    2    0    1345
    1    2   13   73  423    1   27    3    1    0    1831
    1    2   14   74  203    1   13    2    2    1     823
    1    2   15   75  224    1   14    2    1    0     995
    1    2   16   76  279    1   18    2    3    0    1219
    1    2   17   77  136    1    9    1    1    1    1951
    1    2   18   78  241    1   16    2    2    1     906
    1    2   19   79  376    1   24    3    2    0    2231
    1    2   20   80   17    1    2    1    2    0    1005
    1    2   21   81  413    1   26    3    3    1     733
    1    2   22   82   73    1    5    1    1    1    3819
    1    2   23   83  405    1   26    3    3    1    2513
    1    2   24   84  455    1   29    3    2    0    1327
    1    2   25   85  456    1   29    3    3    1    1716
    1    2   26   86  135    1    9    1    1    1    2596
    1    2   27   87  146    1   10    1    2    0     727
    1    2   28   88  339    1   22    3    2    0    1326
    1    2   29   89    7    1    1    1    1    1    1337
    1    2   30   90  278    1   18    2    2    1    2223
    1    2   31   91  190    1   12    2    1    0    3613
    1    2   32   92  115    1    8    1    3    0    3573
    1    2   33   93  359    1   23    3    3    1    2350
    1    2   34   94  395    1   25    3    1    0    2071
    1    2   35   95  297    1   19    2    2    1    3564
    1    2   36   96  330    1   21    3    1    0    1248
    1    2   37   97  293    1   19    2    2    1     802
    1    2   38   98  238    1   15    2    3    0    1209
    1    2   39   99  397    1   25    3    2    0     747
    1    2   40  100  327    1   21    3    1    0     878
    1    2   41  101  337    1   22    3    1    0    2452
    1    2   42  102   62    1    4    1    1    1    1670
    1    2   43  103   72    1    5    1    2    0    1782
    1    2   44  104   40    1    3    1    3    0    1307
    1    2   45  105  250    1   16    2    2    1    5509
    1    2   46  106  272    1   17    2    3    0    2295
    1    2   47  107   96    1    6    1    1    1    2221
    1    2   48  108  465    1   30    3    3    1    1526
    1    2   49  109  471    1   30    3    2    0    1534
    1    2   50  110  267    1   17    2    2    1    1728
    1    2   51  111   55    1    4    1    2    0    1896
    1    2   52  112  106    1    7    1    1    1    2341
    1    2   53  113  308    1   20    2    3    0    1558
    1    2   54  114  111    1    7    1    2    0    1415
    1    2   55  115  443    1   28    3    3    1    2261
    1    2   56  116  229    1   15    2    3    0    1049
    1    2   57  117   16    1    1    1    2    0     768
    1    2   58  118  381    1   24    3    1    0    4325
    1    2   59  119  446    1   28    3    2    0    1447
    1    2   60  120  163    1   11    2    1    0    1684
    1    3    1  121   31    1    2    1    1    1    1467
    1    3    2  122  279    1   18    2    3    0    1235
    1    3    3  123  135    1    9    1    1    1    1116
    1    3    4  124  413    1   26    3    3    1     743
    1    3    5  125  455    1   29    3    3    1    2861
    1    3    6  126  327    1   21    3    2    0    1410
    1    3    7  127  186    1   12    2    3    0    1574
    1    3    8  128  241    1   16    2    2    1    2854
    1    3    9  129  111    1    7    1    1    1    1515
    1    3   10  130  163    1   11    2    3    0    3126
    1    3   11  131  224    1   14    2    2    1    1495
    1    3   12  132  293    1   19    2    2    1    1695
    1    3   13  133  170    1   11    2    3    0    2506
    1    3   14  134  195    1   13    2    3    0     874
    1    3   15  135   73    1    5    1    1    1    1698
    1    3   16  136  420    1   27    3    2    0    2594
    1    3   17  137   72    1    5    1    3    0    6301
    1    3   18  138    7    1    1    1    3    0    2252
    1    3   19  139  238    1   15    2    3    0    1874
    1    3   20  140  148    1   10    1    3    0    3210
    1    3   21  141  339    1   22    3    2    0    4365
    1    3   22  142   85    1    6    1    1    1    1535
    1    3   23  143  359    1   23    3    3    1     815
    1    3   24  144  146    1   10    1    2    0    2762
    1    3   25  145   55    1    4    1    2    0     993
    1    3   26  146  267    1   17    2    2    1    2815
    1    3   27  147  250    1   16    2    2    1    5056
    1    3   28  148  229    1   15    2    3    0    2354
    1    3   29  149   16    1    1    1    2    0    3191
    1    3   30  150  405    1   26    3    3    1    1367
    1    3   31  151  330    1   21    3    1    0    1598
    1    3   32  152  446    1   28    3    3    1    1810
    1    3   33  153  215    1   14    2    1    0    1581
    1    3   34  154  376    1   24    3    2    0    2290
    1    3   35  155  203    1   13    2    1    0    1323
    1    3   36  156  278    1   18    2    3    0    2000
    1    3   37  157  355    1   23    3    3    1    1207
    1    3   38  158  125    1    8    1    1    1    1294
    1    3   39  159  465    1   30    3    2    0    4471
    1    3   40  160  423    1   27    3    3    1    5487
    1    3   41  161  443    1   28    3    3    1    2150
    1    3   42  162  272    1   17    2    2    1     940
    1    3   43  163  106    1    7    1    1    1    1566
    1    3   44  164  471    1   30    3    2    0    2227
    1    3   45  165  456    1   29    3    3    1     941
    1    3   46  166  308    1   20    2    3    0    3337
    1    3   47  167  381    1   24    3    1    0    3485
    1    3   48  168  397    1   25    3    2    0    1108
    1    3   49  169   34    1    3    1    2    0    2267
    1    3   50  170  337    1   22    3    1    0    3096
    1    3   51  171  136    1    9    1    1    1    2167
    1    3   52  172   17    1    2    1    2    0    1722
    1    3   53  173   40    1    3    1    1    1    1373
    1    3   54  174  115    1    8    1    2    0    1667
    1    3   55  175  297    1   19    2    1    0    1029
    1    3   56  176  306    1   20    2    3    0    2188
    1    3   57  177   62    1    4    1    2    0    1201
    1    3   58  178  190    1   12    2    2    1    2253
    1    3   59  179  395    1   25    3    1    0    1269
    1    3   60  180   96    1    6    1    1    1     920
    2    1    1  181    8    0    1    1    3    0    2907
    2    1    2  182  434    0   28    3    2    0    6170
    2    1    3  183  194    0   13    2    3    0    5217
    2    1    4  184  115    1    8    1    3    0    2366
    2    1    5  185  174    0   11    2    1    0    2299
    2    1    6  186  131    0    9    1    2    0     997
    2    1    7  187  159    0   10    1    2    0     895
    2    1    8  188  391    0   25    3    3    1     719
    2    1    9  189  376    1   24    3    1    0    4995
    2    1   10  190  125    1    8    1    1    1    3327
    2    1   11  191  390    0   25    3    3    1     786
    2    1   12  192  397    1   25    3    2    0    2703
    2    1   13  193   55    1    4    1    3    0    1155
    2    1   14  194  393    0   25    3    2    0    1763
    2    1   15  195  242    0   16    2    2    1    3185
    2    1   16  196  240    0   15    2    2    1    2172
    2    1   17  197  193    0   13    2    2    1    2399
    2    1   18  198  309    0   20    2    1    0    2189
    2    1   19  199  170    1   11    2    2    1    1685
    2    1   20  200   97    0    7    1    1    1    1716
    2    1   21  201  312    0   20    2    3    0    1202
    2    1   22  202  279    1   18    2    3    0    1420
    2    1   23  203  328    0   21    3    1    0    1002
    2    1   24  204  345    0   22    3    1    0     884
    2    1   25  205  176    0   11    2    2    1    1391
    2    1   26  206  381    1   24    3    3    1    4195
    2    1   27  207  108    0    7    1    2    0    1416
    2    1   28  208  166    0   11    2    1    0    1409
    2    1   29  209  317    0   20    2    3    0    2414
    2    1   30  210  200    0   13    2    2    1     899
    2    1   31  211  183    0   12    2    1    0     963
    2    1   32  212  441    0   28    3    1    0    3486
    2    1   33  213   30    0    2    1    2    0    1005
    2    1   34  214  406    0   26    3    3    1     687
    2    1   35  215  479    0   30    3    1    0    1653
    2    1   36  216  301    0   19    2    2    1    2745
    2    1   37  217  109    0    7    1    3    0     939
    2    1   38  218  228    0   15    2    3    0     539
    2    1   39  219  461    0   29    3    3    1    2159
    2    1   40  220    5    0    1    1    1    1    3814
    2    1   41  221   98    0    7    1    2    0     958
    2    1   42  222  305    0   20    2    3    0    2342
    2    1   43  223  187    0   12    2    1    0     624
    2    1   44  224  427    0   27    3    3    1    2058
    2    1   45  225  271    0   17    2    1    0     774
    2    1   46  226  404    0   26    3    2    0    1305
    2    1   47  227  246    0   16    2    2    1     917
    2    1   48  228  405    1   26    3    3    1    2239
    2    1   49  229  453    0   29    3    2    0    1506
    2    1   50  230  116    0    8    1    1    1    1932
    2    1   51  231  344    0   22    3    2    0    2324
    2    1   52  232  196    0   13    2    1    0    1161
    2    1   53  233   58    0    4    1    1    1    1412
    2    1   54  234  339    1   22    3    2    0    3347
    2    1   55  235  133    0    9    1    1    1    1441
    2    1   56  236  238    1   15    2    3    0    7645
    2    1   57  237  448    0   28    3    2    0    1579
    2    1   58  238  114    0    8    1    3    0    1170
    2    1   59  239  221    0   14    2    1    0     898
    2    1   60  240  150    0   10    1    2    0     920
    2    1   61  241  254    0   16    2    3    0    1254
    2    1   62  242  402    0   26    3    3    1    1933
    2    1   63  243  119    0    8    1    2    0     833
    2    1   64  244   41    0    3    1    2    0    1102
    2    1   65  245  252    0   16    2    1    0     637
    2    1   66  246  218    0   14    2    1    0     715
    2    1   67  247    9    0    1    1    2    0     670
    2    1   68  248  352    0   22    3    3    1    1926
    2    1   69  249  304    0   19    2    2    1    1394
    2    1   70  250  415    0   26    3    3    1     738
    2    1   71  251  147    0   10    1    2    0    1324
    2    1   72  252  329    0   21    3    1    0     731
    2    1   73  253  112    0    7    1    1    1    1512
    2    1   74  254   61    0    4    1    3    0     821
    2    1   75  255  337    1   22    3    2    0    2709
    2    1   76  256  476    0   30    3    1    0    1597
    2    1   77  257  282    0   18    2    1    0     731
    2    1   78  258   84    0    6    1    1    1     707
    2    1   79  259  383    0   24    3    2    0     870
    2    1   80  260  163    1   11    2    2    1    1193
    2    1   81  261  321    0   21    3    1    0    3617
    2    1   82  262  306    1   20    2    3    0    1151
    2    1   83  263  456    1   29    3    3    1    1041
    2    1   84  264  269    0   17    2    2    1    1136
    2    1   85  265   35    0    3    1    1    1    1526
    2    1   86  266  237    0   15    2    3    0    1480
    2    1   87  267  362    0   23    3    3    1    1076
    2    1   88  268  343    0   22    3    2    0     515
    2    1   89  269   85    1    6    1    1    1     612
    2    1   90  270  392    0   25    3    2    0    1949
    2    1   91  271   62    1    4    1    3    0     793
    2    1   92  272   38    0    3    1    2    0    1266
    2    1   93  273  146    1   10    1    2    0    1555
    2    1   94  274  316    0   20    2    1    0     759
    2    1   95  275   37    0    3    1    2    0    1026
    2    1   96  276  313    0   20    2    3    0    2056
    2    1   97  277   28    0    2    1    1    1     610
    2    1   98  278   90    0    6    1    1    1     761
    2    1   99  279  469    0   30    3    3    1    1311
    2    1  100  280   23    0    2    1    2    0     794
    2    1  101  281  422    0   27    3    1    0    1960
    2    1  102  282  374    0   24    3    1    0     712
    2    1  103  283    7    1    1    1    2    0     669
    2    1  104  284  263    0   17    2    2    1     553
    2    1  105  285  351    0   22    3    3    1     552
    2    1  106  286  198    0   13    2    2    1    1599
    2    1  107  287  113    0    8    1    1    1     753
    2    1  108  288  268    0   17    2    2    1    1916
    2    1  109  289  332    0   21    3    1    0     779
    2    1  110  290  179    0   12    2    2    1    2277
    2    1  111  291  462    0   29    3    3    1    1061
    2    1  112  292  172    0   11    2    2    1     927
    2    1  113  293  256    0   16    2    1    0     575
    2    1  114  294  363    0   23    3    1    0     769
    2    1  115  295  223    0   14    2    3    0    1516
    2    1  116  296  275    0   18    2    2    1     664
    2    1  117  297  473    0   30    3    2    0    2192
    2    1  118  298  293    1   19    2    2    1    1542
    2    1  119  299    2    0    1    1    2    0    1855
    2    1  120  300  220    0   14    2    1    0    2130
    2    1  121  301  290    0   19    2    3    0    1946
    2    1  122  302  417    0   27    3    3    1    3499
    2    1  123  303  204    0   13    2    2    1     771
    2    1  124  304  457    0   29    3    3    1    1766
    2    1  125  305   63    0    4    1    1    1     784
    2    1  126  306  433    0   28    3    2    0    2796
    2    1  127  307  409    0   26    3    3    1     684
    2    1  128  308   49    0    4    1    2    0     924
    2    1  129  309  360    0   23    3    3    1    1156
    2    1  130  310    3    0    1    1    1    1     966
    2    1  131  311  388    0   25    3    3    1     999
    2    1  132  312  173    0   11    2    2    1    1234
    2    1  133  313  270    0   17    2    2    1     823
    2    1  134  314  411    0   26    3    3    1    1288
    2    1  135  315  207    0   13    2    2    1    3641
    2    1  136  316  308    1   20    2    1    0    1029
    2    1  137  317   40    1    3    1    3    0    1806
    2    1  138  318   25    0    2    1    3    0     987
    2    1  139  319   31    1    2    1    1    1    1297
    2    1  140  320  140    0    9    1    2    0    1202
    2    1  141  321  141    0    9    1    3    0    1240
    2    1  142  322  158    0   10    1    2    0    1212
    2    1  143  323  325    0   21    3    1    0     656
    2    1  144  324   72    1    5    1    2    0    2966
    2    1  145  325  300    0   19    2    2    1    1082
    2    1  146  326  440    0   28    3    3    1    1556
    2    1  147  327  431    0   27    3    3    1    1190
    2    1  148  328  106    1    7    1    1    1    2406
    2    1  149  329  287    0   18    2    2    1    1452
    2    1  150  330  117    0    8    1    2    0     575
    2    1  151  331  157    0   10    1    3    0    1250
    2    1  152  332  450    0   29    3    3    1    1115
    2    1  153  333  197    0   13    2    2    1     740
    2    1  154  334  243    0   16    2    1    0     719
    2    1  155  335  124    0    8    1    2    0    2231
    2    1  156  336  283    0   18    2    3    0    2679
    2    1  157  337  403    0   26    3    3    1    2585
    2    1  158  338  212    0   14    2    2    1     597
    2    1  159  339   34    1    3    1    1    1     759
    2    1  160  340  478    0   30    3    3    1    2641
    2    1  161  341  395    1   25    3    3    1    3652
    2    1  162  342   10    0    1    1    2    0    1361
    2    1  163  343   94    0    6    1    1    1    1481
    2    1  164  344   87    0    6    1    2    0     827
    2    1  165  345  250    1   16    2    3    0    1175
    2    1  166  346  323    0   21    3    1    0     750
    2    1  167  347  370    0   24    3    2    0    1194
    2    1  168  348  466    0   30    3    3    1     720
    2    1  169  349  342    0   22    3    2    0    1093
    2    1  170  350  338    0   22    3    2    0    1142
    2    1  171  351  385    0   25    3    3    1     695
    2    1  172  352  355    1   23    3    3    1     802
    2    1  173  353  162    0   11    2    1    0     588
    2    1  174  354   54    0    4    1    1    1    3793
    2    1  175  355    4    0    1    1    2    0    2696
    2    1  176  356  235    0   15    2    3    0     853
    2    1  177  357  152    0   10    1    3    0    1020
    2    1  178  358  245    0   16    2    2    1    1045
    2    1  179  359  330    1   21    3    1    0     745
    2    1  180  360  164    0   11    2    3    0    1477
    2    1  181  361  214    0   14    2    3    0    2495
    2    1  182  362  266    0   17    2    1    0    1049
    2    1  183  363  295    0   19    2    2    1    1857
    2    1  184  364   77    0    5    1    1    1     784
    2    1  185  365  216    0   14    2    1    0     678
    2    1  186  366   89    0    6    1    1    1     700
    2    1  187  367  153    0   10    1    3    0    1090
    2    1  188  368   32    0    2    1    1    1    1965
    2    1  189  369  400    0   25    3    2    0     756
    2    1  190  370  226    0   15    2    3    0     774
    2    1  191  371  449    0   29    3    2    0     581
    2    1  192  372  161    0   11    2    1    0     783
    2    1  193  373  340    0   22    3    3    1    1699
    2    1  194  374   96    1    6    1    1    1    1071
    2    1  195  375  467    0   30    3    3    1    1607
    2    1  196  376  130    0    9    1    2    0    1511
    2    1  197  377  477    0   30    3    2    0    1119
    2    1  198  378  358    0   23    3    3    1    1034
    2    1  199  379  359    1   23    3    3    1     605
    2    1  200  380  261    0   17    2    2    1     888
    2    1  201  381  217    0   14    2    1    0     745
    2    1  202  382  384    0   24    3    2    0    1043
    2    1  203  383  471    1   30    3    3    1     985
    2    1  204  384  241    1   16    2    2    1    1041
    2    1  205  385  143    0    9    1    3    0     802
    2    1  206  386   47    0    3    1    3    0     743
    2    1  207  387   57    0    4    1    1    1     534
    2    1  208  388  288    0   18    2    2    1     954
    2    1  209  389  437    0   28    3    3    1    1195
    2    1  210  390  322    0   21    3    1    0     521
    2    1  211  391  199    0   13    2    3    0     777
    2    1  212  392   14    0    1    1    2    0     940
    2    1  213  393   17    1    2    1    1    1     419
    2    1  214  394   64    0    4    1    1    1     504
    2    1  215  395  407    0   26    3    3    1     784
    2    1  216  396   82    0    6    1    1    1     800
    2    1  217  397  123    0    8    1    2    0     899
    2    1  218  398   44    0    3    1    3    0    2726
    2    1  219  399  286    0   18    2    3    0    1266
    2    1  220  400  249    0   16    2    2    1     581
    2    1  221  401  480    0   30    3    1    0     476
    2    1  222  402  132    0    9    1    1    1     583
    2    1  223  403  253    0   16    2    2    1     845
    2    1  224  404  274    0   18    2    3    0     920
    2    1  225  405  331    0   21    3    1    0     711
    2    1  226  406  118    0    8    1    3    0    1061
    2    1  227  407  336    0   21    3    1    0     638
    2    1  228  408  248    0   16    2    2    1     592
    2    1  229  409  423    1   27    3    3    1    1363
    2    1  230  410  227    0   15    2    2    1    1291
    2    1  231  411  224    1   14    2    1    0     647
    2    1  232  412  444    0   28    3    2    0     873
    2    1  233  413  324    0   21    3    2    0     698
    2    1  234  414  232    0   15    2    1    0    2254
    2    1  235  415  472    0   30    3    3    1    1728
    2    1  236  416  225    0   15    2    2    1    2414
    2    1  237  417  367    0   23    3    2    0    1179
    2    1  238  418  202    0   13    2    2    1     983
    2    1  239  419  458    0   29    3    3    1    1564
    2    1  240  420   70    0    5    1    2    0     606
    2    1  241  421  307    0   20    2    1    0     360
    2    1  242  422  101    0    7    1    2    0     760
    2    1  243  423  401    0   26    3    3    1    1125
    2    1  244  424  208    0   13    2    2    1     728
    2    1  245  425   95    0    6    1    1    1     595
    2    1  246  426   91    0    6    1    1    1     415
    2    1  247  427  443    1   28    3    3    1    1874
    2    1  248  428  177    0   12    2    1    0     537
    2    1  249  429  234    0   15    2    1    0    1476
    2    1  250  430   59    0    4    1    2    0    1013
    2    1  251  431  365    0   23    3    3    1     833
    2    1  252  432    1    0    1    1    2    0    1258
    2    1  253  433  435    0   28    3    2    0    2600
    2    1  254  434  326    0   21    3    1    0     567
    2    1  255  435   67    0    5    1    2    0    1009
    2    1  256  436  387    0   25    3    3    1    1488
    2    1  257  437  318    0   20    2    1    0     745
    2    1  258  438  206    0   13    2    2    1     598
    2    1  259  439  410    0   26    3    1    0     409
    2    1  260  440   16    1    1    1    2    0     493
    2    1  261  441  416    0   26    3    3    1    1126
    2    1  262  442   48    0    3    1    2    0     824
    2    1  263  443  421    0   27    3    1    0     533
    2    1  264  444  386    0   25    3    2    0    1674
    2    1  265  445  475    0   30    3    3    1     566
    2    1  266  446   13    0    1    1    3    0    1487
    2    1  267  447  169    0   11    2    2    1     588
    2    1  268  448   79    0    5    1    2    0     505
    2    1  269  449  100    0    7    1    2    0    1047
    2    1  270  450  107    0    7    1    2    0    2179
    2    1  271  451  378    0   24    3    3    1     791
    2    1  272  452   71    0    5    1    3    0    2005
    2    1  273  453  418    0   27    3    1    0    1805
    2    1  274  454  377    0   24    3    2    0     735
    2    1  275  455  209    0   14    2    1    0     479
    2    1  276  456   99    0    7    1    2    0    2126
    2    1  277  457   24    0    2    1    1    1     734
    2    1  278  458   83    0    6    1    1    1     570
    2    1  279  459  205    0   13    2    3    0     631
    2    1  280  460  350    0   22    3    2    0     582
    2    1  281  461   43    0    3    1    1    1     523
    2    1  282  462  180    0   12    2    1    0     541
    2    1  283  463  474    0   30    3    1    0    2187
    2    1  284  464  273    0   18    2    3    0     560
    2    1  285  465  285    0   18    2    2    1     702
    2    1  286  466  334    0   21    3    1    0     978
    2    1  287  467  213    0   14    2    1    0     804
    2    1  288  468   12    0    1    1    2    0    1590
    2    1  289  469  296    0   19    2    3    0     420
    2    1  290  470  426    0   27    3    2    0     777
    2    1  291  471  195    1   13    2    2    1     922
    2    1  292  472  425    0   27    3    1    0     592
    2    1  293  473  371    0   24    3    2    0     873
    2    1  294  474  149    0   10    1    3    0     463
    2    1  295  475  319    0   20    2    1    0     504
    2    1  296  476  134    0    9    1    3    0     593
    2    1  297  477  129    0    9    1    2    0     711
    2    1  298  478  438    0   28    3    1    0     496
    2    1  299  479  353    0   23    3    2    0     265
    2    1  300  480  430    0   27    3    1    0     751
