    1    1    1    1  217    1   14    2    3    0    4853
    1    1    2    2   56    1    4    1    2    0    4287
    1    1    3    3  448    1   28    3    3    1    2354
    1    1    4    4  289    1   19    2    1    0    5303
    1    1    5    5   71    1    5    1    1    1    2393
    1    1    6    6  340    1   22    3    3    1    2515
    1    1    7    7  252    1   16    2    2    1    2209
    1    1    8    8  271    1   17    2    1    0    5348
    1    1    9    9  219    1   14    2    1    0    2475
    1    1   10   10  267    1   17    2    3    0    5059
    1    1   11   11   80    1    5    1    3    0    8818
    1    1   12   12   36    1    3    1    2    0    2517
    1    1   13   13   37    1    3    1    1    1    2719
    1    1   14   14  360    1   23    3    3    1    1325
    1    1   15   15   16    1    1    1    2    0    4920
    1    1   16   16  396    1   25    3    2    0    2353
    1    1   17   17  359    1   23    3    3    1    2372
    1    1   18   18  245    1   16    2    2    1    2470
    1    1   19   19  408    1   26    3    3    1    3036
    1    1   20   20  465    1   30    3    3    1    1788
    1    1   21   21  326    1   21    3    3    1    2471
    1    1   22   22  240    1   15    2    1    0    2130
    1    1   23   23   33    1    3    1    1    1    1276
    1    1   24   24  201    1   13    2    1    0    1338
    1    1   25   25  121    1    8    1    1    1    2945
    1    1   26   26    6    1    1    1    1    1    1519
    1    1   27   27  216    1   14    2    2    1    1624
    1    1   28   28  117    1    8    1    1    1    1687
    1    1   29   29  272    1   17    2    2    1    1743
    1    1   30   30   66    1    5    1    1    1    1665
    1    1   31   31  356    1   23    3    2    0    2843
    1    1   32   32   58    1    4    1    1    1    2173
    1    1   33   33  479    1   30    3    2    0    1403
    1    1   34   34   38    1    3    1    1    1    1247
    1    1   35   35  471    1   30    3    2    0    1573
    1    1   36   36  266    1   17    2    2    1    1848
    1    1   37   37  290    1   19    2    3    0    1243
    1    1   38   38  250    1   16    2    1    0    1759
    1    1   39   39   52    1    4    1    1    1    1368
    1    1   40   40   35    1    3    1    1    1    1756
    1    1   41   41  380    1   24    3    2    0    1641
    1    1   42   42    4    1    1    1    1    1    1411
    1    1   43   43  269    1   17    2    2    1    1521
    1    1   44   44   53    1    4    1    3    0    1792
    1    1   45   45   15    1    1    1    1    1    1180
    1    1   46   46  164    1   11    2    2    1    2069
    1    1   47   47  276    1   18    2    3    0    1972
    1    1   48   48  424    1   27    3    3    1    1549
    1    1   49   49  182    1   12    2    3    0    1227
    1    1   50   50  120    1    8    1    1    1    1589
    1    1   51   51  406    1   26    3    3    1    3635
    1    1   52   52  212    1   14    2    2    1    1827
    1    1   53   53  476    1   30    3    3    1    2339
    1    1   54   54  411    1   26    3    3    1    3768
    1    1   55   55  473    1   30    3    3    1    5032
    1    1   56   56  353    1   23    3    3    1    1904
    1    1   57   57  387    1   25    3    3    1    1838
    1    1   58   58  280    1   18    2    2    1    2052
    1    1   59   59   49    1    4    1    1    1    1416
    1    1   60   60  409    1   26    3    3    1    2210
    1    2    1   61  290    1   19    2    1    0    1675
    1    2    2   62  408    1   26    3    3    1    2310
    1    2    3   63  121    1    8    1    1    1    1403
    1    2    4   64  473    1   30    3    3    1    1770
    1    2    5   65   58    1    4    1    1    1    3923
    1    2    6   66   16    1    1    1    1    1    1471
    1    2    7   67  272    1   17    2    3    0    4419
    1    2    8   68   80    1    5    1    1    1    2627
    1    2    9   69   33    1    3    1    1    1    1618
    1    2   10   70   15    1    1    1    1    1    2847
    1    2   11   71  276    1   18    2    3    0    3636
    1    2   12   72  409    1   26    3    2    0    1956
    1    2   13   73   38    1    3    1    1    1    1253
    1    2   14   74  240    1   15    2    2    1    3246
    1    2   15   75  266    1   17    2    3    0    1832
    1    2   16   76  340    1   22    3    1    0    1383
    1    2   17   77   56    1    4    1    2    0    2840
    1    2   18   78  201    1   13    2    2    1    1583
    1    2   19   79  250    1   16    2    1    0    1705
    1    2   20   80  424    1   27    3    3    1    1916
    1    2   21   81  465    1   30    3    2    0    2428
    1    2   22   82  411    1   26    3    2    0    3169
    1    2   23   83  217    1   14    2    2    1    4840
    1    2   24   84  182    1   12    2    3    0    1236
    1    2   25   85   36    1    3    1    1    1    1379
    1    2   26   86  219    1   14    2    1    0    5067
    1    2   27   87  356    1   23    3    3    1    3844
    1    2   28   88   35    1    3    1    1    1    1209
    1    2   29   89    4    1    1    1    1    1    2901
    1    2   30   90  120    1    8    1    1    1    1351
    1    2   31   91  476    1   30    3    3    1    5088
    1    2   32   92   37    1    3    1    1    1    1214
    1    2   33   93  471    1   30    3    3    1    2390
    1    2   34   94  448    1   28    3    3    1    1322
    1    2   35   95  269    1   17    2    2    1    1563
    1    2   36   96  396    1   25    3    2    0    2644
    1    2   37   97  252    1   16    2    2    1    1196
    1    2   38   98  271    1   17    2    2    1    1122
    1    2   39   99  289    1   19    2    3    0    2189
    1    2   40  100  216    1   14    2    1    0    1525
    1    2   41  101  479    1   30    3    2    0    1552
    1    2   42  102  117    1    8    1    1    1    1633
    1    2   43  103  212    1   14    2    2    1    3480
    1    2   44  104   53    1    4    1    1    1    1191
    1    2   45  105  359    1   23    3    3    1    1132
    1    2   46  106   66    1    5    1    1    1    1209
    1    2   47  107   52    1    4    1    3    0    1327
    1    2   48  108  353    1   23    3    3    1    1413
    1    2   49  109  387    1   25    3    3    1    3175
    1    2   50  110  360    1   23    3    3    1    1528
    1    2   51  111  245    1   16    2    2    1    2204
    1    2   52  112  267    1   17    2    3    0    3657
    1    2   53  113  406    1   26    3    3    1    3422
    1    2   54  114   71    1    5    1    1    1    1097
    1    2   55  115   49    1    4    1    2    0    1566
    1    2   56  116  280    1   18    2    2    1    1154
    1    2   57  117  164    1   11    2    2    1    3251
    1    2   58  118    6    1    1    1    1    1    1449
    1    2   59  119  326    1   21    3    3    1    1661
    1    2   60  120  380    1   24    3    2    0     922
    1    3    1  121  267    1   17    2    3    0    2291
    1    3    2  122  471    1   30    3    2    0    1136
    1    3    3  123  276    1   18    2    1    0    2591
    1    3    4  124  272    1   17    2    2    1    1493
    1    3    5  125  360    1   23    3    3    1    1337
    1    3    6  126    4    1    1    1    1    1    1244
    1    3    7  127   15    1    1    1    1    1    1145
    1    3    8  128  408    1   26    3    2    0    1718
    1    3    9  129  353    1   23    3    3    1    1301
    1    3   10  130  117    1    8    1    1    1    1244
    1    3   11  131  121    1    8    1    1    1    1038
    1    3   12  132   58    1    4    1    3    0    2218
    1    3   13  133  290    1   19    2    3    0    2020
    1    3   14  134  164    1   11    2    1    0    1216
    1    3   15  135  326    1   21    3    3    1     904
    1    3   16  136   35    1    3    1    1    1     887
    1    3   17  137  396    1   25    3    2    0     797
    1    3   18  138  448    1   28    3    3    1     743
    1    3   19  139    6    1    1    1    1    1     730
    1    3   20  140  409    1   26    3    3    1    1410
    1    3   21  141  380    1   24    3    2    0     811
    1    3   22  142  465    1   30    3    3    1     968
    1    3   23  143  212    1   14    2    2    1     710
    1    3   24  144  219    1   14    2    1    0     945
    1    3   25  145  201    1   13    2    2    1     691
    1    3   26  146   80    1    5    1    1    1    1691
    1    3   27  147  406    1   26    3    3    1    3192
    1    3   28  148  216    1   14    2    2    1    2930
    1    3   29  149  266    1   17    2    2    1     927
    1    3   30  150  120    1    8    1    1    1     742
    1    3   31  151  356    1   23    3    2    0    1295
    1    3   32  152   37    1    3    1    1    1     814
    1    3   33  153  250    1   16    2    2    1    1250
    1    3   34  154  479    1   30    3    2    0    2754
    1    3   35  155  289    1   19    2    2    1     730
    1    3   36  156   38    1    3    1    1    1     895
    1    3   37  157   56    1    4    1    1    1    1584
    1    3   38  158   33    1    3    1    1    1    1033
    1    3   39  159  245    1   16    2    2    1    1085
    1    3   40  160   16    1    1    1    1    1     760
    1    3   41  161   36    1    3    1    1    1     748
    1    3   42  162  340    1   22    3    3    1     765
    1    3   43  163   52    1    4    1    1    1    1317
    1    3   44  164  240    1   15    2    2    1    1547
    1    3   45  165  424    1   27    3    3    1     730
    1    3   46  166  217    1   14    2    2    1    1320
    1    3   47  167  252    1   16    2    2    1     868
    1    3   48  168  271    1   17    2    2    1     835
    1    3   49  169  182    1   12    2    2    1    1116
    1    3   50  170  411    1   26    3    3    1    1757
    1    3   51  171  476    1   30    3    3    1    1482
    1    3   52  172  473    1   30    3    3    1    1744
    1    3   53  173   49    1    4    1    1    1     795
    1    3   54  174   66    1    5    1    1    1     488
    1    3   55  175  280    1   18    2    2    1    1106
    1    3   56  176  359    1   23    3    3    1     640
    1    3   57  177  269    1   17    2    2    1     697
    1    3   58  178  387    1   25    3    2    0    1355
    1    3   59  179   53    1    4    1    1    1     743
    1    3   60  180   71    1    5    1    1    1     554
    2    1    1  181  342    0   22    3    2    0    1307
    2    1    2  182  450    0   29    3    2    0     885
    2    1    3  183  303    0   19    2    3    0    1801
    2    1    4  184   39    0    3    1    1    1     684
    2    1    5  185  422    0   27    3    3    1     885
    2    1    6  186  243    0   16    2    2    1     561
    2    1    7  187    5    0    1    1    1    1     476
    2    1    8  188   41    0    3    1    1    1     615
    2    1    9  189  100    0    7    1    1    1     606
    2    1   10  190   50    0    4    1    2    0    1466
    2    1   11  191  229    0   15    2    3    0     952
    2    1   12  192   37    1    3    1    1    1     624
    2    1   13  193   71    1    5    1    1    1     631
    2    1   14  194  154    0   10    1    1    1     662
    2    1   15  195  150    0   10    1    2    0     855
    2    1   16  196  273    0   18    2    2    1     765
    2    1   17  197  407    0   26    3    2    0    1738
    2    1   18  198  381    0   24    3    1    0     687
    2    1   19  199  130    0    9    1    3    0    1658
    2    1   20  200  317    0   20    2    3    0    1298
    2    1   21  201   15    1    1    1    1    1     807
    2    1   22  202  431    0   27    3    3    1    1278
    2    1   23  203   63    0    4    1    1    1     763
    2    1   24  204   32    0    2    1    3    0    1491
    2    1   25  205   45    0    3    1    1    1     539
    2    1   26  206   25    0    2    1    2    0    2173
    2    1   27  207  310    0   20    2    3    0    1414
    2    1   28  208  205    0   13    2    2    1    1049
    2    1   29  209  401    0   26    3    3    1    2061
    2    1   30  210  377    0   24    3    1    0     836
    2    1   31  211  249    0   16    2    1    0    1516
    2    1   32  212  295    0   19    2    1    0     844
    2    1   33  213  289    1   19    2    2    1     997
    2    1   34  214  358    0   23    3    3    1     927
    2    1   35  215  255    0   16    2    2    1    1221
    2    1   36  216  285    0   18    2    2    1    1548
    2    1   37  217  329    0   21    3    3    1     665
    2    1   38  218  421    0   27    3    2    0    1362
    2    1   39  219  354    0   23    3    3    1    1442
    2    1   40  220  395    0   25    3    2    0    1504
    2    1   41  221  419    0   27    3    2    0    1025
    2    1   42  222  410    0   26    3    2    0    2873
    2    1   43  223  348    0   22    3    1    0     627
    2    1   44  224   42    0    3    1    1    1     687
    2    1   45  225   98    0    7    1    1    1     660
    2    1   46  226  276    1   18    2    1    0     576
    2    1   47  227  152    0   10    1    3    0    1127
    2    1   48  228  442    0   28    3    3    1     672
    2    1   49  229  412    0   26    3    3    1    1800
    2    1   50  230  237    0   15    2    2    1     865
    2    1   51  231  194    0   13    2    2    1     961
    2    1   52  232  441    0   28    3    3    1     863
    2    1   53  233  337    0   22    3    1    0    3778
    2    1   54  234    2    0    1    1    1    1    1448
    2    1   55  235  247    0   16    2    2    1     872
    2    1   56  236  324    0   21    3    2    0    1332
    2    1   57  237  370    0   24    3    1    0     623
    2    1   58  238  213    0   14    2    3    0     616
    2    1   59  239  277    0   18    2    2    1     732
    2    1   60  240  171    0   11    2    1    0     715
    2    1   61  241  119    0    8    1    1    1     641
    2    1   62  242  286    0   18    2    3    0     943
    2    1   63  243  282    0   18    2    3    0    2383
    2    1   64  244  262    0   17    2    2    1     948
    2    1   65  245  197    0   13    2    2    1    1196
    2    1   66  246   14    0    1    1    1    1     644
    2    1   67  247  467    0   30    3    3    1    1227
    2    1   68  248  360    1   23    3    3    1    1526
    2    1   69  249  294    0   19    2    3    0     922
    2    1   70  250  270    0   17    2    3    0     948
    2    1   71  251  436    0   28    3    1    0    1048
    2    1   72  252  336    0   21    3    3    1    1030
    2    1   73  253  443    0   28    3    3    1     833
    2    1   74  254  163    0   11    2    2    1    1095
    2    1   75  255  452    0   29    3    2    0    1360
    2    1   76  256   26    0    2    1    3    0    2416
    2    1   77  257   13    0    1    1    1    1    1616
    2    1   78  258   90    0    6    1    2    0     719
    2    1   79  259  435    0   28    3    1    0     742
    2    1   80  260  257    0   17    2    1    0    1723
    2    1   81  261  104    0    7    1    2    0    2056
    2    1   82  262  306    0   20    2    3    0    1540
    2    1   83  263  117    1    8    1    1    1     824
    2    1   84  264  351    0   22    3    1    0     974
    2    1   85  265  272    1   17    2    2    1     811
    2    1   86  266  366    0   23    3    2    0    1221
    2    1   87  267  140    0    9    1    3    0    3504
    2    1   88  268  264    0   17    2    2    1     873
    2    1   89  269  456    0   29    3    1    0    2782
    2    1   90  270  184    0   12    2    3    0    1519
    2    1   91  271  115    0    8    1    1    1    3439
    2    1   92  272  434    0   28    3    3    1    1318
    2    1   93  273   86    0    6    1    2    0     761
    2    1   94  274  263    0   17    2    2    1     707
    2    1   95  275  316    0   20    2    2    1     914
    2    1   96  276  203    0   13    2    2    1     673
    2    1   97  277  254    0   16    2    2    1     957
    2    1   98  278  168    0   11    2    3    0     984
    2    1   99  279  413    0   26    3    2    0    1239
    2    1  100  280  330    0   21    3    3    1    2666
    2    1  101  281  234    0   15    2    3    0     737
    2    1  102  282   88    0    6    1    3    0     762
    2    1  103  283  394    0   25    3    2    0    1315
    2    1  104  284  297    0   19    2    1    0    2858
    2    1  105  285  439    0   28    3    3    1    1418
    2    1  106  286  328    0   21    3    3    1    1761
    2    1  107  287  256    0   16    2    2    1     754
    2    1  108  288   70    0    5    1    1    1     598
    2    1  109  289  449    0   29    3    1    0     530
    2    1  110  290  215    0   14    2    2    1    1434
    2    1  111  291  176    0   11    2    1    0     736
    2    1  112  292  427    0   27    3    2    0     635
    2    1  113  293  253    0   16    2    3    0    2062
    2    1  114  294  136    0    9    1    3    0    5190
    2    1  115  295  388    0   25    3    3    1    1519
    2    1  116  296   84    0    6    1    3    0     693
    2    1  117  297  103    0    7    1    1    1    2520
    2    1  118  298  200    0   13    2    2    1     603
    2    1  119  299  157    0   10    1    1    1     826
    2    1  120  300  182    1   12    2    2    1     663
    2    1  121  301  323    0   21    3    3    1    1490
    2    1  122  302  357    0   23    3    3    1    2110
    2    1  123  303  224    0   14    2    2    1    1988
    2    1  124  304  411    1   26    3    3    1    1137
    2    1  125  305  480    0   30    3    2    0    2182
    2    1  126  306  189    0   12    2    3    0     748
    2    1  127  307  347    0   22    3    1    0     669
    2    1  128  308  430    0   27    3    3    1     863
    2    1  129  309    1    0    1    1    1    1     646
    2    1  130  310  221    0   14    2    2    1     655
    2    1  131  311  446    0   28    3    3    1    1741
    2    1  132  312   43    0    3    1    1    1     487
    2    1  133  313  109    0    7    1    1    1     759
    2    1  134  314  415    0   26    3    3    1    1567
    2    1  135  315  380    1   24    3    2    0     816
    2    1  136  316  139    0    9    1    3    0    1151
    2    1  137  317  313    0   20    2    2    1     924
    2    1  138  318  314    0   20    2    2    1    1890
    2    1  139  319  326    1   21    3    3    1    3496
    2    1  140  320  250    1   16    2    2    1    4717
    2    1  141  321  465    1   30    3    2    0    2315
    2    1  142  322  261    0   17    2    2    1    2114
    2    1  143  323  216    1   14    2    2    1    1113
    2    1  144  324  108    0    7    1    1    1    1796
    2    1  145  325   65    0    5    1    1    1     501
    2    1  146  326   30    0    2    1    3    0    2752
    2    1  147  327  433    0   28    3    3    1     753
    2    1  148  328  129    0    9    1    3    0     846
    2    1  149  329  239    0   15    2    2    1     804
    2    1  150  330  353    1   23    3    3    1     608
    2    1  151  331   74    0    5    1    1    1     883
    2    1  152  332  429    0   27    3    3    1    1446
    2    1  153  333  470    0   30    3    2    0     696
    2    1  154  334  166    0   11    2    1    0     733
    2    1  155  335  114    0    8    1    1    1     750
    2    1  156  336  392    0   25    3    3    1     915
    2    1  157  337  268    0   17    2    2    1     928
    2    1  158  338   48    0    3    1    1    1     573
    2    1  159  339  230    0   15    2    3    0    1020
    2    1  160  340  468    0   30    3    2    0    1079
    2    1  161  341  220    0   14    2    2    1     746
    2    1  162  342   21    0    2    1    2    0     782
    2    1  163  343  162    0   11    2    2    1     706
    2    1  164  344   49    1    4    1    1    1     414
    2    1  165  345  223    0   14    2    2    1     704
    2    1  166  346  178    0   12    2    3    0     588
    2    1  167  347  420    0   27    3    3    1     483
    2    1  168  348  233    0   15    2    3    0     513
    2    1  169  349  479    1   30    3    2    0     628
    2    1  170  350  125    0    8    1    1    1     777
    2    1  171  351  341    0   22    3    3    1     550
    2    1  172  352  367    0   23    3    3    1     773
    2    1  173  353  423    0   27    3    3    1     793
    2    1  174  354   68    0    5    1    1    1     618
    2    1  175  355    6    1    1    1    1    1     557
    2    1  176  356  319    0   20    2    2    1    1075
    2    1  177  357  199    0   13    2    2    1     724
    2    1  178  358   85    0    6    1    1    1    1539
    2    1  179  359   44    0    3    1    1    1     502
    2    1  180  360  132    0    9    1    3    0     820
    2    1  181  361   96    0    6    1    3    0     827
    2    1  182  362  246    0   16    2    2    1     585
    2    1  183  363  327    0   21    3    2    0     813
    2    1  184  364   95    0    6    1    3    0     672
    2    1  185  365  384    0   24    3    3    1     860
    2    1  186  366  204    0   13    2    2    1     582
    2    1  187  367  447    0   28    3    3    1     651
    2    1  188  368  425    0   27    3    3    1     575
    2    1  189  369  398    0   25    3    2    0     628
    2    1  190  370  228    0   15    2    3    0     870
    2    1  191  371  240    1   15    2    2    1     840
    2    1  192  372  226    0   15    2    3    0    1012
    2    1  193  373    8    0    1    1    2    0    1469
    2    1  194  374  126    0    8    1    1    1    1309
    2    1  195  375   46    0    3    1    2    0     525
    2    1  196  376  474    0   30    3    2    0     791
    2    1  197  377  227    0   15    2    3    0     579
    2    1  198  378   82    0    6    1    3    0     749
    2    1  199  379  185    0   12    2    3    0     882
    2    1  200  380  426    0   27    3    3    1     911
    2    1  201  381   97    0    7    1    3    0     903
    2    1  202  382  135    0    9    1    1    1     415
    2    1  203  383  369    0   24    3    1    0    1175
    2    1  204  384  173    0   11    2    2    1     667
    2    1  205  385  207    0   13    2    2    1     560
    2    1  206  386  275    0   18    2    1    0     589
    2    1  207  387  299    0   19    2    3    0    1202
    2    1  208  388  432    0   27    3    3    1     601
    2    1  209  389  241    0   16    2    1    0     585
    2    1  210  390  206    0   13    2    2    1     574
    2    1  211  391  322    0   21    3    3    1     790
    2    1  212  392  138    0    9    1    3    0    1226
    2    1  213  393  191    0   12    2    3    0     847
    2    1  214  394  405    0   26    3    3    1    1547
    2    1  215  395  371    0   24    3    1    0     793
    2    1  216  396   11    0    1    1    1    1     769
    2    1  217  397  356    1   23    3    2    0    1209
    2    1  218  398  292    0   19    2    2    1     946
    2    1  219  399   28    0    2    1    3    0    1304
    2    1  220  400  311    0   20    2    2    1    1035
    2    1  221  401    9    0    1    1    1    1     710
    2    1  222  402  102    0    7    1    2    0    1326
    2    1  223  403  175    0   11    2    2    1     607
    2    1  224  404  201    1   13    2    2    1     573
    2    1  225  405  196    0   13    2    2    1     689
    2    1  226  406  274    0   18    2    2    1     586
    2    1  227  407  231    0   15    2    2    1     548
    2    1  228  408  365    0   23    3    3    1     639
    2    1  229  409  134    0    9    1    3    0     737
    2    1  230  410  378    0   24    3    1    0    2146
    2    1  231  411  385    0   25    3    2    0     825
    2    1  232  412  107    0    7    1    3    0     720
    2    1  233  413  222    0   14    2    2    1    1097
    2    1  234  414  400    0   25    3    3    1     907
    2    1  235  415  414    0   26    3    2    0    1208
    2    1  236  416  238    0   15    2    3    0    1151
    2    1  237  417  271    1   17    2    2    1    1234
    2    1  238  418  402    0   26    3    2    0    2181
    2    1  239  419  288    0   18    2    2    1     983
    2    1  240  420  451    0   29    3    2    0     682
    2    1  241  421  346    0   22    3    1    0     675
    2    1  242  422  290    1   19    2    3    0    2567
    2    1  243  423  212    1   14    2    2    1    1014
    2    1  244  424  278    0   18    2    2    1     997
    2    1  245  425  123    0    8    1    1    1    1596
    2    1  246  426   38    1    3    1    1    1     697
    2    1  247  427  202    0   13    2    2    1     837
    2    1  248  428  165    0   11    2    1    0     919
    2    1  249  429  259    0   17    2    2    1    1035
    2    1  250  430  438    0   28    3    3    1     532
    2    1  251  431   40    0    3    1    1    1     593
    2    1  252  432  192    0   12    2    3    0     796
    2    1  253  433  383    0   24    3    3    1    1016
    2    1  254  434  195    0   13    2    2    1     609
    2    1  255  435  105    0    7    1    3    0    1684
    2    1  256  436  106    0    7    1    3    0     996
    2    1  257  437  179    0   12    2    3    0     719
    2    1  258  438  232    0   15    2    3    0     766
    2    1  259  439   35    1    3    1    1    1     634
    2    1  260  440  344    0   22    3    3    1    1090
    2    1  261  441  339    0   22    3    1    0    1316
    2    1  262  442  128    0    8    1    3    0    1035
    2    1  263  443  219    1   14    2    3    0    2017
    2    1  264  444  386    0   25    3    2    0     967
    2    1  265  445  460    0   29    3    2    0     751
    2    1  266  446  424    1   27    3    3    1    1010
    2    1  267  447   18    0    2    1    2    0     887
    2    1  268  448   20    0    2    1    2    0     761
    2    1  269  449  305    0   20    2    2    1     691
    2    1  270  450  248    0   16    2    2    1     931
    2    1  271  451  472    0   30    3    2    0     737
    2    1  272  452  312    0   20    2    3    0     795
    2    1  273  453    7    0    1    1    1    1     765
    2    1  274  454  133    0    9    1    3    0    1199
    2    1  275  455  390    0   25    3    3    1     676
    2    1  276  456   54    0    4    1    2    0    1046
    2    1  277  457   76    0    5    1    1    1     501
    2    1  278  458  101    0    7    1    1    1    1357
    2    1  279  459   22    0    2    1    2    0     767
    2    1  280  460  393    0   25    3    2    0    1106
    2    1  281  461  217    1   14    2    2    1    1218
    2    1  282  462  141    0    9    1    3    0    1157
    2    1  283  463  404    0   26    3    2    0     677
    2    1  284  464  372    0   24    3    1    0    1625
    2    1  285  465   33    1    3    1    1    1    1042
    2    1  286  466  478    0   30    3    2    0     887
    2    1  287  467   31    0    2    1    3    0     937
    2    1  288  468  287    0   18    2    2    1    1482
    2    1  289  469   34    0    3    1    1    1     513
    2    1  290  470  444    0   28    3    3    1     769
    2    1  291  471  267    1   17    2    2    1    1430
    2    1  292  472   67    0    5    1    1    1     704
    2    1  293  473  469    0   30    3    2    0    2013
    2    1  294  474  260    0   17    2    2    1     876
    2    1  295  475  375    0   24    3    1    0     757
    2    1  296  476   60    0    4    1    2    0     960
    2    1  297  477  461    0   29    3    2    0     750
    2    1  298  478    3    0    1    1    1    1     905
    2    1  299  479  218    0   14    2    2    1     748
    2    1  300  480  477    0   30    3    2    0    2201
