    1    1    1    1  111    1    7    1    3    0    6020
    1    1    2    2  195    1   13    2    3    0    2507
    1    1    3    3  456    1   29    3    2    0    4001
    1    1    4    4   73    1    5    1    1    1    2880
    1    1    5    5  125    1    8    1    1    1    1963
    1    1    6    6  106    1    7    1    3    0    1826
    1    1    7    7  186    1   12    2    3    0     940
    1    1    8    8   17    1    2    1    3    0    2644
    1    1    9    9  278    1   18    2    1    0    1781
    1    1   10   10   34    1    3    1    1    1    1748
    1    1   11   11  446    1   28    3    1    0     852
    1    1   12   12   55    1    4    1    3    0    4178
    1    1   13   13  203    1   13    2    3    0    3140
    1    1   14   14  267    1   17    2    2    1    3034
    1    1   15   15  455    1   29    3    2    0    1148
    1    1   16   16  423    1   27    3    3    1    3153
    1    1   17   17  293    1   19    2    2    1    1295
    1    1   18   18  359    1   23    3    3    1    1316
    1    1   19   19  297    1   19    2    2    1    1017
    1    1   20   20   40    1    3    1    1    1    1657
    1    1   21   21  330    1   21    3    2    0    2272
    1    1   22   22  337    1   22    3    1    0    1074
    1    1   23   23  136    1    9    1    1    1    1265
    1    1   24   24   96    1    6    1    2    0    1195
    1    1   25   25  229    1   15    2    3    0    2982
    1    1   26   26  308    1   20    2    3    0    1694
    1    1   27   27  376    1   24    3    1    0    1189
    1    1   28   28  238    1   15    2    2    1    1580
    1    1   29   29  163    1   11    2    2    1     894
    1    1   30   30   62    1    4    1    3    0    5058
    1    1   31   31  170    1   11    2    2    1    4023
    1    1   32   32  405    1   26    3    3    1    7314
    1    1   33   33  465    1   30    3    2    0    3399
    1    1   34   34  413    1   26    3    3    1    2186
    1    1   35   35  443    1   28    3    1    0    5484
    1    1   36   36  306    1   20    2    2    1     957
    1    1   37   37    7    1    1    1    1    1     931
    1    1   38   38  115    1    8    1    1    1    1557
    1    1   39   39  215    1   14    2    2    1    1422
    1    1   40   40  471    1   30    3    2    0     998
    1    1   41   41  148    1   10    1    3    0    1521
    1    1   42   42  355    1   23    3    3    1    2668
    1    1   43   43   85    1    6    1    1    1     987
    1    1   44   44  339    1   22    3    1    0     963
    1    1   45   45  327    1   21    3    2    0     853
    1    1   46   46   72    1    5    1    1    1     773
    1    1   47   47  190    1   12    2    2    1     806
    1    1   48   48  395    1   25    3    2    0    1238
    1    1   49   49  279    1   18    2    3    0    2225
    1    1   50   50  397    1   25    3    3    1    7728
    1    1   51   51  272    1   17    2    1    0    1184
    1    1   52   52  224    1   14    2    3    0    2265
    1    1   53   53  135    1    9    1    1    1     994
    1    1   54   54   16    1    1    1    1    1     852
    1    1   55   55  420    1   27    3    3    1    3891
    1    1   56   56   31    1    2    1    1    1    3750
    1    1   57   57  146    1   10    1    1    1    2527
    1    1   58   58  381    1   24    3    1    0    4440
    1    1   59   59  241    1   16    2    2    1    1726
    1    1   60   60  250    1   16    2    2    1    8050
    1    2    1   61  170    1   11    2    2    1    1480
    1    2    2   62  456    1   29    3    3    1    1061
    1    2    3   63   62    1    4    1    1    1    1677
    1    2    4   64   17    1    2    1    2    0     924
    1    2    5   65  420    1   27    3    1    0     854
    1    2    6   66  136    1    9    1    1    1     826
    1    2    7   67  215    1   14    2    2    1     875
    1    2    8   68   96    1    6    1    2    0     757
    1    2    9   69  455    1   29    3    3    1    2039
    1    2   10   70  397    1   25    3    2    0    2803
    1    2   11   71  148    1   10    1    3    0    1948
    1    2   12   72  272    1   17    2    2    1    1136
    1    2   13   73  203    1   13    2    2    1     863
    1    2   14   74  359    1   23    3    3    1    1163
    1    2   15   75  125    1    8    1    1    1     798
    1    2   16   76   85    1    6    1    1    1     795
    1    2   17   77  195    1   13    2    2    1    1978
    1    2   18   78  330    1   21    3    3    1    5393
    1    2   19   79  376    1   24    3    1    0    2680
    1    2   20   80   72    1    5    1    1    1    3404
    1    2   21   81  278    1   18    2    2    1    2504
    1    2   22   82   31    1    2    1    3    0    1497
    1    2   23   83   40    1    3    1    1    1    1621
    1    2   24   84  423    1   27    3    3    1    3005
    1    2   25   85  115    1    8    1    1    1     767
    1    2   26   86  163    1   11    2    2    1     829
    1    2   27   87  443    1   28    3    3    1    1390
    1    2   28   88  186    1   12    2    2    1     870
    1    2   29   89  106    1    7    1    3    0    2388
    1    2   30   90  413    1   26    3    3    1    1087
    1    2   31   91  111    1    7    1    2    0    2415
    1    2   32   92  293    1   19    2    2    1     708
    1    2   33   93  238    1   15    2    2    1    1453
    1    2   34   94  395    1   25    3    3    1    1329
    1    2   35   95    7    1    1    1    1    1     756
    1    2   36   96  355    1   23    3    3    1    2024
    1    2   37   97  339    1   22    3    3    1    1263
    1    2   38   98  229    1   15    2    2    1     843
    1    2   39   99   73    1    5    1    1    1    1169
    1    2   40  100  241    1   16    2    2    1     734
    1    2   41  101  471    1   30    3    2    0     739
    1    2   42  102  267    1   17    2    2    1     707
    1    2   43  103  327    1   21    3    2    0    2955
    1    2   44  104  224    1   14    2    3    0    1849
    1    2   45  105  405    1   26    3    3    1     872
    1    2   46  106  337    1   22    3    1    0     966
    1    2   47  107   34    1    3    1    1    1     572
    1    2   48  108  465    1   30    3    2    0    1034
    1    2   49  109  146    1   10    1    1    1     618
    1    2   50  110  190    1   12    2    2    1     725
    1    2   51  111  306    1   20    2    2    1     715
    1    2   52  112  279    1   18    2    2    1     616
    1    2   53  113  308    1   20    2    3    0    1551
    1    2   54  114   16    1    1    1    1    1     743
    1    2   55  115  381    1   24    3    3    1    1017
    1    2   56  116   55    1    4    1    3    0    1382
    1    2   57  117  446    1   28    3    1    0    1765
    1    2   58  118  135    1    9    1    1    1     925
    1    2   59  119  297    1   19    2    2    1    1163
    1    2   60  120  250    1   16    2    2    1     993
    1    3    1  121  278    1   18    2    3    0    1730
    1    3    2  122  293    1   19    2    2    1     743
    1    3    3  123  190    1   12    2    2    1    2344
    1    3    4  124   85    1    6    1    1    1    1474
    1    3    5  125  229    1   15    2    2    1     988
    1    3    6  126  279    1   18    2    3    0    2868
    1    3    7  127   34    1    3    1    1    1     634
    1    3    8  128  106    1    7    1    1    1    1431
    1    3    9  129  250    1   16    2    2    1    1350
    1    3   10  130  330    1   21    3    2    0    4311
    1    3   11  131    7    1    1    1    1    1    1102
    1    3   12  132  308    1   20    2    3    0    2473
    1    3   13  133  455    1   29    3    3    1    1002
    1    3   14  134  471    1   30    3    3    1    2077
    1    3   15  135  163    1   11    2    2    1     703
    1    3   16  136  135    1    9    1    1    1    1145
    1    3   17  137  267    1   17    2    2    1     813
    1    3   18  138  465    1   30    3    3    1    1743
    1    3   19  139  446    1   28    3    3    1    1085
    1    3   20  140  241    1   16    2    2    1    1259
    1    3   21  141   96    1    6    1    3    0    2997
    1    3   22  142  186    1   12    2    2    1    1377
    1    3   23  143   31    1    2    1    3    0    1680
    1    3   24  144  170    1   11    2    1    0    1516
    1    3   25  145   55    1    4    1    3    0    2647
    1    3   26  146  376    1   24    3    3    1    1439
    1    3   27  147   62    1    4    1    2    0    1624
    1    3   28  148   72    1    5    1    1    1    2209
    1    3   29  149   16    1    1    1    1    1    2425
    1    3   30  150  456    1   29    3    3    1    2060
    1    3   31  151  148    1   10    1    3    0    5945
    1    3   32  152  111    1    7    1    1    1    2695
    1    3   33  153  405    1   26    3    3    1    1816
    1    3   34  154   40    1    3    1    1    1    1199
    1    3   35  155  359    1   23    3    3    1    6060
    1    3   36  156  215    1   14    2    2    1    4119
    1    3   37  157  195    1   13    2    2    1    2224
    1    3   38  158  423    1   27    3    3    1    2097
    1    3   39  159  203    1   13    2    2    1    1549
    1    3   40  160  443    1   28    3    3    1    1807
    1    3   41  161   73    1    5    1    1    1    2111
    1    3   42  162  337    1   22    3    1    0    2620
    1    3   43  163  297    1   19    2    2    1    1500
    1    3   44  164  339    1   22    3    3    1    1626
    1    3   45  165  125    1    8    1    1    1    1539
    1    3   46  166  413    1   26    3    3    1    1797
    1    3   47  167  115    1    8    1    1    1    1476
    1    3   48  168  327    1   21    3    3    1    4133
    1    3   49  169  306    1   20    2    2    1    1623
    1    3   50  170  146    1   10    1    1    1    1351
    1    3   51  171  238    1   15    2    2    1    2780
    1    3   52  172  420    1   27    3    1    0    6705
    1    3   53  173  381    1   24    3    3    1    1220
    1    3   54  174  395    1   25    3    3    1    1395
    1    3   55  175  355    1   23    3    3    1    1815
    1    3   56  176  397    1   25    3    3    1    1783
    1    3   57  177  224    1   14    2    2    1    1744
    1    3   58  178  272    1   17    2    2    1    1897
    1    3   59  179   17    1    2    1    3    0    3003
    1    3   60  180  136    1    9    1    1    1    1538
    2    1    1  181  247    0   16    2    2    1    4064
    2    1    2  182  477    0   30    3    3    1    2340
    2    1    3  183  429    0   27    3    2    0    2125
    2    1    4  184   26    0    2    1    3    0    2876
    2    1    5  185  303    0   19    2    3    0    3849
    2    1    6  186  198    0   13    2    2    1    1376
    2    1    7  187  128    0    8    1    1    1    4853
    2    1    8  188  461    0   29    3    3    1    3127
    2    1    9  189  138    0    9    1    1    1    1342
    2    1   10  190  213    0   14    2    2    1    8451
    2    1   11  191  396    0   25    3    3    1    2626
    2    1   12  192  268    0   17    2    2    1    1015
    2    1   13  193  211    0   14    2    2    1    1067
    2    1   14  194  263    0   17    2    2    1    1005
    2    1   15  195  189    0   12    2    2    1    1105
    2    1   16  196   41    0    3    1    1    1     997
    2    1   17  197  134    0    9    1    1    1    1034
    2    1   18  198   56    0    4    1    1    1     953
    2    1   19  199  174    0   11    2    1    0    1193
    2    1   20  200  158    0   10    1    1    1    1802
    2    1   21  201  301    0   19    2    2    1    1228
    2    1   22  202   12    0    1    1    1    1     575
    2    1   23  203  121    0    8    1    1    1    1000
    2    1   24  204  347    0   22    3    3    1    2813
    2    1   25  205   57    0    4    1    3    0    1200
    2    1   26  206  385    0   25    3    3    1     815
    2    1   27  207  375    0   24    3    3    1     626
    2    1   28  208    3    0    1    1    1    1     643
    2    1   29  209  405    1   26    3    3    1     699
    2    1   30  210  424    0   27    3    2    0    1379
    2    1   31  211    6    0    1    1    1    1     911
    2    1   32  212  315    0   20    2    2    1    1047
    2    1   33  213  419    0   27    3    2    0     677
    2    1   34  214  297    1   19    2    2    1     653
    2    1   35  215  223    0   14    2    2    1    1180
    2    1   36  216  402    0   26    3    3    1    1191
    2    1   37  217  369    0   24    3    3    1    1556
    2    1   38  218  262    0   17    2    2    1     840
    2    1   39  219  404    0   26    3    2    0     721
    2    1   40  220  202    0   13    2    2    1     545
    2    1   41  221  475    0   30    3    3    1    3076
    2    1   42  222  454    0   29    3    3    1    1118
    2    1   43  223  286    0   18    2    1    0    2919
    2    1   44  224   45    0    3    1    1    1     720
    2    1   45  225  335    0   21    3    2    0     634
    2    1   46  226  221    0   14    2    2    1    1354
    2    1   47  227  360    0   23    3    2    0    2020
    2    1   48  228  222    0   14    2    3    0    1571
    2    1   49  229  155    0   10    1    1    1     798
    2    1   50  230  359    1   23    3    3    1     824
    2    1   51  231  435    0   28    3    1    0     670
    2    1   52  232  245    0   16    2    2    1     647
    2    1   53  233  406    0   26    3    3    1     907
    2    1   54  234  108    0    7    1    1    1     707
    2    1   55  235  468    0   30    3    2    0     614
    2    1   56  236  478    0   30    3    3    1    1198
    2    1   57  237   23    0    2    1    1    1    1189
    2    1   58  238  441    0   28    3    3    1     881
    2    1   59  239  352    0   22    3    3    1     822
    2    1   60  240  296    0   19    2    1    0    1556
    2    1   61  241  175    0   11    2    3    0     852
    2    1   62  242  285    0   18    2    3    0    1152
    2    1   63  243  238    1   15    2    2    1     802
    2    1   64  244  186    1   12    2    2    1     712
    2    1   65  245   83    0    6    1    2    0     636
    2    1   66  246  151    0   10    1    3    0     929
    2    1   67  247  125    1    8    1    1    1     643
    2    1   68  248  163    1   11    2    2    1     930
    2    1   69  249  290    0   19    2    2    1     917
    2    1   70  250   74    0    5    1    1    1    1031
    2    1   71  251  392    0   25    3    1    0    1537
    2    1   72  252  382    0   24    3    3    1    1758
    2    1   73  253  320    0   20    2    3    0    2343
    2    1   74  254  251    0   16    2    2    1    1197
    2    1   75  255   84    0    6    1    2    0    1124
    2    1   76  256  209    0   14    2    2    1     970
    2    1   77  257  168    0   11    2    1    0    3269
    2    1   78  258  449    0   29    3    3    1    1181
    2    1   79  259  199    0   13    2    3    0    2422
    2    1   80  260  162    0   11    2    3    0    1987
    2    1   81  261  423    1   27    3    3    1    1275
    2    1   82  262  377    0   24    3    1    0    4694
    2    1   83  263  107    0    7    1    1    1    1810
    2    1   84  264  358    0   23    3    2    0    1684
    2    1   85  265  311    0   20    2    2    1    2778
    2    1   86  266  250    1   16    2    2    1    1086
    2    1   87  267  192    0   12    2    2    1    1065
    2    1   88  268  275    0   18    2    1    0    1245
    2    1   89  269  256    0   16    2    3    0    2116
    2    1   90  270  456    1   29    3    3    1    1109
    2    1   91  271   44    0    3    1    1    1    1090
    2    1   92  272  197    0   13    2    1    0    1186
    2    1   93  273  243    0   16    2    3    0    2688
    2    1   94  274  344    0   22    3    1    0    1580
    2    1   95  275  248    0   16    2    3    0    1971
    2    1   96  276  462    0   29    3    3    1    1269
    2    1   97  277  386    0   25    3    2    0    3436
    2    1   98  278  324    0   21    3    2    0    1752
    2    1   99  279   42    0    3    1    1    1    2436
    2    1  100  280  365    0   23    3    2    0    2093
    2    1  101  281   99    0    7    1    1    1    1934
    2    1  102  282  160    0   10    1    1    1    1280
    2    1  103  283  148    1   10    1    1    1    1956
    2    1  104  284    2    0    1    1    1    1    1319
    2    1  105  285  338    0   22    3    3    1    1997
    2    1  106  286  284    0   18    2    3    0    2000
    2    1  107  287  252    0   16    2    3    0    1583
    2    1  108  288  413    1   26    3    3    1    1802
    2    1  109  289  103    0    7    1    1    1    3990
    2    1  110  290   10    0    1    1    1    1    1809
    2    1  111  291  306    1   20    2    2    1    1478
    2    1  112  292   28    0    2    1    1    1    2982
    2    1  113  293  316    0   20    2    2    1    2696
    2    1  114  294  294    0   19    2    1    0    1257
    2    1  115  295  145    0   10    1    1    1    1459
    2    1  116  296   94    0    6    1    3    0    3365
    2    1  117  297  362    0   23    3    3    1    1444
    2    1  118  298   15    0    1    1    1    1    1192
    2    1  119  299  329    0   21    3    1    0    1036
    2    1  120  300  326    0   21    3    2    0    1032
    2    1  121  301  388    0   25    3    3    1    1349
    2    1  122  302  425    0   27    3    2    0    1242
    2    1  123  303  230    0   15    2    3    0    3012
    2    1  124  304  110    0    7    1    2    0    1298
    2    1  125  305   25    0    2    1    2    0    1590
    2    1  126  306   51    0    4    1    1    1    1258
    2    1  127  307  373    0   24    3    3    1    3780
    2    1  128  308  459    0   29    3    3    1    2721
    2    1  129  309  312    0   20    2    3    0    2729
    2    1  130  310   73    1    5    1    1    1    2385
    2    1  131  311  333    0   21    3    2    0    1715
    2    1  132  312  274    0   18    2    3    0    2127
    2    1  133  313  420    1   27    3    1    0    1807
    2    1  134  314  178    0   12    2    2    1    1089
    2    1  135  315  356    0   23    3    3    1    1546
    2    1  136  316  415    0   26    3    3    1    3090
    2    1  137  317  416    0   26    3    3    1    1445
    2    1  138  318  185    0   12    2    2    1    1111
    2    1  139  319   21    0    2    1    3    0    1496
    2    1  140  320  417    0   27    3    1    0    3306
    2    1  141  321  374    0   24    3    3    1    2421
    2    1  142  322  317    0   20    2    3    0    2698
    2    1  143  323  465    1   30    3    3    1    2182
    2    1  144  324  321    0   21    3    2    0    1935
    2    1  145  325  376    1   24    3    3    1    1533
    2    1  146  326  137    0    9    1    1    1    1199
    2    1  147  327   76    0    5    1    1    1    1572
    2    1  148  328  414    0   26    3    3    1    1828
    2    1  149  329  106    1    7    1    1    1    2374
    2    1  150  330  206    0   13    2    3    0    1620
    2    1  151  331  378    0   24    3    3    1    1504
    2    1  152  332  438    0   28    3    2    0    1496
    2    1  153  333   60    0    4    1    1    1    2687
    2    1  154  334  169    0   11    2    1    0    2090
    2    1  155  335   50    0    4    1    3    0    2600
    2    1  156  336  342    0   22    3    1    0    3636
    2    1  157  337  372    0   24    3    3    1    1860
    2    1  158  338  109    0    7    1    1    1    2551
    2    1  159  339   16    1    1    1    1    1    2711
    2    1  160  340  395    1   25    3    3    1    2648
    2    1  161  341  167    0   11    2    1    0    1515
    2    1  162  342   36    0    3    1    1    1    2632
    2    1  163  343  291    0   19    2    2    1    5134
    2    1  164  344    5    0    1    1    1    1    1285
    2    1  165  345   11    0    1    1    3    0    2168
    2    1  166  346  166    0   11    2    1    0    1891
    2    1  167  347  269    0   17    2    2    1    1321
    2    1  168  348  437    0   28    3    3    1    1760
    2    1  169  349  154    0   10    1    1    1    1226
    2    1  170  350  447    0   28    3    3    1    1622
    2    1  171  351  394    0   25    3    3    1    1372
    2    1  172  352  351    0   22    3    3    1    1158
    2    1  173  353  152    0   10    1    1    1    1521
    2    1  174  354   89    0    6    1    3    0    6093
    2    1  175  355  318    0   20    2    3    0    1383
    2    1  176  356  270    0   17    2    2    1    1855
    2    1  177  357   32    0    2    1    3    0    1321
    2    1  178  358  439    0   28    3    3    1    1379
    2    1  179  359  442    0   28    3    3    1    1598
    2    1  180  360  240    0   15    2    3    0    3433
    2    1  181  361   71    0    5    1    1    1    2323
    2    1  182  362  204    0   13    2    3    0    4753
    2    1  183  363   43    0    3    1    1    1    1495
    2    1  184  364  273    0   18    2    1    0    3630
    2    1  185  365  123    0    8    1    1    1    2266
    2    1  186  366   75    0    5    1    1    1    2893
    2    1  187  367  179    0   12    2    2    1    2668
    2    1  188  368  412    0   26    3    3    1    2613
    2    1  189  369  237    0   15    2    3    0    6586
    2    1  190  370  452    0   29    3    3    1    1743
    2    1  191  371  139    0    9    1    1    1    1491
    2    1  192  372  289    0   19    2    2    1    1494
    2    1  193  373  325    0   21    3    2    0    2229
    2    1  194  374  233    0   15    2    1    0    1452
    2    1  195  375   40    1    3    1    1    1     749
    2    1  196  376  254    0   16    2    3    0     772
    2    1  197  377  231    0   15    2    1    0     943
    2    1  198  378  242    0   16    2    3    0    1613
    2    1  199  379  469    0   30    3    3    1    3062
    2    1  200  380  302    0   19    2    2    1     905
    2    1  201  381   24    0    2    1    3    0    1138
    2    1  202  382  132    0    9    1    1    1     613
    2    1  203  383  220    0   14    2    2    1     693
    2    1  204  384  208    0   13    2    3    0     627
    2    1  205  385  443    1   28    3    3    1     598
    2    1  206  386  428    0   27    3    2    0     546
    2    1  207  387   18    0    2    1    3    0     633
    2    1  208  388  216    0   14    2    3    0    1426
    2    1  209  389   81    0    6    1    3    0    1394
    2    1  210  390  336    0   21    3    2    0     863
    2    1  211  391  232    0   15    2    1    0    2273
    2    1  212  392  298    0   19    2    1    0    1164
    2    1  213  393  234    0   15    2    3    0     621
    2    1  214  394  111    1    7    1    1    1     752
    2    1  215  395   35    0    3    1    1    1     578
    2    1  216  396  457    0   29    3    3    1     704
    2    1  217  397   61    0    4    1    1    1    1051
    2    1  218  398  340    0   22    3    3    1    4814
    2    1  219  399  422    0   27    3    3    1     810
    2    1  220  400   49    0    4    1    1    1     713
    2    1  221  401  410    0   26    3    3    1     634
    2    1  222  402  219    0   14    2    1    0     629
    2    1  223  403  271    0   17    2    2    1     682
    2    1  224  404  293    1   19    2    2    1     552
    2    1  225  405  430    0   27    3    3    1     646
    2    1  226  406  259    0   17    2    3    0     702
    2    1  227  407  455    1   29    3    3    1     546
    2    1  228  408  184    0   12    2    2    1    2038
    2    1  229  409  150    0   10    1    1    1    1170
    2    1  230  410  281    0   18    2    1    0     751
    2    1  231  411  319    0   20    2    3    0     706
    2    1  232  412  476    0   30    3    3    1     638
    2    1  233  413  328    0   21    3    2    0     791
    2    1  234  414   47    0    3    1    1    1     817
    2    1  235  415  200    0   13    2    3    0    1165
    2    1  236  416  143    0    9    1    1    1     930
    2    1  237  417  314    0   20    2    3    0     845
    2    1  238  418  165    0   11    2    1    0     772
    2    1  239  419  191    0   12    2    2    1     515
    2    1  240  420   68    0    5    1    1    1     906
    2    1  241  421  228    0   15    2    3    0     631
    2    1  242  422  146    1   10    1    1    1    1234
    2    1  243  423  241    1   16    2    3    0    1018
    2    1  244  424   85    1    6    1    1    1    2420
    2    1  245  425  156    0   10    1    1    1    1721
    2    1  246  426  295    0   19    2    1    0    1272
    2    1  247  427    4    0    1    1    1    1    1933
    2    1  248  428   14    0    1    1    1    1    2085
    2    1  249  429  308    1   20    2    3    0    2092
    2    1  250  430   29    0    2    1    3    0    1835
    2    1  251  431   91    0    6    1    1    1    4077
    2    1  252  432  195    1   13    2    1    0    1816
    2    1  253  433  383    0   24    3    3    1    1283
    2    1  254  434  389    0   25    3    3    1    1188
    2    1  255  435  479    0   30    3    3    1    1560
    2    1  256  436  339    1   22    3    3    1     907
    2    1  257  437  190    1   12    2    2    1    1033
    2    1  258  438  214    0   14    2    3    0    1247
    2    1  259  439    1    0    1    1    1    1     543
    2    1  260  440   46    0    3    1    1    1     544
    2    1  261  441  354    0   23    3    3    1     642
    2    1  262  442  159    0   10    1    1    1     565
    2    1  263  443  194    0   13    2    3    0     733
    2    1  264  444  118    0    8    1    1    1     781
    2    1  265  445  176    0   11    2    1    0     847
    2    1  266  446  466    0   30    3    3    1    1156
    2    1  267  447  117    0    8    1    3    0    1341
    2    1  268  448   80    0    5    1    1    1     710
    2    1  269  449  266    0   17    2    3    0    1153
    2    1  270  450  277    0   18    2    3    0     696
    2    1  271  451  421    0   27    3    3    1     647
    2    1  272  452  467    0   30    3    3    1     781
    2    1  273  453  472    0   30    3    3    1    1381
    2    1  274  454  161    0   11    2    1    0     813
    2    1  275  455  100    0    7    1    1    1    1295
    2    1  276  456   37    0    3    1    1    1     560
    2    1  277  457  337    1   22    3    1    0     621
    2    1  278  458  144    0    9    1    1    1    1977
    2    1  279  459   93    0    6    1    3    0    1076
    2    1  280  460  115    1    8    1    1    1     813
    2    1  281  461  105    0    7    1    1    1    1942
    2    1  282  462  282    0   18    2    3    0    1766
    2    1  283  463  380    0   24    3    3    1     757
    2    1  284  464   92    0    6    1    3    0     870
    2    1  285  465  408    0   26    3    3    1     699
    2    1  286  466   17    1    2    1    3    0    5012
    2    1  287  467  215    1   14    2    1    0    1069
    2    1  288  468  183    0   12    2    2    1     864
    2    1  289  469   52    0    4    1    1    1     871
    2    1  290  470  193    0   13    2    3    0    1011
    2    1  291  471  173    0   11    2    1    0     729
    2    1  292  472  367    0   23    3    2    0     984
    2    1  293  473  283    0   18    2    3    0     678
    2    1  294  474  433    0   28    3    2    0     629
    2    1  295  475    8    0    1    1    3    0     675
    2    1  296  476   64    0    4    1    1    1     817
    2    1  297  477   48    0    3    1    1    1    1217
    2    1  298  478  235    0   15    2    3    0    2557
    2    1  299  479  445    0   28    3    3    1     784
    2    1  300  480  463    0   29    3    3    1     967
