    1    1    1    1    6    1    1    1    3    0    6923
    1    1    2    2   49    1    4    1    2    0    5196
    1    1    3    3  217    1   14    2    3    0    1821
    1    1    4    4  120    1    8    1    3    0    4582
    1    1    5    5   53    1    4    1    3    0    3653
    1    1    6    6  121    1    8    1    3    0    3124
    1    1    7    7  245    1   16    2    2    1    2002
    1    1    8    8  387    1   25    3    1    0    3482
    1    1    9    9  280    1   18    2    3    0    1685
    1    1   10   10  448    1   28    3    1    0    3586
    1    1   11   11   71    1    5    1    2    0    2550
    1    1   12   12  271    1   17    2    2    1    2000
    1    1   13   13   35    1    3    1    3    0    1819
    1    1   14   14  201    1   13    2    2    1    2178
    1    1   15   15   15    1    1    1    3    0    2347
    1    1   16   16  406    1   26    3    2    0    1057
    1    1   17   17   38    1    3    1    1    1    4261
    1    1   18   18  240    1   15    2    2    1    2586
    1    1   19   19   37    1    3    1    1    1    2784
    1    1   20   20  269    1   17    2    3    0    1361
    1    1   21   21   56    1    4    1    3    0    1387
    1    1   22   22  473    1   30    3    2    0    1437
    1    1   23   23   52    1    4    1    1    1    5496
    1    1   24   24  272    1   17    2    2    1    1028
    1    1   25   25  353    1   23    3    2    0    3810
    1    1   26   26  252    1   16    2    3    0    3278
    1    1   27   27  250    1   16    2    3    0    3074
    1    1   28   28  182    1   12    2    2    1    1458
    1    1   29   29  471    1   30    3    3    1    1730
    1    1   30   30  360    1   23    3    1    0    1033
    1    1   31   31  117    1    8    1    1    1    2388
    1    1   32   32  479    1   30    3    2    0     940
    1    1   33   33  276    1   18    2    1    0    1302
    1    1   34   34   80    1    5    1    1    1    1384
    1    1   35   35  356    1   23    3    3    1    4620
    1    1   36   36  216    1   14    2    2    1    3953
    1    1   37   37  267    1   17    2    3    0    3455
    1    1   38   38  266    1   17    2    2    1    1566
    1    1   39   39    4    1    1    1    1    1    1717
    1    1   40   40  396    1   25    3    2    0     853
    1    1   41   41  359    1   23    3    3    1    1211
    1    1   42   42   36    1    3    1    1    1    1060
    1    1   43   43  219    1   14    2    2    1    2042
    1    1   44   44  476    1   30    3    3    1     984
    1    1   45   45  340    1   22    3    3    1    3818
    1    1   46   46   33    1    3    1    1    1     861
    1    1   47   47  408    1   26    3    3    1    2278
    1    1   48   48  326    1   21    3    2    0    3734
    1    1   49   49  409    1   26    3    2    0    2067
    1    1   50   50  411    1   26    3    2    0    2345
    1    1   51   51  465    1   30    3    2    0    2737
    1    1   52   52   58    1    4    1    1    1     900
    1    1   53   53  380    1   24    3    3    1    1791
    1    1   54   54   16    1    1    1    1    1     911
    1    1   55   55  424    1   27    3    2    0    2969
    1    1   56   56   66    1    5    1    1    1     990
    1    1   57   57  164    1   11    2    2    1    1313
    1    1   58   58  290    1   19    2    2    1    2191
    1    1   59   59  212    1   14    2    3    0     719
    1    1   60   60  289    1   19    2    2    1    2360
    1    2    1   61  245    1   16    2    3    0    1061
    1    2    2   62  120    1    8    1    1    1    1112
    1    2    3   63  424    1   27    3    3    1    2894
    1    2    4   64  473    1   30    3    3    1    2711
    1    2    5   65  266    1   17    2    2    1    1544
    1    2    6   66  411    1   26    3    2    0    1284
    1    2    7   67  356    1   23    3    2    0    1827
    1    2    8   68  201    1   13    2    2    1    4297
    1    2    9   69  267    1   17    2    2    1    1770
    1    2   10   70   16    1    1    1    1    1    1240
    1    2   11   71   58    1    4    1    2    0    2214
    1    2   12   72  290    1   19    2    2    1    2357
    1    2   13   73  269    1   17    2    3    0    4641
    1    2   14   74   52    1    4    1    1    1    1675
    1    2   15   75   53    1    4    1    1    1    1641
    1    2   16   76  280    1   18    2    3    0    1322
    1    2   17   77  272    1   17    2    2    1    2532
    1    2   18   78   49    1    4    1    1    1    1103
    1    2   19   79  387    1   25    3    3    1    1736
    1    2   20   80   66    1    5    1    1    1     969
    1    2   21   81  276    1   18    2    2    1    1751
    1    2   22   82  360    1   23    3    3    1    2250
    1    2   23   83  326    1   21    3    2    0    2228
    1    2   24   84  406    1   26    3    3    1     917
    1    2   25   85  250    1   16    2    2    1    1412
    1    2   26   86  117    1    8    1    3    0    4321
    1    2   27   87   36    1    3    1    1    1     809
    1    2   28   88  471    1   30    3    2    0    3445
    1    2   29   89  396    1   25    3    3    1    1159
    1    2   30   90  465    1   30    3    3    1    1675
    1    2   31   91  476    1   30    3    3    1     820
    1    2   32   92   56    1    4    1    1    1    2211
    1    2   33   93  252    1   16    2    3    0    3069
    1    2   34   94   80    1    5    1    1    1     829
    1    2   35   95   38    1    3    1    1    1     497
    1    2   36   96  219    1   14    2    2    1    2736
    1    2   37   97  409    1   26    3    3    1    1355
    1    2   38   98  353    1   23    3    2    0    1769
    1    2   39   99  448    1   28    3    1    0    3108
    1    2   40  100  408    1   26    3    3    1    1404
    1    2   41  101  121    1    8    1    2    0    2002
    1    2   42  102   33    1    3    1    1    1     556
    1    2   43  103  216    1   14    2    2    1    2070
    1    2   44  104  380    1   24    3    3    1    1260
    1    2   45  105  182    1   12    2    2    1    2265
    1    2   46  106  479    1   30    3    3    1     820
    1    2   47  107   71    1    5    1    1    1     798
    1    2   48  108  217    1   14    2    3    0    2559
    1    2   49  109  340    1   22    3    2    0    1203
    1    2   50  110   35    1    3    1    1    1     520
    1    2   51  111   15    1    1    1    1    1     754
    1    2   52  112  271    1   17    2    3    0    2014
    1    2   53  113  359    1   23    3    3    1     812
    1    2   54  114  289    1   19    2    2    1    1196
    1    2   55  115  164    1   11    2    2    1    1618
    1    2   56  116   37    1    3    1    1    1     836
    1    2   57  117  212    1   14    2    3    0    1148
    1    2   58  118  240    1   15    2    2    1    1747
    1    2   59  119    6    1    1    1    1    1    1133
    1    2   60  120    4    1    1    1    1    1     653
    1    3    1  121    6    1    1    1    1    1     562
    1    3    2  122  266    1   17    2    3    0    1704
    1    3    3  123  121    1    8    1    2    0     974
    1    3    4  124  269    1   17    2    2    1    1763
    1    3    5  125  476    1   30    3    3    1     953
    1    3    6  126  360    1   23    3    2    0    1170
    1    3    7  127  272    1   17    2    2    1    2147
    1    3    8  128  120    1    8    1    1    1     999
    1    3    9  129  471    1   30    3    3    1     786
    1    3   10  130   49    1    4    1    1    1     728
    1    3   11  131  380    1   24    3    2    0    1824
    1    3   12  132   38    1    3    1    1    1     762
    1    3   13  133   33    1    3    1    1    1    1223
    1    3   14  134  326    1   21    3    2    0     978
    1    3   15  135  250    1   16    2    2    1    1840
    1    3   16  136   52    1    4    1    2    0    4511
    1    3   17  137  387    1   25    3    2    0    1614
    1    3   18  138  408    1   26    3    2    0    3713
    1    3   19  139  182    1   12    2    2    1    4706
    1    3   20  140  359    1   23    3    3    1     808
    1    3   21  141  276    1   18    2    2    1    2320
    1    3   22  142  340    1   22    3    3    1    1769
    1    3   23  143  280    1   18    2    3    0    2999
    1    3   24  144  164    1   11    2    1    0    1672
    1    3   25  145  117    1    8    1    2    0    1231
    1    3   26  146  252    1   16    2    2    1    1470
    1    3   27  147  409    1   26    3    3    1     849
    1    3   28  148  353    1   23    3    2    0    1474
    1    3   29  149  448    1   28    3    1    0    1240
    1    3   30  150   36    1    3    1    1    1    1008
    1    3   31  151  216    1   14    2    2    1    3384
    1    3   32  152  217    1   14    2    2    1    3661
    1    3   33  153  356    1   23    3    3    1    1420
    1    3   34  154  245    1   16    2    2    1    2081
    1    3   35  155   66    1    5    1    1    1     729
    1    3   36  156  424    1   27    3    3    1    1243
    1    3   37  157  289    1   19    2    3    0    2921
    1    3   38  158   80    1    5    1    1    1    2031
    1    3   39  159  240    1   15    2    2    1    2784
    1    3   40  160   53    1    4    1    1    1    1113
    1    3   41  161  212    1   14    2    3    0    1485
    1    3   42  162  290    1   19    2    3    0    1305
    1    3   43  163  406    1   26    3    3    1     751
    1    3   44  164   71    1    5    1    1    1     764
    1    3   45  165  473    1   30    3    2    0    2055
    1    3   46  166  201    1   13    2    2    1    2244
    1    3   47  167   16    1    1    1    1    1    1263
    1    3   48  168    4    1    1    1    1    1     838
    1    3   49  169   15    1    1    1    1    1     739
    1    3   50  170  465    1   30    3    2    0    2409
    1    3   51  171  267    1   17    2    1    0     967
    1    3   52  172   56    1    4    1    3    0    2063
    1    3   53  173  479    1   30    3    3    1    2241
    1    3   54  174   35    1    3    1    1    1     658
    1    3   55  175  271    1   17    2    2    1    1586
    1    3   56  176  411    1   26    3    3    1    1868
    1    3   57  177   58    1    4    1    2    0    2006
    1    3   58  178  219    1   14    2    2    1    1351
    1    3   59  179   37    1    3    1    1    1     718
    1    3   60  180  396    1   25    3    3    1    1058
    2    1    1  181  347    0   22    3    1    0    1694
    2    1    2  182   55    0    4    1    2    0    4260
    2    1    3  183  472    0   30    3    3    1    2219
    2    1    4  184  473    1   30    3    2    0    2447
    2    1    5  185  394    0   25    3    3    1    1113
    2    1    6  186  208    0   13    2    2    1     835
    2    1    7  187  398    0   25    3    3    1     709
    2    1    8  188   43    0    3    1    1    1     599
    2    1    9  189  348    0   22    3    1    0     730
    2    1   10  190   96    0    6    1    2    0    3031
    2    1   11  191  116    0    8    1    1    1     693
    2    1   12  192   10    0    1    1    1    1     693
    2    1   13  193  262    0   17    2    3    0    1666
    2    1   14  194  418    0   27    3    2    0    2054
    2    1   15  195  209    0   14    2    3    0    1038
    2    1   16  196  346    0   22    3    1    0     678
    2    1   17  197  471    1   30    3    2    0     959
    2    1   18  198   88    0    6    1    2    0    3541
    2    1   19  199  236    0   15    2    2    1    2003
    2    1   20  200  184    0   12    2    3    0     917
    2    1   21  201  125    0    8    1    1    1     740
    2    1   22  202  225    0   15    2    1    0     757
    2    1   23  203  475    0   30    3    2    0     821
    2    1   24  204  235    0   15    2    2    1    1205
    2    1   25  205   15    1    1    1    1    1     815
    2    1   26  206  172    0   11    2    2    1     535
    2    1   27  207  263    0   17    2    3    0     977
    2    1   28  208   99    0    7    1    2    0    1172
    2    1   29  209  271    1   17    2    3    0    1885
    2    1   30  210  230    0   15    2    2    1    1838
    2    1   31  211  333    0   21    3    3    1    1615
    2    1   32  212  345    0   22    3    2    0    1711
    2    1   33  213  100    0    7    1    1    1    1536
    2    1   34  214  429    0   27    3    3    1     707
    2    1   35  215  203    0   13    2    2    1    1012
    2    1   36  216  337    0   22    3    1    0    1097
    2    1   37  217  296    0   19    2    2    1    1908
    2    1   38  218  469    0   30    3    2    0    1282
    2    1   39  219  279    0   18    2    3    0     516
    2    1   40  220  323    0   21    3    2    0    1301
    2    1   41  221  213    0   14    2    2    1    1047
    2    1   42  222  224    0   14    2    2    1    2413
    2    1   43  223  360    1   23    3    3    1    2313
    2    1   44  224  202    0   13    2    2    1     650
    2    1   45  225   63    0    4    1    1    1    2084
    2    1   46  226    3    0    1    1    3    0     839
    2    1   47  227  404    0   26    3    2    0    1538
    2    1   48  228  276    1   18    2    2    1    2634
    2    1   49  229  255    0   16    2    2    1    1865
    2    1   50  230  361    0   23    3    3    1     762
    2    1   51  231   48    0    3    1    1    1     696
    2    1   52  232  245    1   16    2    2    1    1763
    2    1   53  233  187    0   12    2    3    0    1431
    2    1   54  234   46    0    3    1    1    1     804
    2    1   55  235  192    0   12    2    2    1    1112
    2    1   56  236  258    0   17    2    3    0     862
    2    1   57  237  430    0   27    3    3    1    2899
    2    1   58  238  358    0   23    3    2    0     904
    2    1   59  239  199    0   13    2    2    1     726
    2    1   60  240  145    0   10    1    1    1    1613
    2    1   61  241  135    0    9    1    1    1     583
    2    1   62  242  395    0   25    3    1    0    3052
    2    1   63  243  411    1   26    3    3    1     740
    2    1   64  244  324    0   21    3    2    0     886
    2    1   65  245  212    1   14    2    3    0     878
    2    1   66  246  219    1   14    2    3    0     770
    2    1   67  247  401    0   26    3    3    1    1207
    2    1   68  248  344    0   22    3    1    0     805
    2    1   69  249  151    0   10    1    2    0    1664
    2    1   70  250  201    1   13    2    2    1     883
    2    1   71  251  467    0   30    3    3    1     984
    2    1   72  252    4    1    1    1    1    1     802
    2    1   73  253  435    0   28    3    2    0    1273
    2    1   74  254  127    0    8    1    1    1     813
    2    1   75  255  376    0   24    3    1    0    2600
    2    1   76  256   81    0    6    1    3    0    1727
    2    1   77  257  218    0   14    2    3    0    1040
    2    1   78  258  355    0   23    3    2    0    1866
    2    1   79  259  204    0   13    2    2    1     921
    2    1   80  260  121    1    8    1    1    1     978
    2    1   81  261  227    0   15    2    3    0    1783
    2    1   82  262   70    0    5    1    1    1     719
    2    1   83  263  275    0   18    2    1    0    1402
    2    1   84  264   83    0    6    1    2    0     831
    2    1   85  265  165    0   11    2    1    0    1069
    2    1   86  266  195    0   13    2    2    1     637
    2    1   87  267  239    0   15    2    2    1     586
    2    1   88  268  140    0    9    1    3    0    1522
    2    1   89  269  362    0   23    3    1    0    1364
    2    1   90  270  200    0   13    2    2    1     750
    2    1   91  271   26    0    2    1    3    0     688
    2    1   92  272  215    0   14    2    2    1     729
    2    1   93  273  250    1   16    2    2    1     714
    2    1   94  274   80    1    5    1    1    1     745
    2    1   95  275  336    0   21    3    2    0    1315
    2    1   96  276  164    1   11    2    3    0    1502
    2    1   97  277  393    0   25    3    3    1     725
    2    1   98  278   24    0    2    1    3    0     659
    2    1   99  279  290    1   19    2    2    1    2682
    2    1  100  280  377    0   24    3    1    0     859
    2    1  101  281  114    0    8    1    1    1     405
    2    1  102  282  351    0   22    3    1    0     936
    2    1  103  283  402    0   26    3    2    0     591
    2    1  104  284  228    0   15    2    3    0    1020
    2    1  105  285  233    0   15    2    3    0     603
    2    1  106  286   50    0    4    1    3    0    1037
    2    1  107  287  369    0   24    3    1    0     848
    2    1  108  288   14    0    1    1    1    1    1887
    2    1  109  289  265    0   17    2    3    0    1288
    2    1  110  290  379    0   24    3    1    0     763
    2    1  111  291  117    1    8    1    3    0    1599
    2    1  112  292  410    0   26    3    3    1     946
    2    1  113  293  477    0   30    3    3    1     681
    2    1  114  294   67    0    5    1    1    1    1160
    2    1  115  295  437    0   28    3    3    1    1188
    2    1  116  296  373    0   24    3    1    0     775
    2    1  117  297  289    1   19    2    2    1    1027
    2    1  118  298   75    0    5    1    1    1     652
    2    1  119  299  122    0    8    1    1    1     930
    2    1  120  300  138    0    9    1    1    1    1854
    2    1  121  301  340    1   22    3    2    0    1318
    2    1  122  302  386    0   25    3    2    0     934
    2    1  123  303  156    0   10    1    1    1     741
    2    1  124  304   22    0    2    1    3    0     630
    2    1  125  305  322    0   21    3    3    1     746
    2    1  126  306  450    0   29    3    2    0    1119
    2    1  127  307  380    1   24    3    2    0    1276
    2    1  128  308  415    0   26    3    3    1    1600
    2    1  129  309  124    0    8    1    1    1    1057
    2    1  130  310  371    0   24    3    1    0     579
    2    1  131  311  256    0   16    2    2    1    1226
    2    1  132  312  280    1   18    2    3    0    1648
    2    1  133  313  163    0   11    2    2    1     856
    2    1  134  314  205    0   13    2    2    1     711
    2    1  135  315   68    0    5    1    1    1     653
    2    1  136  316  268    0   17    2    3    0     831
    2    1  137  317   37    1    3    1    1    1     853
    2    1  138  318  349    0   22    3    1    0     801
    2    1  139  319  175    0   11    2    3    0     960
    2    1  140  320  446    0   28    3    1    0    1388
    2    1  141  321   90    0    6    1    3    0     835
    2    1  142  322  161    0   11    2    3    0     968
    2    1  143  323  113    0    8    1    3    0     990
    2    1  144  324  191    0   12    2    3    0    1117
    2    1  145  325  248    0   16    2    2    1     487
    2    1  146  326  167    0   11    2    1    0     850
    2    1  147  327  420    0   27    3    3    1    1540
    2    1  148  328  185    0   12    2    3    0     687
    2    1  149  329  428    0   27    3    3    1    1088
    2    1  150  330    6    1    1    1    1    1     861
    2    1  151  331  246    0   16    2    2    1     944
    2    1  152  332  297    0   19    2    1    0    1054
    2    1  153  333   98    0    7    1    2    0    1570
    2    1  154  334  237    0   15    2    2    1    2135
    2    1  155  335   47    0    3    1    1    1    1354
    2    1  156  336  146    0   10    1    1    1     753
    2    1  157  337  264    0   17    2    3    0     958
    2    1  158  338   64    0    4    1    3    0     803
    2    1  159  339  392    0   25    3    3    1    1430
    2    1  160  340    7    0    1    1    1    1     816
    2    1  161  341  106    0    7    1    2    0    4218
    2    1  162  342  330    0   21    3    3    1     664
    2    1  163  343  304    0   19    2    3    0     619
    2    1  164  344  259    0   17    2    3    0     796
    2    1  165  345  315    0   20    2    3    0     718
    2    1  166  346   13    0    1    1    1    1    1084
    2    1  167  347  190    0   12    2    2    1    1059
    2    1  168  348  293    0   19    2    2    1    1838
    2    1  169  349  353    1   23    3    3    1    1854
    2    1  170  350  277    0   18    2    3    0     942
    2    1  171  351  274    0   18    2    2    1     469
    2    1  172  352    9    0    1    1    1    1    1592
    2    1  173  353  171    0   11    2    1    0     650
    2    1  174  354  243    0   16    2    2    1     866
    2    1  175  355  390    0   25    3    3    1     805
    2    1  176  356  238    0   15    2    2    1    1398
    2    1  177  357  463    0   29    3    3    1     860
    2    1  178  358  102    0    7    1    2    0    1337
    2    1  179  359   53    1    4    1    1    1    1863
    2    1  180  360  197    0   13    2    2    1    1570
    2    1  181  361  436    0   28    3    1    0     705
    2    1  182  362  438    0   28    3    1    0     658
    2    1  183  363  220    0   14    2    3    0     612
    2    1  184  364  431    0   27    3    2    0     903
    2    1  185  365  162    0   11    2    3    0    2160
    2    1  186  366  244    0   16    2    2    1    1335
    2    1  187  367  354    0   23    3    3    1     846
    2    1  188  368  240    1   15    2    2    1     816
    2    1  189  369  363    0   23    3    2    0    1307
    2    1  190  370   85    0    6    1    1    1     762
    2    1  191  371  132    0    9    1    3    0    1342
    2    1  192  372  214    0   14    2    3    0    1049
    2    1  193  373  216    1   14    2    2    1    1822
    2    1  194  374  480    0   30    3    3    1     867
    2    1  195  375  458    0   29    3    3    1    2047
    2    1  196  376  331    0   21    3    3    1     851
    2    1  197  377   21    0    2    1    3    0     835
    2    1  198  378  389    0   25    3    2    0     987
    2    1  199  379   20    0    2    1    3    0     706
    2    1  200  380   77    0    5    1    1    1     720
    2    1  201  381  206    0   13    2    2    1     739
    2    1  202  382  357    0   23    3    2    0     955
    2    1  203  383  292    0   19    2    3    0     843
    2    1  204  384  440    0   28    3    3    1    1299
    2    1  205  385  381    0   24    3    1    0     687
    2    1  206  386  452    0   29    3    3    1     641
    2    1  207  387   73    0    5    1    1    1     841
    2    1  208  388   95    0    6    1    3    0    1379
    2    1  209  389  359    1   23    3    3    1     691
    2    1  210  390  247    0   16    2    2    1     633
    2    1  211  391  341    0   22    3    1    0     818
    2    1  212  392  433    0   28    3    2    0    1869
    2    1  213  393  196    0   13    2    2    1     641
    2    1  214  394   56    1    4    1    1    1    1325
    2    1  215  395  119    0    8    1    3    0     600
    2    1  216  396   57    0    4    1    3    0    2695
    2    1  217  397  427    0   27    3    3    1    1300
    2    1  218  398  242    0   16    2    2    1     744
    2    1  219  399    5    0    1    1    1    1     669
    2    1  220  400  339    0   22    3    1    0     648
    2    1  221  401   39    0    3    1    1    1     675
    2    1  222  402  382    0   24    3    1    0     711
    2    1  223  403  461    0   29    3    3    1     681
    2    1  224  404  387    1   25    3    3    1     860
    2    1  225  405  168    0   11    2    2    1    1533
    2    1  226  406  356    1   23    3    3    1     634
    2    1  227  407  176    0   11    2    3    0    1458
    2    1  228  408  312    0   20    2    3    0     669
    2    1  229  409  182    1   12    2    2    1     590
    2    1  230  410   44    0    3    1    1    1     609
    2    1  231  411  143    0    9    1    1    1     712
    2    1  232  412   28    0    2    1    1    1     641
    2    1  233  413  188    0   12    2    3    0    1363
    2    1  234  414  416    0   26    3    3    1     986
    2    1  235  415  159    0   10    1    1    1     673
    2    1  236  416  174    0   11    2    1    0    2377
    2    1  237  417  335    0   21    3    3    1     636
    2    1  238  418  130    0    9    1    3    0    1347
    2    1  239  419   58    1    4    1    3    0     733
    2    1  240  420  432    0   27    3    3    1     661
    2    1  241  421   79    0    5    1    2    0     796
    2    1  242  422  157    0   10    1    2    0     921
    2    1  243  423  460    0   29    3    3    1     669
    2    1  244  424  444    0   28    3    3    1     665
    2    1  245  425   54    0    4    1    3    0    1340
    2    1  246  426  318    0   20    2    2    1     761
    2    1  247  427  189    0   12    2    3    0     891
    2    1  248  428  378    0   24    3    1    0     740
    2    1  249  429  316    0   20    2    2    1    1045
    2    1  250  430  141    0    9    1    3    0     847
    2    1  251  431  384    0   24    3    1    0     649
    2    1  252  432  144    0    9    1    1    1     541
    2    1  253  433  334    0   21    3    3    1     689
    2    1  254  434  328    0   21    3    3    1     450
    2    1  255  435   93    0    6    1    3    0     504
    2    1  256  436  343    0   22    3    1    0     664
    2    1  257  437  118    0    8    1    1    1     586
    2    1  258  438  396    1   25    3    3    1     849
    2    1  259  439  261    0   17    2    3    0     618
    2    1  260  440  299    0   19    2    1    0     798
    2    1  261  441   27    0    2    1    1    1     666
    2    1  262  442  368    0   23    3    2    0    2604
    2    1  263  443  129    0    9    1    3    0    1060
    2    1  264  444   19    0    2    1    3    0     780
    2    1  265  445   76    0    5    1    2    0     709
    2    1  266  446  221    0   14    2    3    0    1838
    2    1  267  447  267    1   17    2    3    0    1043
    2    1  268  448  325    0   21    3    3    1     729
    2    1  269  449  313    0   20    2    3    0     641
    2    1  270  450  476    1   30    3    3    1     834
    2    1  271  451   17    0    2    1    3    0     593
    2    1  272  452  283    0   18    2    2    1     604
    2    1  273  453  441    0   28    3    1    0    1634
    2    1  274  454  134    0    9    1    3    0    1541
    2    1  275  455  217    1   14    2    2    1    1010
    2    1  276  456  445    0   28    3    2    0    3074
    2    1  277  457  423    0   27    3    3    1     885
    2    1  278  458  160    0   10    1    3    0     815
    2    1  279  459  131    0    9    1    3    0     961
    2    1  280  460  110    0    7    1    2    0    2334
    2    1  281  461   71    1    5    1    2    0    1254
    2    1  282  462  282    0   18    2    3    0    1102
    2    1  283  463  329    0   21    3    3    1     650
    2    1  284  464  252    1   16    2    2    1     563
    2    1  285  465  272    1   17    2    2    1     659
    2    1  286  466  133    0    9    1    1    1    1464
    2    1  287  467  417    0   27    3    3    1     899
    2    1  288  468  137    0    9    1    3    0     823
    2    1  289  469  153    0   10    1    2    0    1430
    2    1  290  470  321    0   21    3    3    1    1095
    2    1  291  471  155    0   10    1    3    0    1190
    2    1  292  472   36    1    3    1    2    0    1283
    2    1  293  473   18    0    2    1    3    0     812
    2    1  294  474  439    0   28    3    1    0     857
    2    1  295  475   23    0    2    1    1    1     964
    2    1  296  476  307    0   20    2    3    0    1172
    2    1  297  477  479    1   30    3    3    1     986
    2    1  298  478  302    0   19    2    2    1    1278
    2    1  299  479  181    0   12    2    3    0    1395
    2    1  300  480  448    1   28    3    1    0     916
