    1    1    1    1  413    1   26    3    1    0    6666
    1    1    2    2  148    1   10    1    2    0    3570
    1    1    3    3  267    1   17    2    2    1    3424
    1    1    4    4   62    1    4    1    2    0    3225
    1    1    5    5  405    1   26    3    3    1    3713
    1    1    6    6  443    1   28    3    2    0    2580
    1    1    7    7  456    1   29    3    1    0    7831
    1    1    8    8   73    1    5    1    3    0    3668
    1    1    9    9  238    1   15    2    2    1   17206
    1    1   10   10  170    1   11    2    1    0    2294
    1    1   11   11   16    1    1    1    1    1    1844
    1    1   12   12  381    1   24    3    2    0    7369
    1    1   13   13  327    1   21    3    1    0    3119
    1    1   14   14  195    1   13    2    2    1    2021
    1    1   15   15    7    1    1    1    1    1   16767
    1    1   16   16  163    1   11    2    3    0    2359
    1    1   17   17  135    1    9    1    3    0    3140
    1    1   18   18  420    1   27    3    2    0    4471
    1    1   19   19  125    1    8    1    2    0    4101
    1    1   20   20  146    1   10    1    2    0    4679
    1    1   21   21   96    1    6    1    1    1    3282
    1    1   22   22  272    1   17    2    3    0   11290
    1    1   23   23  224    1   14    2    1    0    2246
    1    1   24   24   72    1    5    1    1    1    7205
    1    1   25   25  136    1    9    1    3    0    3872
    1    1   26   26  250    1   16    2    2    1    5416
    1    1   27   27  359    1   23    3    1    0    1911
    1    1   28   28  203    1   13    2    1    0    2319
    1    1   29   29  293    1   19    2    3    0    1098
    1    1   30   30  297    1   19    2    3    0    1316
    1    1   31   31  279    1   18    2    3    0    7541
    1    1   32   32   55    1    4    1    3    0    3298
    1    1   33   33  306    1   20    2    1    0    1355
    1    1   34   34  471    1   30    3    3    1    1416
    1    1   35   35  376    1   24    3    2    0    1811
    1    1   36   36  115    1    8    1    1    1    3551
    1    1   37   37  308    1   20    2    2    1    3592
    1    1   38   38   40    1    3    1    2    0    1234
    1    1   39   39  278    1   18    2    3    0    3759
    1    1   40   40  465    1   30    3    2    0    2519
    1    1   41   41  241    1   16    2    3    0    4856
    1    1   42   42  395    1   25    3    1    0    7790
    1    1   43   43  106    1    7    1    3    0    9467
    1    1   44   44  455    1   29    3    2    0    3767
    1    1   45   45   34    1    3    1    1    1    1701
    1    1   46   46  337    1   22    3    3    1    1250
    1    1   47   47  111    1    7    1    1    1    2175
    1    1   48   48  215    1   14    2    2    1     913
    1    1   49   49  339    1   22    3    1    0     996
    1    1   50   50  190    1   12    2    3    0    3802
    1    1   51   51  229    1   15    2    2    1    2693
    1    1   52   52  355    1   23    3    3    1    3145
    1    1   53   53  423    1   27    3    1    0   24578
    1    1   54   54   85    1    6    1    1    1    6413
    1    1   55   55  186    1   12    2    3    0     559
    1    1   56   56   31    1    2    1    2    0     914
    1    1   57   57  397    1   25    3    3    1    3478
    1    1   58   58  330    1   21    3    2    0   12476
    1    1   59   59  446    1   28    3    3    1    5138
    1    1   60   60   17    1    2    1    1    1   11028
    1    2    1   61  397    1   25    3    1    0    9162
    1    2    2   62  330    1   21    3    3    1     588
    1    2    3   63   17    1    2    1    1    1   10710
    1    2    4   64  455    1   29    3    3    1   14129
    1    2    5   65  293    1   19    2    2    1     341
    1    2    6   66  215    1   14    2    2    1     441
    1    2    7   67   72    1    5    1    1    1     427
    1    2    8   68  272    1   17    2    3    0    1344
    1    2    9   69  471    1   30    3    2    0    6817
    1    2   10   70   73    1    5    1    3    0     592
    1    2   11   71  446    1   28    3    1    0    4498
    1    2   12   72  465    1   30    3    3    1    1891
    1    2   13   73  423    1   27    3    3    1    2192
    1    2   14   74  306    1   20    2    1    0    2052
    1    2   15   75  278    1   18    2    1    0    2745
    1    2   16   76  355    1   23    3    2    0    1536
    1    2   17   77   34    1    3    1    3    0     225
    1    2   18   78  135    1    9    1    1    1     295
    1    2   19   79  327    1   21    3    1    0    3059
    1    2   20   80  106    1    7    1    2    0    2582
    1    2   21   81  456    1   29    3    3    1   11658
    1    2   22   82  190    1   12    2    1    0    1444
    1    2   23   83  186    1   12    2    1    0    1361
    1    2   24   84  297    1   19    2    2    1    1367
    1    2   25   85  241    1   16    2    3    0    5422
    1    2   26   86  163    1   11    2    2    1    3623
    1    2   27   87  308    1   20    2    1    0     320
    1    2   28   88  146    1   10    1    1    1   32977
    1    2   29   89  115    1    8    1    3    0    1442
    1    2   30   90  203    1   13    2    2    1    2804
    1    2   31   91   55    1    4    1    3    0    3754
    1    2   32   92  337    1   22    3    2    0    1050
    1    2   33   93  420    1   27    3    1    0    2852
    1    2   34   94  170    1   11    2    1    0    3910
    1    2   35   95  413    1   26    3    2    0    4195
    1    2   36   96  148    1   10    1    3    0    4985
    1    2   37   97  405    1   26    3    1    0    7070
    1    2   38   98  238    1   15    2    3    0    4565
    1    2   39   99  136    1    9    1    2    0    2408
    1    2   40  100  376    1   24    3    3    1     796
    1    2   41  101  359    1   23    3    1    0     566
    1    2   42  102    7    1    1    1    2    0     723
    1    2   43  103  339    1   22    3    3    1     371
    1    2   44  104   40    1    3    1    1    1     181
    1    2   45  105   31    1    2    1    3    0    2645
    1    2   46  106   16    1    1    1    1    1    3437
    1    2   47  107  395    1   25    3    3    1    7214
    1    2   48  108  224    1   14    2    3    0   11452
    1    2   49  109  229    1   15    2    2    1    1921
    1    2   50  110  250    1   16    2    3    0    4249
    1    2   51  111  267    1   17    2    2    1   11480
    1    2   52  112  279    1   18    2    3    0    6913
    1    2   53  113  381    1   24    3    2    0   26651
    1    2   54  114  443    1   28    3    1    0    2429
    1    2   55  115   85    1    6    1    2    0    1830
    1    2   56  116   96    1    6    1    1    1    1280
    1    2   57  117  111    1    7    1    1    1    2057
    1    2   58  118   62    1    4    1    3    0   11936
    1    2   59  119  195    1   13    2    3    0    9236
    1    2   60  120  125    1    8    1    2    0   15665
    1    3    1  121  456    1   29    3    3    1   30219
    1    3    2  122  339    1   22    3    1    0    2859
    1    3    3  123  293    1   19    2    3    0    2751
    1    3    4  124  446    1   28    3    2    0     467
    1    3    5  125   31    1    2    1    1    1     505
    1    3    6  126  111    1    7    1    1    1       0
    1    3    7  127   96    1    6    1    2    0    2092
    1    3    8  128   40    1    3    1    3    0    3318
    1    3    9  129  115    1    8    1    3    0    9492
    1    3   10  130  148    1   10    1    2    0   10032
    1    3   11  131   73    1    5    1    1    1   23858
    1    3   12  132  308    1   20    2    3    0   13064
    1    3   13  133  471    1   30    3    2    0    2546
    1    3   14  134  125    1    8    1    3    0    2334
    1    3   15  135  272    1   17    2    2    1    1991
    1    3   16  136  186    1   12    2    3    0     214
    1    3   17  137   85    1    6    1    1    1       0
    1    3   18  138  397    1   25    3    1    0       0
    1    3   19  139  195    1   13    2    1    0    1308
    1    3   20  140   34    1    3    1    2    0     639
    1    3   21  141  423    1   27    3    3    1     937
    1    3   22  142  420    1   27    3    3    1     311
    1    3   23  143  355    1   23    3    2    0    8332
    1    3   24  144  229    1   15    2    3    0    1177
    1    3   25  145  203    1   13    2    2    1     480
    1    3   26  146  279    1   18    2    3    0     277
    1    3   27  147  413    1   26    3    3    1    6511
    1    3   28  148  381    1   24    3    1    0     602
    1    3   29  149  330    1   21    3    2    0     734
    1    3   30  150  443    1   28    3    3    1     680
    1    3   31  151   16    1    1    1    1    1    5750
    1    3   32  152  163    1   11    2    3    0    2054
    1    3   33  153   17    1    2    1    1    1    6083
    1    3   34  154  224    1   14    2    2    1   15906
    1    3   35  155  267    1   17    2    3    0   15819
    1    3   36  156  359    1   23    3    3    1    1670
    1    3   37  157  306    1   20    2    1    0   12063
    1    3   38  158  250    1   16    2    3    0    2056
    1    3   39  159  297    1   19    2    2    1     928
    1    3   40  160  106    1    7    1    2    0    6455
    1    3   41  161  170    1   11    2    1    0    6391
    1    3   42  162  190    1   12    2    2    1    8494
    1    3   43  163  376    1   24    3    1    0    8988
    1    3   44  164   72    1    5    1    3    0    7139
    1    3   45  165   62    1    4    1    3    0   18868
    1    3   46  166  278    1   18    2    1    0   10155
    1    3   47  167  465    1   30    3    2    0    9690
    1    3   48  168  215    1   14    2    2    1    1090
    1    3   49  169  241    1   16    2    3    0   17204
    1    3   50  170  395    1   25    3    2    0     721
    1    3   51  171  135    1    9    1    1    1    1194
    1    3   52  172  337    1   22    3    1    0    8571
    1    3   53  173  146    1   10    1    2    0     790
    1    3   54  174  327    1   21    3    3    1   12197
    1    3   55  175  136    1    9    1    3    0     518
    1    3   56  176   55    1    4    1    3    0    6118
    1    3   57  177    7    1    1    1    3    0    1272
    1    3   58  178  238    1   15    2    2    1     203
    1    3   59  179  455    1   29    3    1    0    2981
    1    3   60  180  405    1   26    3    3    1    3323
    2    1    1  181  146    1   10    1    1    1    2891
    2    1    2  182  376    1   24    3    2    0    4676
    2    1    3  183    9    0    1    1    3    0    2350
    2    1    4  184  449    0   29    3    1    0    3403
    2    1    5  185  125    1    8    1    1    1    3774
    2    1    6  186  264    0   17    2    1    0    1235
    2    1    7  187   37    0    3    1    2    0    2336
    2    1    8  188  216    0   14    2    1    0    1033
    2    1    9  189  426    0   27    3    3    1    1910
    2    1   10  190  445    0   28    3    3    1    1512
    2    1   11  191  274    0   18    2    2    1    2125
    2    1   12  192  238    1   15    2    2    1    2283
    2    1   13  193  192    0   12    2    1    0    1313
    2    1   14  194   83    0    6    1    1    1     881
    2    1   15  195  115    1    8    1    2    0    4029
    2    1   16  196  235    0   15    2    1    0    1746
    2    1   17  197  473    0   30    3    3    1    1743
    2    1   18  198   28    0    2    1    1    1    1465
    2    1   19  199   11    0    1    1    3    0    1382
    2    1   20  200  155    0   10    1    2    0    3184
    2    1   21  201  391    0   25    3    3    1   32149
    2    1   22  202  374    0   24    3    3    1    1828
    2    1   23  203  298    0   19    2    2    1     720
    2    1   24  204   47    0    3    1    1    1     276
    2    1   25  205  472    0   30    3    3    1     246
    2    1   26  206   82    0    6    1    1    1    1299
    2    1   27  207  212    0   14    2    3    0    2133
    2    1   28  208  178    0   12    2    1    0    1157
    2    1   29  209  152    0   10    1    3    0    1863
    2    1   30  210  300    0   19    2    2    1    2633
    2    1   31  211  293    1   19    2    1    0    1765
    2    1   32  212   71    0    5    1    3    0    1685
    2    1   33  213  375    0   24    3    1    0    1791
    2    1   34  214  317    0   20    2    2    1    3286
    2    1   35  215  123    0    8    1    3    0    3419
    2    1   36  216  415    0   26    3    1    0    1749
    2    1   37  217   13    0    1    1    1    1    2830
    2    1   38  218  129    0    9    1    3    0    2580
    2    1   39  219  288    0   18    2    2    1    4804
    2    1   40  220   36    0    3    1    1    1    1848
    2    1   41  221  213    0   14    2    1    0    1630
    2    1   42  222  479    0   30    3    2    0    1261
    2    1   43  223  140    0    9    1    3    0    3072
    2    1   44  224   62    1    4    1    1    1     721
    2    1   45  225  184    0   12    2    1    0    1116
    2    1   46  226  441    0   28    3    3    1    3131
    2    1   47  227  455    1   29    3    2    0    2768
    2    1   48  228  476    0   30    3    3    1    1075
    2    1   49  229  390    0   25    3    2    0    3987
    2    1   50  230  188    0   12    2    3    0    7672
    2    1   51  231  451    0   29    3    3    1     438
    2    1   52  232   53    0    4    1    2    0    1494
    2    1   53  233  323    0   21    3    1    0    1838
    2    1   54  234  335    0   21    3    1    0    5106
    2    1   55  235  185    0   12    2    2    1     546
    2    1   56  236  160    0   10    1    3    0    1486
    2    1   57  237   72    1    5    1    1    1    2261
    2    1   58  238  225    0   15    2    1    0    2746
    2    1   59  239  127    0    8    1    2    0    1968
    2    1   60  240  247    0   16    2    3    0    4237
    2    1   61  241   14    0    1    1    2    0    1114
    2    1   62  242  324    0   21    3    3    1    2299
    2    1   63  243  266    0   17    2    1    0    2610
    2    1   64  244  286    0   18    2    2    1    1615
    2    1   65  245  130    0    9    1    3    0    1516
    2    1   66  246   61    0    4    1    1    1    7305
    2    1   67  247  305    0   20    2    2    1     126
    2    1   68  248  222    0   14    2    2    1    2901
    2    1   69  249  251    0   16    2    3    0    2058
    2    1   70  250   35    0    3    1    1    1    1060
    2    1   71  251   68    0    5    1    3    0    9930
    2    1   72  252   26    0    2    1    1    1    4265
    2    1   73  253   31    1    2    1    3    0    2593
    2    1   74  254  114    0    8    1    2    0    2429
    2    1   75  255  108    0    7    1    1    1    2617
    2    1   76  256  369    0   24    3    3    1    4231
    2    1   77  257  196    0   13    2    3    0    2938
    2    1   78  258  356    0   23    3    1    0    2783
    2    1   79  259  137    0    9    1    2    0    2339
    2    1   80  260  180    0   12    2    3    0    1875
    2    1   81  261  303    0   19    2    2    1    4161
    2    1   82  262  388    0   25    3    1    0    3156
    2    1   83  263   93    0    6    1    3    0    2350
    2    1   84  264  345    0   22    3    2    0    5395
    2    1   85  265   51    0    4    1    1    1    2448
    2    1   86  266  204    0   13    2    1    0    3055
    2    1   87  267  452    0   29    3    1    0    5420
    2    1   88  268   89    0    6    1    2    0    2493
    2    1   89  269  171    0   11    2    3    0    1927
    2    1   90  270  241    1   16    2    1    0    2073
    2    1   91  271   84    0    6    1    2    0    2318
    2    1   92  272   46    0    3    1    3    0    3387
    2    1   93  273  396    0   25    3    1    0    2652
    2    1   94  274  145    0   10    1    3    0    1606
    2    1   95  275  439    0   28    3    3    1    3518
    2    1   96  276  326    0   21    3    1    0    1946
    2    1   97  277  337    1   22    3    2    0    2494
    2    1   98  278   27    0    2    1    3    0    1652
    2    1   99  279  244    0   16    2    1    0    2322
    2    1  100  280   66    0    5    1    3    0    2675
    2    1  101  281  258    0   17    2    3    0    1917
    2    1  102  282    5    0    1    1    2    0     426
    2    1  103  283  134    0    9    1    1    1     359
    2    1  104  284  143    0    9    1    2    0     683
    2    1  105  285  273    0   18    2    3    0     710
    2    1  106  286   88    0    6    1    1    1     835
    2    1  107  287  126    0    8    1    2    0     490
    2    1  108  288  397    1   25    3    3    1     649
    2    1  109  289  393    0   25    3    1    0     494
    2    1  110  290   34    1    3    1    2    0    1115
    2    1  111  291    6    0    1    1    3    0    1250
    2    1  112  292  117    0    8    1    1    1     736
    2    1  113  293  463    0   29    3    2    0     566
    2    1  114  294  226    0   15    2    3    0    1511
    2    1  115  295  218    0   14    2    1    0     993
    2    1  116  296  256    0   16    2    2    1    1380
    2    1  117  297   59    0    4    1    3    0    1717
    2    1  118  298   73    1    5    1    1    1     802
    2    1  119  299  227    0   15    2    3    0     957
    2    1  120  300   21    0    2    1    1    1     500
    2    1  121  301  269    0   17    2    2    1     398
    2    1  122  302    4    0    1    1    3    0     429
    2    1  123  303  416    0   26    3    1    0     814
    2    1  124  304   16    1    1    1    2    0     815
    2    1  125  305  109    0    7    1    3    0     805
    2    1  126  306   29    0    2    1    1    1     580
    2    1  127  307  399    0   25    3    2    0     827
    2    1  128  308  480    0   30    3    1    0     999
    2    1  129  309  198    0   13    2    3    0     615
    2    1  130  310  307    0   20    2    2    1     516
    2    1  131  311  141    0    9    1    1    1     367
    2    1  132  312  202    0   13    2    2    1     509
    2    1  133  313  209    0   14    2    3    0     757
    2    1  134  314  458    0   29    3    1    0     495
    2    1  135  315  153    0   10    1    2    0    1247
    2    1  136  316   91    0    6    1    1    1     584
    2    1  137  317  100    0    7    1    3    0     921
    2    1  138  318   79    0    5    1    1    1     335
    2    1  139  319  249    0   16    2    2    1     522
    2    1  140  320  278    1   18    2    3    0     593
    2    1  141  321  440    0   28    3    1    0     395
    2    1  142  322  475    0   30    3    2    0     369
    2    1  143  323   99    0    7    1    3    0     695
    2    1  144  324  224    1   14    2    1    0     499
    2    1  145  325   63    0    4    1    1    1     477
    2    1  146  326  174    0   11    2    3    0    1301
    2    1  147  327   97    0    7    1    2    0     967
    2    1  148  328  442    0   28    3    3    1    1136
    2    1  149  329   85    1    6    1    2    0     982
    2    1  150  330  413    1   26    3    2    0     468
    2    1  151  331  350    0   22    3    1    0     649
    2    1  152  332   48    0    3    1    3    0     331
    2    1  153  333  290    0   19    2    3    0     354
    2    1  154  334  306    1   20    2    2    1     671
    2    1  155  335  385    0   25    3    2    0     354
    2    1  156  336  257    0   17    2    1    0     560
    2    1  157  337  359    1   23    3    1    0     557
    2    1  158  338  105    0    7    1    2    0     958
    2    1  159  339  272    1   17    2    2    1     547
    2    1  160  340  296    0   19    2    1    0     853
    2    1  161  341  164    0   11    2    1    0     521
    2    1  162  342   54    0    4    1    1    1     859
    2    1  163  343   56    0    4    1    2    0    1440
    2    1  164  344  101    0    7    1    2    0     684
    2    1  165  345  438    0   28    3    3    1    1647
    2    1  166  346   90    0    6    1    2    0     300
    2    1  167  347   57    0    4    1    1    1     528
    2    1  168  348    8    0    1    1    2    0     576
    2    1  169  349  364    0   23    3    1    0     813
    2    1  170  350  316    0   20    2    1    0     298
    2    1  171  351  368    0   23    3    1    0     318
    2    1  172  352  183    0   12    2    2    1     447
    2    1  173  353  474    0   30    3    3    1     892
    2    1  174  354   25    0    2    1    1    1     376
    2    1  175  355  162    0   11    2    2    1     256
    2    1  176  356  217    0   14    2    3    0     287
    2    1  177  357  116    0    8    1    1    1     282
    2    1  178  358  395    1   25    3    2    0     294
    2    1  179  359  366    0   23    3    3    1     318
    2    1  180  360  320    0   20    2    1    0     894
    2    1  181  361  147    0   10    1    2    0     525
    2    1  182  362  382    0   24    3    1    0     671
    2    1  183  363  149    0   10    1    3    0     383
    2    1  184  364  354    0   23    3    2    0     588
    2    1  185  365  389    0   25    3    3    1    2836
    2    1  186  366  304    0   19    2    2    1    2818
    2    1  187  367  136    1    9    1    1    1    1124
    2    1  188  368  259    0   17    2    2    1    1627
    2    1  189  369  283    0   18    2    3    0    1352
    2    1  190  370  128    0    8    1    2    0    1765
    2    1  191  371  478    0   30    3    1    0     469
    2    1  192  372  260    0   17    2    1    0    4253
    2    1  193  373  351    0   22    3    2    0    2174
    2    1  194  374  267    1   17    2    2    1    5111
    2    1  195  375  223    0   14    2    1    0     298
    2    1  196  376  412    0   26    3    2    0     677
    2    1  197  377  107    0    7    1    2    0     326
    2    1  198  378  236    0   15    2    2    1     879
    2    1  199  379  453    0   29    3    1    0     639
    2    1  200  380  353    0   23    3    1    0    1318
    2    1  201  381  138    0    9    1    1    1    1185
    2    1  202  382  203    1   13    2    2    1     854
    2    1  203  383  341    0   22    3    3    1     697
    2    1  204  384  383    0   24    3    3    1    1349
    2    1  205  385  338    0   22    3    3    1    1309
    2    1  206  386  102    0    7    1    2    0     907
    2    1  207  387  120    0    8    1    2    0     630
    2    1  208  388  262    0   17    2    1    0    1822
    2    1  209  389  252    0   16    2    2    1     362
    2    1  210  390   23    0    2    1    1    1     333
    2    1  211  391  280    0   18    2    2    1     693
    2    1  212  392   39    0    3    1    1    1     901
    2    1  213  393  169    0   11    2    2    1     914
    2    1  214  394  104    0    7    1    1    1    1440
    2    1  215  395  142    0    9    1    2    0     477
    2    1  216  396  433    0   28    3    1    0    1403
    2    1  217  397   44    0    3    1    3    0     404
    2    1  218  398   15    0    1    1    1    1     329
    2    1  219  399    2    0    1    1    2    0     565
    2    1  220  400  409    0   26    3    1    0     598
    2    1  221  401   67    0    5    1    2    0    2050
    2    1  222  402  340    0   22    3    3    1     520
    2    1  223  403  346    0   22    3    1    0     967
    2    1  224  404   18    0    2    1    3    0    2665
    2    1  225  405  165    0   11    2    2    1    1378
    2    1  226  406  450    0   29    3    1    0     356
    2    1  227  407  121    0    8    1    1    1     840
    2    1  228  408  408    0   26    3    2    0     821
    2    1  229  409  245    0   16    2    3    0     524
    2    1  230  410  419    0   27    3    2    0     467
    2    1  231  411  331    0   21    3    1    0     739
    2    1  232  412  205    0   13    2    1    0     734
    2    1  233  413  377    0   24    3    1    0     592
    2    1  234  414   33    0    3    1    2    0    1044
    2    1  235  415   75    0    5    1    1    1    1218
    2    1  236  416  429    0   27    3    2    0    1383
    2    1  237  417  454    0   29    3    3    1    1741
    2    1  238  418  181    0   12    2    1    0     255
    2    1  239  419  287    0   18    2    3    0    1170
    2    1  240  420   74    0    5    1    3    0     953
    2    1  241  421  275    0   18    2    3    0     468
    2    1  242  422  206    0   13    2    1    0     900
    2    1  243  423  430    0   27    3    3    1    1919
    2    1  244  424  233    0   15    2    2    1    1515
    2    1  245  425  322    0   21    3    1    0     776
    2    1  246  426   38    0    3    1    3    0    1261
    2    1  247  427  330    1   21    3    2    0     170
    2    1  248  428   86    0    6    1    1    1    1356
    2    1  249  429  237    0   15    2    3    0    1926
    2    1  250  430  253    0   16    2    2    1    1746
    2    1  251  431   43    0    3    1    1    1    1081
    2    1  252  432   77    0    5    1    3    0    1446
    2    1  253  433  425    0   27    3    1    0    2080
    2    1  254  434  167    0   11    2    2    1     907
    2    1  255  435  422    0   27    3    3    1     641
    2    1  256  436  467    0   30    3    2    0     686
    2    1  257  437  477    0   30    3    2    0    1291
    2    1  258  438   22    0    2    1    1    1    2011
    2    1  259  439  215    1   14    2    1    0    1296
    2    1  260  440  462    0   29    3    2    0    1647
    2    1  261  441  271    0   17    2    2    1     875
    2    1  262  442  312    0   20    2    3    0    1485
    2    1  263  443   42    0    3    1    3    0     530
    2    1  264  444  311    0   20    2    1    0    1036
    2    1  265  445  436    0   28    3    1    0    1398
    2    1  266  446   30    0    2    1    3    0     451
    2    1  267  447  325    0   21    3    2    0    2294
    2    1  268  448   81    0    6    1    1    1    2633
    2    1  269  449  103    0    7    1    1    1    1295
    2    1  270  450  148    1   10    1    3    0    1044
    2    1  271  451  360    0   23    3    3    1     922
    2    1  272  452  405    1   26    3    1    0    1382
    2    1  273  453   80    0    5    1    3    0    1966
    2    1  274  454  297    1   19    2    1    0     340
    2    1  275  455  309    0   20    2    2    1     952
    2    1  276  456  329    0   21    3    1    0    1705
    2    1  277  457  404    0   26    3    3    1     814
    2    1  278  458  179    0   12    2    2    1    1639
    2    1  279  459   95    0    6    1    1    1    1511
    2    1  280  460  407    0   26    3    2    0    2111
    2    1  281  461  255    0   16    2    1    0    1984
    2    1  282  462  150    0   10    1    3    0    1637
    2    1  283  463    7    1    1    1    2    0    1245
    2    1  284  464  263    0   17    2    1    0    1446
    2    1  285  465  270    0   17    2    1    0    1834
    2    1  286  466  460    0   29    3    2    0    1200
    2    1  287  467  327    1   21    3    3    1     626
    2    1  288  468  232    0   15    2    1    0    1153
    2    1  289  469  176    0   11    2    2    1    1368
    2    1  290  470  175    0   11    2    3    0    1540
    2    1  291  471   58    0    4    1    1    1    1252
    2    1  292  472  189    0   12    2    2    1    1097
    2    1  293  473  265    0   17    2    3    0    1679
    2    1  294  474   65    0    5    1    1    1    1514
    2    1  295  475  363    0   23    3    1    0    3440
    2    1  296  476  447    0   28    3    2    0    2300
    2    1  297  477  432    0   27    3    1    0    1772
    2    1  298  478   41    0    3    1    3    0    4188
    2    1  299  479  139    0    9    1    1    1     748
    2    1  300  480    3    0    1    1    3    0    1920
