    1    1    1    1  339    1   22    3    1    0    4211
    1    1    2    2  148    1   10    1    1    1    2817
    1    1    3    3  190    1   12    2    2    1    3548
    1    1    4    4  250    1   16    2    3    0    4254
    1    1    5    5  330    1   21    3    2    0    1442
    1    1    6    6  308    1   20    2    2    1    3689
    1    1    7    7  423    1   27    3    1    0    2753
    1    1    8    8   34    1    3    1    1    1    2286
    1    1    9    9    7    1    1    1    1    1    2393
    1    1   10   10  456    1   29    3    3    1    2542
    1    1   11   11  413    1   26    3    3    1    3417
    1    1   12   12  359    1   23    3    3    1    1874
    1    1   13   13  293    1   19    2    2    1    3041
    1    1   14   14  471    1   30    3    3    1    2749
    1    1   15   15  420    1   27    3    1    0    1532
    1    1   16   16  337    1   22    3    1    0    2118
    1    1   17   17   62    1    4    1    2    0    2759
    1    1   18   18  106    1    7    1    1    1    2247
    1    1   19   19  278    1   18    2    3    0    2648
    1    1   20   20  405    1   26    3    2    0    3169
    1    1   21   21  267    1   17    2    2    1    1942
    1    1   22   22  195    1   13    2    3    0    3433
    1    1   23   23  397    1   25    3    3    1    1680
    1    1   24   24  455    1   29    3    2    0    2004
    1    1   25   25  241    1   16    2    2    1    2345
    1    1   26   26   17    1    2    1    2    0    2173
    1    1   27   27   16    1    1    1    2    0    3111
    1    1   28   28  229    1   15    2    1    0    1117
    1    1   29   29  443    1   28    3    1    0    4520
    1    1   30   30   55    1    4    1    2    0    2524
    1    1   31   31  170    1   11    2    2    1    1688
    1    1   32   32  135    1    9    1    3    0    1965
    1    1   33   33  355    1   23    3    3    1    1507
    1    1   34   34  163    1   11    2    2    1    3233
    1    1   35   35  224    1   14    2    3    0    2036
    1    1   36   36  376    1   24    3    3    1    2097
    1    1   37   37  115    1    8    1    2    0    2616
    1    1   38   38  395    1   25    3    3    1    1842
    1    1   39   39  381    1   24    3    1    0    1647
    1    1   40   40  446    1   28    3    1    0    1483
    1    1   41   41   85    1    6    1    2    0    2763
    1    1   42   42   31    1    2    1    2    0    4719
    1    1   43   43   72    1    5    1    1    1    6555
    1    1   44   44  203    1   13    2    3    0    1771
    1    1   45   45  272    1   17    2    3    0    1114
    1    1   46   46  146    1   10    1    3    0    1061
    1    1   47   47  186    1   12    2    2    1    1163
    1    1   48   48   40    1    3    1    1    1    1464
    1    1   49   49  465    1   30    3    3    1    1087
    1    1   50   50  327    1   21    3    2    0    1274
    1    1   51   51  279    1   18    2    3    0    1331
    1    1   52   52   73    1    5    1    3    0    2403
    1    1   53   53  297    1   19    2    2    1    1316
    1    1   54   54  215    1   14    2    2    1    6298
    1    1   55   55   96    1    6    1    2    0     826
    1    1   56   56  136    1    9    1    3    0     626
    1    1   57   57  306    1   20    2    3    0     669
    1    1   58   58  238    1   15    2    1    0    1051
    1    1   59   59  125    1    8    1    1    1    1704
    1    1   60   60  111    1    7    1    3    0    2403
    1    2    1   61   73    1    5    1    1    1    1455
    1    2    2   62  306    1   20    2    3    0     916
    1    2    3   63  195    1   13    2    3    0    5323
    1    2    4   64   85    1    6    1    3    0    1979
    1    2    5   65  423    1   27    3    3    1    1010
    1    2    6   66  455    1   29    3    3    1    1495
    1    2    7   67  443    1   28    3    1    0    1218
    1    2    8   68  456    1   29    3    3    1     807
    1    2    9   69  106    1    7    1    3    0    1677
    1    2   10   70  359    1   23    3    3    1     808
    1    2   11   71   96    1    6    1    1    1    2974
    1    2   12   72  111    1    7    1    1    1    1950
    1    2   13   73  395    1   25    3    1    0    2873
    1    2   14   74  471    1   30    3    3    1    1750
    1    2   15   75  203    1   13    2    2    1    1118
    1    2   16   76  420    1   27    3    3    1    2857
    1    2   17   77  250    1   16    2    2    1    1237
    1    2   18   78  115    1    8    1    1    1    1217
    1    2   19   79   16    1    1    1    3    0    2118
    1    2   20   80  215    1   14    2    2    1    1333
    1    2   21   81   17    1    2    1    3    0    2774
    1    2   22   82  267    1   17    2    1    0     371
    1    2   23   83  446    1   28    3    3    1    1679
    1    2   24   84  405    1   26    3    3    1    2278
    1    2   25   85  163    1   11    2    2    1    1020
    1    2   26   86  327    1   21    3    3    1    1731
    1    2   27   87    7    1    1    1    1    1    1050
    1    2   28   88  148    1   10    1    3    0     987
    1    2   29   89  146    1   10    1    1    1    1504
    1    2   30   90  136    1    9    1    1    1    1414
    1    2   31   91  279    1   18    2    2    1    1293
    1    2   32   92  135    1    9    1    1    1    2402
    1    2   33   93  170    1   11    2    2    1    1458
    1    2   34   94  413    1   26    3    3    1     974
    1    2   35   95   62    1    4    1    1    1    2074
    1    2   36   96  465    1   30    3    1    0    1944
    1    2   37   97  229    1   15    2    1    0      42
    1    2   38   98  337    1   22    3    1    0    2337
    1    2   39   99   55    1    4    1    2    0    1150
    1    2   40  100  330    1   21    3    2    0    1308
    1    2   41  101  339    1   22    3    3    1       0
    1    2   42  102  238    1   15    2    3    0    2724
    1    2   43  103   34    1    3    1    1    1    1939
    1    2   44  104  308    1   20    2    3    0    4447
    1    2   45  105  376    1   24    3    1    0    1144
    1    2   46  106  397    1   25    3    3    1     975
    1    2   47  107  224    1   14    2    2    1    1485
    1    2   48  108  190    1   12    2    2    1     931
    1    2   49  109   40    1    3    1    1    1    1495
    1    2   50  110  278    1   18    2    3    0     960
    1    2   51  111   31    1    2    1    2    0    1436
    1    2   52  112  241    1   16    2    2    1    1228
    1    2   53  113  297    1   19    2    2    1    1265
    1    2   54  114  381    1   24    3    1    0    1542
    1    2   55  115  125    1    8    1    3    0    1443
    1    2   56  116  355    1   23    3    3    1    1306
    1    2   57  117   72    1    5    1    1    1    1492
    1    2   58  118  293    1   19    2    3    0    2104
    1    2   59  119  186    1   12    2    2    1     855
    1    2   60  120  272    1   17    2    3    0     869
    1    3    1  121  327    1   21    3    3    1    1266
    1    3    2  122  279    1   18    2    3    0     947
    1    3    3  123  241    1   16    2    2    1       0
    1    3    4  124  135    1    9    1    1    1    1321
    1    3    5  125  293    1   19    2    3    0    3357
    1    3    6  126   72    1    5    1    3    0    1615
    1    3    7  127  267    1   17    2    2    1    1179
    1    3    8  128   73    1    5    1    1    1    2089
    1    3    9  129  405    1   26    3    3    1    9615
    1    3   10  130  423    1   27    3    1    0    1057
    1    3   11  131  229    1   15    2    2    1    5710
    1    3   12  132  272    1   17    2    2    1    1066
    1    3   13  133  148    1   10    1    3    0     770
    1    3   14  134  278    1   18    2    2    1    1216
    1    3   15  135  381    1   24    3    3    1    1288
    1    3   16  136  465    1   30    3    2    0    3413
    1    3   17  137  456    1   29    3    3    1     860
    1    3   18  138  136    1    9    1    1    1    1226
    1    3   19  139  471    1   30    3    2    0    1713
    1    3   20  140  186    1   12    2    2    1     708
    1    3   21  141  146    1   10    1    3    0    2332
    1    3   22  142   40    1    3    1    1    1     676
    1    3   23  143  190    1   12    2    2    1    1002
    1    3   24  144  297    1   19    2    2    1    1026
    1    3   25  145   55    1    4    1    1    1    3018
    1    3   26  146  195    1   13    2    2    1    1115
    1    3   27  147   34    1    3    1    1    1    1483
    1    3   28  148  111    1    7    1    1    1    4567
    1    3   29  149  106    1    7    1    1    1    2142
    1    3   30  150  376    1   24    3    1    0    1975
    1    3   31  151  224    1   14    2    2    1    2188
    1    3   32  152  115    1    8    1    1    1    1249
    1    3   33  153  203    1   13    2    2    1    1057
    1    3   34  154    7    1    1    1    1    1    1466
    1    3   35  155  306    1   20    2    2    1    2896
    1    3   36  156  420    1   27    3    3    1    1763
    1    3   37  157   31    1    2    1    3    0    1901
    1    3   38  158  446    1   28    3    3    1    1441
    1    3   39  159   96    1    6    1    2    0    2782
    1    3   40  160  443    1   28    3    3    1     992
    1    3   41  161  125    1    8    1    1    1    1505
    1    3   42  162  339    1   22    3    1    0    2622
    1    3   43  163  397    1   25    3    2    0     306
    1    3   44  164  413    1   26    3    3    1     772
    1    3   45  165  330    1   21    3    2    0    1036
    1    3   46  166  308    1   20    2    1    0       0
    1    3   47  167  395    1   25    3    1    0     939
    1    3   48  168   17    1    2    1    2    0    1207
    1    3   49  169   16    1    1    1    3    0     903
    1    3   50  170  359    1   23    3    3    1     714
    1    3   51  171  337    1   22    3    1    0    2341
    1    3   52  172  250    1   16    2    3    0     898
    1    3   53  173  170    1   11    2    1    0     912
    1    3   54  174  215    1   14    2    2    1    1122
    1    3   55  175   62    1    4    1    2    0    1450
    1    3   56  176  355    1   23    3    2    0    2448
    1    3   57  177   85    1    6    1    3    0    1555
    1    3   58  178  455    1   29    3    2    0    1079
    1    3   59  179  163    1   11    2    2    1       8
    1    3   60  180  238    1   15    2    1    0    2681
    2    1    1  181   72    1    5    1    1    1    2090
    2    1    2  182   76    0    5    1    1    1    3088
    2    1    3  183   35    0    3    1    2    0    2196
    2    1    4  184  145    0   10    1    3    0    2575
    2    1    5  185  286    0   18    2    3    0    1363
    2    1    6  186  192    0   12    2    2    1    1170
    2    1    7  187  163    1   11    2    2    1    1449
    2    1    8  188  420    1   27    3    3    1    1564
    2    1    9  189   91    0    6    1    2    0    1163
    2    1   10  190   40    1    3    1    1    1    3483
    2    1   11  191  464    0   29    3    3    1    1620
    2    1   12  192  342    0   22    3    1    0    1194
    2    1   13  193   55    1    4    1    1    1    2927
    2    1   14  194  186    1   12    2    2    1     755
    2    1   15  195  426    0   27    3    1    0    1578
    2    1   16  196  221    0   14    2    2    1    1256
    2    1   17  197  100    0    7    1    1    1    1080
    2    1   18  198  233    0   15    2    1    0    1262
    2    1   19  199  149    0   10    1    3    0     746
    2    1   20  200   12    0    1    1    3    0    1016
    2    1   21  201  372    0   24    3    1    0    1118
    2    1   22  202  164    0   11    2    2    1     882
    2    1   23  203  347    0   22    3    1    0    1025
    2    1   24  204  366    0   23    3    2    0    3065
    2    1   25  205  394    0   25    3    3    1     878
    2    1   26  206  140    0    9    1    3    0     750
    2    1   27  207   46    0    3    1    1    1     599
    2    1   28  208  360    0   23    3    2    0    1117
    2    1   29  209  257    0   17    2    2    1     678
    2    1   30  210   42    0    3    1    1    1    1352
    2    1   31  211   39    0    3    1    1    1     764
    2    1   32  212  223    0   14    2    3    0     643
    2    1   33  213  415    0   26    3    3    1     757
    2    1   34  214  170    1   11    2    1    0    1533
    2    1   35  215  299    0   19    2    1    0    1189
    2    1   36  216  385    0   25    3    3    1     604
    2    1   37  217   13    0    1    1    3    0     667
    2    1   38  218  102    0    7    1    1    1    1487
    2    1   39  219  365    0   23    3    2    0    1161
    2    1   40  220   26    0    2    1    2    0     807
    2    1   41  221    7    1    1    1    1    1     834
    2    1   42  222  113    0    8    1    3    0     663
    2    1   43  223   29    0    2    1    2    0    1257
    2    1   44  224  430    0   27    3    1    0     976
    2    1   45  225  289    0   19    2    3    0    1246
    2    1   46  226   21    0    2    1    2    0     615
    2    1   47  227  377    0   24    3    1    0     881
    2    1   48  228   22    0    2    1    3    0    1937
    2    1   49  229  337    1   22    3    2    0    3550
    2    1   50  230  458    0   29    3    3    1     675
    2    1   51  231  335    0   21    3    2    0     770
    2    1   52  232  213    0   14    2    2    1     638
    2    1   53  233   10    0    1    1    3    0     649
    2    1   54  234  339    1   22    3    1    0     796
    2    1   55  235  255    0   16    2    2    1     876
    2    1   56  236   96    1    6    1    2    0     853
    2    1   57  237   32    0    2    1    3    0     865
    2    1   58  238  447    0   28    3    3    1    1566
    2    1   59  239   58    0    4    1    2    0     856
    2    1   60  240  452    0   29    3    3    1    2542
    2    1   61  241   62    1    4    1    2    0    1515
    2    1   62  242  211    0   14    2    3    0     808
    2    1   63  243   70    0    5    1    1    1     757
    2    1   64  244  227    0   15    2    3    0    1191
    2    1   65  245  109    0    7    1    1    1     874
    2    1   66  246  326    0   21    3    2    0     722
    2    1   67  247   59    0    4    1    3    0    2459
    2    1   68  248  375    0   24    3    1    0     931
    2    1   69  249   33    0    3    1    1    1     841
    2    1   70  250   52    0    4    1    1    1     701
    2    1   71  251  172    0   11    2    1    0     626
    2    1   72  252  253    0   16    2    2    1    1005
    2    1   73  253  278    1   18    2    2    1     751
    2    1   74  254  238    1   15    2    2    1    2679
    2    1   75  255  261    0   17    2    2    1    1470
    2    1   76  256  123    0    8    1    1    1     892
    2    1   77  257  245    0   16    2    2    1    1045
    2    1   78  258  300    0   19    2    1    0     863
    2    1   79  259   37    0    3    1    1    1    1836
    2    1   80  260  116    0    8    1    1    1     621
    2    1   81  261  283    0   18    2    3    0    1975
    2    1   82  262  146    1   10    1    1    1     901
    2    1   83  263  319    0   20    2    3    0     621
    2    1   84  264   36    0    3    1    1    1     685
    2    1   85  265  187    0   12    2    2    1     834
    2    1   86  266  427    0   27    3    2    0    1124
    2    1   87  267  263    0   17    2    2    1     620
    2    1   88  268  343    0   22    3    1    0    1203
    2    1   89  269    4    0    1    1    1    1    1978
    2    1   90  270  443    1   28    3    2    0    1374
    2    1   91  271  316    0   20    2    3    0    1247
    2    1   92  272  240    0   15    2    3    0     773
    2    1   93  273  331    0   21    3    2    0     652
    2    1   94  274  388    0   25    3    3    1     849
    2    1   95  275  256    0   16    2    2    1    1539
    2    1   96  276  441    0   28    3    1    0    1081
    2    1   97  277  199    0   13    2    2    1     686
    2    1   98  278  472    0   30    3    3    1     605
    2    1   99  279  381    1   24    3    1    0     749
    2    1  100  280  419    0   27    3    3    1    1055
    2    1  101  281  325    0   21    3    2    0     643
    2    1  102  282  222    0   14    2    3    0     826
    2    1  103  283  355    1   23    3    3    1    1455
    2    1  104  284  389    0   25    3    2    0    1070
    2    1  105  285  137    0    9    1    1    1     917
    2    1  106  286  396    0   25    3    3    1     733
    2    1  107  287  298    0   19    2    2    1    1333
    2    1  108  288  243    0   16    2    2    1     791
    2    1  109  289  308    1   20    2    3    0    1105
    2    1  110  290  413    1   26    3    3    1     716
    2    1  111  291  122    0    8    1    1    1     725
    2    1  112  292  408    0   26    3    1    0    1184
    2    1  113  293  120    0    8    1    1    1     613
    2    1  114  294  444    0   28    3    1    0     904
    2    1  115  295   66    0    5    1    1    1     552
    2    1  116  296  477    0   30    3    3    1     685
    2    1  117  297  359    1   23    3    3    1    1034
    2    1  118  298  312    0   20    2    3    0     559
    2    1  119  299  168    0   11    2    2    1     781
    2    1  120  300  269    0   17    2    2    1     718
    2    1  121  301  218    0   14    2    3    0    1201
    2    1  122  302  423    1   27    3    3    1    3390
    2    1  123  303  203    1   13    2    2    1     945
    2    1  124  304  403    0   26    3    1    0     864
    2    1  125  305  266    0   17    2    2    1     877
    2    1  126  306  271    0   17    2    2    1    1098
    2    1  127  307  417    0   27    3    1    0    1344
    2    1  128  308  296    0   19    2    1    0    1177
    2    1  129  309   31    1    2    1    2    0    1525
    2    1  130  310   69    0    5    1    1    1     788
    2    1  131  311  302    0   19    2    2    1     864
    2    1  132  312   81    0    6    1    2    0     875
    2    1  133  313  362    0   23    3    2    0     983
    2    1  134  314  380    0   24    3    2    0     763
    2    1  135  315   34    1    3    1    1    1     702
    2    1  136  316  445    0   28    3    1    0     965
    2    1  137  317   80    0    5    1    1    1     872
    2    1  138  318   88    0    6    1    2    0    1119
    2    1  139  319  185    0   12    2    2    1     675
    2    1  140  320   99    0    7    1    1    1     702
    2    1  141  321  115    1    8    1    1    1     751
    2    1  142  322  147    0   10    1    2    0     948
    2    1  143  323  411    0   26    3    3    1     981
    2    1  144  324  478    0   30    3    3    1     815
    2    1  145  325  376    1   24    3    1    0     828
    2    1  146  326  416    0   26    3    3    1     885
    2    1  147  327  183    0   12    2    2    1     779
    2    1  148  328  414    0   26    3    3    1     718
    2    1  149  329  157    0   10    1    1    1     976
    2    1  150  330  446    1   28    3    3    1    1046
    2    1  151  331  424    0   27    3    3    1    1544
    2    1  152  332  268    0   17    2    2    1     824
    2    1  153  333  167    0   11    2    1    0    1705
    2    1  154  334   50    0    4    1    3    0     758
    2    1  155  335  202    0   13    2    2    1    1609
    2    1  156  336  239    0   15    2    3    0    1155
    2    1  157  337  439    0   28    3    3    1    1130
    2    1  158  338   93    0    6    1    2    0    1948
    2    1  159  339  456    1   29    3    3    1     832
    2    1  160  340   19    0    2    1    2    0    1896
    2    1  161  341  228    0   15    2    1    0    2080
    2    1  162  342   92    0    6    1    2    0     727
    2    1  163  343  154    0   10    1    1    1    1509
    2    1  164  344   83    0    6    1    2    0     625
    2    1  165  345  224    1   14    2    2    1    1033
    2    1  166  346  454    0   29    3    3    1     629
    2    1  167  347  324    0   21    3    2    0     740
    2    1  168  348  341    0   22    3    1    0     856
    2    1  169  349  191    0   12    2    2    1    1112
    2    1  170  350  290    0   19    2    1    0    2301
    2    1  171  351   17    1    2    1    3    0     691
    2    1  172  352  379    0   24    3    1    0     726
    2    1  173  353  220    0   14    2    3    0     728
    2    1  174  354  161    0   11    2    1    0    1216
    2    1  175  355  275    0   18    2    3    0    1362
    2    1  176  356  318    0   20    2    3    0     680
    2    1  177  357  437    0   28    3    1    0    2255
    2    1  178  358   38    0    3    1    1    1     907
    2    1  179  359  469    0   30    3    3    1     759
    2    1  180  360  468    0   30    3    3    1     601
    2    1  181  361  179    0   12    2    2    1    1467
    2    1  182  362  386    0   25    3    1    0    1218
    2    1  183  363  209    0   14    2    2    1     862
    2    1  184  364  110    0    7    1    1    1    1124
    2    1  185  365  480    0   30    3    3    1     986
    2    1  186  366  305    0   20    2    3    0     738
    2    1  187  367   27    0    2    1    2    0    1876
    2    1  188  368   68    0    5    1    3    0     911
    2    1  189  369  442    0   28    3    3    1     621
    2    1  190  370   45    0    3    1    1    1     822
    2    1  191  371  267    1   17    2    2    1    1721
    2    1  192  372  309    0   20    2    3    0     673
    2    1  193  373  288    0   18    2    2    1    2219
    2    1  194  374  344    0   22    3    1    0     665
    2    1  195  375  204    0   13    2    2    1     761
    2    1  196  376  148    1   10    1    3    0    1029
    2    1  197  377  279    1   18    2    3    0     858
    2    1  198  378  281    0   18    2    3    0    1307
    2    1  199  379  177    0   12    2    2    1     747
    2    1  200  380  244    0   16    2    2    1     762
    2    1  201  381  229    1   15    2    1    0     783
    2    1  202  382  152    0   10    1    3    0     636
    2    1  203  383  348    0   22    3    1    0    1098
    2    1  204  384  334    0   21    3    2    0     640
    2    1  205  385  314    0   20    2    3    0    1411
    2    1  206  386  448    0   28    3    1    0     678
    2    1  207  387   63    0    4    1    2    0    1033
    2    1  208  388   89    0    6    1    2    0    1268
    2    1  209  389  436    0   28    3    1    0    1143
    2    1  210  390  435    0   28    3    1    0     706
    2    1  211  391  117    0    8    1    1    1     926
    2    1  212  392  455    1   29    3    2    0     828
    2    1  213  393  126    0    8    1    3    0     764
    2    1  214  394  226    0   15    2    1    0     963
    2    1  215  395    8    0    1    1    3    0     666
    2    1  216  396  194    0   13    2    2    1     438
    2    1  217  397  188    0   12    2    2    1     659
    2    1  218  398  407    0   26    3    3    1    1523
    2    1  219  399  144    0    9    1    1    1     950
    2    1  220  400   20    0    2    1    3    0    1863
    2    1  221  401  231    0   15    2    2    1    1009
    2    1  222  402  370    0   24    3    1    0    1866
    2    1  223  403  219    0   14    2    3    0     975
    2    1  224  404  428    0   27    3    1    0     927
    2    1  225  405  470    0   30    3    2    0    1406
    2    1  226  406  307    0   20    2    3    0     741
    2    1  227  407  197    0   13    2    1    0     798
    2    1  228  408  351    0   22    3    1    0     832
    2    1  229  409   95    0    6    1    3    0    1531
    2    1  230  410    2    0    1    1    3    0     828
    2    1  231  411  451    0   29    3    3    1     663
    2    1  232  412  184    0   12    2    2    1     551
    2    1  233  413  399    0   25    3    3    1    1619
    2    1  234  414  252    0   16    2    2    1     650
    2    1  235  415  462    0   29    3    3    1     728
    2    1  236  416  108    0    7    1    2    0     741
    2    1  237  417  276    0   18    2    1    0     790
    2    1  238  418  129    0    9    1    3    0     915
    2    1  239  419  327    1   21    3    2    0     578
    2    1  240  420  412    0   26    3    3    1    1036
    2    1  241  421  311    0   20    2    3    0    1120
    2    1  242  422  166    0   11    2    2    1     667
    2    1  243  423  274    0   18    2    2    1     660
    2    1  244  424  285    0   18    2    3    0     902
    2    1  245  425  475    0   30    3    2    0    5307
    2    1  246  426  127    0    8    1    1    1    1206
    2    1  247  427  249    0   16    2    1    0     860
    2    1  248  428  400    0   25    3    3    1     865
    2    1  249  429  101    0    7    1    1    1     845
    2    1  250  430  409    0   26    3    3    1     680
    2    1  251  431  373    0   24    3    1    0     709
    2    1  252  432  160    0   10    1    3    0     733
    2    1  253  433  330    1   21    3    2    0     585
    2    1  254  434  277    0   18    2    3    0    1411
    2    1  255  435   65    0    5    1    1    1     696
    2    1  256  436  391    0   25    3    3    1     644
    2    1  257  437   43    0    3    1    1    1     612
    2    1  258  438  306    1   20    2    3    0     665
    2    1  259  439  282    0   18    2    1    0     607
    2    1  260  440  251    0   16    2    2    1    1393
    2    1  261  441  346    0   22    3    1    0     649
    2    1  262  442  210    0   14    2    3    0     635
    2    1  263  443  260    0   17    2    2    1    1292
    2    1  264  444    1    0    1    1    2    0     907
    2    1  265  445  138    0    9    1    3    0     612
    2    1  266  446  216    0   14    2    3    0    1347
    2    1  267  447   73    1    5    1    3    0     709
    2    1  268  448   23    0    2    1    3    0     839
    2    1  269  449  323    0   21    3    2    0    1357
    2    1  270  450  459    0   29    3    3    1     702
    2    1  271  451  393    0   25    3    3    1     776
    2    1  272  452  124    0    8    1    1    1     783
    2    1  273  453  397    1   25    3    3    1     935
    2    1  274  454  332    0   21    3    3    1     728
    2    1  275  455  196    0   13    2    3    0     632
    2    1  276  456  465    1   30    3    3    1     753
    2    1  277  457  270    0   17    2    3    0     790
    2    1  278  458  242    0   16    2    3    0     664
    2    1  279  459  201    0   13    2    3    0     618
    2    1  280  460  368    0   23    3    1    0    1060
    2    1  281  461  320    0   20    2    3    0    1203
    2    1  282  462  404    0   26    3    2    0     986
    2    1  283  463   14    0    1    1    1    1     652
    2    1  284  464  107    0    7    1    1    1     565
    2    1  285  465  421    0   27    3    1    0     771
    2    1  286  466  438    0   28    3    1    0     657
    2    1  287  467  304    0   19    2    1    0     674
    2    1  288  468  273    0   18    2    3    0     617
    2    1  289  469  230    0   15    2    1    0     708
    2    1  290  470  234    0   15    2    1    0     748
    2    1  291  471   94    0    6    1    3    0     557
    2    1  292  472   60    0    4    1    3    0     586
    2    1  293  473  434    0   28    3    1    0     590
    2    1  294  474  338    0   22    3    1    0     533
    2    1  295  475   28    0    2    1    1    1     541
    2    1  296  476  151    0   10    1    2    0    1914
    2    1  297  477  132    0    9    1    1    1     796
    2    1  298  478  121    0    8    1    1    1     751
    2    1  299  479  131    0    9    1    2    0    1671
    2    1  300  480  174    0   11    2    1    0     907
