    1    1    1    1  136    1    9    1    3    0    5065
    1    1    2    2   17    1    2    1    2    0    4696
    1    1    3    3  405    1   26    3    2    0    5206
    1    1    4    4  186    1   12    2    1    0    9334
    1    1    5    5  279    1   18    2    2    1    1678
    1    1    6    6  148    1   10    1    2    0    3361
    1    1    7    7  465    1   30    3    2    0    3443
    1    1    8    8   72    1    5    1    3    0    6584
    1    1    9    9  420    1   27    3    1    0    3386
    1    1   10   10  330    1   21    3    2    0    6786
    1    1   11   11   16    1    1    1    1    1    2748
    1    1   12   12   62    1    4    1    1    1    3442
    1    1   13   13   85    1    6    1    1    1    6739
    1    1   14   14  203    1   13    2    2    1    2676
    1    1   15   15  115    1    8    1    3    0    4634
    1    1   16   16    7    1    1    1    1    1    2550
    1    1   17   17   31    1    2    1    3    0    5291
    1    1   18   18  215    1   14    2    2    1    6774
    1    1   19   19  456    1   29    3    2    0    3321
    1    1   20   20  135    1    9    1    3    0   17435
    1    1   21   21  381    1   24    3    1    0    4865
    1    1   22   22  125    1    8    1    1    1    2895
    1    1   23   23  267    1   17    2    2    1    4010
    1    1   24   24  106    1    7    1    2    0    1950
    1    1   25   25  337    1   22    3    1    0    2053
    1    1   26   26  327    1   21    3    2    0    2497
    1    1   27   27  339    1   22    3    1    0   12880
    1    1   28   28  395    1   25    3    2    0    2635
    1    1   29   29  446    1   28    3    1    0    4756
    1    1   30   30  250    1   16    2    2    1    1829
    1    1   31   31  359    1   23    3    3    1    3852
    1    1   32   32  170    1   11    2    3    0    3475
    1    1   33   33  224    1   14    2    3    0    2665
    1    1   34   34  413    1   26    3    2    0    3577
    1    1   35   35  308    1   20    2    3    0    6164
    1    1   36   36  229    1   15    2    1    0    2233
    1    1   37   37  423    1   27    3    3    1   32721
    1    1   38   38  355    1   23    3    2    0    3017
    1    1   39   39  241    1   16    2    2    1    2519
    1    1   40   40   73    1    5    1    3    0    6985
    1    1   41   41   96    1    6    1    3    0    3269
    1    1   42   42  471    1   30    3    2    0    5957
    1    1   43   43  297    1   19    2    1    0   12999
    1    1   44   44  278    1   18    2    3    0    6996
    1    1   45   45  455    1   29    3    2    0    1508
    1    1   46   46  163    1   11    2    1    0    2136
    1    1   47   47  376    1   24    3    1    0    1426
    1    1   48   48  238    1   15    2    1    0    5915
    1    1   49   49  195    1   13    2    3    0    4153
    1    1   50   50  306    1   20    2    3    0    7354
    1    1   51   51   55    1    4    1    3    0    5593
    1    1   52   52   40    1    3    1    1    1    1715
    1    1   53   53  146    1   10    1    3    0    2259
    1    1   54   54  293    1   19    2    2    1    3883
    1    1   55   55  111    1    7    1    2    0    1909
    1    1   56   56   34    1    3    1    1    1    1457
    1    1   57   57  272    1   17    2    2    1    2944
    1    1   58   58  443    1   28    3    1    0    8461
    1    1   59   59  397    1   25    3    2    0    1952
    1    1   60   60  190    1   12    2    2    1    4223
    1    2    1   61   72    1    5    1    1    1    1950
    1    2    2   62  327    1   21    3    2    0    3472
    1    2    3   63  456    1   29    3    3    1    2744
    1    2    4   64  106    1    7    1    1    1    2047
    1    2    5   65   96    1    6    1    1    1    2495
    1    2    6   66  293    1   19    2    2    1    4546
    1    2    7   67  136    1    9    1    2    0    4443
    1    2    8   68  443    1   28    3    3    1    2624
    1    2    9   69  423    1   27    3    2    0    4265
    1    2   10   70   17    1    2    1    2    0    2828
    1    2   11   71  272    1   17    2    2    1    1692
    1    2   12   72  238    1   15    2    1    0    2041
    1    2   13   73  359    1   23    3    3    1    9178
    1    2   14   74  170    1   11    2    1    0    1187
    1    2   15   75    7    1    1    1    1    1    1048
    1    2   16   76  250    1   16    2    2    1    2545
    1    2   17   77  446    1   28    3    1    0    1812
    1    2   18   78  146    1   10    1    1    1    2848
    1    2   19   79  381    1   24    3    1    0    1637
    1    2   20   80   34    1    3    1    1    1    1257
    1    2   21   81  267    1   17    2    2    1    1583
    1    2   22   82  195    1   13    2    3    0    3351
    1    2   23   83  337    1   22    3    1    0    1968
    1    2   24   84  278    1   18    2    3    0    5455
    1    2   25   85  190    1   12    2    1    0    1312
    1    2   26   86  397    1   25    3    2    0    2263
    1    2   27   87   16    1    1    1    1    1    1512
    1    2   28   88   73    1    5    1    1    1    1217
    1    2   29   89  355    1   23    3    2    0    2743
    1    2   30   90   55    1    4    1    1    1    6454
    1    2   31   91  279    1   18    2    3    0    2992
    1    2   32   92  148    1   10    1    3    0    2076
    1    2   33   93  186    1   12    2    1    0    2247
    1    2   34   94  395    1   25    3    1    0   16626
    1    2   35   95  163    1   11    2    2    1    2666
    1    2   36   96  420    1   27    3    3    1    2542
    1    2   37   97  297    1   19    2    1    0    1750
    1    2   38   98  339    1   22    3    1    0    2663
    1    2   39   99   62    1    4    1    3    0    2109
    1    2   40  100  405    1   26    3    1    0    3338
    1    2   41  101  330    1   21    3    1    0    3012
    1    2   42  102  115    1    8    1    1    1    2955
    1    2   43  103  203    1   13    2    2    1    1743
    1    2   44  104  215    1   14    2    3    0    5509
    1    2   45  105  125    1    8    1    1    1    2162
    1    2   46  106   85    1    6    1    3    0    4432
    1    2   47  107  111    1    7    1    3    0    5627
    1    2   48  108  229    1   15    2    3    0    2525
    1    2   49  109  241    1   16    2    2    1    1442
    1    2   50  110   31    1    2    1    3    0    4952
    1    2   51  111  224    1   14    2    3    0    2841
    1    2   52  112  455    1   29    3    2    0    1926
    1    2   53  113  376    1   24    3    3    1    2670
    1    2   54  114  465    1   30    3    3    1    5430
    1    2   55  115  308    1   20    2    3    0    1195
    1    2   56  116  135    1    9    1    2    0    3068
    1    2   57  117  413    1   26    3    3    1    1567
    1    2   58  118  471    1   30    3    2    0    1688
    1    2   59  119   40    1    3    1    1    1     783
    1    2   60  120  306    1   20    2    2    1    4622
    1    3    1  121  339    1   22    3    1    0    2031
    1    3    2  122  395    1   25    3    3    1    1849
    1    3    3  123   16    1    1    1    1    1    1859
    1    3    4  124  267    1   17    2    2    1    1581
    1    3    5  125  420    1   27    3    3    1    2940
    1    3    6  126  443    1   28    3    3    1    2749
    1    3    7  127   55    1    4    1    1    1    1628
    1    3    8  128  146    1   10    1    1    1    2811
    1    3    9  129  293    1   19    2    2    1    2218
    1    3   10  130  381    1   24    3    3    1    1863
    1    3   11  131   34    1    3    1    1    1    1195
    1    3   12  132  125    1    8    1    1    1    1994
    1    3   13  133  278    1   18    2    3    0    4224
    1    3   14  134  456    1   29    3    3    1    1484
    1    3   15  135  279    1   18    2    2    1    1517
    1    3   16  136   17    1    2    1    2    0    1422
    1    3   17  137   31    1    2    1    1    1    1738
    1    3   18  138   72    1    5    1    1    1     765
    1    3   19  139  250    1   16    2    2    1    2829
    1    3   20  140  163    1   11    2    2    1    2770
    1    3   21  141  238    1   15    2    3    0    2381
    1    3   22  142  170    1   11    2    1    0    1854
    1    3   23  143  136    1    9    1    1    1    2594
    1    3   24  144  405    1   26    3    2    0    4003
    1    3   25  145  111    1    7    1    1    1    1761
    1    3   26  146   73    1    5    1    3    0    4410
    1    3   27  147  455    1   29    3    3    1    1351
    1    3   28  148  190    1   12    2    2    1    2612
    1    3   29  149  148    1   10    1    1    1    2078
    1    3   30  150  229    1   15    2    1    0    4673
    1    3   31  151  413    1   26    3    3    1    3411
    1    3   32  152  355    1   23    3    3    1    2461
    1    3   33  153  308    1   20    2    2    1    1628
    1    3   34  154  195    1   13    2    3    0    4645
    1    3   35  155  115    1    8    1    1    1    1253
    1    3   36  156  186    1   12    2    2    1    3312
    1    3   37  157  215    1   14    2    2    1    1709
    1    3   38  158  359    1   23    3    3    1    2501
    1    3   39  159  327    1   21    3    2    0    1382
    1    3   40  160  397    1   25    3    3    1    1666
    1    3   41  161  330    1   21    3    2    0    1483
    1    3   42  162    7    1    1    1    1    1    1187
    1    3   43  163  241    1   16    2    2    1    3525
    1    3   44  164   96    1    6    1    2    0    1135
    1    3   45  165  224    1   14    2    2    1    1910
    1    3   46  166  106    1    7    1    1    1    1900
    1    3   47  167  471    1   30    3    3    1    2366
    1    3   48  168   40    1    3    1    1    1    1280
    1    3   49  169  297    1   19    2    3    0    3868
    1    3   50  170   85    1    6    1    1    1    2785
    1    3   51  171  272    1   17    2    3    0    2548
    1    3   52  172  423    1   27    3    3    1    3232
    1    3   53  173  135    1    9    1    1    1    1252
    1    3   54  174  465    1   30    3    2    0    2946
    1    3   55  175  337    1   22    3    3    1    1726
    1    3   56  176  203    1   13    2    3    0    2065
    1    3   57  177   62    1    4    1    1    1    5611
    1    3   58  178  446    1   28    3    3    1    2602
    1    3   59  179  306    1   20    2    2    1    4145
    1    3   60  180  376    1   24    3    3    1    2345
    2    1    1  181  429    0   27    3    2    0    5027
    2    1    2  182  422    0   27    3    2    0    4908
    2    1    3  183  463    0   29    3    3    1    2819
    2    1    4  184  259    0   17    2    2    1    2663
    2    1    5  185  387    0   25    3    2    0    4820
    2    1    6  186   12    0    1    1    1    1    1775
    2    1    7  187  398    0   25    3    3    1    3621
    2    1    8  188  180    0   12    2    2    1    2419
    2    1    9  189  464    0   29    3    3    1    1418
    2    1   10  190  436    0   28    3    1    0    4345
    2    1   11  191  122    0    8    1    3    0    4300
    2    1   12  192  250    1   16    2    2    1    2303
    2    1   13  193   98    0    7    1    1    1    3232
    2    1   14  194    3    0    1    1    1    1    2467
    2    1   15  195   45    0    3    1    1    1    1925
    2    1   16  196   90    0    6    1    2    0    1703
    2    1   17  197  406    0   26    3    3    1    2098
    2    1   18  198  379    0   24    3    3    1    1417
    2    1   19  199  480    0   30    3    2    0    2242
    2    1   20  200  238    1   15    2    3    0    2266
    2    1   21  201  397    1   25    3    3    1    1696
    2    1   22  202  374    0   24    3    3    1    1837
    2    1   23  203  137    0    9    1    1    1    1881
    2    1   24  204  339    1   22    3    1    0    2156
    2    1   25  205  146    1   10    1    1    1    1875
    2    1   26  206  294    0   19    2    1    0    1396
    2    1   27  207  328    0   21    3    2    0    2012
    2    1   28  208  229    1   15    2    3    0    4156
    2    1   29  209  428    0   27    3    1    0    4708
    2    1   30  210  433    0   28    3    2    0    2204
    2    1   31  211  261    0   17    2    2    1    5006
    2    1   32  212    8    0    1    1    3    0    4032
    2    1   33  213  200    0   13    2    2    1    2807
    2    1   34  214   42    0    3    1    1    1    1386
    2    1   35  215  340    0   22    3    1    0    1822
    2    1   36  216  264    0   17    2    2    1    1220
    2    1   37  217  258    0   17    2    2    1    2201
    2    1   38  218  424    0   27    3    2    0    2452
    2    1   39  219  298    0   19    2    1    0    2751
    2    1   40  220  136    1    9    1    1    1    1298
    2    1   41  221  360    0   23    3    2    0    3354
    2    1   42  222   36    0    3    1    1    1    1735
    2    1   43  223  245    0   16    2    3    0    7521
    2    1   44  224  174    0   11    2    1    0    1308
    2    1   45  225  452    0   29    3    3    1    1115
    2    1   46  226  338    0   22    3    1    0    1455
    2    1   47  227  274    0   18    2    2    1    1096
    2    1   48  228  129    0    9    1    1    1    1136
    2    1   49  229  227    0   15    2    3    0    1763
    2    1   50  230    7    1    1    1    1    1     804
    2    1   51  231  479    0   30    3    2    0    2499
    2    1   52  232   39    0    3    1    1    1    1204
    2    1   53  233  425    0   27    3    2    0     889
    2    1   54  234  369    0   24    3    3    1    1616
    2    1   55  235  147    0   10    1    2    0    1071
    2    1   56  236   89    0    6    1    2    0    1113
    2    1   57  237  243    0   16    2    2    1    1122
    2    1   58  238  323    0   21    3    2    0    2169
    2    1   59  239   43    0    3    1    1    1     878
    2    1   60  240  327    1   21    3    2    0    1620
    2    1   61  241    9    0    1    1    1    1    1147
    2    1   62  242  133    0    9    1    1    1    1116
    2    1   63  243   54    0    4    1    1    1    3057
    2    1   64  244  471    1   30    3    3    1    1576
    2    1   65  245  361    0   23    3    2    0    1787
    2    1   66  246  365    0   23    3    2    0    1757
    2    1   67  247   99    0    7    1    1    1    1022
    2    1   68  248  139    0    9    1    1    1    1604
    2    1   69  249  178    0   12    2    2    1    1399
    2    1   70  250  247    0   16    2    2    1    1401
    2    1   71  251  420    1   27    3    3    1    1732
    2    1   72  252   70    0    5    1    1    1    1143
    2    1   73  253  445    0   28    3    1    0    3467
    2    1   74  254  442    0   28    3    3    1    1700
    2    1   75  255  359    1   23    3    3    1    1208
    2    1   76  256  246    0   16    2    2    1    1669
    2    1   77  257  108    0    7    1    1    1    1426
    2    1   78  258  413    1   26    3    3    1    1154
    2    1   79  259  255    0   16    2    2    1    2118
    2    1   80  260   21    0    2    1    2    0    2561
    2    1   81  261   56    0    4    1    3    0    2190
    2    1   82  262  385    0   25    3    3    1    1271
    2    1   83  263  244    0   16    2    1    0    3222
    2    1   84  264  366    0   23    3    2    0    1375
    2    1   85  265   27    0    2    1    1    1    1023
    2    1   86  266  254    0   16    2    3    0    2568
    2    1   87  267  341    0   22    3    3    1    1543
    2    1   88  268  199    0   13    2    2    1    1173
    2    1   89  269  378    0   24    3    3    1    2397
    2    1   90  270  448    0   28    3    1    0    1703
    2    1   91  271  383    0   24    3    3    1    1100
    2    1   92  272   59    0    4    1    3    0    1919
    2    1   93  273   11    0    1    1    1    1    1280
    2    1   94  274  459    0   29    3    3    1    1368
    2    1   95  275  324    0   21    3    2    0    1483
    2    1   96  276  179    0   12    2    2    1    1122
    2    1   97  277  126    0    8    1    3    0    2495
    2    1   98  278  322    0   21    3    2    0    1275
    2    1   99  279  475    0   30    3    2    0    1683
    2    1  100  280  473    0   30    3    2    0    1713
    2    1  101  281   61    0    4    1    1    1    1881
    2    1  102  282  242    0   16    2    1    0    2103
    2    1  103  283  268    0   17    2    2    1    1499
    2    1  104  284  212    0   14    2    2    1    2102
    2    1  105  285  270    0   17    2    2    1     897
    2    1  106  286  167    0   11    2    1    0     787
    2    1  107  287  304    0   19    2    2    1    1136
    2    1  108  288  310    0   20    2    2    1    1111
    2    1  109  289  336    0   21    3    2    0     842
    2    1  110  290  415    0   26    3    3    1    4816
    2    1  111  291  450    0   29    3    3    1    1092
    2    1  112  292  251    0   16    2    1    0    2474
    2    1  113  293   95    0    6    1    2    0    1168
    2    1  114  294  280    0   18    2    3    0    2242
    2    1  115  295  220    0   14    2    2    1    1311
    2    1  116  296    1    0    1    1    1    1     991
    2    1  117  297  163    1   11    2    2    1    2497
    2    1  118  298  279    1   18    2    3    0    2804
    2    1  119  299  149    0   10    1    1    1    2629
    2    1  120  300  188    0   12    2    2    1    1176
    2    1  121  301   29    0    2    1    2    0    2622
    2    1  122  302   14    0    1    1    1    1    1526
    2    1  123  303  380    0   24    3    2    0    3053
    2    1  124  304  142    0    9    1    1    1    1437
    2    1  125  305  377    0   24    3    3    1    1186
    2    1  126  306   62    1    4    1    3    0    2955
    2    1  127  307  396    0   25    3    3    1    2733
    2    1  128  308  114    0    8    1    1    1    1135
    2    1  129  309  143    0    9    1    1    1    1284
    2    1  130  310  172    0   11    2    1    0    1450
    2    1  131  311  315    0   20    2    2    1     885
    2    1  132  312   34    1    3    1    1    1     963
    2    1  133  313   78    0    5    1    1    1     979
    2    1  134  314   51    0    4    1    1    1     929
    2    1  135  315  115    1    8    1    1    1    1163
    2    1  136  316   23    0    2    1    1    1    1179
    2    1  137  317  219    0   14    2    2    1    1384
    2    1  138  318  152    0   10    1    3    0     975
    2    1  139  319  295    0   19    2    1    0    1957
    2    1  140  320  382    0   24    3    3    1    1191
    2    1  141  321    6    0    1    1    1    1    1089
    2    1  142  322  370    0   24    3    3    1    1330
    2    1  143  323  470    0   30    3    2    0    1202
    2    1  144  324  135    1    9    1    1    1     946
    2    1  145  325  325    0   21    3    2    0    1656
    2    1  146  326  207    0   13    2    2    1    1362
    2    1  147  327  265    0   17    2    2    1    1631
    2    1  148  328  462    0   29    3    3    1     914
    2    1  149  329  181    0   12    2    2    1    1591
    2    1  150  330  468    0   30    3    2    0    1797
    2    1  151  331   26    0    2    1    3    0    2229
    2    1  152  332   66    0    5    1    1    1    1114
    2    1  153  333  381    1   24    3    3    1    1123
    2    1  154  334   96    1    6    1    2    0    1648
    2    1  155  335   85    1    6    1    3    0    3668
    2    1  156  336   40    1    3    1    1    1    1076
    2    1  157  337  399    0   25    3    3    1    1324
    2    1  158  338  171    0   11    2    1    0    2322
    2    1  159  339   47    0    3    1    1    1     895
    2    1  160  340  376    1   24    3    3    1    1032
    2    1  161  341  197    0   13    2    3    0    2229
    2    1  162  342  461    0   29    3    3    1    1150
    2    1  163  343   53    0    4    1    1    1    2670
    2    1  164  344  151    0   10    1    2    0    1262
    2    1  165  345  303    0   19    2    3    0    2229
    2    1  166  346   22    0    2    1    2    0    1273
    2    1  167  347  441    0   28    3    3    1    2070
    2    1  168  348  414    0   26    3    2    0    2037
    2    1  169  349  300    0   19    2    1    0    1012
    2    1  170  350  222    0   14    2    2    1    1459
    2    1  171  351   31    1    2    1    1    1    1365
    2    1  172  352  440    0   28    3    3    1    1504
    2    1  173  353  409    0   26    3    2    0    1519
    2    1  174  354  239    0   15    2    2    1    1740
    2    1  175  355   68    0    5    1    1    1     941
    2    1  176  356  401    0   26    3    3    1    2931
    2    1  177  357  252    0   16    2    2    1    1797
    2    1  178  358  319    0   20    2    2    1    1356
    2    1  179  359  342    0   22    3    1    0    1477
    2    1  180  360  326    0   21    3    2    0    1134
    2    1  181  361  312    0   20    2    2    1    1526
    2    1  182  362  430    0   27    3    3    1    1229
    2    1  183  363  127    0    8    1    1    1     994
    2    1  184  364  299    0   19    2    1    0    1492
    2    1  185  365  144    0    9    1    1    1     882
    2    1  186  366  466    0   30    3    2    0    3037
    2    1  187  367  272    1   17    2    2    1    1613
    2    1  188  368  253    0   16    2    1    0    1458
    2    1  189  369   49    0    4    1    1    1    2081
    2    1  190  370  345    0   22    3    2    0    3321
    2    1  191  371   80    0    5    1    1    1    1240
    2    1  192  372  426    0   27    3    3    1    2653
    2    1  193  373  100    0    7    1    1    1    2990
    2    1  194  374   18    0    2    1    2    0    1011
    2    1  195  375   16    1    1    1    1    1    1459
    2    1  196  376  237    0   15    2    2    1    2127
    2    1  197  377  217    0   14    2    2    1    1142
    2    1  198  378  263    0   17    2    2    1     947
    2    1  199  379   63    0    4    1    1    1     915
    2    1  200  380  444    0   28    3    3    1    1648
    2    1  201  381   73    1    5    1    3    0    1756
    2    1  202  382  113    0    8    1    2    0    1200
    2    1  203  383  457    0   29    3    3    1    1383
    2    1  204  384  281    0   18    2    1    0    1902
    2    1  205  385  297    1   19    2    1    0    1682
    2    1  206  386  161    0   11    2    1    0    1506
    2    1  207  387  190    1   12    2    2    1    3519
    2    1  208  388   58    0    4    1    2    0    1459
    2    1  209  389  302    0   19    2    2    1    1038
    2    1  210  390  153    0   10    1    1    1    1588
    2    1  211  391  291    0   19    2    1    0    2407
    2    1  212  392  123    0    8    1    3    0    1428
    2    1  213  393  275    0   18    2    1    0    2093
    2    1  214  394  287    0   18    2    1    0    1455
    2    1  215  395  349    0   22    3    3    1    1327
    2    1  216  396   67    0    5    1    1    1    1944
    2    1  217  397   20    0    2    1    2    0     972
    2    1  218  398  443    1   28    3    3    1    1107
    2    1  219  399  355    1   23    3    2    0    1549
    2    1  220  400  121    0    8    1    2    0    2613
    2    1  221  401  228    0   15    2    3    0    1656
    2    1  222  402   37    0    3    1    1    1     987
    2    1  223  403  306    1   20    2    2    1    1257
    2    1  224  404  130    0    9    1    1    1    1068
    2    1  225  405  260    0   17    2    2    1    1367
    2    1  226  406  215    1   14    2    2    1    1432
    2    1  227  407   15    0    1    1    1    1     966
    2    1  228  408   33    0    3    1    1    1    1502
    2    1  229  409  417    0   27    3    3    1    2606
    2    1  230  410  348    0   22    3    3    1    1395
    2    1  231  411   35    0    3    1    1    1     887
    2    1  232  412  276    0   18    2    1    0    2086
    2    1  233  413   84    0    6    1    2    0    1243
    2    1  234  414    5    0    1    1    1    1    1782
    2    1  235  415    4    0    1    1    3    0    1033
    2    1  236  416  214    0   14    2    3    0    2151
    2    1  237  417  271    0   17    2    2    1    1287
    2    1  238  418   13    0    1    1    1    1    1842
    2    1  239  419   30    0    2    1    1    1    3820
    2    1  240  420  446    1   28    3    3    1    1671
    2    1  241  421  105    0    7    1    1    1    1344
    2    1  242  422  286    0   18    2    2    1    1229
    2    1  243  423  282    0   18    2    2    1    1899
    2    1  244  424  292    0   19    2    2    1    1269
    2    1  245  425  373    0   24    3    1    0    2183
    2    1  246  426  162    0   11    2    2    1    1191
    2    1  247  427    2    0    1    1    1    1    1232
    2    1  248  428   76    0    5    1    1    1    1362
    2    1  249  429   50    0    4    1    2    0    1150
    2    1  250  430  141    0    9    1    1    1    1323
    2    1  251  431  158    0   10    1    1    1    1786
    2    1  252  432  318    0   20    2    2    1    1074
    2    1  253  433  210    0   14    2    2    1    1205
    2    1  254  434   71    0    5    1    1    1    1462
    2    1  255  435  311    0   20    2    2    1     967
    2    1  256  436  431    0   27    3    2    0    1189
    2    1  257  437  285    0   18    2    2    1    2163
    2    1  258  438  465    1   30    3    2    0    1385
    2    1  259  439  198    0   13    2    2    1    1317
    2    1  260  440  236    0   15    2    2    1    1538
    2    1  261  441  225    0   15    2    1    0    1905
    2    1  262  442  176    0   11    2    2    1    1397
    2    1  263  443  202    0   13    2    2    1    1670
    2    1  264  444   81    0    6    1    2    0    1203
    2    1  265  445  372    0   24    3    3    1    3009
    2    1  266  446  175    0   11    2    2    1    1844
    2    1  267  447  117    0    8    1    1    1    2690
    2    1  268  448  393    0   25    3    2    0    1081
    2    1  269  449  103    0    7    1    3    0    3790
    2    1  270  450  193    0   13    2    2    1    1359
    2    1  271  451  206    0   13    2    2    1    1151
    2    1  272  452  313    0   20    2    2    1    1557
    2    1  273  453  266    0   17    2    2    1    1049
    2    1  274  454  474    0   30    3    2    0     745
    2    1  275  455  447    0   28    3    3    1    2140
    2    1  276  456  283    0   18    2    3    0    1655
    2    1  277  457  131    0    9    1    1    1     716
    2    1  278  458  350    0   22    3    1    0    1682
    2    1  279  459  160    0   10    1    1    1     910
    2    1  280  460  410    0   26    3    2    0    1343
    2    1  281  461  267    1   17    2    2    1    1517
    2    1  282  462   74    0    5    1    1    1    1181
    2    1  283  463  101    0    7    1    1    1    1428
    2    1  284  464   94    0    6    1    2    0     977
    2    1  285  465  421    0   27    3    1    0    2005
    2    1  286  466  364    0   23    3    2    0    1875
    2    1  287  467  218    0   14    2    2    1    1171
    2    1  288  468   65    0    5    1    1    1     782
    2    1  289  469  138    0    9    1    1    1     932
    2    1  290  470  418    0   27    3    2    0    1377
    2    1  291  471  458    0   29    3    3    1    1032
    2    1  292  472   46    0    3    1    1    1     823
    2    1  293  473  278    1   18    2    2    1     992
    2    1  294  474  335    0   21    3    2    0     857
    2    1  295  475  185    0   12    2    2    1    1077
    2    1  296  476  305    0   20    2    2    1    1560
    2    1  297  477  157    0   10    1    1    1    1332
    2    1  298  478  437    0   28    3    3    1    2242
    2    1  299  479  408    0   26    3    2    0    1372
    2    1  300  480  173    0   11    2    2    1    3119
