    1    1    1    1  186    1   12    2    3    0    3660
    1    1    2    2   55    1    4    1    3    0    3371
    1    1    3    3  308    1   20    2    1    0    2892
    1    1    4    4  278    1   18    2    3    0    2314
    1    1    5    5  250    1   16    2    2    1    2959
    1    1    6    6   72    1    5    1    1    1    3875
    1    1    7    7  293    1   19    2    2    1    1851
    1    1    8    8  395    1   25    3    3    1    3131
    1    1    9    9  446    1   28    3    1    0    2462
    1    1   10   10  125    1    8    1    3    0    3688
    1    1   11   11  215    1   14    2    2    1    3173
    1    1   12   12   96    1    6    1    2    0    2620
    1    1   13   13    7    1    1    1    1    1    1382
    1    1   14   14  238    1   15    2    2    1    3645
    1    1   15   15  456    1   29    3    2    0    4681
    1    1   16   16  229    1   15    2    2    1    1422
    1    1   17   17  297    1   19    2    2    1    1346
    1    1   18   18  190    1   12    2    1    0    1395
    1    1   19   19  148    1   10    1    3    0    1578
    1    1   20   20   17    1    2    1    2    0    3162
    1    1   21   21  195    1   13    2    2    1    1699
    1    1   22   22  330    1   21    3    1    0    1412
    1    1   23   23  170    1   11    2    1    0    1343
    1    1   24   24  203    1   13    2    2    1    2069
    1    1   25   25   62    1    4    1    1    1    2286
    1    1   26   26  111    1    7    1    2    0    4044
    1    1   27   27  443    1   28    3    2    0    1577
    1    1   28   28  465    1   30    3    3    1    2461
    1    1   29   29  146    1   10    1    1    1    1285
    1    1   30   30  381    1   24    3    2    0    2367
    1    1   31   31  279    1   18    2    2    1    1534
    1    1   32   32   16    1    1    1    1    1    1164
    1    1   33   33   31    1    2    1    1    1    1432
    1    1   34   34  135    1    9    1    1    1    1366
    1    1   35   35  359    1   23    3    2    0    2066
    1    1   36   36   73    1    5    1    2    0    2632
    1    1   37   37  405    1   26    3    3    1    1816
    1    1   38   38  267    1   17    2    2    1    1804
    1    1   39   39   40    1    3    1    1    1    1268
    1    1   40   40  241    1   16    2    3    0    2098
    1    1   41   41  455    1   29    3    3    1    1682
    1    1   42   42  106    1    7    1    1    1    5943
    1    1   43   43  423    1   27    3    3    1    2614
    1    1   44   44  339    1   22    3    1    0   17531
    1    1   45   45   85    1    6    1    1    1    1643
    1    1   46   46  355    1   23    3    2    0    1712
    1    1   47   47  376    1   24    3    3    1    2137
    1    1   48   48  163    1   11    2    1    0    2925
    1    1   49   49  413    1   26    3    3    1    1641
    1    1   50   50  272    1   17    2    2    1    1684
    1    1   51   51  337    1   22    3    2    0    7720
    1    1   52   52  420    1   27    3    1    0    1530
    1    1   53   53  306    1   20    2    2    1    2441
    1    1   54   54  224    1   14    2    2    1    1731
    1    1   55   55  471    1   30    3    3    1    3956
    1    1   56   56  115    1    8    1    1    1    1596
    1    1   57   57  397    1   25    3    3    1    5585
    1    1   58   58  327    1   21    3    2    0    1338
    1    1   59   59   34    1    3    1    1    1    1304
    1    1   60   60  136    1    9    1    1    1    1590
    1    2    1   61  405    1   26    3    3    1    1788
    1    2    2   62  471    1   30    3    3    1    2622
    1    2    3   63   73    1    5    1    2    0    2030
    1    2    4   64  272    1   17    2    2    1    2298
    1    2    5   65  355    1   23    3    3    1    1469
    1    2    6   66  163    1   11    2    3    0    3560
    1    2    7   67  250    1   16    2    2    1    2168
    1    2    8   68  136    1    9    1    1    1    1203
    1    2    9   69  125    1    8    1    3    0    2159
    1    2   10   70  106    1    7    1    1    1    2054
    1    2   11   71  381    1   24    3    3    1    4029
    1    2   12   72  339    1   22    3    1    0    1914
    1    2   13   73  238    1   15    2    2    1    2099
    1    2   14   74  279    1   18    2    3    0    4500
    1    2   15   75  293    1   19    2    2    1    3543
    1    2   16   76   85    1    6    1    1    1    1569
    1    2   17   77   34    1    3    1    1    1    1089
    1    2   18   78   62    1    4    1    3    0    2832
    1    2   19   79    7    1    1    1    1    1    1160
    1    2   20   80  456    1   29    3    3    1    2400
    1    2   21   81   16    1    1    1    1    1    1881
    1    2   22   82  229    1   15    2    2    1    3158
    1    2   23   83  241    1   16    2    2    1    2134
    1    2   24   84  327    1   21    3    1    0    2159
    1    2   25   85   55    1    4    1    3    0    2364
    1    2   26   86   72    1    5    1    1    1    1219
    1    2   27   87  215    1   14    2    2    1    2780
    1    2   28   88  423    1   27    3    3    1    2754
    1    2   29   89  413    1   26    3    3    1    1562
    1    2   30   90  170    1   11    2    1    0    1123
    1    2   31   91  397    1   25    3    2    0    2029
    1    2   32   92  308    1   20    2    2    1    1974
    1    2   33   93   17    1    2    1    2    0    2356
    1    2   34   94  297    1   19    2    3    0    2423
    1    2   35   95  278    1   18    2    3    0    1471
    1    2   36   96  337    1   22    3    3    1    1752
    1    2   37   97  148    1   10    1    1    1    1250
    1    2   38   98  376    1   24    3    3    1    1873
    1    2   39   99  146    1   10    1    1    1    1071
    1    2   40  100  455    1   29    3    3    1    1339
    1    2   41  101   31    1    2    1    1    1    1160
    1    2   42  102  111    1    7    1    2    0    2240
    1    2   43  103  306    1   20    2    2    1    1512
    1    2   44  104  195    1   13    2    2    1   18713
    1    2   45  105  186    1   12    2    1    0    2014
    1    2   46  106  224    1   14    2    2    1    1962
    1    2   47  107  420    1   27    3    3    1    3486
    1    2   48  108  395    1   25    3    3    1    8558
    1    2   49  109   96    1    6    1    1    1    4802
    1    2   50  110  135    1    9    1    1    1    1252
    1    2   51  111  190    1   12    2    1    0    3109
    1    2   52  112  446    1   28    3    3    1    1886
    1    2   53  113  115    1    8    1    1    1    6008
    1    2   54  114  465    1   30    3    3    1    2452
    1    2   55  115   40    1    3    1    1    1    1205
    1    2   56  116  330    1   21    3    2    0    5818
    1    2   57  117  443    1   28    3    2    0    1525
    1    2   58  118  267    1   17    2    2    1    2549
    1    2   59  119  359    1   23    3    2    0    2798
    1    2   60  120  203    1   13    2    2    1    1665
    1    3    1  121  420    1   27    3    3    1    2966
    1    3    2  122  446    1   28    3    3    1    1144
    1    3    3  123   96    1    6    1    1    1    1183
    1    3    4  124  471    1   30    3    2    0    3883
    1    3    5  125   31    1    2    1    1    1    1057
    1    3    6  126  163    1   11    2    2    1    4880
    1    3    7  127  224    1   14    2    2    1    1495
    1    3    8  128   16    1    1    1    1    1    1840
    1    3    9  129   62    1    4    1    1    1    2088
    1    3   10  130  355    1   23    3    3    1    2183
    1    3   11  131  443    1   28    3    3    1    1279
    1    3   12  132  308    1   20    2    2    1    1591
    1    3   13  133   17    1    2    1    2    0    3651
    1    3   14  134  395    1   25    3    1    0    1421
    1    3   15  135  241    1   16    2    2    1    1160
    1    3   16  136  203    1   13    2    2    1    1695
    1    3   17  137  229    1   15    2    2    1    1399
    1    3   18  138  278    1   18    2    2    1    1881
    1    3   19  139  148    1   10    1    1    1    1162
    1    3   20  140  250    1   16    2    2    1    1569
    1    3   21  141  238    1   15    2    2    1    1318
    1    3   22  142  455    1   29    3    3    1    1303
    1    3   23  143  465    1   30    3    3    1    1678
    1    3   24  144   85    1    6    1    1    1    1426
    1    3   25  145  381    1   24    3    3    1    1588
    1    3   26  146  306    1   20    2    2    1    1357
    1    3   27  147  111    1    7    1    1    1    1176
    1    3   28  148  359    1   23    3    3    1    1240
    1    3   29  149  397    1   25    3    3    1    2791
    1    3   30  150   34    1    3    1    1    1    1265
    1    3   31  151  330    1   21    3    3    1    1590
    1    3   32  152  279    1   18    2    2    1    2843
    1    3   33  153    7    1    1    1    1    1    1720
    1    3   34  154  195    1   13    2    2    1    1516
    1    3   35  155  267    1   17    2    2    1    2358
    1    3   36  156  456    1   29    3    3    1    1338
    1    3   37  157  423    1   27    3    3    1    2201
    1    3   38  158  327    1   21    3    3    1    5635
    1    3   39  159   72    1    5    1    1    1    1009
    1    3   40  160  272    1   17    2    2    1    2848
    1    3   41  161  115    1    8    1    1    1    1551
    1    3   42  162  293    1   19    2    2    1    2582
    1    3   43  163  135    1    9    1    1    1    1164
    1    3   44  164  170    1   11    2    2    1    1762
    1    3   45  165  297    1   19    2    3    0    1599
    1    3   46  166   73    1    5    1    2    0    5189
    1    3   47  167  339    1   22    3    3    1    2082
    1    3   48  168  405    1   26    3    3    1    1105
    1    3   49  169  186    1   12    2    2    1    4357
    1    3   50  170   40    1    3    1    1    1    1134
    1    3   51  171  136    1    9    1    1    1    1172
    1    3   52  172  106    1    7    1    1    1    1369
    1    3   53  173  215    1   14    2    2    1    3958
    1    3   54  174  413    1   26    3    3    1    1411
    1    3   55  175  337    1   22    3    3    1    2490
    1    3   56  176  146    1   10    1    1    1    4063
    1    3   57  177   55    1    4    1    3    0    1858
    1    3   58  178  190    1   12    2    1    0    2182
    1    3   59  179  125    1    8    1    1    1    2839
    1    3   60  180  376    1   24    3    3    1    1935
    2    1    1  181  415    0   26    3    3    1    3984
    2    1    2  182  329    0   21    3    1    0    2331
    2    1    3  183  194    0   13    2    2    1    1827
    2    1    4  184  370    0   24    3    1    0    3741
    2    1    5  185  412    0   26    3    2    0    2504
    2    1    6  186  398    0   25    3    2    0    1747
    2    1    7  187  420    1   27    3    3    1    2146
    2    1    8  188   35    0    3    1    1    1    1277
    2    1    9  189  255    0   16    2    2    1    1797
    2    1   10  190  132    0    9    1    1    1    1101
    2    1   11  191   22    0    2    1    2    0    4481
    2    1   12  192   53    0    4    1    1    1    2272
    2    1   13  193  444    0   28    3    3    1    1705
    2    1   14  194  136    1    9    1    1    1     976
    2    1   15  195  154    0   10    1    1    1    5891
    2    1   16  196  234    0   15    2    3    0    1825
    2    1   17  197  479    0   30    3    2    0    1499
    2    1   18  198  199    0   13    2    2    1    1295
    2    1   19  199  354    0   23    3    2    0    8312
    2    1   20  200  191    0   12    2    2    1    2655
    2    1   21  201  447    0   28    3    3    1    1639
    2    1   22  202  131    0    9    1    1    1    1582
    2    1   23  203  260    0   17    2    2    1    1536
    2    1   24  204   38    0    3    1    1    1    1629
    2    1   25  205   93    0    6    1    1    1    7708
    2    1   26  206  351    0   22    3    3    1    3097
    2    1   27  207  330    1   21    3    2    0    6003
    2    1   28  208  169    0   11    2    1    0    1165
    2    1   29  209   26    0    2    1    3    0    2460
    2    1   30  210  145    0   10    1    1    1    1271
    2    1   31  211  123    0    8    1    1    1    2919
    2    1   32  212  173    0   11    2    2    1    1668
    2    1   33  213   49    0    4    1    2    0    3673
    2    1   34  214  129    0    9    1    1    1     920
    2    1   35  215  382    0   24    3    3    1    2469
    2    1   36  216  466    0   30    3    2    0    1381
    2    1   37  217  440    0   28    3    3    1    1078
    2    1   38  218  328    0   21    3    2    0    4420
    2    1   39  219  387    0   25    3    2    0    2336
    2    1   40  220  376    1   24    3    3    1    1882
    2    1   41  221  207    0   13    2    3    0    1191
    2    1   42  222  197    0   13    2    1    0    1197
    2    1   43  223  294    0   19    2    1    0    2899
    2    1   44  224  209    0   14    2    2    1    1319
    2    1   45  225   41    0    3    1    1    1     998
    2    1   46  226  196    0   13    2    2    1    1518
    2    1   47  227  215    1   14    2    2    1    2015
    2    1   48  228  471    1   30    3    3    1    1350
    2    1   49  229  101    0    7    1    1    1    3889
    2    1   50  230  114    0    8    1    1    1    1850
    2    1   51  231  200    0   13    2    2    1    1961
    2    1   52  232   17    1    2    1    2    0    3594
    2    1   53  233    8    0    1    1    1    1    1363
    2    1   54  234  125    1    8    1    1    1    1545
    2    1   55  235   60    0    4    1    3    0    2786
    2    1   56  236  379    0   24    3    3    1    1262
    2    1   57  237  308    1   20    2    2    1    1195
    2    1   58  238  119    0    8    1    1    1    1454
    2    1   59  239  462    0   29    3    3    1    1125
    2    1   60  240  371    0   24    3    1    0    2105
    2    1   61  241  108    0    7    1    1    1    1101
    2    1   62  242  346    0   22    3    1    0    2499
    2    1   63  243   57    0    4    1    2    0    2476
    2    1   64  244  295    0   19    2    2    1    4322
    2    1   65  245  107    0    7    1    1    1    1161
    2    1   66  246  263    0   17    2    2    1    2436
    2    1   67  247  138    0    9    1    1    1     959
    2    1   68  248  336    0   21    3    1    0    1624
    2    1   69  249   50    0    4    1    3    0    1069
    2    1   70  250   83    0    6    1    1    1    1486
    2    1   71  251   89    0    6    1    1    1    1195
    2    1   72  252  425    0   27    3    3    1    1137
    2    1   73  253  206    0   13    2    2    1    1059
    2    1   74  254  176    0   11    2    2    1    1870
    2    1   75  255  468    0   30    3    2    0    1487
    2    1   76  256  157    0   10    1    3    0    3155
    2    1   77  257    3    0    1    1    1    1    2105
    2    1   78  258  110    0    7    1    3    0    3274
    2    1   79  259  290    0   19    2    2    1    2092
    2    1   80  260    7    1    1    1    1    1    1462
    2    1   81  261   44    0    3    1    1    1    1278
    2    1   82  262  409    0   26    3    2    0    1512
    2    1   83  263  248    0   16    2    2    1    1213
    2    1   84  264  253    0   16    2    2    1    2949
    2    1   85  265  106    1    7    1    1    1    1110
    2    1   86  266  134    0    9    1    1    1    1125
    2    1   87  267  432    0   27    3    3    1    1068
    2    1   88  268  297    1   19    2    3    0    1409
    2    1   89  269  303    0   19    2    2    1    3234
    2    1   90  270    6    0    1    1    1    1    1455
    2    1   91  271  331    0   21    3    1    0    1573
    2    1   92  272  364    0   23    3    2    0    1287
    2    1   93  273   77    0    5    1    1    1    3628
    2    1   94  274  359    1   23    3    3    1    1197
    2    1   95  275  366    0   23    3    3    1    3234
    2    1   96  276  273    0   18    2    2    1    2864
    2    1   97  277  304    0   19    2    2    1    2267
    2    1   98  278  256    0   16    2    2    1     772
    2    1   99  279   46    0    3    1    1    1    1196
    2    1  100  280   19    0    2    1    1    1    1112
    2    1  101  281  348    0   22    3    3    1    2588
    2    1  102  282  360    0   23    3    3    1    2957
    2    1  103  283  223    0   14    2    1    0    1340
    2    1  104  284   97    0    7    1    1    1    3494
    2    1  105  285  174    0   11    2    1    0    1270
    2    1  106  286   69    0    5    1    2    0    1932
    2    1  107  287  293    1   19    2    2    1    2060
    2    1  108  288  300    0   19    2    1    0    3104
    2    1  109  289   90    0    6    1    1    1    3513
    2    1  110  290  422    0   27    3    2    0    3073
    2    1  111  291  457    0   29    3    3    1    1094
    2    1  112  292  450    0   29    3    3    1     637
    2    1  113  293  252    0   16    2    2    1    1450
    2    1  114  294  299    0   19    2    1    0    1969
    2    1  115  295  424    0   27    3    3    1    1490
    2    1  116  296   98    0    7    1    1    1    1564
    2    1  117  297  406    0   26    3    1    0    4522
    2    1  118  298   13    0    1    1    1    1    1186
    2    1  119  299  469    0   30    3    2    0    1245
    2    1  120  300  367    0   23    3    2    0    1339
    2    1  121  301  170    1   11    2    1    0    1023
    2    1  122  302   76    0    5    1    1    1    2253
    2    1  123  303  266    0   17    2    2    1    4288
    2    1  124  304  285    0   18    2    2    1    1228
    2    1  125  305  239    0   15    2    3    0    4423
    2    1  126  306  480    0   30    3    2    0     887
    2    1  127  307  434    0   28    3    3    1    1296
    2    1  128  308  383    0   24    3    3    1    1534
    2    1  129  309  347    0   22    3    3    1    2885
    2    1  130  310  362    0   23    3    3    1    8234
    2    1  131  311  453    0   29    3    3    1     793
    2    1  132  312  161    0   11    2    1    0    1130
    2    1  133  313  311    0   20    2    2    1    1772
    2    1  134  314  187    0   12    2    1    0    2992
    2    1  135  315  464    0   29    3    1    0    2669
    2    1  136  316  268    0   17    2    2    1    1501
    2    1  137  317   80    0    5    1    1    1    1614
    2    1  138  318  310    0   20    2    3    0    1359
    2    1  139  319  465    1   30    3    3    1    3068
    2    1  140  320   51    0    4    1    1    1     879
    2    1  141  321  147    0   10    1    2    0    1227
    2    1  142  322  401    0   26    3    3    1    1201
    2    1  143  323  419    0   27    3    2    0    1137
    2    1  144  324  211    0   14    2    2    1    1015
    2    1  145  325  264    0   17    2    2    1    1546
    2    1  146  326  109    0    7    1    3    0    1516
    2    1  147  327   15    0    1    1    1    1     693
    2    1  148  328  179    0   12    2    1    0    1298
    2    1  149  329  456    1   29    3    3    1    1207
    2    1  150  330  219    0   14    2    3    0    4763
    2    1  151  331  162    0   11    2    1    0    1709
    2    1  152  332  230    0   15    2    2    1     779
    2    1  153  333  151    0   10    1    2    0    1423
    2    1  154  334   33    0    3    1    1    1     784
    2    1  155  335    9    0    1    1    1    1     751
    2    1  156  336  298    0   19    2    1    0     774
    2    1  157  337  275    0   18    2    1    0     881
    2    1  158  338   59    0    4    1    1    1    2098
    2    1  159  339  365    0   23    3    2    0    1590
    2    1  160  340  284    0   18    2    2    1    1939
    2    1  161  341  400    0   25    3    1    0     918
    2    1  162  342  242    0   16    2    3    0    1723
    2    1  163  343  350    0   22    3    3    1    1098
    2    1  164  344   39    0    3    1    1    1     841
    2    1  165  345  433    0   28    3    3    1    1025
    2    1  166  346  271    0   17    2    2    1    1046
    2    1  167  347  363    0   23    3    3    1    2937
    2    1  168  348  470    0   30    3    2    0    2294
    2    1  169  349  287    0   18    2    1    0     920
    2    1  170  350  113    0    8    1    3    0    1136
    2    1  171  351  181    0   12    2    1    0    1012
    2    1  172  352  417    0   27    3    2    0    1334
    2    1  173  353  446    1   28    3    3    1    1262
    2    1  174  354   28    0    2    1    1    1    1449
    2    1  175  355  407    0   26    3    2    0    1372
    2    1  176  356  203    1   13    2    2    1    1085
    2    1  177  357  112    0    7    1    1    1    1593
    2    1  178  358  153    0   10    1    1    1    1243
    2    1  179  359  276    0   18    2    2    1    1450
    2    1  180  360  449    0   29    3    3    1    1156
    2    1  181  361  442    0   28    3    3    1    1592
    2    1  182  362  478    0   30    3    2    0    2097
    2    1  183  363  472    0   30    3    2    0     871
    2    1  184  364  461    0   29    3    3    1    1761
    2    1  185  365  232    0   15    2    1    0    2481
    2    1  186  366  353    0   23    3    3    1    1615
    2    1  187  367  448    0   28    3    3    1    1017
    2    1  188  368  296    0   19    2    3    0     983
    2    1  189  369   78    0    5    1    1    1     858
    2    1  190  370   21    0    2    1    2    0     793
    2    1  191  371   54    0    4    1    2    0    1165
    2    1  192  372  146    1   10    1    1    1     909
    2    1  193  373  476    0   30    3    2    0    2506
    2    1  194  374  185    0   12    2    1    0    2270
    2    1  195  375  373    0   24    3    1    0    4207
    2    1  196  376  473    0   30    3    2    0    1256
    2    1  197  377   23    0    2    1    1    1    1167
    2    1  198  378  345    0   22    3    1    0    3701
    2    1  199  379  286    0   18    2    2    1    1420
    2    1  200  380  314    0   20    2    2    1     820
    2    1  201  381  315    0   20    2    2    1    1806
    2    1  202  382  160    0   10    1    1    1     745
    2    1  203  383  292    0   19    2    2    1     958
    2    1  204  384  149    0   10    1    1    1     893
    2    1  205  385  318    0   20    2    2    1     891
    2    1  206  386  369    0   24    3    3    1     835
    2    1  207  387   11    0    1    1    1    1    2016
    2    1  208  388  208    0   13    2    2    1    1315
    2    1  209  389  231    0   15    2    2    1    1636
    2    1  210  390   71    0    5    1    1    1     972
    2    1  211  391  220    0   14    2    2    1    1011
    2    1  212  392  121    0    8    1    3    0    2278
    2    1  213  393  324    0   21    3    3    1    3259
    2    1  214  394   45    0    3    1    1    1     926
    2    1  215  395  265    0   17    2    2    1    1220
    2    1  216  396  411    0   26    3    2    0     752
    2    1  217  397  327    1   21    3    3    1    2189
    2    1  218  398  386    0   25    3    2    0    1965
    2    1  219  399  192    0   12    2    1    0    3437
    2    1  220  400  282    0   18    2    1    0    1952
    2    1  221  401  391    0   25    3    2    0    1225
    2    1  222  402  404    0   26    3    2    0     628
    2    1  223  403  274    0   18    2    2    1    1043
    2    1  224  404  165    0   11    2    1    0    1164
    2    1  225  405  463    0   29    3    1    0    1334
    2    1  226  406  103    0    7    1    1    1    1062
    2    1  227  407  245    0   16    2    2    1     822
    2    1  228  408  243    0   16    2    2    1    1425
    2    1  229  409  104    0    7    1    1    1     918
    2    1  230  410  475    0   30    3    3    1    1831
    2    1  231  411   68    0    5    1    1    1     980
    2    1  232  412  183    0   12    2    1    0     894
    2    1  233  413  454    0   29    3    3    1    2375
    2    1  234  414  340    0   22    3    1    0    2373
    2    1  235  415   64    0    4    1    2    0    1345
    2    1  236  416  460    0   29    3    3    1     996
    2    1  237  417  142    0    9    1    1    1     919
    2    1  238  418  474    0   30    3    2    0     775
    2    1  239  419  428    0   27    3    3    1    2395
    2    1  240  420  358    0   23    3    3    1    1848
    2    1  241  421  238    1   15    2    2    1     947
    2    1  242  422  319    0   20    2    2    1    1180
    2    1  243  423  251    0   16    2    2    1    1333
    2    1  244  424   95    0    6    1    1    1    2881
    2    1  245  425  184    0   12    2    1    0    1139
    2    1  246  426   34    1    3    1    1    1     784
    2    1  247  427   86    0    6    1    1    1    3348
    2    1  248  428  204    0   13    2    2    1     989
    2    1  249  429  458    0   29    3    1    0    1800
    2    1  250  430   96    1    6    1    1    1    1084
    2    1  251  431  141    0    9    1    1    1     802
    2    1  252  432   43    0    3    1    1    1     776
    2    1  253  433  439    0   28    3    3    1    1059
    2    1  254  434  105    0    7    1    1    1    1278
    2    1  255  435  431    0   27    3    3    1    1805
    2    1  256  436  410    0   26    3    2    0     837
    2    1  257  437   37    0    3    1    1    1    1017
    2    1  258  438   29    0    2    1    2    0    2106
    2    1  259  439   14    0    1    1    1    1    1690
    2    1  260  440  402    0   26    3    2    0    2872
    2    1  261  441  166    0   11    2    1    0    1713
    2    1  262  442  270    0   17    2    2    1    2224
    2    1  263  443   62    1    4    1    1    1    2137
    2    1  264  444  278    1   18    2    2    1    1577
    2    1  265  445  291    0   19    2    2    1    3201
    2    1  266  446   27    0    2    1    1    1     949
    2    1  267  447  137    0    9    1    1    1    1157
    2    1  268  448  233    0   15    2    3    0    1976
    2    1  269  449  262    0   17    2    2    1    1812
    2    1  270  450  267    1   17    2    2    1    3791
    2    1  271  451  339    1   22    3    1    0    1787
    2    1  272  452  100    0    7    1    2    0    5181
    2    1  273  453  385    0   25    3    3    1    1182
    2    1  274  454  313    0   20    2    2    1    2477
    2    1  275  455  430    0   27    3    3    1    1232
    2    1  276  456  405    1   26    3    3    1    1368
    2    1  277  457  342    0   22    3    3    1    3366
    2    1  278  458  333    0   21    3    1    0    2427
    2    1  279  459  198    0   13    2    2    1    1178
    2    1  280  460  226    0   15    2    3    0    3034
    2    1  281  461  127    0    8    1    1    1    1389
    2    1  282  462  126    0    8    1    2    0    3545
    2    1  283  463   70    0    5    1    1    1     969
    2    1  284  464  178    0   12    2    1    0    2141
    2    1  285  465  381    1   24    3    3    1    1890
    2    1  286  466  250    1   16    2    2    1    1413
    2    1  287  467  452    0   29    3    3    1    2319
    2    1  288  468   42    0    3    1    1    1    1018
    2    1  289  469  193    0   13    2    2    1    1566
    2    1  290  470  172    0   11    2    3    0    2453
    2    1  291  471  261    0   17    2    2    1    2546
    2    1  292  472  332    0   21    3    1    0    2627
    2    1  293  473  397    1   25    3    3    1    4043
    2    1  294  474   85    1    6    1    1    1     954
    2    1  295  475  344    0   22    3    3    1    3804
    2    1  296  476  133    0    9    1    1    1     875
    2    1  297  477  356    0   23    3    2    0    1823
    2    1  298  478  302    0   19    2    1    0    2012
    2    1  299  479  418    0   27    3    3    1    2247
    2    1  300  480  459    0   29    3    1    0    3310
