    1    1    1    1   15    1    1    1    2    0    6003
    1    1    2    2  359    1   23    3    2    0    3672
    1    1    3    3   35    1    3    1    1    1    2570
    1    1    4    4    6    1    1    1    1    1    3014
    1    1    5    5  272    1   17    2    2    1    2216
    1    1    6    6  117    1    8    1    1    1    3024
    1    1    7    7  280    1   18    2    1    0    1855
    1    1    8    8    4    1    1    1    1    1    1972
    1    1    9    9  219    1   14    2    1    0    1843
    1    1   10   10  216    1   14    2    2    1    1853
    1    1   11   11  289    1   19    2    2    1    2234
    1    1   12   12  353    1   23    3    3    1    3773
    1    1   13   13   33    1    3    1    1    1    1775
    1    1   14   14  217    1   14    2    2    1    1967
    1    1   15   15   56    1    4    1    2    0    2732
    1    1   16   16  424    1   27    3    3    1    1343
    1    1   17   17  380    1   24    3    2    0    2663
    1    1   18   18   58    1    4    1    2    0    2482
    1    1   19   19  121    1    8    1    1    1    1646
    1    1   20   20   49    1    4    1    1    1    1075
    1    1   21   21  356    1   23    3    3    1    1649
    1    1   22   22   38    1    3    1    1    1    1275
    1    1   23   23   80    1    5    1    1    1    1158
    1    1   24   24  465    1   30    3    3    1     910
    1    1   25   25   71    1    5    1    1    1     962
    1    1   26   26  409    1   26    3    3    1    1061
    1    1   27   27   16    1    1    1    1    1     793
    1    1   28   28  448    1   28    3    3    1    1370
    1    1   29   29  411    1   26    3    3    1    2122
    1    1   30   30  360    1   23    3    3    1     933
    1    1   31   31  406    1   26    3    3    1    1415
    1    1   32   32   66    1    5    1    1    1     857
    1    1   33   33   37    1    3    1    1    1    1053
    1    1   34   34  408    1   26    3    3    1     821
    1    1   35   35  471    1   30    3    3    1     912
    1    1   36   36  245    1   16    2    2    1    1445
    1    1   37   37  266    1   17    2    3    0     906
    1    1   38   38  290    1   19    2    1    0    1726
    1    1   39   39   52    1    4    1    1    1     978
    1    1   40   40  182    1   12    2    2    1     831
    1    1   41   41  269    1   17    2    2    1     946
    1    1   42   42  271    1   17    2    2    1    1033
    1    1   43   43  387    1   25    3    2    0    1553
    1    1   44   44  250    1   16    2    1    0    1444
    1    1   45   45  201    1   13    2    2    1    1421
    1    1   46   46  164    1   11    2    1    0     990
    1    1   47   47  396    1   25    3    3    1     878
    1    1   48   48   53    1    4    1    1    1    1126
    1    1   49   49  479    1   30    3    3    1    1852
    1    1   50   50  340    1   22    3    3    1     999
    1    1   51   51  326    1   21    3    2    0    1415
    1    1   52   52  252    1   16    2    2    1    1734
    1    1   53   53   36    1    3    1    1    1     572
    1    1   54   54  276    1   18    2    3    0    1690
    1    1   55   55  476    1   30    3    3    1    1286
    1    1   56   56  120    1    8    1    1    1     838
    1    1   57   57  267    1   17    2    2    1    1010
    1    1   58   58  212    1   14    2    2    1    2365
    1    1   59   59  473    1   30    3    2    0    1255
    1    1   60   60  240    1   15    2    2    1    1103
    1    2    1   61  411    1   26    3    3    1    1857
    1    2    2   62   80    1    5    1    1    1    1080
    1    2    3   63   52    1    4    1    1    1     841
    1    2    4   64  360    1   23    3    3    1     729
    1    2    5   65   49    1    4    1    1    1     856
    1    2    6   66  269    1   17    2    2    1    1212
    1    2    7   67  424    1   27    3    3    1     753
    1    2    8   68   56    1    4    1    1    1    1029
    1    2    9   69  290    1   19    2    1    0    1268
    1    2   10   70  476    1   30    3    3    1     746
    1    2   11   71  117    1    8    1    1    1    1958
    1    2   12   72  471    1   30    3    3    1    1039
    1    2   13   73  182    1   12    2    2    1     810
    1    2   14   74  245    1   16    2    2    1    1071
    1    2   15   75  356    1   23    3    3    1     794
    1    2   16   76  465    1   30    3    3    1     652
    1    2   17   77   36    1    3    1    1    1     663
    1    2   18   78  250    1   16    2    2    1     739
    1    2   19   79   71    1    5    1    1    1     577
    1    2   20   80  479    1   30    3    3    1    1136
    1    2   21   81  280    1   18    2    2    1     871
    1    2   22   82  121    1    8    1    1    1     791
    1    2   23   83  353    1   23    3    3    1     733
    1    2   24   84  289    1   19    2    2    1     824
    1    2   25   85  217    1   14    2    2    1     856
    1    2   26   86  201    1   13    2    2    1     768
    1    2   27   87    6    1    1    1    1    1     722
    1    2   28   88   37    1    3    1    1    1     672
    1    2   29   89  387    1   25    3    1    0    2098
    1    2   30   90   35    1    3    1    1    1    1802
    1    2   31   91   15    1    1    1    1    1     719
    1    2   32   92  219    1   14    2    2    1     820
    1    2   33   93  216    1   14    2    2    1    1081
    1    2   34   94   38    1    3    1    1    1    2644
    1    2   35   95  406    1   26    3    3    1     854
    1    2   36   96  252    1   16    2    2    1    3878
    1    2   37   97  473    1   30    3    3    1     984
    1    2   38   98  409    1   26    3    3    1     802
    1    2   39   99  326    1   21    3    3    1    1403
    1    2   40  100  408    1   26    3    3    1     839
    1    2   41  101  164    1   11    2    2    1    1118
    1    2   42  102  380    1   24    3    3    1    1747
    1    2   43  103  267    1   17    2    2    1     826
    1    2   44  104  266    1   17    2    3    0    1020
    1    2   45  105   66    1    5    1    1    1     679
    1    2   46  106  272    1   17    2    2    1     856
    1    2   47  107  271    1   17    2    2    1     939
    1    2   48  108  359    1   23    3    3    1     679
    1    2   49  109   53    1    4    1    1    1     922
    1    2   50  110    4    1    1    1    1    1     964
    1    2   51  111  448    1   28    3    3    1    1061
    1    2   52  112  212    1   14    2    2    1    1025
    1    2   53  113   33    1    3    1    1    1     796
    1    2   54  114  120    1    8    1    1    1     687
    1    2   55  115  340    1   22    3    3    1     643
    1    2   56  116  240    1   15    2    2    1    1533
    1    2   57  117   16    1    1    1    1    1     531
    1    2   58  118  396    1   25    3    3    1     666
    1    2   59  119  276    1   18    2    2    1    1410
    1    2   60  120   58    1    4    1    2    0    1112
    1    3    1  121  121    1    8    1    1    1     652
    1    3    2  122  471    1   30    3    3    1     661
    1    3    3  123  360    1   23    3    3    1     675
    1    3    4  124  326    1   21    3    3    1     815
    1    3    5  125   16    1    1    1    1    1     679
    1    3    6  126  266    1   17    2    3    0     717
    1    3    7  127  289    1   19    2    2    1     764
    1    3    8  128  269    1   17    2    2    1     614
    1    3    9  129  411    1   26    3    2    0    1614
    1    3   10  130  219    1   14    2    2    1    3062
    1    3   11  131  290    1   19    2    2    1    1060
    1    3   12  132  120    1    8    1    1    1     760
    1    3   13  133  479    1   30    3    3    1    1352
    1    3   14  134  380    1   24    3    2    0    2535
    1    3   15  135  117    1    8    1    1    1    1747
    1    3   16  136   15    1    1    1    1    1    1126
    1    3   17  137    4    1    1    1    1    1     739
    1    3   18  138  276    1   18    2    2    1    1549
    1    3   19  139   52    1    4    1    1    1     917
    1    3   20  140  448    1   28    3    3    1     838
    1    3   21  141  473    1   30    3    3    1    1014
    1    3   22  142  245    1   16    2    2    1    1037
    1    3   23  143  424    1   27    3    3    1     677
    1    3   24  144  252    1   16    2    2    1     649
    1    3   25  145  240    1   15    2    2    1     896
    1    3   26  146  409    1   26    3    3    1     668
    1    3   27  147  267    1   17    2    2    1     822
    1    3   28  148  359    1   23    3    3    1    3121
    1    3   29  149   33    1    3    1    1    1     687
    1    3   30  150   80    1    5    1    1    1     836
    1    3   31  151  406    1   26    3    2    0    1336
    1    3   32  152  353    1   23    3    3    1     659
    1    3   33  153   53    1    4    1    1    1     682
    1    3   34  154  396    1   25    3    3    1    1091
    1    3   35  155   66    1    5    1    1    1     699
    1    3   36  156   49    1    4    1    1    1     730
    1    3   37  157  250    1   16    2    2    1    1026
    1    3   38  158  182    1   12    2    2    1     704
    1    3   39  159   37    1    3    1    1    1     655
    1    3   40  160  356    1   23    3    3    1     729
    1    3   41  161  272    1   17    2    2    1     944
    1    3   42  162  271    1   17    2    2    1     755
    1    3   43  163  387    1   25    3    2    0    1051
    1    3   44  164  408    1   26    3    2    0    1678
    1    3   45  165  465    1   30    3    3    1     747
    1    3   46  166  217    1   14    2    2    1    1132
    1    3   47  167  340    1   22    3    3    1     658
    1    3   48  168  280    1   18    2    2    1    1363
    1    3   49  169   56    1    4    1    2    0    2830
    1    3   50  170  164    1   11    2    1    0     855
    1    3   51  171    6    1    1    1    1    1     636
    1    3   52  172   38    1    3    1    1    1     480
    1    3   53  173  201    1   13    2    2    1     695
    1    3   54  174   36    1    3    1    1    1     646
    1    3   55  175   58    1    4    1    2    0    1122
    1    3   56  176   71    1    5    1    1    1     657
    1    3   57  177  476    1   30    3    3    1     793
    1    3   58  178  212    1   14    2    3    0    1312
    1    3   59  179   35    1    3    1    1    1    1104
    1    3   60  180  216    1   14    2    2    1    2827
    2    1    1  181  146    0   10    1    1    1    1179
    2    1    2  182  173    0   11    2    2    1    2857
    2    1    3  183  370    0   24    3    1    0     728
    2    1    4  184  213    0   14    2    3    0     909
    2    1    5  185  393    0   25    3    2    0    3257
    2    1    6  186  321    0   21    3    1    0    1086
    2    1    7  187   91    0    6    1    3    0     743
    2    1    8  188  168    0   11    2    1    0    1131
    2    1    9  189  126    0    8    1    1    1     684
    2    1   10  190  106    0    7    1    2    0    1481
    2    1   11  191   71    1    5    1    1    1     524
    2    1   12  192  105    0    7    1    1    1    2490
    2    1   13  193  114    0    8    1    1    1     667
    2    1   14  194  217    1   14    2    2    1     839
    2    1   15  195  458    0   29    3    1    0    1419
    2    1   16  196  364    0   23    3    2    0    1367
    2    1   17  197   13    0    1    1    1    1    1087
    2    1   18  198  447    0   28    3    3    1    2049
    2    1   19  199  379    0   24    3    1    0     638
    2    1   20  200   95    0    6    1    3    0     692
    2    1   21  201  241    0   16    2    2    1     713
    2    1   22  202   23    0    2    1    1    1    3450
    2    1   23  203  275    0   18    2    1    0     661
    2    1   24  204  408    1   26    3    3    1    1294
    2    1   25  205  119    0    8    1    1    1     689
    2    1   26  206  386    0   25    3    2    0    1946
    2    1   27  207  116    0    8    1    1    1     630
    2    1   28  208  191    0   12    2    2    1    1049
    2    1   29  209    2    0    1    1    1    1     639
    2    1   30  210  300    0   19    2    1    0     838
    2    1   31  211   82    0    6    1    3    0     578
    2    1   32  212  337    0   22    3    2    0    1063
    2    1   33  213  273    0   18    2    1    0     697
    2    1   34  214  435    0   28    3    2    0    1246
    2    1   35  215  443    0   28    3    2    0     602
    2    1   36  216   84    0    6    1    3    0     663
    2    1   37  217   85    0    6    1    1    1     650
    2    1   38  218   69    0    5    1    2    0    2114
    2    1   39  219  404    0   26    3    3    1    1261
    2    1   40  220  199    0   13    2    2    1     801
    2    1   41  221   28    0    2    1    2    0    2347
    2    1   42  222  258    0   17    2    3    0    2150
    2    1   43  223   47    0    3    1    1    1     633
    2    1   44  224    4    1    1    1    1    1     620
    2    1   45  225  428    0   27    3    3    1     698
    2    1   46  226   98    0    7    1    2    0    1019
    2    1   47  227  461    0   29    3    2    0     977
    2    1   48  228  469    0   30    3    3    1     612
    2    1   49  229  227    0   15    2    3    0     801
    2    1   50  230  340    1   22    3    3    1     717
    2    1   51  231  232    0   15    2    2    1    1957
    2    1   52  232  446    0   28    3    3    1     948
    2    1   53  233  122    0    8    1    1    1     644
    2    1   54  234   90    0    6    1    3    0     567
    2    1   55  235  207    0   13    2    2    1     650
    2    1   56  236  102    0    7    1    2    0    1571
    2    1   57  237  374    0   24    3    2    0     822
    2    1   58  238  266    1   17    2    2    1     679
    2    1   59  239  353    1   23    3    3    1     676
    2    1   60  240  312    0   20    2    3    0     615
    2    1   61  241  334    0   21    3    3    1     685
    2    1   62  242  420    0   27    3    2    0    1056
    2    1   63  243  265    0   17    2    2    1     717
    2    1   64  244   10    0    1    1    1    1     629
    2    1   65  245  158    0   10    1    1    1     622
    2    1   66  246  172    0   11    2    1    0    1167
    2    1   67  247  421    0   27    3    2    0     904
    2    1   68  248  468    0   30    3    3    1     874
    2    1   69  249    7    0    1    1    1    1     576
    2    1   70  250  127    0    8    1    1    1    1130
    2    1   71  251  327    0   21    3    2    0    1586
    2    1   72  252  433    0   28    3    3    1     811
    2    1   73  253  226    0   15    2    3    0     620
    2    1   74  254  201    1   13    2    2    1     824
    2    1   75  255  228    0   15    2    2    1    3649
    2    1   76  256   55    0    4    1    1    1     802
    2    1   77  257   63    0    4    1    1    1    1310
    2    1   78  258  254    0   16    2    2    1    1738
    2    1   79  259   67    0    5    1    1    1     792
    2    1   80  260  472    0   30    3    3    1     701
    2    1   81  261  272    1   17    2    2    1    1242
    2    1   82  262  134    0    9    1    2    0     956
    2    1   83  263  403    0   26    3    2    0    2343
    2    1   84  264  308    0   20    2    3    0     991
    2    1   85  265   77    0    5    1    1    1     629
    2    1   86  266  406    1   26    3    3    1     989
    2    1   87  267  103    0    7    1    1    1    1144
    2    1   88  268  322    0   21    3    3    1     629
    2    1   89  269   58    1    4    1    2    0    1610
    2    1   90  270  262    0   17    2    3    0     671
    2    1   91  271  118    0    8    1    1    1     698
    2    1   92  272  476    1   30    3    3    1    1697
    2    1   93  273  455    0   29    3    2    0     735
    2    1   94  274  246    0   16    2    2    1     808
    2    1   95  275  361    0   23    3    3    1     642
    2    1   96  276  288    0   18    2    2    1    1762
    2    1   97  277  296    0   19    2    2    1     864
    2    1   98  278  274    0   18    2    2    1     779
    2    1   99  279  174    0   11    2    1    0     658
    2    1  100  280   49    1    4    1    1    1     724
    2    1  101  281  415    0   26    3    3    1     597
    2    1  102  282  475    0   30    3    2    0     707
    2    1  103  283  372    0   24    3    1    0     606
    2    1  104  284   59    0    4    1    2    0    1657
    2    1  105  285  192    0   12    2    3    0     758
    2    1  106  286  285    0   18    2    1    0     764
    2    1  107  287  197    0   13    2    1    0     593
    2    1  108  288  345    0   22    3    3    1     636
    2    1  109  289  180    0   12    2    3    0     640
    2    1  110  290  304    0   19    2    3    0     743
    2    1  111  291  366    0   23    3    3    1     626
    2    1  112  292  318    0   20    2    3    0    1050
    2    1  113  293  233    0   15    2    2    1    1100
    2    1  114  294  439    0   28    3    3    1     903
    2    1  115  295  430    0   27    3    3    1     610
    2    1  116  296  167    0   11    2    1    0    3194
    2    1  117  297   88    0    6    1    3    0     551
    2    1  118  298  412    0   26    3    3    1    1445
    2    1  119  299  422    0   27    3    3    1     601
    2    1  120  300  311    0   20    2    3    0     584
    2    1  121  301  307    0   20    2    3    0     560
    2    1  122  302  431    0   27    3    2    0     617
    2    1  123  303  400    0   25    3    3    1    1257
    2    1  124  304  319    0   20    2    2    1    1011
    2    1  125  305   30    0    2    1    2    0     950
    2    1  126  306   68    0    5    1    1    1     603
    2    1  127  307  427    0   27    3    2    0    1097
    2    1  128  308  445    0   28    3    3    1     798
    2    1  129  309  155    0   10    1    2    0     849
    2    1  130  310  342    0   22    3    1    0     656
    2    1  131  311  130    0    9    1    1    1     812
    2    1  132  312  360    1   23    3    3    1     570
    2    1  133  313   18    0    2    1    2    0     545
    2    1  134  314  220    0   14    2    3    0     853
    2    1  135  315   32    0    2    1    3    0    1872
    2    1  136  316  367    0   23    3    2    0    1020
    2    1  137  317  478    0   30    3    2    0    3073
    2    1  138  318  381    0   24    3    1    0    3001
    2    1  139  319  203    0   13    2    2    1     749
    2    1  140  320   54    0    4    1    1    1    1414
    2    1  141  321  115    0    8    1    1    1     546
    2    1  142  322  121    1    8    1    1    1     495
    2    1  143  323  183    0   12    2    3    0     675
    2    1  144  324  323    0   21    3    2    0     777
    2    1  145  325  343    0   22    3    1    0     418
    2    1  146  326   86    0    6    1    3    0     546
    2    1  147  327  186    0   12    2    3    0    1365
    2    1  148  328  237    0   15    2    2    1     806
    2    1  149  329   74    0    5    1    1    1     531
    2    1  150  330  187    0   12    2    3    0     547
    2    1  151  331  198    0   13    2    2    1     653
    2    1  152  332  338    0   22    3    1    0     690
    2    1  153  333  437    0   28    3    2    0     899
    2    1  154  334  179    0   12    2    2    1    2947
    2    1  155  335  211    0   14    2    3    0     633
    2    1  156  336  316    0   20    2    2    1     834
    2    1  157  337  357    0   23    3    2    0     655
    2    1  158  338  222    0   14    2    1    0    1085
    2    1  159  339  395    0   25    3    1    0     730
    2    1  160  340  396    1   25    3    2    0     651
    2    1  161  341   93    0    6    1    3    0     411
    2    1  162  342  235    0   15    2    1    0     640
    2    1  163  343  284    0   18    2    2    1     612
    2    1  164  344  291    0   19    2    2    1    1431
    2    1  165  345  470    0   30    3    2    0     591
    2    1  166  346  181    0   12    2    3    0     554
    2    1  167  347  471    1   30    3    2    0     711
    2    1  168  348  356    1   23    3    2    0     587
    2    1  169  349  200    0   13    2    2    1     937
    2    1  170  350  305    0   20    2    2    1     733
    2    1  171  351  419    0   27    3    2    0     601
    2    1  172  352  346    0   22    3    1    0     631
    2    1  173  353   94    0    6    1    3    0     588
    2    1  174  354  287    0   18    2    1    0     588
    2    1  175  355  331    0   21    3    3    1     544
    2    1  176  356  245    1   16    2    2    1     946
    2    1  177  357  407    0   26    3    1    0    1199
    2    1  178  358  169    0   11    2    1    0     721
    2    1  179  359  425    0   27    3    3    1     661
    2    1  180  360  384    0   24    3    3    1     857
    2    1  181  361  368    0   23    3    2    0     965
    2    1  182  362   42    0    3    1    1    1     824
    2    1  183  363  432    0   27    3    3    1     564
    2    1  184  364  280    1   18    2    2    1     757
    2    1  185  365  277    0   18    2    1    0     853
    2    1  186  366  157    0   10    1    1    1     686
    2    1  187  367  392    0   25    3    2    0     878
    2    1  188  368  389    0   25    3    2    0     710
    2    1  189  369  242    0   16    2    2    1     648
    2    1  190  370  160    0   10    1    2    0     830
    2    1  191  371    6    1    1    1    1    1     646
    2    1  192  372  359    1   23    3    3    1     457
    2    1  193  373  244    0   16    2    2    1     652
    2    1  194  374   17    0    2    1    2    0    1173
    2    1  195  375  457    0   29    3    2    0     600
    2    1  196  376  202    0   13    2    2    1     711
    2    1  197  377  132    0    9    1    2    0    1147
    2    1  198  378   11    0    1    1    1    1     673
    2    1  199  379   89    0    6    1    3    0     601
    2    1  200  380  333    0   21    3    3    1    2161
    2    1  201  381  417    0   27    3    2    0    1023
    2    1  202  382  110    0    7    1    3    0    1362
    2    1  203  383  153    0   10    1    1    1     638
    2    1  204  384  449    0   29    3    2    0     650
    2    1  205  385  383    0   24    3    1    0     577
    2    1  206  386  281    0   18    2    1    0     529
    2    1  207  387  418    0   27    3    3    1     737
    2    1  208  388  329    0   21    3    3    1     625
    2    1  209  389  259    0   17    2    2    1     809
    2    1  210  390   14    0    1    1    1    1     810
    2    1  211  391  313    0   20    2    2    1     746
    2    1  212  392  133    0    9    1    1    1    1062
    2    1  213  393   31    0    2    1    1    1     631
    2    1  214  394  459    0   29    3    3    1     929
    2    1  215  395  335    0   21    3    3    1     589
    2    1  216  396  344    0   22    3    1    0     694
    2    1  217  397  221    0   14    2    2    1     748
    2    1  218  398  401    0   26    3    3    1     658
    2    1  219  399  204    0   13    2    2    1     688
    2    1  220  400  371    0   24    3    1    0     625
    2    1  221  401   44    0    3    1    1    1     525
    2    1  222  402  176    0   11    2    1    0     617
    2    1  223  403  294    0   19    2    3    0     802
    2    1  224  404  434    0   28    3    3    1    1062
    2    1  225  405  159    0   10    1    2    0     562
    2    1  226  406  411    1   26    3    3    1     789
    2    1  227  407   72    0    5    1    1    1     525
    2    1  228  408  302    0   19    2    2    1     989
    2    1  229  409  473    1   30    3    3    1     606
    2    1  230  410  131    0    9    1    2    0    1749
    2    1  231  411  152    0   10    1    3    0     819
    2    1  232  412  390    0   25    3    3    1     678
    2    1  233  413   48    0    3    1    1    1     512
    2    1  234  414   61    0    4    1    2    0    1114
    2    1  235  415  150    0   10    1    2    0     822
    2    1  236  416  189    0   12    2    3    0     553
    2    1  237  417  267    1   17    2    2    1     719
    2    1  238  418  363    0   23    3    3    1     605
    2    1  239  419  452    0   29    3    3    1     604
    2    1  240  420  436    0   28    3    3    1     834
    2    1  241  421  108    0    7    1    2    0    1814
    2    1  242  422  164    1   11    2    1    0     931
    2    1  243  423   66    1    5    1    1    1     574
    2    1  244  424  391    0   25    3    3    1     592
    2    1  245  425  212    1   14    2    2    1     647
    2    1  246  426  413    0   26    3    3    1     577
    2    1  247  427  190    0   12    2    3    0     996
    2    1  248  428  261    0   17    2    2    1     659
    2    1  249  429  224    0   14    2    2    1    1546
    2    1  250  430   65    0    5    1    1    1     619
    2    1  251  431  128    0    8    1    2    0     868
    2    1  252  432  278    0   18    2    2    1     503
    2    1  253  433  320    0   20    2    2    1     885
    2    1  254  434    3    0    1    1    1    1     738
    2    1  255  435  184    0   12    2    3    0     536
    2    1  256  436  279    0   18    2    2    1    3634
    2    1  257  437  465    1   30    3    3    1     697
    2    1  258  438  148    0   10    1    1    1     834
    2    1  259  439  377    0   24    3    1    0     586
    2    1  260  440  355    0   23    3    3    1     680
    2    1  261  441  175    0   11    2    2    1     761
    2    1  262  442   40    0    3    1    1    1     547
    2    1  263  443   80    1    5    1    1    1     524
    2    1  264  444  145    0   10    1    1    1     921
    2    1  265  445  414    0   26    3    3    1     592
    2    1  266  446  107    0    7    1    2    0    1054
    2    1  267  447  453    0   29    3    2    0     946
    2    1  268  448  171    0   11    2    1    0     961
    2    1  269  449  349    0   22    3    1    0     465
    2    1  270  450  410    0   26    3    3    1     566
    2    1  271  451  268    0   17    2    2    1     855
    2    1  272  452  387    1   25    3    2    0     721
    2    1  273  453  140    0    9    1    1    1    1227
    2    1  274  454  208    0   13    2    2    1     646
    2    1  275  455  351    0   22    3    1    0     755
    2    1  276  456  104    0    7    1    2    0     642
    2    1  277  457   38    1    3    1    1    1     640
    2    1  278  458   81    0    6    1    3    0     565
    2    1  279  459  216    1   14    2    2    1    2365
    2    1  280  460  466    0   30    3    2    0    1623
    2    1  281  461   64    0    4    1    2    0     882
    2    1  282  462  397    0   25    3    2    0    1735
    2    1  283  463  301    0   19    2    2    1    1079
    2    1  284  464   50    0    4    1    2    0    1513
    2    1  285  465  477    0   30    3    2    0     914
    2    1  286  466   43    0    3    1    1    1     536
    2    1  287  467  358    0   23    3    2    0     732
    2    1  288  468  448    1   28    3    3    1     586
    2    1  289  469  257    0   17    2    1    0     997
    2    1  290  470  309    0   20    2    3    0     589
    2    1  291  471  341    0   22    3    1    0     649
    2    1  292  472  123    0    8    1    1    1     597
    2    1  293  473  214    0   14    2    2    1    1308
    2    1  294  474  354    0   23    3    2    0    1122
    2    1  295  475   87    0    6    1    2    0    1171
    2    1  296  476  249    0   16    2    1    0     600
    2    1  297  477  380    1   24    3    2    0    1004
    2    1  298  478  229    0   15    2    3    0     538
    2    1  299  479  441    0   28    3    3    1    1104
    2    1  300  480   26    0    2    1    3    0    1452
