    1    1    1    1   96    1    6    1    3    0    6206
    1    1    2    2  337    1   22    3    2    0    4482
    1    1    3    3  395    1   25    3    1    0    5826
    1    1    4    4    7    1    1    1    2    0   10415
    1    1    5    5  125    1    8    1    1    1    3537
    1    1    6    6  446    1   28    3    2    0    4233
    1    1    7    7  330    1   21    3    1    0    1861
    1    1    8    8  203    1   13    2    3    0    9023
    1    1    9    9  308    1   20    2    1    0    7179
    1    1   10   10  381    1   24    3    2    0    9697
    1    1   11   11  405    1   26    3    2    0    2642
    1    1   12   12  420    1   27    3    3    1    7693
    1    1   13   13  423    1   27    3    1    0    4719
    1    1   14   14  224    1   14    2    2    1    4775
    1    1   15   15  293    1   19    2    1    0    3421
    1    1   16   16  106    1    7    1    2    0    4361
    1    1   17   17   16    1    1    1    3    0   11440
    1    1   18   18  170    1   11    2    2    1   10011
    1    1   19   19  455    1   29    3    1    0    2944
    1    1   20   20  136    1    9    1    3    0    3183
    1    1   21   21  413    1   26    3    1    0    1749
    1    1   22   22   17    1    2    1    1    1    8755
    1    1   23   23   34    1    3    1    3    0    4602
    1    1   24   24  135    1    9    1    2    0    5078
    1    1   25   25  306    1   20    2    2    1    8257
    1    1   26   26  146    1   10    1    1    1   20332
    1    1   27   27  186    1   12    2    2    1   16116
    1    1   28   28  471    1   30    3    1    0    3524
    1    1   29   29  215    1   14    2    2    1    3388
    1    1   30   30  238    1   15    2    1    0   14265
    1    1   31   31  359    1   23    3    2    0    5635
    1    1   32   32  195    1   13    2    1    0    4983
    1    1   33   33  241    1   16    2    2    1    4228
    1    1   34   34   73    1    5    1    3    0    2273
    1    1   35   35  111    1    7    1    1    1    2362
    1    1   36   36  148    1   10    1    2    0    4001
    1    1   37   37  115    1    8    1    1    1    2566
    1    1   38   38  443    1   28    3    2    0   10547
    1    1   39   39   40    1    3    1    1    1    1522
    1    1   40   40   72    1    5    1    1    1    7098
    1    1   41   41  267    1   17    2    2    1    2690
    1    1   42   42  250    1   16    2    2    1    2493
    1    1   43   43  163    1   11    2    3    0    3838
    1    1   44   44  376    1   24    3    3    1    2297
    1    1   45   45  339    1   22    3    2    0    3153
    1    1   46   46   85    1    6    1    1    1    4232
    1    1   47   47  278    1   18    2    2    1    2675
    1    1   48   48  279    1   18    2    1    0    1917
    1    1   49   49  297    1   19    2    2    1    1814
    1    1   50   50  229    1   15    2    3    0    4802
    1    1   51   51  465    1   30    3    2    0    2854
    1    1   52   52   31    1    2    1    2    0    5017
    1    1   53   53  190    1   12    2    1    0    3301
    1    1   54   54   55    1    4    1    2    0   36342
    1    1   55   55  456    1   29    3    1    0    1645
    1    1   56   56  397    1   25    3    3    1    2449
    1    1   57   57   62    1    4    1    2    0    1907
    1    1   58   58  355    1   23    3    3    1    3852
    1    1   59   59  327    1   21    3    1    0    1542
    1    1   60   60  272    1   17    2    3    0    4158
    1    2    1   61  106    1    7    1    2    0    2333
    1    2    2   62  446    1   28    3    3    1    3380
    1    2    3   63  376    1   24    3    3    1    1794
    1    2    4   64   31    1    2    1    1    1    1599
    1    2    5   65  465    1   30    3    1    0    2964
    1    2    6   66  308    1   20    2    3    0    2065
    1    2    7   67  297    1   19    2    1    0    2468
    1    2    8   68   72    1    5    1    2    0    2246
    1    2    9   69  146    1   10    1    2    0    2609
    1    2   10   70  125    1    8    1    3    0    3198
    1    2   11   71   85    1    6    1    1    1    1203
    1    2   12   72  272    1   17    2    1    0    3959
    1    2   13   73  455    1   29    3    3    1    5069
    1    2   14   74  278    1   18    2    2    1    3464
    1    2   15   75  443    1   28    3    1    0    5890
    1    2   16   76   34    1    3    1    3    0    1980
    1    2   17   77  381    1   24    3    2    0    6145
    1    2   18   78  327    1   21    3    1    0    5743
    1    2   19   79  115    1    8    1    1    1    5552
    1    2   20   80    7    1    1    1    1    1    1654
    1    2   21   81   62    1    4    1    2    0    4729
    1    2   22   82  215    1   14    2    1    0    1360
    1    2   23   83  250    1   16    2    2    1    1472
    1    2   24   84  136    1    9    1    1    1    2794
    1    2   25   85  456    1   29    3    1    0    1295
    1    2   26   86  111    1    7    1    3    0    3360
    1    2   27   87  405    1   26    3    2    0    2991
    1    2   28   88  135    1    9    1    2    0    2988
    1    2   29   89  279    1   18    2    1    0    1289
    1    2   30   90  241    1   16    2    2    1    4076
    1    2   31   91  195    1   13    2    1    0    1277
    1    2   32   92  190    1   12    2    1    0    2720
    1    2   33   93  420    1   27    3    3    1    1944
    1    2   34   94   73    1    5    1    3    0    7535
    1    2   35   95  397    1   25    3    1    0    3989
    1    2   36   96   96    1    6    1    1    1    1260
    1    2   37   97  224    1   14    2    2    1    4798
    1    2   38   98   40    1    3    1    1    1    2643
    1    2   39   99   17    1    2    1    1    1    9342
    1    2   40  100  293    1   19    2    3    0    3726
    1    2   41  101  238    1   15    2    1    0    1598
    1    2   42  102  267    1   17    2    2    1    1250
    1    2   43  103  170    1   11    2    1    0    2262
    1    2   44  104  163    1   11    2    2    1    1920
    1    2   45  105   16    1    1    1    2    0    2296
    1    2   46  106  413    1   26    3    1    0    2529
    1    2   47  107   55    1    4    1    2    0    2162
    1    2   48  108  229    1   15    2    2    1    3042
    1    2   49  109  148    1   10    1    1    1    4332
    1    2   50  110  423    1   27    3    3    1    6020
    1    2   51  111  186    1   12    2    3    0    5320
    1    2   52  112  337    1   22    3    3    1    1240
    1    2   53  113  203    1   13    2    2    1    3499
    1    2   54  114  339    1   22    3    3    1    2388
    1    2   55  115  330    1   21    3    2    0    2041
    1    2   56  116  355    1   23    3    3    1    1517
    1    2   57  117  395    1   25    3    2    0    1604
    1    2   58  118  471    1   30    3    2    0    3161
    1    2   59  119  359    1   23    3    3    1    2256
    1    2   60  120  306    1   20    2    3    0    2939
    1    3    1  121  293    1   19    2    2    1    1403
    1    3    2  122  195    1   13    2    3    0    2408
    1    3    3  123  278    1   18    2    3    0    5180
    1    3    4  124   73    1    5    1    1    1    9346
    1    3    5  125  465    1   30    3    2    0    8145
    1    3    6  126  267    1   17    2    3    0     720
    1    3    7  127  224    1   14    2    2    1    1257
    1    3    8  128   34    1    3    1    1    1     987
    1    3    9  129  170    1   11    2    1    0    3240
    1    3   10  130  203    1   13    2    3    0    1676
    1    3   11  131   40    1    3    1    1    1    1374
    1    3   12  132  330    1   21    3    3    1    2603
    1    3   13  133  215    1   14    2    1    0    4760
    1    3   14  134  446    1   28    3    3    1    1104
    1    3   15  135  186    1   12    2    2    1    2215
    1    3   16  136  241    1   16    2    2    1    4035
    1    3   17  137  125    1    8    1    1    1    2343
    1    3   18  138  111    1    7    1    3    0    1486
    1    3   19  139  136    1    9    1    1    1    1479
    1    3   20  140  355    1   23    3    3    1    1265
    1    3   21  141  376    1   24    3    3    1    1347
    1    3   22  142  405    1   26    3    2    0    1793
    1    3   23  143  279    1   18    2    1    0    2254
    1    3   24  144  337    1   22    3    3    1    2138
    1    3   25  145   31    1    2    1    2    0    5657
    1    3   26  146  229    1   15    2    2    1    1436
    1    3   27  147  455    1   29    3    3    1    2711
    1    3   28  148  306    1   20    2    1    0   10512
    1    3   29  149  190    1   12    2    2    1    3681
    1    3   30  150  397    1   25    3    1    0    3170
    1    3   31  151  413    1   26    3    2    0    3945
    1    3   32  152  308    1   20    2    3    0    1744
    1    3   33  153  135    1    9    1    2    0    5807
    1    3   34  154  272    1   17    2    2    1   10893
    1    3   35  155  471    1   30    3    1    0   16877
    1    3   36  156  250    1   16    2    2    1    2160
    1    3   37  157   55    1    4    1    2    0    3375
    1    3   38  158  423    1   27    3    1    0    3309
    1    3   39  159  339    1   22    3    2    0    2206
    1    3   40  160  443    1   28    3    1    0    2537
    1    3   41  161  163    1   11    2    2    1    2218
    1    3   42  162   72    1    5    1    1    1    2534
    1    3   43  163  115    1    8    1    1    1    1429
    1    3   44  164  359    1   23    3    3    1    3521
    1    3   45  165  146    1   10    1    1    1    4072
    1    3   46  166   16    1    1    1    1    1    2988
    1    3   47  167  327    1   21    3    2    0    2761
    1    3   48  168  238    1   15    2    1    0    1488
    1    3   49  169   96    1    6    1    1    1    1129
    1    3   50  170   85    1    6    1    1    1     960
    1    3   51  171   62    1    4    1    2    0    2271
    1    3   52  172  420    1   27    3    3    1    1769
    1    3   53  173  395    1   25    3    3    1    5368
    1    3   54  174  106    1    7    1    1    1    1509
    1    3   55  175  456    1   29    3    1    0    3647
    1    3   56  176   17    1    2    1    3    0    2497
    1    3   57  177  381    1   24    3    2    0    2258
    1    3   58  178    7    1    1    1    1    1    1356
    1    3   59  179  148    1   10    1    1    1   10059
    1    3   60  180  297    1   19    2    3    0    5726
    2    1    1  181  351    0   22    3    3    1   10527
    2    1    2  182  300    0   19    2    3    0    2495
    2    1    3  183  191    0   12    2    1    0    1677
    2    1    4  184  348    0   22    3    3    1    2779
    2    1    5  185  344    0   22    3    3    1    3020
    2    1    6  186   38    0    3    1    1    1    3333
    2    1    7  187   67    0    5    1    1    1    1584
    2    1    8  188  237    0   15    2    2    1    2177
    2    1    9  189  270    0   17    2    2    1    2139
    2    1   10  190  242    0   16    2    1    0    1382
    2    1   11  191  134    0    9    1    3    0    2544
    2    1   12  192  100    0    7    1    2    0    2443
    2    1   13  193   95    0    6    1    1    1    1466
    2    1   14  194  133    0    9    1    1    1    2769
    2    1   15  195   25    0    2    1    1    1    2754
    2    1   16  196  457    0   29    3    2    0    3221
    2    1   17  197  462    0   29    3    1    0    2565
    2    1   18  198   60    0    4    1    2    0    3103
    2    1   19  199  366    0   23    3    2    0    2388
    2    1   20  200  268    0   17    2    3    0    2661
    2    1   21  201  415    0   26    3    1    0    1356
    2    1   22  202   91    0    6    1    1    1    1127
    2    1   23  203  377    0   24    3    2    0    3706
    2    1   24  204   11    0    1    1    2    0    1831
    2    1   25  205  144    0    9    1    3    0    1599
    2    1   26  206  473    0   30    3    2    0    1504
    2    1   27  207   74    0    5    1    1    1    2899
    2    1   28  208  214    0   14    2    1    0    1888
    2    1   29  209  280    0   18    2    1    0    1157
    2    1   30  210  305    0   20    2    1    0    1176
    2    1   31  211  426    0   27    3    3    1    2042
    2    1   32  212  453    0   29    3    2    0    1993
    2    1   33  213   35    0    3    1    1    1    1307
    2    1   34  214  323    0   21    3    2    0    2408
    2    1   35  215  399    0   25    3    1    0    1496
    2    1   36  216  275    0   18    2    3    0    1741
    2    1   37  217  347    0   22    3    3    1    1897
    2    1   38  218  332    0   21    3    1    0    1741
    2    1   39  219  161    0   11    2    1    0    3608
    2    1   40  220  405    1   26    3    2    0    3577
    2    1   41  221  250    1   16    2    2    1    1388
    2    1   42  222   50    0    4    1    1    1    1364
    2    1   43  223  156    0   10    1    3    0    1662
    2    1   44  224  393    0   25    3    1    0    1485
    2    1   45  225   66    0    5    1    1    1    1698
    2    1   46  226  296    0   19    2    2    1    1294
    2    1   47  227  118    0    8    1    3    0    1644
    2    1   48  228  182    0   12    2    1    0    1436
    2    1   49  229   12    0    1    1    2    0    1235
    2    1   50  230  410    0   26    3    1    0     994
    2    1   51  231  402    0   26    3    2    0    1900
    2    1   52  232  228    0   15    2    1    0    1952
    2    1   53  233  416    0   26    3    1    0    1602
    2    1   54  234  252    0   16    2    2    1    1732
    2    1   55  235   97    0    7    1    3    0    1519
    2    1   56  236  248    0   16    2    2    1    1827
    2    1   57  237  433    0   28    3    3    1    1626
    2    1   58  238   46    0    3    1    1    1    1418
    2    1   59  239   24    0    2    1    1    1    1395
    2    1   60  240  123    0    8    1    2    0     972
    2    1   61  241  382    0   24    3    3    1    1350
    2    1   62  242  146    1   10    1    1    1    2257
    2    1   63  243  394    0   25    3    2    0    1239
    2    1   64  244  192    0   12    2    1    0    1414
    2    1   65  245  438    0   28    3    3    1    1295
    2    1   66  246  352    0   22    3    2    0    1388
    2    1   67  247  345    0   22    3    1    0    1173
    2    1   68  248  298    0   19    2    2    1    1129
    2    1   69  249  375    0   24    3    3    1    1356
    2    1   70  250  414    0   26    3    1    0    1399
    2    1   71  251   70    0    5    1    2    0    1503
    2    1   72  252  131    0    9    1    3    0    2516
    2    1   73  253  331    0   21    3    1    0    1217
    2    1   74  254  288    0   18    2    2    1    1648
    2    1   75  255  244    0   16    2    3    0    3247
    2    1   76  256    9    0    1    1    1    1    1886
    2    1   77  257   29    0    2    1    2    0    1364
    2    1   78  258  207    0   13    2    1    0    1149
    2    1   79  259  381    1   24    3    2    0    4768
    2    1   80  260  458    0   29    3    1    0    1298
    2    1   81  261  294    0   19    2    3    0    1231
    2    1   82  262   40    1    3    1    1    1    1167
    2    1   83  263  229    1   15    2    2    1    1953
    2    1   84  264  137    0    9    1    3    0    1812
    2    1   85  265   86    0    6    1    1    1    1324
    2    1   86  266   26    0    2    1    2    0    1159
    2    1   87  267  274    0   18    2    1    0    1067
    2    1   88  268   96    1    6    1    1    1     945
    2    1   89  269  411    0   26    3    1    0    1564
    2    1   90  270  326    0   21    3    3    1    2382
    2    1   91  271  459    0   29    3    1    0    1152
    2    1   92  272  121    0    8    1    2    0    1347
    2    1   93  273  467    0   30    3    1    0    1213
    2    1   94  274   30    0    2    1    2    0    1597
    2    1   95  275  444    0   28    3    3    1    1694
    2    1   96  276   79    0    5    1    1    1    1067
    2    1   97  277  434    0   28    3    3    1    1281
    2    1   98  278  219    0   14    2    2    1    1182
    2    1   99  279  122    0    8    1    3    0    1391
    2    1  100  280  265    0   17    2    1    0    2121
    2    1  101  281  117    0    8    1    2    0    1109
    2    1  102  282   82    0    6    1    1    1    1146
    2    1  103  283  132    0    9    1    3    0    1500
    2    1  104  284  477    0   30    3    1    0    1473
    2    1  105  285  217    0   14    2    2    1    1079
    2    1  106  286  356    0   23    3    1    0    1597
    2    1  107  287  474    0   30    3    1    0    1406
    2    1  108  288  255    0   16    2    2    1    1014
    2    1  109  289    1    0    1    1    3    0    2494
    2    1  110  290   28    0    2    1    3    0    1532
    2    1  111  291   20    0    2    1    1    1    1599
    2    1  112  292   52    0    4    1    3    0    1808
    2    1  113  293   55    1    4    1    3    0    3241
    2    1  114  294  183    0   12    2    1    0    1384
    2    1  115  295  284    0   18    2    1    0     850
    2    1  116  296  256    0   16    2    2    1    1088
    2    1  117  297  101    0    7    1    3    0    1446
    2    1  118  298  104    0    7    1    3    0    3277
    2    1  119  299   21    0    2    1    1    1    1099
    2    1  120  300  359    1   23    3    2    0    3008
    2    1  121  301  324    0   21    3    3    1    2616
    2    1  122  302  328    0   21    3    1    0    1328
    2    1  123  303  171    0   11    2    2    1    1148
    2    1  124  304  212    0   14    2    1    0    1039
    2    1  125  305  383    0   24    3    3    1    3846
    2    1  126  306  295    0   19    2    2    1    1404
    2    1  127  307  187    0   12    2    1    0    1109
    2    1  128  308  174    0   11    2    2    1    4698
    2    1  129  309  151    0   10    1    1    1    1615
    2    1  130  310  362    0   23    3    3    1    1374
    2    1  131  311  376    1   24    3    3    1    1481
    2    1  132  312  334    0   21    3    1    0    1134
    2    1  133  313  398    0   25    3    1    0     897
    2    1  134  314   87    0    6    1    1    1    1647
    2    1  135  315  269    0   17    2    2    1    1501
    2    1  136  316   54    0    4    1    2    0    1810
    2    1  137  317  226    0   15    2    3    0    3514
    2    1  138  318  169    0   11    2    2    1    1151
    2    1  139  319  202    0   13    2    2    1     977
    2    1  140  320  455    1   29    3    3    1    2539
    2    1  141  321  358    0   23    3    2    0    1622
    2    1  142  322  289    0   19    2    1    0    1879
    2    1  143  323  138    0    9    1    3    0    2237
    2    1  144  324  195    1   13    2    2    1    2436
    2    1  145  325  354    0   23    3    1    0    1203
    2    1  146  326  189    0   12    2    1    0     964
    2    1  147  327  109    0    7    1    2    0    1485
    2    1  148  328  340    0   22    3    3    1    1267
    2    1  149  329  476    0   30    3    1    0    1058
    2    1  150  330  235    0   15    2    2    1    2056
    2    1  151  331  148    1   10    1    3    0    2646
    2    1  152  332  456    1   29    3    2    0    2125
    2    1  153  333  278    1   18    2    3    0    1642
    2    1  154  334   63    0    4    1    2    0    1289
    2    1  155  335   84    0    6    1    1    1     806
    2    1  156  336  140    0    9    1    2    0    1336
    2    1  157  337  442    0   28    3    3    1    1939
    2    1  158  338  110    0    7    1    2    0    1350
    2    1  159  339  221    0   14    2    1    0    1249
    2    1  160  340  245    0   16    2    2    1    1168
    2    1  161  341   72    1    5    1    1    1     978
    2    1  162  342  257    0   17    2    3    0    1628
    2    1  163  343  251    0   16    2    2    1     924
    2    1  164  344   78    0    5    1    3    0    3064
    2    1  165  345   57    0    4    1    2    0    1293
    2    1  166  346  378    0   24    3    2    0    1402
    2    1  167  347  339    1   22    3    2    0    1970
    2    1  168  348  479    0   30    3    1    0    1028
    2    1  169  349  419    0   27    3    3    1    1789
    2    1  170  350  190    1   12    2    2    1    1542
    2    1  171  351  387    0   25    3    2    0    1289
    2    1  172  352  423    1   27    3    3    1    2934
    2    1  173  353   75    0    5    1    1    1    1474
    2    1  174  354   89    0    6    1    1    1    1384
    2    1  175  355   23    0    2    1    2    0    1794
    2    1  176  356  249    0   16    2    1    0    1292
    2    1  177  357  281    0   18    2    3    0    1289
    2    1  178  358  178    0   12    2    1    0     950
    2    1  179  359  317    0   20    2    2    1    2896
    2    1  180  360  368    0   23    3    3    1    1774
    2    1  181  361  157    0   10    1    2    0    2600
    2    1  182  362  391    0   25    3    1    0    1408
    2    1  183  363  314    0   20    2    1    0    1385
    2    1  184  364  311    0   20    2    1    0    1730
    2    1  185  365  239    0   15    2    2    1    1165
    2    1  186  366  216    0   14    2    1    0    1423
    2    1  187  367  277    0   18    2    1    0     744
    2    1  188  368  152    0   10    1    1    1    1403
    2    1  189  369   41    0    3    1    2    0    1764
    2    1  190  370  172    0   11    2    2    1    1374
    2    1  191  371  222    0   14    2    1    0    1032
    2    1  192  372  241    1   16    2    2    1    1455
    2    1  193  373  246    0   16    2    1    0    1174
    2    1  194  374  287    0   18    2    1    0    2536
    2    1  195  375  472    0   30    3    1    0     676
    2    1  196  376  408    0   26    3    3    1    2457
    2    1  197  377  468    0   30    3    1    0    1367
    2    1  198  378  319    0   20    2    1    0     802
    2    1  199  379  136    1    9    1    3    0    1698
    2    1  200  380  441    0   28    3    3    1    1343
    2    1  201  381  253    0   16    2    2    1    1403
    2    1  202  382  349    0   22    3    3    1    1523
    2    1  203  383  447    0   28    3    3    1    1431
    2    1  204  384  445    0   28    3    3    1    1390
    2    1  205  385   45    0    3    1    2    0    1272
    2    1  206  386  158    0   10    1    2    0    1430
    2    1  207  387  325    0   21    3    1    0    1261
    2    1  208  388  335    0   21    3    1    0    1084
    2    1  209  389   69    0    5    1    2    0    1425
    2    1  210  390  103    0    7    1    2    0    1769
    2    1  211  391  175    0   11    2    1    0    1603
    2    1  212  392  460    0   29    3    2    0    1461
    2    1  213  393  225    0   15    2    3    0    1323
    2    1  214  394  384    0   24    3    3    1    1446
    2    1  215  395  107    0    7    1    2    0    1279
    2    1  216  396  179    0   12    2    1    0    1324
    2    1  217  397  220    0   14    2    1    0    1480
    2    1  218  398  292    0   19    2    2    1    1373
    2    1  219  399  102    0    7    1    2    0    1719
    2    1  220  400  272    1   17    2    3    0    2994
    2    1  221  401   27    0    2    1    3    0    1724
    2    1  222  402  429    0   27    3    3    1    1368
    2    1  223  403   10    0    1    1    2    0    1394
    2    1  224  404  201    0   13    2    2    1    1260
    2    1  225  405  437    0   28    3    3    1    1354
    2    1  226  406  170    1   11    2    1    0    2149
    2    1  227  407  204    0   13    2    2    1    1215
    2    1  228  408    8    0    1    1    1    1     976
    2    1  229  409    6    0    1    1    2    0    1625
    2    1  230  410  307    0   20    2    1    0     969
    2    1  231  411  337    1   22    3    3    1    1875
    2    1  232  412   48    0    3    1    2    0    1290
    2    1  233  413   15    0    1    1    2    0    1591
    2    1  234  414  236    0   15    2    3    0    2393
    2    1  235  415  427    0   27    3    3    1    1273
    2    1  236  416  361    0   23    3    3    1    1288
    2    1  237  417  184    0   12    2    1    0    1093
    2    1  238  418  120    0    8    1    2    0     906
    2    1  239  419  218    0   14    2    1    0     936
    2    1  240  420  463    0   29    3    2    0    2098
    2    1  241  421  168    0   11    2    1    0     961
    2    1  242  422  232    0   15    2    3    0    1866
    2    1  243  423  407    0   26    3    1    0    1072
    2    1  244  424  316    0   20    2    1    0     839
    2    1  245  425   53    0    4    1    2    0    2678
    2    1  246  426  432    0   27    3    3    1    2764
    2    1  247  427  342    0   22    3    2    0    1790
    2    1  248  428  234    0   15    2    3    0    2456
    2    1  249  429  279    1   18    2    1    0    1479
    2    1  250  430  145    0   10    1    2    0    1196
    2    1  251  431  153    0   10    1    2    0    1117
    2    1  252  432  116    0    8    1    2    0     913
    2    1  253  433  470    0   30    3    2    0     990
    2    1  254  434  301    0   19    2    1    0    1334
    2    1  255  435  128    0    8    1    2    0    1730
    2    1  256  436  111    1    7    1    3    0    2781
    2    1  257  437  147    0   10    1    3    0    1582
    2    1  258  438  436    0   28    3    3    1    1264
    2    1  259  439   98    0    7    1    2    0    1326
    2    1  260  440  188    0   12    2    1    0    1083
    2    1  261  441   17    1    2    1    1    1     848
    2    1  262  442  259    0   17    2    1    0    1198
    2    1  263  443  480    0   30    3    1    0     607
    2    1  264  444  112    0    7    1    2    0    1288
    2    1  265  445  126    0    8    1    2    0    1957
    2    1  266  446   64    0    4    1    1    1     984
    2    1  267  447    3    0    1    1    1    1     641
    2    1  268  448  299    0   19    2    2    1    1096
    2    1  269  449  309    0   20    2    1    0     765
    2    1  270  450  273    0   18    2    2    1    1167
    2    1  271  451  304    0   19    2    1    0    1842
    2    1  272  452  404    0   26    3    1    0    1033
    2    1  273  453  258    0   17    2    2    1    1232
    2    1  274  454  173    0   11    2    2    1    1039
    2    1  275  455   22    0    2    1    1    1    1031
    2    1  276  456  285    0   18    2    2    1    1150
    2    1  277  457   49    0    4    1    2    0    1137
    2    1  278  458  403    0   26    3    2    0    2643
    2    1  279  459  367    0   23    3    2    0     907
    2    1  280  460  385    0   25    3    1    0     984
    2    1  281  461  478    0   30    3    1    0     626
    2    1  282  462  379    0   24    3    2    0    2107
    2    1  283  463  176    0   11    2    2    1    2199
    2    1  284  464  435    0   28    3    3    1    1535
    2    1  285  465  276    0   18    2    3    0    2899
    2    1  286  466  370    0   24    3    2    0    1279
    2    1  287  467  424    0   27    3    3    1    2573
    2    1  288  468  392    0   25    3    2    0    1798
    2    1  289  469  343    0   22    3    2    0     767
    2    1  290  470  263    0   17    2    1    0     946
    2    1  291  471  203    1   13    2    1    0    1101
    2    1  292  472   51    0    4    1    2    0    1602
    2    1  293  473  127    0    8    1    1    1    3906
    2    1  294  474   58    0    4    1    1    1    1351
    2    1  295  475  443    1   28    3    3    1    1554
    2    1  296  476  430    0   27    3    3    1    1028
    2    1  297  477  155    0   10    1    1    1     989
    2    1  298  478  373    0   24    3    2    0     886
    2    1  299  479  119    0    8    1    2    0    1491
    2    1  300  480  355    1   23    3    3    1    2905
