    1    1    1    1  148    1   10    1    3    0    5184
    1    1    2    2   62    1    4    1    2    0    6031
    1    1    3    3  327    1   21    3    1    0    1084
    1    1    4    4   16    1    1    1    2    0    5390
    1    1    5    5   73    1    5    1    3    0    1928
    1    1    6    6  297    1   19    2    1    0    1631
    1    1    7    7  455    1   29    3    3    1    2556
    1    1    8    8  397    1   25    3    1    0    1534
    1    1    9    9   72    1    5    1    2    0    4836
    1    1   10   10  170    1   11    2    3    0    1558
    1    1   11   11  471    1   30    3    2    0    2739
    1    1   12   12  163    1   11    2    3    0    3477
    1    1   13   13  337    1   22    3    3    1    3021
    1    1   14   14   17    1    2    1    1    1    1941
    1    1   15   15  420    1   27    3    3    1    2601
    1    1   16   16  241    1   16    2    1    0    2448
    1    1   17   17  293    1   19    2    2    1    1446
    1    1   18   18  190    1   12    2    2    1    1172
    1    1   19   19   85    1    6    1    2    0     962
    1    1   20   20  395    1   25    3    1    0    3663
    1    1   21   21  446    1   28    3    3    1     747
    1    1   22   22  465    1   30    3    1    0    5518
    1    1   23   23  186    1   12    2    2    1    3860
    1    1   24   24  229    1   15    2    3    0    5311
    1    1   25   25  203    1   13    2    3    0    1286
    1    1   26   26  413    1   26    3    3    1    1288
    1    1   27   27  215    1   14    2    2    1     573
    1    1   28   28   31    1    2    1    3    0     834
    1    1   29   29  267    1   17    2    2    1     416
    1    1   30   30  272    1   17    2    2    1     912
    1    1   31   31    7    1    1    1    2    0     880
    1    1   32   32  125    1    8    1    2    0     981
    1    1   33   33  376    1   24    3    3    1    2020
    1    1   34   34   34    1    3    1    1    1    5907
    1    1   35   35  106    1    7    1    2    0    1423
    1    1   36   36   55    1    4    1    3    0    1666
    1    1   37   37  456    1   29    3    1    0    2600
    1    1   38   38  195    1   13    2    2    1    8150
    1    1   39   39  443    1   28    3    2    0    4064
    1    1   40   40  381    1   24    3    1    0    1435
    1    1   41   41  146    1   10    1    3    0    1835
    1    1   42   42  250    1   16    2    1    0     974
    1    1   43   43  359    1   23    3    3    1    1969
    1    1   44   44  330    1   21    3    2    0    1120
    1    1   45   45  279    1   18    2    2    1     878
    1    1   46   46  308    1   20    2    2    1     900
    1    1   47   47  111    1    7    1    1    1    2057
    1    1   48   48  238    1   15    2    1    0    2615
    1    1   49   49  135    1    9    1    3    0    1076
    1    1   50   50  115    1    8    1    2    0    2574
    1    1   51   51  405    1   26    3    1    0    1104
    1    1   52   52  339    1   22    3    3    1     754
    1    1   53   53  136    1    9    1    2    0    1040
    1    1   54   54  306    1   20    2    2    1    1078
    1    1   55   55   96    1    6    1    2    0     825
    1    1   56   56  355    1   23    3    3    1    2475
    1    1   57   57   40    1    3    1    1    1    3186
    1    1   58   58  423    1   27    3    3    1    1083
    1    1   59   59  278    1   18    2    2    1    1024
    1    1   60   60  224    1   14    2    2    1    1865
    1    2    1   61  279    1   18    2    3    0     931
    1    2    2   62  405    1   26    3    3    1    1314
    1    2    3   63  111    1    7    1    1    1    2817
    1    2    4   64  215    1   14    2    2    1    1067
    1    2    5   65  397    1   25    3    1    0    3027
    1    2    6   66  359    1   23    3    3    1    1839
    1    2    7   67  136    1    9    1    1    1    3982
    1    2    8   68   34    1    3    1    2    0    5103
    1    2    9   69  381    1   24    3    3    1    1909
    1    2   10   70  190    1   12    2    1    0    1687
    1    2   11   71  420    1   27    3    3    1     953
    1    2   12   72  238    1   15    2    2    1    1771
    1    2   13   73  443    1   28    3    3    1    1581
    1    2   14   74  413    1   26    3    3    1    1298
    1    2   15   75  250    1   16    2    1    0    1777
    1    2   16   76  278    1   18    2    3    0    1374
    1    2   17   77  327    1   21    3    2    0    2912
    1    2   18   78  297    1   19    2    2    1    3471
    1    2   19   79  106    1    7    1    3    0    2530
    1    2   20   80  455    1   29    3    3    1    1360
    1    2   21   81   16    1    1    1    1    1    1824
    1    2   22   82  306    1   20    2    3    0    2853
    1    2   23   83  446    1   28    3    3    1     804
    1    2   24   84  195    1   13    2    2    1    1744
    1    2   25   85  170    1   11    2    2    1    1032
    1    2   26   86  203    1   13    2    2    1    1144
    1    2   27   87  293    1   19    2    1    0    1661
    1    2   28   88   40    1    3    1    1    1    1735
    1    2   29   89  146    1   10    1    1    1    1380
    1    2   30   90  272    1   17    2    3    0    1973
    1    2   31   91  224    1   14    2    2    1    1923
    1    2   32   92   31    1    2    1    3    0    1054
    1    2   33   93  163    1   11    2    1    0    1796
    1    2   34   94  330    1   21    3    1    0    2944
    1    2   35   95    7    1    1    1    1    1    1264
    1    2   36   96  115    1    8    1    1    1    2593
    1    2   37   97  337    1   22    3    3    1     907
    1    2   38   98  376    1   24    3    3    1    1041
    1    2   39   99  241    1   16    2    2    1    1761
    1    2   40  100   72    1    5    1    2    0    1026
    1    2   41  101  135    1    9    1    3    0    1505
    1    2   42  102  456    1   29    3    3    1    1243
    1    2   43  103   73    1    5    1    3    0    2929
    1    2   44  104  148    1   10    1    3    0     814
    1    2   45  105  229    1   15    2    1    0    1156
    1    2   46  106  339    1   22    3    1    0    1410
    1    2   47  107  308    1   20    2    2    1    1037
    1    2   48  108  395    1   25    3    1    0    1671
    1    2   49  109   96    1    6    1    1    1    1269
    1    2   50  110   85    1    6    1    2    0    2506
    1    2   51  111   55    1    4    1    3    0    2403
    1    2   52  112  125    1    8    1    1    1     355
    1    2   53  113   62    1    4    1    1    1    1336
    1    2   54  114   17    1    2    1    2    0    1657
    1    2   55  115  465    1   30    3    2    0     931
    1    2   56  116  355    1   23    3    3    1    1085
    1    2   57  117  186    1   12    2    2    1    1029
    1    2   58  118  267    1   17    2    3    0    1148
    1    2   59  119  423    1   27    3    3    1    1143
    1    2   60  120  471    1   30    3    3    1    1505
    1    3    1  121  420    1   27    3    3    1     771
    1    3    2  122  136    1    9    1    3    0    1311
    1    3    3  123  186    1   12    2    2    1    1778
    1    3    4  124  405    1   26    3    3    1     909
    1    3    5  125  443    1   28    3    1    0    2099
    1    3    6  126  306    1   20    2    2    1    1144
    1    3    7  127  327    1   21    3    1    0    1614
    1    3    8  128  163    1   11    2    1    0    1637
    1    3    9  129  381    1   24    3    1    0    1579
    1    3   10  130   31    1    2    1    3    0    1676
    1    3   11  131  241    1   16    2    1    0    1532
    1    3   12  132  135    1    9    1    1    1    1132
    1    3   13  133  308    1   20    2    2    1    1029
    1    3   14  134   17    1    2    1    1    1    1563
    1    3   15  135  203    1   13    2    1    0    1447
    1    3   16  136  224    1   14    2    2    1     618
    1    3   17  137   16    1    1    1    1    1     688
    1    3   18  138  339    1   22    3    2    0     563
    1    3   19  139  278    1   18    2    3    0     555
    1    3   20  140  413    1   26    3    3    1     875
    1    3   21  141  355    1   23    3    3    1     951
    1    3   22  142  238    1   15    2    2    1    1422
    1    3   23  143  125    1    8    1    1    1    1259
    1    3   24  144  330    1   21    3    3    1    4095
    1    3   25  145  229    1   15    2    3    0    1735
    1    3   26  146  250    1   16    2    2    1    1393
    1    3   27  147   73    1    5    1    3    0    1268
    1    3   28  148   34    1    3    1    1    1    2063
    1    3   29  149  471    1   30    3    3    1     826
    1    3   30  150  170    1   11    2    1    0    1707
    1    3   31  151  465    1   30    3    1    0    4082
    1    3   32  152  293    1   19    2    1    0    1253
    1    3   33  153  297    1   19    2    2    1     518
    1    3   34  154  279    1   18    2    3    0     745
    1    3   35  155  148    1   10    1    3    0     833
    1    3   36  156   72    1    5    1    1    1     627
    1    3   37  157   40    1    3    1    1    1     582
    1    3   38  158  397    1   25    3    3    1    1332
    1    3   39  159   55    1    4    1    3    0    1492
    1    3   40  160  215    1   14    2    2    1    1262
    1    3   41  161   85    1    6    1    1    1    5793
    1    3   42  162    7    1    1    1    1    1    1136
    1    3   43  163  455    1   29    3    3    1     664
    1    3   44  164  115    1    8    1    1    1    3024
    1    3   45  165  111    1    7    1    2    0    4114
    1    3   46  166   62    1    4    1    2    0    1411
    1    3   47  167  395    1   25    3    3    1    1812
    1    3   48  168  190    1   12    2    2    1    2239
    1    3   49  169  272    1   17    2    2    1    3167
    1    3   50  170  106    1    7    1    1    1    3640
    1    3   51  171  359    1   23    3    3    1     777
    1    3   52  172  456    1   29    3    3    1     705
    1    3   53  173  446    1   28    3    3    1     701
    1    3   54  174  423    1   27    3    3    1    1492
    1    3   55  175  337    1   22    3    3    1     827
    1    3   56  176  146    1   10    1    1    1     767
    1    3   57  177   96    1    6    1    1    1    2472
    1    3   58  178  267    1   17    2    2    1    3506
    1    3   59  179  195    1   13    2    2    1     892
    1    3   60  180  376    1   24    3    1    0    2796
    2    1    1  181  465    1   30    3    2    0    6055
    2    1    2  182  450    0   29    3    3    1     953
    2    1    3  183  390    0   25    3    3    1     949
    2    1    4  184  180    0   12    2    1    0    2192
    2    1    5  185  477    0   30    3    2    0    2239
    2    1    6  186  133    0    9    1    3    0    2527
    2    1    7  187  183    0   12    2    2    1    1265
    2    1    8  188   48    0    3    1    1    1     931
    2    1    9  189  113    0    8    1    2    0    1222
    2    1   10  190  194    0   13    2    1    0    1998
    2    1   11  191  357    0   23    3    3    1     852
    2    1   12  192  336    0   21    3    2    0    2529
    2    1   13  193  385    0   25    3    3    1     685
    2    1   14  194  386    0   25    3    3    1     833
    2    1   15  195  103    0    7    1    1    1    5029
    2    1   16  196  343    0   22    3    1    0    1309
    2    1   17  197   35    0    3    1    1    1     727
    2    1   18  198   90    0    6    1    1    1     956
    2    1   19  199  421    0   27    3    3    1     848
    2    1   20  200  265    0   17    2    1    0    1594
    2    1   21  201  116    0    8    1    1    1     984
    2    1   22  202  282    0   18    2    1    0     675
    2    1   23  203  301    0   19    2    2    1    1092
    2    1   24  204  236    0   15    2    3    0    1351
    2    1   25  205  251    0   16    2    1    0     578
    2    1   26  206  442    0   28    3    2    0     822
    2    1   27  207  388    0   25    3    3    1     696
    2    1   28  208  229    1   15    2    1    0    3881
    2    1   29  209  115    1    8    1    1    1    1904
    2    1   30  210  401    0   26    3    3    1    1118
    2    1   31  211  262    0   17    2    2    1    1201
    2    1   32  212  440    0   28    3    3    1     787
    2    1   33  213  408    0   26    3    1    0    1571
    2    1   34  214  249    0   16    2    1    0     844
    2    1   35  215   67    0    5    1    1    1     726
    2    1   36  216  221    0   14    2    2    1    1006
    2    1   37  217  362    0   23    3    3    1    1112
    2    1   38  218  108    0    7    1    1    1     847
    2    1   39  219  411    0   26    3    2    0    2397
    2    1   40  220  164    0   11    2    2    1    2457
    2    1   41  221  266    0   17    2    2    1    1891
    2    1   42  222  199    0   13    2    1    0    1239
    2    1   43  223  374    0   24    3    3    1    1238
    2    1   44  224  269    0   17    2    2    1    1880
    2    1   45  225  284    0   18    2    3    0    1310
    2    1   46  226  187    0   12    2    2    1    1327
    2    1   47  227   53    0    4    1    3    0    1816
    2    1   48  228   51    0    4    1    1    1    2670
    2    1   49  229  350    0   22    3    1    0    1012
    2    1   50  230   30    0    2    1    1    1    1410
    2    1   51  231  326    0   21    3    2    0    2090
    2    1   52  232  383    0   24    3    1    0     665
    2    1   53  233  288    0   18    2    1    0     994
    2    1   54  234    1    0    1    1    1    1     637
    2    1   55  235  346    0   22    3    1    0     805
    2    1   56  236  479    0   30    3    2    0    1123
    2    1   57  237  471    1   30    3    3    1    1122
    2    1   58  238  132    0    9    1    3    0     814
    2    1   59  239  107    0    7    1    1    1     844
    2    1   60  240  446    1   28    3    3    1     823
    2    1   61  241  170    1   11    2    1    0     713
    2    1   62  242  470    0   30    3    3    1     894
    2    1   63  243  387    0   25    3    2    0    1207
    2    1   64  244  165    0   11    2    1    0     647
    2    1   65  245   78    0    5    1    1    1     958
    2    1   66  246  376    1   24    3    1    0     723
    2    1   67  247  394    0   25    3    3    1    1207
    2    1   68  248  325    0   21    3    2    0     915
    2    1   69  249  333    0   21    3    2    0     977
    2    1   70  250    8    0    1    1    2    0    2585
    2    1   71  251  303    0   19    2    2    1    1270
    2    1   72  252  371    0   24    3    1    0     819
    2    1   73  253  196    0   13    2    2    1    2391
    2    1   74  254   58    0    4    1    3    0    2303
    2    1   75  255  335    0   21    3    2    0    2251
    2    1   76  256  307    0   20    2    2    1    1977
    2    1   77  257  305    0   20    2    2    1    1065
    2    1   78  258   17    1    2    1    2    0     548
    2    1   79  259  123    0    8    1    2    0     489
    2    1   80  260  237    0   15    2    1    0    1236
    2    1   81  261  441    0   28    3    2    0     584
    2    1   82  262  214    0   14    2    1    0     932
    2    1   83  263   75    0    5    1    1    1     592
    2    1   84  264   10    0    1    1    1    1     768
    2    1   85  265  427    0   27    3    3    1     943
    2    1   86  266   45    0    3    1    1    1     719
    2    1   87  267  219    0   14    2    2    1     749
    2    1   88  268  425    0   27    3    3    1     823
    2    1   89  269  431    0   27    3    3    1     567
    2    1   90  270  222    0   14    2    2    1     845
    2    1   91  271  139    0    9    1    3    0     787
    2    1   92  272  268    0   17    2    1    0     881
    2    1   93  273  426    0   27    3    3    1     946
    2    1   94  274  300    0   19    2    1    0     990
    2    1   95  275  184    0   12    2    1    0    1478
    2    1   96  276  261    0   17    2    3    0    1007
    2    1   97  277   31    1    2    1    3    0     893
    2    1   98  278  396    0   25    3    2    0    1124
    2    1   99  279  463    0   29    3    3    1    1750
    2    1  100  280   46    0    3    1    1    1     741
    2    1  101  281  447    0   28    3    3    1     732
    2    1  102  282  378    0   24    3    1    0    2321
    2    1  103  283  246    0   16    2    1    0    1062
    2    1  104  284  437    0   28    3    3    1    1063
    2    1  105  285   92    0    6    1    3    0    1153
    2    1  106  286  329    0   21    3    2    0    3350
    2    1  107  287  328    0   21    3    2    0    1572
    2    1  108  288   40    1    3    1    1    1     799
    2    1  109  289  340    0   22    3    1    0    1022
    2    1  110  290  347    0   22    3    1    0     905
    2    1  111  291  319    0   20    2    2    1    1091
    2    1  112  292  206    0   13    2    3    0     903
    2    1  113  293   32    0    2    1    2    0    2882
    2    1  114  294   60    0    4    1    1    1     736
    2    1  115  295  454    0   29    3    1    0     420
    2    1  116  296   91    0    6    1    1    1    1447
    2    1  117  297  444    0   28    3    3    1     802
    2    1  118  298  208    0   13    2    1    0     818
    2    1  119  299   55    1    4    1    1    1     544
    2    1  120  300  311    0   20    2    1    0     625
    2    1  121  301  310    0   20    2    3    0     797
    2    1  122  302   36    0    3    1    1    1     682
    2    1  123  303  418    0   27    3    3    1     532
    2    1  124  304  247    0   16    2    1    0     761
    2    1  125  305  478    0   30    3    3    1     801
    2    1  126  306  278    1   18    2    1    0     905
    2    1  127  307   44    0    3    1    1    1     915
    2    1  128  308  339    1   22    3    1    0     640
    2    1  129  309  223    0   14    2    2    1     581
    2    1  130  310  233    0   15    2    3    0     530
    2    1  131  311  373    0   24    3    1    0     750
    2    1  132  312    7    1    1    1    1    1     525
    2    1  133  313   24    0    2    1    2    0     873
    2    1  134  314   34    1    3    1    1    1     644
    2    1  135  315   84    0    6    1    1    1    1635
    2    1  136  316   57    0    4    1    2    0     608
    2    1  137  317  315    0   20    2    2    1    1940
    2    1  138  318  276    0   18    2    3    0    1416
    2    1  139  319  412    0   26    3    3    1     591
    2    1  140  320  464    0   29    3    2    0    1357
    2    1  141  321  117    0    8    1    3    0    1411
    2    1  142  322   65    0    5    1    1    1     720
    2    1  143  323  280    0   18    2    2    1    1106
    2    1  144  324  405    1   26    3    2    0     705
    2    1  145  325  291    0   19    2    1    0    2254
    2    1  146  326  338    0   22    3    1    0     868
    2    1  147  327  458    0   29    3    3    1    1191
    2    1  148  328  430    0   27    3    3    1     678
    2    1  149  329  434    0   28    3    3    1     533
    2    1  150  330  212    0   14    2    2    1    1708
    2    1  151  331  452    0   29    3    2    0    1241
    2    1  152  332  455    1   29    3    3    1     670
    2    1  153  333  252    0   16    2    2    1    1140
    2    1  154  334   93    0    6    1    1    1    1237
    2    1  155  335  448    0   28    3    3    1     932
    2    1  156  336  121    0    8    1    1    1    1112
    2    1  157  337  175    0   11    2    1    0    1340
    2    1  158  338   62    1    4    1    2    0     728
    2    1  159  339  414    0   26    3    2    0     714
    2    1  160  340  241    1   16    2    1    0     998
    2    1  161  341  258    0   17    2    1    0    1174
    2    1  162  342  205    0   13    2    1    0     767
    2    1  163  343   68    0    5    1    1    1     620
    2    1  164  344   99    0    7    1    1    1    1156
    2    1  165  345  152    0   10    1    3    0     749
    2    1  166  346  435    0   28    3    3    1     772
    2    1  167  347  149    0   10    1    3    0     897
    2    1  168  348   61    0    4    1    1    1     977
    2    1  169  349  443    1   28    3    3    1    1045
    2    1  170  350  372    0   24    3    1    0    1238
    2    1  171  351  467    0   30    3    2    0     706
    2    1  172  352  399    0   25    3    2    0     524
    2    1  173  353  358    0   23    3    3    1    1147
    2    1  174  354  226    0   15    2    3    0    1581
    2    1  175  355  436    0   28    3    3    1     668
    2    1  176  356  459    0   29    3    2    0     753
    2    1  177  357  197    0   13    2    1    0     817
    2    1  178  358  198    0   13    2    1    0     773
    2    1  179  359  439    0   28    3    3    1     716
    2    1  180  360  438    0   28    3    3    1     658
    2    1  181  361   42    0    3    1    1    1     765
    2    1  182  362  381    1   24    3    1    0    2186
    2    1  183  363  154    0   10    1    1    1    1234
    2    1  184  364  100    0    7    1    3    0    1198
    2    1  185  365  273    0   18    2    2    1     777
    2    1  186  366  456    1   29    3    3    1     756
    2    1  187  367  168    0   11    2    2    1    1376
    2    1  188  368  256    0   16    2    2    1    1431
    2    1  189  369    9    0    1    1    1    1     931
    2    1  190  370   59    0    4    1    2    0     962
    2    1  191  371  143    0    9    1    3    0     682
    2    1  192  372  449    0   29    3    3    1    1103
    2    1  193  373  131    0    9    1    3    0     979
    2    1  194  374  337    1   22    3    3    1     802
    2    1  195  375   18    0    2    1    2    0     674
    2    1  196  376  313    0   20    2    2    1    2272
    2    1  197  377   54    0    4    1    2    0     981
    2    1  198  378  432    0   27    3    3    1     703
    2    1  199  379  126    0    8    1    1    1    1195
    2    1  200  380   15    0    1    1    3    0    1000
    2    1  201  381  220    0   14    2    2    1     966
    2    1  202  382  272    1   17    2    2    1     533
    2    1  203  383  177    0   12    2    1    0     866
    2    1  204  384    5    0    1    1    1    1     811
    2    1  205  385  391    0   25    3    2    0     925
    2    1  206  386  253    0   16    2    1    0     693
    2    1  207  387  413    1   26    3    3    1     820
    2    1  208  388  156    0   10    1    1    1     814
    2    1  209  389  210    0   14    2    2    1    1597
    2    1  210  390  368    0   23    3    3    1     971
    2    1  211  391  417    0   27    3    3    1     607
    2    1  212  392  317    0   20    2    2    1     616
    2    1  213  393  209    0   14    2    2    1    1091
    2    1  214  394  466    0   30    3    2    0     645
    2    1  215  395   43    0    3    1    1    1     636
    2    1  216  396  228    0   15    2    3    0     660
    2    1  217  397   47    0    3    1    1    1    1343
    2    1  218  398  279    1   18    2    2    1     992
    2    1  219  399  403    0   26    3    3    1    1173
    2    1  220  400   50    0    4    1    2    0     997
    2    1  221  401  402    0   26    3    3    1    1526
    2    1  222  402  159    0   10    1    1    1    1074
    2    1  223  403  287    0   18    2    2    1    2492
    2    1  224  404  314    0   20    2    2    1     578
    2    1  225  405  364    0   23    3    3    1     917
    2    1  226  406  293    1   19    2    3    0    3372
    2    1  227  407  191    0   12    2    3    0    1631
    2    1  228  408  181    0   12    2    1    0     962
    2    1  229  409  146    1   10    1    1    1     931
    2    1  230  410   73    1    5    1    3    0     871
    2    1  231  411  397    1   25    3    2    0     943
    2    1  232  412  433    0   28    3    3    1     834
    2    1  233  413   98    0    7    1    1    1     902
    2    1  234  414  109    0    7    1    1    1    1046
    2    1  235  415  424    0   27    3    3    1     667
    2    1  236  416  370    0   24    3    1    0    1009
    2    1  237  417  323    0   21    3    2    0    1388
    2    1  238  418   95    0    6    1    1    1    2437
    2    1  239  419  429    0   27    3    3    1    1142
    2    1  240  420   29    0    2    1    2    0     792
    2    1  241  421  275    0   18    2    1    0     795
    2    1  242  422  202    0   13    2    1    0     919
    2    1  243  423  295    0   19    2    1    0     862
    2    1  244  424  230    0   15    2    3    0    1022
    2    1  245  425  216    0   14    2    2    1    1352
    2    1  246  426  147    0   10    1    2    0     945
    2    1  247  427  128    0    8    1    1    1     892
    2    1  248  428   49    0    4    1    1    1    1968
    2    1  249  429  366    0   23    3    3    1     958
    2    1  250  430  257    0   17    2    1    0     780
    2    1  251  431  207    0   13    2    2    1     739
    2    1  252  432  461    0   29    3    3    1     702
    2    1  253  433   97    0    7    1    3    0    1236
    2    1  254  434   77    0    5    1    1    1    1170
    2    1  255  435  127    0    8    1    1    1     679
    2    1  256  436  178    0   12    2    1    0    1555
    2    1  257  437  190    1   12    2    1    0     859
    2    1  258  438  264    0   17    2    2    1    1444
    2    1  259  439  167    0   11    2    1    0     955
    2    1  260  440  176    0   11    2    1    0    1164
    2    1  261  441  110    0    7    1    3    0     878
    2    1  262  442  151    0   10    1    2    0     843
    2    1  263  443   39    0    3    1    1    1     872
    2    1  264  444   96    1    6    1    1    1    1692
    2    1  265  445  416    0   26    3    3    1     792
    2    1  266  446  124    0    8    1    1    1     681
    2    1  267  447  125    1    8    1    1    1     662
    2    1  268  448  120    0    8    1    1    1     870
    2    1  269  449  234    0   15    2    3    0     739
    2    1  270  450  306    1   20    2    2    1     939
    2    1  271  451  193    0   13    2    1    0     762
    2    1  272  452  453    0   29    3    3    1     609
    2    1  273  453  428    0   27    3    3    1    2173
    2    1  274  454  135    1    9    1    2    0     779
    2    1  275  455    4    0    1    1    1    1     953
    2    1  276  456   69    0    5    1    1    1     705
    2    1  277  457  304    0   19    2    2    1     968
    2    1  278  458  363    0   23    3    2    0    1056
    2    1  279  459  389    0   25    3    3    1     632
    2    1  280  460  141    0    9    1    3    0     783
    2    1  281  461  361    0   23    3    3    1     626
    2    1  282  462   41    0    3    1    1    1     653
    2    1  283  463  102    0    7    1    3    0     822
    2    1  284  464  349    0   22    3    1    0     777
    2    1  285  465  172    0   11    2    1    0    1306
    2    1  286  466   52    0    4    1    1    1     822
    2    1  287  467   88    0    6    1    3    0     756
    2    1  288  468  203    1   13    2    2    1     368
    2    1  289  469  248    0   16    2    2    1     683
    2    1  290  470   79    0    5    1    1    1     716
    2    1  291  471  460    0   29    3    3    1     612
    2    1  292  472  239    0   15    2    2    1    1925
    2    1  293  473   11    0    1    1    1    1    1576
    2    1  294  474  138    0    9    1    1    1    1286
    2    1  295  475  235    0   15    2    3    0     710
    2    1  296  476  393    0   25    3    2    0    2050
    2    1  297  477   22    0    2    1    2    0     499
    2    1  298  478  105    0    7    1    3    0     957
    2    1  299  479  254    0   16    2    2    1    1213
    2    1  300  480   12    0    1    1    3    0    1515
