    1    1    1    1  405    1   26    3    3    1    5976
    1    1    2    2   96    1    6    1    1    1    4820
    1    1    3    3  278    1   18    2    2    1    4902
    1    1    4    4  195    1   13    2    2    1    3977
    1    1    5    5  203    1   13    2    2    1    1499
    1    1    6    6    7    1    1    1    3    0    3263
    1    1    7    7  446    1   28    3    1    0    3143
    1    1    8    8  471    1   30    3    2    0    3720
    1    1    9    9  238    1   15    2    1    0    4694
    1    1   10   10  381    1   24    3    1    0    1981
    1    1   11   11  215    1   14    2    1    0    3154
    1    1   12   12  359    1   23    3    3    1    3682
    1    1   13   13  170    1   11    2    3    0    1911
    1    1   14   14  465    1   30    3    3    1    2631
    1    1   15   15  163    1   11    2    2    1    3655
    1    1   16   16  308    1   20    2    3    0    2643
    1    1   17   17  395    1   25    3    3    1    2142
    1    1   18   18  337    1   22    3    1    0    3421
    1    1   19   19  267    1   17    2    3    0    2026
    1    1   20   20  455    1   29    3    1    0    7636
    1    1   21   21  297    1   19    2    1    0    3557
    1    1   22   22   31    1    2    1    3    0    2837
    1    1   23   23  115    1    8    1    3    0    2876
    1    1   24   24   40    1    3    1    1    1    2077
    1    1   25   25  190    1   12    2    3    0    3441
    1    1   26   26  456    1   29    3    3    1    1667
    1    1   27   27  420    1   27    3    2    0    2932
    1    1   28   28  327    1   21    3    2    0    2898
    1    1   29   29  111    1    7    1    1    1    2789
    1    1   30   30  224    1   14    2    3    0    1769
    1    1   31   31   16    1    1    1    1    1    6322
    1    1   32   32  146    1   10    1    3    0    5913
    1    1   33   33  135    1    9    1    2    0    2163
    1    1   34   34  241    1   16    2    3    0    2500
    1    1   35   35  397    1   25    3    3    1    1450
    1    1   36   36  250    1   16    2    2    1    2450
    1    1   37   37   62    1    4    1    3    0    2050
    1    1   38   38   85    1    6    1    2    0    1965
    1    1   39   39  355    1   23    3    3    1    1732
    1    1   40   40  272    1   17    2    3    0    1540
    1    1   41   41  413    1   26    3    3    1   16576
    1    1   42   42   17    1    2    1    2    0    3047
    1    1   43   43  106    1    7    1    2    0    2053
    1    1   44   44  148    1   10    1    3    0    2285
    1    1   45   45  330    1   21    3    2    0    2545
    1    1   46   46  125    1    8    1    2    0    2981
    1    1   47   47  423    1   27    3    3    1    2470
    1    1   48   48  306    1   20    2    2    1    3263
    1    1   49   49  339    1   22    3    1    0    1513
    1    1   50   50  279    1   18    2    1    0    2303
    1    1   51   51  443    1   28    3    1    0    2222
    1    1   52   52   72    1    5    1    3    0    1459
    1    1   53   53  293    1   19    2    3    0    1647
    1    1   54   54  136    1    9    1    3    0    1700
    1    1   55   55   73    1    5    1    1    1    4021
    1    1   56   56   55    1    4    1    1    1     839
    1    1   57   57  376    1   24    3    1    0    1342
    1    1   58   58  229    1   15    2    1    0    1547
    1    1   59   59  186    1   12    2    2    1    6784
    1    1   60   60   34    1    3    1    2    0    3211
    1    2    1   61  238    1   15    2    3    0    1627
    1    2    2   62  376    1   24    3    2    0    1886
    1    2    3   63  125    1    8    1    1    1    2951
    1    2    4   64   85    1    6    1    1    1     929
    1    2    5   65  337    1   22    3    3    1    1855
    1    2    6   66  297    1   19    2    3    0    1401
    1    2    7   67  420    1   27    3    3    1    1700
    1    2    8   68   17    1    2    1    2    0    2154
    1    2    9   69   96    1    6    1    2    0    1049
    1    2   10   70  279    1   18    2    2    1    1878
    1    2   11   71  471    1   30    3    3    1    2040
    1    2   12   72   40    1    3    1    1    1    2985
    1    2   13   73  148    1   10    1    3    0    2282
    1    2   14   74  293    1   19    2    2    1    1933
    1    2   15   75  215    1   14    2    3    0    2146
    1    2   16   76  203    1   13    2    3    0    1603
    1    2   17   77  381    1   24    3    1    0    1572
    1    2   18   78  446    1   28    3    2    0    2642
    1    2   19   79   31    1    2    1    2    0    1536
    1    2   20   80  456    1   29    3    3    1    1606
    1    2   21   81   73    1    5    1    1    1    1510
    1    2   22   82  229    1   15    2    3    0    1518
    1    2   23   83  397    1   25    3    3    1    1140
    1    2   24   84  413    1   26    3    2    0    1376
    1    2   25   85  136    1    9    1    1    1    2057
    1    2   26   86  306    1   20    2    2    1    1824
    1    2   27   87  465    1   30    3    3    1    3094
    1    2   28   88  443    1   28    3    3    1     814
    1    2   29   89  327    1   21    3    2    0    1152
    1    2   30   90  423    1   27    3    3    1    1210
    1    2   31   91  111    1    7    1    1    1    1516
    1    2   32   92  267    1   17    2    2    1    1528
    1    2   33   93  135    1    9    1    1    1    2859
    1    2   34   94  272    1   17    2    2    1    1531
    1    2   35   95  278    1   18    2    3    0    1249
    1    2   36   96  339    1   22    3    3    1    2419
    1    2   37   97  186    1   12    2    2    1    1338
    1    2   38   98  115    1    8    1    3    0    1198
    1    2   39   99  330    1   21    3    2    0     904
    1    2   40  100  190    1   12    2    3    0    1087
    1    2   41  101  224    1   14    2    3    0    1027
    1    2   42  102  146    1   10    1    3    0    2127
    1    2   43  103  359    1   23    3    3    1    2000
    1    2   44  104  395    1   25    3    2    0    3251
    1    2   45  105  106    1    7    1    1    1    2579
    1    2   46  106  250    1   16    2    2    1    1788
    1    2   47  107  405    1   26    3    3    1    1723
    1    2   48  108  308    1   20    2    2    1    2999
    1    2   49  109   72    1    5    1    1    1    1719
    1    2   50  110    7    1    1    1    1    1     935
    1    2   51  111   55    1    4    1    1    1     791
    1    2   52  112  163    1   11    2    2    1    1940
    1    2   53  113   62    1    4    1    3    0    1106
    1    2   54  114  195    1   13    2    3    0    1307
    1    2   55  115   16    1    1    1    1    1    1260
    1    2   56  116  170    1   11    2    3    0    1613
    1    2   57  117   34    1    3    1    1    1    1212
    1    2   58  118  241    1   16    2    2    1    3204
    1    2   59  119  355    1   23    3    3    1    1257
    1    2   60  120  455    1   29    3    3    1     977
    1    3    1  121  250    1   16    2    2    1    1132
    1    3    2  122  111    1    7    1    1    1    1769
    1    3    3  123    7    1    1    1    1    1     876
    1    3    4  124  186    1   12    2    2    1    1364
    1    3    5  125  135    1    9    1    3    0    3446
    1    3    6  126   62    1    4    1    2    0    1780
    1    3    7  127   31    1    2    1    2    0    3177
    1    3    8  128  215    1   14    2    2    1    2287
    1    3    9  129   16    1    1    1    1    1    1981
    1    3   10  130  195    1   13    2    2    1    2831
    1    3   11  131  163    1   11    2    2    1    1221
    1    3   12  132  443    1   28    3    3    1    1796
    1    3   13  133  446    1   28    3    3    1     837
    1    3   14  134  241    1   16    2    2    1    2071
    1    3   15  135  267    1   17    2    2    1    2071
    1    3   16  136  330    1   21    3    3    1    1886
    1    3   17  137  293    1   19    2    2    1     943
    1    3   18  138   85    1    6    1    1    1    1500
    1    3   19  139   17    1    2    1    2    0    2199
    1    3   20  140  106    1    7    1    2    0     888
    1    3   21  141  148    1   10    1    3    0    1503
    1    3   22  142  229    1   15    2    1    0    1757
    1    3   23  143  395    1   25    3    1    0    2780
    1    3   24  144  125    1    8    1    1    1    1610
    1    3   25  145  272    1   17    2    2    1    2605
    1    3   26  146  465    1   30    3    3    1    7407
    1    3   27  147  170    1   11    2    2    1    1630
    1    3   28  148  278    1   18    2    2    1    1413
    1    3   29  149  471    1   30    3    3    1    1123
    1    3   30  150  279    1   18    2    2    1    1717
    1    3   31  151  405    1   26    3    3    1    1093
    1    3   32  152  420    1   27    3    1    0    2771
    1    3   33  153   96    1    6    1    2    0    1363
    1    3   34  154   55    1    4    1    1    1    1289
    1    3   35  155  203    1   13    2    2    1    3091
    1    3   36  156  423    1   27    3    3    1    1797
    1    3   37  157   72    1    5    1    1    1    1651
    1    3   38  158  413    1   26    3    3    1    2033
    1    3   39  159  456    1   29    3    3    1    1826
    1    3   40  160  359    1   23    3    2    0    1330
    1    3   41  161  381    1   24    3    1    0    1183
    1    3   42  162  224    1   14    2    2    1    1504
    1    3   43  163  308    1   20    2    3    0    1136
    1    3   44  164  355    1   23    3    3    1    1210
    1    3   45  165   40    1    3    1    1    1    1788
    1    3   46  166  238    1   15    2    3    0     994
    1    3   47  167  297    1   19    2    3    0    1757
    1    3   48  168  136    1    9    1    1    1    2244
    1    3   49  169   34    1    3    1    1    1     870
    1    3   50  170  397    1   25    3    3    1    1474
    1    3   51  171  376    1   24    3    1    0    1614
    1    3   52  172  455    1   29    3    3    1     741
    1    3   53  173  115    1    8    1    3    0    1520
    1    3   54  174   73    1    5    1    2    0    3358
    1    3   55  175  190    1   12    2    2    1    1676
    1    3   56  176  146    1   10    1    1    1    1901
    1    3   57  177  337    1   22    3    3    1    1389
    1    3   58  178  339    1   22    3    3    1    2190
    1    3   59  179  327    1   21    3    2    0    1194
    1    3   60  180  306    1   20    2    2    1    2464
    2    1    1  181   93    0    6    1    2    0    2796
    2    1    2  182  462    0   29    3    3    1    1501
    2    1    3  183  384    0   24    3    3    1     902
    2    1    4  184  473    0   30    3    2    0    3544
    2    1    5  185  247    0   16    2    2    1    1454
    2    1    6  186   29    0    2    1    3    0    1932
    2    1    7  187  424    0   27    3    3    1    2641
    2    1    8  188  370    0   24    3    1    0    1282
    2    1    9  189  365    0   23    3    3    1    3475
    2    1   10  190  139    0    9    1    1    1    4313
    2    1   11  191  290    0   19    2    2    1    2891
    2    1   12  192  171    0   11    2    1    0    3984
    2    1   13  193  274    0   18    2    3    0    1169
    2    1   14  194  423    1   27    3    3    1    4011
    2    1   15  195  429    0   27    3    3    1    2247
    2    1   16  196  319    0   20    2    2    1    1309
    2    1   17  197   18    0    2    1    2    0    1172
    2    1   18  198  219    0   14    2    2    1    1836
    2    1   19  199  359    1   23    3    3    1    1149
    2    1   20  200   82    0    6    1    2    0    2186
    2    1   21  201  479    0   30    3    3    1    1103
    2    1   22  202  196    0   13    2    1    0    2056
    2    1   23  203  353    0   23    3    3    1    1463
    2    1   24  204  141    0    9    1    1    1    1875
    2    1   25  205  405    1   26    3    3    1    1074
    2    1   26  206   61    0    4    1    2    0    2204
    2    1   27  207  400    0   25    3    3    1     792
    2    1   28  208  201    0   13    2    2    1    2214
    2    1   29  209  122    0    8    1    1    1    1372
    2    1   30  210  165    0   11    2    3    0    2110
    2    1   31  211   15    0    1    1    1    1    3066
    2    1   32  212    8    0    1    1    3    0     716
    2    1   33  213  181    0   12    2    2    1    1417
    2    1   34  214  248    0   16    2    3    0    1091
    2    1   35  215  182    0   12    2    2    1    1486
    2    1   36  216  372    0   24    3    1    0    1423
    2    1   37  217  282    0   18    2    2    1    3477
    2    1   38  218   31    1    2    1    3    0     953
    2    1   39  219  230    0   15    2    1    0    1340
    2    1   40  220  394    0   25    3    3    1    1094
    2    1   41  221  107    0    7    1    1    1    2299
    2    1   42  222  244    0   16    2    3    0    1731
    2    1   43  223  292    0   19    2    3    0    1345
    2    1   44  224  339    1   22    3    3    1    1893
    2    1   45  225  439    0   28    3    3    1    1774
    2    1   46  226  376    1   24    3    1    0    1286
    2    1   47  227  396    0   25    3    3    1    1282
    2    1   48  228    5    0    1    1    1    1     886
    2    1   49  229  425    0   27    3    2    0    1647
    2    1   50  230  438    0   28    3    3    1    3660
    2    1   51  231  430    0   27    3    3    1    1168
    2    1   52  232  367    0   23    3    2    0    1325
    2    1   53  233  358    0   23    3    3    1    1066
    2    1   54  234   30    0    2    1    3    0    1988
    2    1   55  235  119    0    8    1    1    1    1882
    2    1   56  236  136    1    9    1    1    1    1400
    2    1   57  237  364    0   23    3    2    0    2262
    2    1   58  238  253    0   16    2    2    1    1521
    2    1   59  239  270    0   17    2    2    1    1124
    2    1   60  240  440    0   28    3    3    1     715
    2    1   61  241  233    0   15    2    3    0    1167
    2    1   62  242  156    0   10    1    1    1    1499
    2    1   63  243  379    0   24    3    1    0     552
    2    1   64  244   67    0    5    1    1    1     625
    2    1   65  245  480    0   30    3    3    1    1045
    2    1   66  246  436    0   28    3    3    1    1110
    2    1   67  247  135    1    9    1    2    0    1278
    2    1   68  248  463    0   29    3    3    1     636
    2    1   69  249  387    0   25    3    3    1    1775
    2    1   70  250  164    0   11    2    2    1     978
    2    1   71  251   88    0    6    1    2    0    1192
    2    1   72  252   41    0    3    1    1    1    1221
    2    1   73  253   25    0    2    1    3    0    1062
    2    1   74  254   16    1    1    1    1    1    1093
    2    1   75  255    7    1    1    1    1    1     598
    2    1   76  256  453    0   29    3    3    1    1003
    2    1   77  257  166    0   11    2    3    0    2091
    2    1   78  258   80    0    5    1    1    1    1487
    2    1   79  259   11    0    1    1    3    0    1184
    2    1   80  260   55    1    4    1    1    1    1329
    2    1   81  261  331    0   21    3    2    0    1198
    2    1   82  262  210    0   14    2    3    0     706
    2    1   83  263   40    1    3    1    1    1    1346
    2    1   84  264  317    0   20    2    2    1    1297
    2    1   85  265  336    0   21    3    2    0     725
    2    1   86  266  428    0   27    3    3    1    1998
    2    1   87  267   13    0    1    1    2    0     711
    2    1   88  268  184    0   12    2    2    1     708
    2    1   89  269  142    0    9    1    3    0     690
    2    1   90  270  303    0   19    2    2    1    1147
    2    1   91  271  283    0   18    2    3    0     993
    2    1   92  272   28    0    2    1    1    1    1355
    2    1   93  273  110    0    7    1    3    0    1107
    2    1   94  274  250    1   16    2    2    1    1493
    2    1   95  275  146    1   10    1    1    1    1227
    2    1   96  276  297    1   19    2    3    0     908
    2    1   97  277  366    0   23    3    3    1    1333
    2    1   98  278  252    0   16    2    2    1     592
    2    1   99  279  442    0   28    3    3    1     652
    2    1  100  280  280    0   18    2    3    0     691
    2    1  101  281  443    1   28    3    3    1     570
    2    1  102  282  363    0   23    3    2    0    1350
    2    1  103  283  169    0   11    2    1    0    1680
    2    1  104  284  268    0   17    2    3    0    1238
    2    1  105  285  177    0   12    2    2    1    2316
    2    1  106  286  112    0    7    1    1    1    1577
    2    1  107  287  293    1   19    2    3    0     917
    2    1  108  288   98    0    7    1    1    1    1543
    2    1  109  289  191    0   12    2    2    1     734
    2    1  110  290  218    0   14    2    3    0     534
    2    1  111  291  296    0   19    2    2    1    2032
    2    1  112  292  346    0   22    3    1    0    1220
    2    1  113  293  194    0   13    2    3    0    1386
    2    1  114  294  391    0   25    3    3    1     578
    2    1  115  295  214    0   14    2    3    0    1297
    2    1  116  296  200    0   13    2    2    1     803
    2    1  117  297   32    0    2    1    3    0    1987
    2    1  118  298  311    0   20    2    3    0    1749
    2    1  119  299  382    0   24    3    1    0    1628
    2    1  120  300  232    0   15    2    3    0    1090
    2    1  121  301  170    1   11    2    2    1     610
    2    1  122  302  203    1   13    2    2    1    2326
    2    1  123  303   44    0    3    1    1    1    1132
    2    1  124  304  187    0   12    2    2    1    1248
    2    1  125  305  467    0   30    3    3    1     616
    2    1  126  306  227    0   15    2    3    0     684
    2    1  127  307  302    0   19    2    2    1    1112
    2    1  128  308  147    0   10    1    2    0    1080
    2    1  129  309  245    0   16    2    3    0     705
    2    1  130  310  185    0   12    2    2    1     700
    2    1  131  311  221    0   14    2    2    1    1858
    2    1  132  312   46    0    3    1    1    1    1245
    2    1  133  313  454    0   29    3    3    1     920
    2    1  134  314  335    0   21    3    2    0    1235
    2    1  135  315  162    0   11    2    2    1     575
    2    1  136  316  455    1   29    3    3    1     887
    2    1  137  317   48    0    3    1    1    1    1639
    2    1  138  318  475    0   30    3    3    1    1452
    2    1  139  319  447    0   28    3    3    1    1112
    2    1  140  320   14    0    1    1    1    1    1609
    2    1  141  321  332    0   21    3    2    0    1027
    2    1  142  322  478    0   30    3    3    1     641
    2    1  143  323   99    0    7    1    1    1    1384
    2    1  144  324  371    0   24    3    1    0     735
    2    1  145  325  273    0   18    2    3    0    1633
    2    1  146  326  267    1   17    2    3    0    1383
    2    1  147  327  449    0   29    3    3    1     739
    2    1  148  328  150    0   10    1    2    0     606
    2    1  149  329    3    0    1    1    3    0     694
    2    1  150  330  264    0   17    2    2    1     695
    2    1  151  331   39    0    3    1    1    1    1106
    2    1  152  332  477    0   30    3    3    1     700
    2    1  153  333  108    0    7    1    1    1    1189
    2    1  154  334  271    0   17    2    2    1    1712
    2    1  155  335  121    0    8    1    1    1    1447
    2    1  156  336   60    0    4    1    3    0     524
    2    1  157  337  411    0   26    3    3    1     609
    2    1  158  338   49    0    4    1    2    0    1864
    2    1  159  339  327    1   21    3    2    0    1090
    2    1  160  340   69    0    5    1    3    0     682
    2    1  161  341  144    0    9    1    3    0     627
    2    1  162  342   58    0    4    1    2    0     686
    2    1  163  343  281    0   18    2    3    0     615
    2    1  164  344  118    0    8    1    1    1    1094
    2    1  165  345  312    0   20    2    3    0     846
    2    1  166  346  338    0   22    3    1    0    1259
    2    1  167  347   36    0    3    1    3    0     699
    2    1  168  348  101    0    7    1    1    1    1112
    2    1  169  349  452    0   29    3    3    1    1007
    2    1  170  350  242    0   16    2    2    1     936
    2    1  171  351  127    0    8    1    1    1    1653
    2    1  172  352  441    0   28    3    3    1    1727
    2    1  173  353  149    0   10    1    3    0     705
    2    1  174  354  234    0   15    2    3    0     872
    2    1  175  355  378    0   24    3    1    0    1147
    2    1  176  356   12    0    1    1    3    0     677
    2    1  177  357  261    0   17    2    2    1     661
    2    1  178  358  161    0   11    2    1    0    1581
    2    1  179  359   52    0    4    1    1    1    1345
    2    1  180  360  337    1   22    3    3    1    1344
    2    1  181  361  432    0   27    3    3    1     881
    2    1  182  362  145    0   10    1    1    1    1438
    2    1  183  363  446    1   28    3    3    1     926
    2    1  184  364  307    0   20    2    3    0     616
    2    1  185  365  123    0    8    1    1    1    1319
    2    1  186  366  105    0    7    1    1    1    1450
    2    1  187  367  333    0   21    3    2    0    1121
    2    1  188  368  324    0   21    3    3    1    1065
    2    1  189  369   76    0    5    1    1    1    1292
    2    1  190  370  460    0   29    3    3    1    1016
    2    1  191  371  415    0   26    3    3    1     587
    2    1  192  372  235    0   15    2    3    0    1179
    2    1  193  373  192    0   12    2    2    1    1537
    2    1  194  374  236    0   15    2    3    0     977
    2    1  195  375  153    0   10    1    3    0     872
    2    1  196  376  306    1   20    2    2    1     844
    2    1  197  377  120    0    8    1    1    1    1144
    2    1  198  378  287    0   18    2    3    0     646
    2    1  199  379   68    0    5    1    1    1    1156
    2    1  200  380   38    0    3    1    1    1     893
    2    1  201  381  309    0   20    2    3    0     613
    2    1  202  382  380    0   24    3    2    0    1691
    2    1  203  383  174    0   11    2    1    0    1113
    2    1  204  384  140    0    9    1    3    0    1894
    2    1  205  385  129    0    9    1    1    1    1022
    2    1  206  386   62    1    4    1    3    0    1085
    2    1  207  387  352    0   22    3    3    1    1157
    2    1  208  388  103    0    7    1    1    1    1094
    2    1  209  389  305    0   20    2    3    0     654
    2    1  210  390  207    0   13    2    3    0    1150
    2    1  211  391   20    0    2    1    2    0     605
    2    1  212  392  237    0   15    2    3    0     676
    2    1  213  393  288    0   18    2    3    0     691
    2    1  214  394    1    0    1    1    2    0     690
    2    1  215  395  444    0   28    3    3    1     666
    2    1  216  396  373    0   24    3    1    0    1777
    2    1  217  397  132    0    9    1    3    0    1067
    2    1  218  398  116    0    8    1    1    1    1733
    2    1  219  399  172    0   11    2    3    0    1818
    2    1  220  400  403    0   26    3    3    1     617
    2    1  221  401   59    0    4    1    2    0     548
    2    1  222  402  115    1    8    1    1    1    1497
    2    1  223  403  329    0   21    3    2    0     593
    2    1  224  404  445    0   28    3    3    1    1128
    2    1  225  405  323    0   21    3    2    0    1323
    2    1  226  406  229    1   15    2    3    0     912
    2    1  227  407  163    1   11    2    2    1    2041
    2    1  228  408  291    0   19    2    2    1    2115
    2    1  229  409  361    0   23    3    3    1     849
    2    1  230  410  390    0   25    3    3    1    2068
    2    1  231  411  360    0   23    3    3    1     935
    2    1  232  412  151    0   10    1    2    0    1374
    2    1  233  413  113    0    8    1    2    0     735
    2    1  234  414  416    0   26    3    3    1     863
    2    1  235  415   19    0    2    1    2    0    1296
    2    1  236  416  117    0    8    1    2    0    1451
    2    1  237  417  315    0   20    2    2    1    1246
    2    1  238  418   33    0    3    1    1    1    1703
    2    1  239  419  393    0   25    3    3    1     549
    2    1  240  420  356    0   23    3    3    1    1924
    2    1  241  421   87    0    6    1    2    0    1298
    2    1  242  422   42    0    3    1    1    1    1104
    2    1  243  423  180    0   12    2    2    1     611
    2    1  244  424  300    0   19    2    2    1    2084
    2    1  245  425  258    0   17    2    3    0     706
    2    1  246  426  254    0   16    2    3    0     594
    2    1  247  427  426    0   27    3    3    1     587
    2    1  248  428  389    0   25    3    2    0     881
    2    1  249  429    6    0    1    1    1    1    1380
    2    1  250  430  124    0    8    1    1    1    1249
    2    1  251  431  265    0   17    2    3    0     739
    2    1  252  432  369    0   24    3    1    0    2095
    2    1  253  433  374    0   24    3    2    0    1454
    2    1  254  434  313    0   20    2    2    1    1170
    2    1  255  435   95    0    6    1    2    0     794
    2    1  256  436  301    0   19    2    3    0     870
    2    1  257  437  375    0   24    3    1    0    1592
    2    1  258  438  175    0   11    2    3    0     963
    2    1  259  439  198    0   13    2    3    0    1005
    2    1  260  440   79    0    5    1    1    1     978
    2    1  261  441  474    0   30    3    2    0    1407
    2    1  262  442  263    0   17    2    3    0    1055
    2    1  263  443  102    0    7    1    1    1    1697
    2    1  264  444  342    0   22    3    1    0    1328
    2    1  265  445  459    0   29    3    3    1     585
    2    1  266  446  398    0   25    3    3    1     537
    2    1  267  447  289    0   19    2    2    1     915
    2    1  268  448  304    0   19    2    2    1     897
    2    1  269  449  114    0    8    1    1    1    1119
    2    1  270  450  186    1   12    2    2    1     634
    2    1  271  451  322    0   21    3    2    0    1061
    2    1  272  452  204    0   13    2    3    0     792
    2    1  273  453  226    0   15    2    3    0     654
    2    1  274  454  286    0   18    2    3    0     935
    2    1  275  455   97    0    7    1    1    1    1732
    2    1  276  456   66    0    5    1    1    1    1005
    2    1  277  457   34    1    3    1    1    1    1132
    2    1  278  458  284    0   18    2    3    0    1466
    2    1  279  459   17    1    2    1    2    0    1144
    2    1  280  460  133    0    9    1    3    0    1243
    2    1  281  461  224    1   14    2    2    1    1118
    2    1  282  462  202    0   13    2    3    0     863
    2    1  283  463  143    0    9    1    1    1    1272
    2    1  284  464  433    0   28    3    3    1     971
    2    1  285  465  134    0    9    1    1    1    1732
    2    1  286  466  189    0   12    2    2    1     709
    2    1  287  467  213    0   14    2    2    1    1057
    2    1  288  468  458    0   29    3    3    1     941
    2    1  289  469  160    0   10    1    2    0    2287
    2    1  290  470  190    1   12    2    2    1     622
    2    1  291  471   70    0    5    1    1    1    1225
    2    1  292  472  257    0   17    2    1    0     982
    2    1  293  473  345    0   22    3    3    1    1621
    2    1  294  474  340    0   22    3    2    0    2729
    2    1  295  475   91    0    6    1    2    0    1003
    2    1  296  476  318    0   20    2    3    0    1452
    2    1  297  477  435    0   28    3    3    1    1220
    2    1  298  478  448    0   28    3    3    1    1783
    2    1  299  479  157    0   10    1    1    1    2475
    2    1  300  480  401    0   26    3    3    1    2125
