    1    1    1    1  241    1   16    2    2    1    5034
    1    1    2    2  306    1   20    2    3    0    4100
    1    1    3    3   34    1    3    1    3    0    1790
    1    1    4    4  125    1    8    1    2    0    2175
    1    1    5    5  279    1   18    2    2    1    2992
    1    1    6    6  376    1   24    3    3    1    1388
    1    1    7    7  337    1   22    3    3    1    3269
    1    1    8    8  413    1   26    3    2    0    1653
    1    1    9    9  146    1   10    1    2    0    4470
    1    1   10   10  397    1   25    3    3    1    6975
    1    1   11   11  355    1   23    3    1    0    2471
    1    1   12   12  359    1   23    3    1    0    1616
    1    1   13   13  106    1    7    1    2    0    2444
    1    1   14   14  339    1   22    3    2    0    2681
    1    1   15   15  446    1   28    3    3    1    1823
    1    1   16   16  405    1   26    3    3    1    2004
    1    1   17   17  278    1   18    2    1    0    1797
    1    1   18   18  163    1   11    2    1    0    2586
    1    1   19   19  229    1   15    2    3    0    3434
    1    1   20   20  215    1   14    2    2    1    3412
    1    1   21   21  148    1   10    1    1    1    1820
    1    1   22   22   17    1    2    1    3    0    2171
    1    1   23   23   31    1    2    1    3    0    1470
    1    1   24   24   85    1    6    1    2    0    2650
    1    1   25   25  190    1   12    2    2    1    3077
    1    1   26   26   55    1    4    1    3    0    1236
    1    1   27   27  238    1   15    2    2    1    3705
    1    1   28   28  186    1   12    2    2    1    2112
    1    1   29   29   62    1    4    1    1    1    1172
    1    1   30   30  111    1    7    1    3    0    1844
    1    1   31   31   96    1    6    1    3    0    1731
    1    1   32   32  203    1   13    2    2    1    1534
    1    1   33   33   73    1    5    1    3    0    2288
    1    1   34   34  224    1   14    2    1    0    1722
    1    1   35   35   16    1    1    1    3    0    1525
    1    1   36   36   40    1    3    1    2    0    2301
    1    1   37   37  297    1   19    2    1    0    1651
    1    1   38   38  420    1   27    3    3    1    2954
    1    1   39   39  381    1   24    3    1    0    1515
    1    1   40   40  170    1   11    2    1    0    1359
    1    1   41   41  395    1   25    3    1    0    1783
    1    1   42   42  293    1   19    2    2    1    1650
    1    1   43   43  115    1    8    1    3    0    1412
    1    1   44   44  267    1   17    2    2    1    2586
    1    1   45   45  471    1   30    3    1    0    2934
    1    1   46   46    7    1    1    1    1    1    1049
    1    1   47   47  272    1   17    2    3    0    2613
    1    1   48   48   72    1    5    1    1    1    1553
    1    1   49   49  465    1   30    3    3    1    2108
    1    1   50   50  308    1   20    2    3    0     994
    1    1   51   51  455    1   29    3    2    0    1176
    1    1   52   52  423    1   27    3    1    0    1061
    1    1   53   53  443    1   28    3    2    0    1820
    1    1   54   54  456    1   29    3    3    1    2094
    1    1   55   55  327    1   21    3    2    0    1549
    1    1   56   56  250    1   16    2    2    1    1939
    1    1   57   57  195    1   13    2    3    0     995
    1    1   58   58  136    1    9    1    1    1    1135
    1    1   59   59  330    1   21    3    2    0    1268
    1    1   60   60  135    1    9    1    1    1    1335
    1    2    1   61   34    1    3    1    1    1    1192
    1    2    2   62  423    1   27    3    3    1    1201
    1    2    3   63   55    1    4    1    3    0    4665
    1    2    4   64  465    1   30    3    3    1     883
    1    2    5   65  355    1   23    3    1    0    6149
    1    2    6   66  272    1   17    2    2    1    1173
    1    2    7   67  420    1   27    3    2    0    3515
    1    2    8   68  471    1   30    3    1    0    1081
    1    2    9   69  339    1   22    3    1    0    2487
    1    2   10   70   17    1    2    1    3    0    1678
    1    2   11   71  327    1   21    3    2    0    1146
    1    2   12   72  115    1    8    1    1    1    1642
    1    2   13   73  359    1   23    3    3    1    1348
    1    2   14   74  381    1   24    3    1    0    1402
    1    2   15   75  135    1    9    1    2    0    1069
    1    2   16   76   62    1    4    1    3    0    2070
    1    2   17   77  297    1   19    2    2    1    1202
    1    2   18   78  190    1   12    2    2    1    1719
    1    2   19   79  163    1   11    2    2    1    2930
    1    2   20   80  238    1   15    2    3    0    1643
    1    2   21   81  136    1    9    1    1    1    1026
    1    2   22   82  278    1   18    2    3    0    1162
    1    2   23   83  376    1   24    3    3    1    1240
    1    2   24   84  337    1   22    3    3    1    2561
    1    2   25   85  455    1   29    3    3    1    2405
    1    2   26   86  148    1   10    1    1    1    1394
    1    2   27   87   16    1    1    1    3    0    2767
    1    2   28   88  215    1   14    2    2    1    1036
    1    2   29   89   73    1    5    1    3    0    2784
    1    2   30   90   85    1    6    1    1    1    2680
    1    2   31   91   96    1    6    1    1    1    2049
    1    2   32   92  279    1   18    2    3    0    1524
    1    2   33   93  306    1   20    2    2    1    1003
    1    2   34   94  413    1   26    3    3    1     995
    1    2   35   95  446    1   28    3    2    0    4814
    1    2   36   96  195    1   13    2    2    1     859
    1    2   37   97  308    1   20    2    2    1    2019
    1    2   38   98  229    1   15    2    2    1    1509
    1    2   39   99    7    1    1    1    1    1     952
    1    2   40  100  397    1   25    3    1    0    1887
    1    2   41  101  203    1   13    2    3    0    1614
    1    2   42  102  293    1   19    2    2    1    1946
    1    2   43  103   31    1    2    1    1    1     929
    1    2   44  104  170    1   11    2    1    0     967
    1    2   45  105  241    1   16    2    2    1     998
    1    2   46  106  395    1   25    3    1    0    6804
    1    2   47  107  456    1   29    3    3    1    1566
    1    2   48  108  267    1   17    2    2    1     741
    1    2   49  109  146    1   10    1    1    1     763
    1    2   50  110  111    1    7    1    2    0     832
    1    2   51  111  330    1   21    3    2    0    1076
    1    2   52  112   72    1    5    1    1    1    1781
    1    2   53  113  443    1   28    3    2    0     916
    1    2   54  114  224    1   14    2    3    0    3435
    1    2   55  115   40    1    3    1    1    1     802
    1    2   56  116  250    1   16    2    2    1    1319
    1    2   57  117  106    1    7    1    1    1    1947
    1    2   58  118  186    1   12    2    2    1    1100
    1    2   59  119  405    1   26    3    1    0    1307
    1    2   60  120  125    1    8    1    1    1    2174
    1    3    1  121  250    1   16    2    2    1     766
    1    3    2  122  330    1   21    3    3    1    2963
    1    3    3  123   40    1    3    1    1    1     710
    1    3    4  124   16    1    1    1    3    0    3263
    1    3    5  125  170    1   11    2    1    0    1027
    1    3    6  126  308    1   20    2    2    1    2679
    1    3    7  127   31    1    2    1    1    1    1131
    1    3    8  128  455    1   29    3    2    0    2658
    1    3    9  129  471    1   30    3    3    1    1394
    1    3   10  130  381    1   24    3    3    1    2132
    1    3   11  131  420    1   27    3    1    0    2666
    1    3   12  132  465    1   30    3    2    0    1514
    1    3   13  133  163    1   11    2    1    0    1738
    1    3   14  134  238    1   15    2    2    1     968
    1    3   15  135  376    1   24    3    3    1    1397
    1    3   16  136  306    1   20    2    2    1    2588
    1    3   17  137  186    1   12    2    2    1    1490
    1    3   18  138    7    1    1    1    3    0    1471
    1    3   19  139  146    1   10    1    1    1    2134
    1    3   20  140   85    1    6    1    1    1    1358
    1    3   21  141   55    1    4    1    1    1    2347
    1    3   22  142  339    1   22    3    1    0    3348
    1    3   23  143  241    1   16    2    2    1     803
    1    3   24  144  337    1   22    3    3    1    1659
    1    3   25  145  136    1    9    1    1    1    1070
    1    3   26  146  327    1   21    3    2    0     856
    1    3   27  147   62    1    4    1    1    1    2948
    1    3   28  148  278    1   18    2    3    0    2764
    1    3   29  149   17    1    2    1    3    0    1745
    1    3   30  150  106    1    7    1    1    1    1451
    1    3   31  151  397    1   25    3    3    1    4309
    1    3   32  152  413    1   26    3    3    1    1244
    1    3   33  153   34    1    3    1    1    1    2832
    1    3   34  154  446    1   28    3    3    1    1845
    1    3   35  155  405    1   26    3    3    1     816
    1    3   36  156  423    1   27    3    2    0    1018
    1    3   37  157  135    1    9    1    1    1    1420
    1    3   38  158   73    1    5    1    3    0    2673
    1    3   39  159  125    1    8    1    1    1    1102
    1    3   40  160  111    1    7    1    1    1    2023
    1    3   41  161  224    1   14    2    3    0    2375
    1    3   42  162  279    1   18    2    3    0    2163
    1    3   43  163  297    1   19    2    1    0    3267
    1    3   44  164  195    1   13    2    2    1    1148
    1    3   45  165  443    1   28    3    2    0    1318
    1    3   46  166  267    1   17    2    2    1    1608
    1    3   47  167  229    1   15    2    3    0    1104
    1    3   48  168  115    1    8    1    3    0    3926
    1    3   49  169  355    1   23    3    2    0    2057
    1    3   50  170  395    1   25    3    1    0    2245
    1    3   51  171  148    1   10    1    3    0    1703
    1    3   52  172  456    1   29    3    3    1    1250
    1    3   53  173  203    1   13    2    2    1     708
    1    3   54  174  215    1   14    2    2    1    1188
    1    3   55  175   72    1    5    1    1    1    2219
    1    3   56  176  359    1   23    3    3    1     705
    1    3   57  177   96    1    6    1    2    0     823
    1    3   58  178  190    1   12    2    2    1    1009
    1    3   59  179  293    1   19    2    2    1    1168
    1    3   60  180  272    1   17    2    2    1    1019
    2    1    1  181   78    0    5    1    1    1    4778
    2    1    2  182  126    0    8    1    1    1    2485
    2    1    3  183  414    0   26    3    3    1    3559
    2    1    4  184  185    0   12    2    2    1    1038
    2    1    5  185  276    0   18    2    2    1    1101
    2    1    6  186  179    0   12    2    2    1    2308
    2    1    7  187  106    1    7    1    1    1     804
    2    1    8  188  191    0   12    2    2    1    1013
    2    1    9  189   85    1    6    1    1    1     954
    2    1   10  190  230    0   15    2    2    1    2042
    2    1   11  191  400    0   25    3    3    1    1464
    2    1   12  192  244    0   16    2    2    1    3029
    2    1   13  193  430    0   27    3    2    0    6729
    2    1   14  194  435    0   28    3    3    1    2751
    2    1   15  195  398    0   25    3    3    1    1574
    2    1   16  196    7    1    1    1    1    1    3300
    2    1   17  197  127    0    8    1    2    0    1636
    2    1   18  198  257    0   17    2    1    0    2916
    2    1   19  199  366    0   23    3    3    1    3480
    2    1   20  200  359    1   23    3    3    1     733
    2    1   21  201  194    0   13    2    3    0    2448
    2    1   22  202  117    0    8    1    1    1    2096
    2    1   23  203  297    1   19    2    1    0    2143
    2    1   24  204  403    0   26    3    3    1    1283
    2    1   25  205  272    1   17    2    2    1    3120
    2    1   26  206  125    1    8    1    1    1    1855
    2    1   27  207  187    0   12    2    1    0    1629
    2    1   28  208  335    0   21    3    1    0    3943
    2    1   29  209  437    0   28    3    3    1    3068
    2    1   30  210   84    0    6    1    2    0    1612
    2    1   31  211  371    0   24    3    3    1    1578
    2    1   32  212  293    1   19    2    2    1    1018
    2    1   33  213  262    0   17    2    2    1    3523
    2    1   34  214  320    0   20    2    3    0     829
    2    1   35  215  321    0   21    3    1    0    1651
    2    1   36  216  222    0   14    2    1    0    2558
    2    1   37  217   82    0    6    1    2    0    1686
    2    1   38  218   21    0    2    1    1    1    2064
    2    1   39  219  443    1   28    3    2    0    2023
    2    1   40  220  201    0   13    2    3    0    1336
    2    1   41  221  474    0   30    3    1    0    4837
    2    1   42  222  391    0   25    3    3    1    1845
    2    1   43  223  241    1   16    2    2    1     948
    2    1   44  224  477    0   30    3    3    1    3173
    2    1   45  225  322    0   21    3    2    0     970
    2    1   46  226   49    0    4    1    1    1    3194
    2    1   47  227  163    1   11    2    2    1    2012
    2    1   48  228  416    0   26    3    3    1    1133
    2    1   49  229   54    0    4    1    1    1    2681
    2    1   50  230  166    0   11    2    3    0    4509
    2    1   51  231   29    0    2    1    1    1    6900
    2    1   52  232  384    0   24    3    3    1    2742
    2    1   53  233  429    0   27    3    3    1    1195
    2    1   54  234  458    0   29    3    1    0    2041
    2    1   55  235  225    0   15    2    2    1    5376
    2    1   56  236  153    0   10    1    3    0    1252
    2    1   57  237  216    0   14    2    1    0    2280
    2    1   58  238  192    0   12    2    2    1     957
    2    1   59  239  420    1   27    3    3    1    3159
    2    1   60  240  226    0   15    2    2    1    1467
    2    1   61  241  334    0   21    3    2    0     808
    2    1   62  242  140    0    9    1    3    0    4317
    2    1   63  243  136    1    9    1    1    1    1054
    2    1   64  244  253    0   16    2    1    0    2231
    2    1   65  245  351    0   22    3    3    1    1835
    2    1   66  246  302    0   19    2    2    1    1005
    2    1   67  247  444    0   28    3    2    0    3130
    2    1   68  248  455    1   29    3    3    1    2471
    2    1   69  249  143    0    9    1    1    1    1139
    2    1   70  250  454    0   29    3    3    1    2202
    2    1   71  251   44    0    3    1    1    1    2903
    2    1   72  252  407    0   26    3    1    0    3028
    2    1   73  253   13    0    1    1    1    1    2216
    2    1   74  254  431    0   27    3    2    0    3852
    2    1   75  255  365    0   23    3    3    1    2087
    2    1   76  256  369    0   24    3    3    1    1343
    2    1   77  257  324    0   21    3    2    0    3613
    2    1   78  258  168    0   11    2    1    0    4387
    2    1   79  259   93    0    6    1    1    1    4241
    2    1   80  260  367    0   23    3    3    1    2692
    2    1   81  261  355    1   23    3    3    1    2575
    2    1   82  262  110    0    7    1    3    0    1463
    2    1   83  263    1    0    1    1    1    1    1643
    2    1   84  264  465    1   30    3    3    1    3203
    2    1   85  265  237    0   15    2    2    1    6046
    2    1   86  266  318    0   20    2    3    0    1083
    2    1   87  267  353    0   23    3    3    1    1291
    2    1   88  268  256    0   16    2    2    1    1035
    2    1   89  269  457    0   29    3    3    1    1044
    2    1   90  270   81    0    6    1    1    1    2556
    2    1   91  271  128    0    8    1    1    1    2357
    2    1   92  272  386    0   25    3    3    1    1084
    2    1   93  273  273    0   18    2    3    0    2022
    2    1   94  274  159    0   10    1    3    0    2368
    2    1   95  275  372    0   24    3    3    1    1304
    2    1   96  276  154    0   10    1    1    1    1963
    2    1   97  277   19    0    2    1    1    1    1368
    2    1   98  278  173    0   11    2    1    0    4939
    2    1   99  279  462    0   29    3    3    1    2186
    2    1  100  280  115    1    8    1    1    1    2524
    2    1  101  281   91    0    6    1    1    1    3084
    2    1  102  282  312    0   20    2    3    0    5415
    2    1  103  283   80    0    5    1    3    0    3722
    2    1  104  284   66    0    5    1    1    1    2283
    2    1  105  285  208    0   13    2    3    0    1139
    2    1  106  286   57    0    4    1    2    0    9679
    2    1  107  287  118    0    8    1    3    0    1582
    2    1  108  288  186    1   12    2    1    0    1718
    2    1  109  289  439    0   28    3    3    1    1161
    2    1  110  290   46    0    3    1    3    0    2829
    2    1  111  291   68    0    5    1    1    1    1080
    2    1  112  292  121    0    8    1    1    1    1064
    2    1  113  293   74    0    5    1    3    0     937
    2    1  114  294   71    0    5    1    1    1    2124
    2    1  115  295  254    0   16    2    2    1    1388
    2    1  116  296  376    1   24    3    3    1    1235
    2    1  117  297    2    0    1    1    1    1    2427
    2    1  118  298  450    0   29    3    3    1     741
    2    1  119  299  379    0   24    3    3    1    1420
    2    1  120  300  327    1   21    3    1    0    2243
    2    1  121  301  397    1   25    3    3    1     924
    2    1  122  302  412    0   26    3    2    0    1991
    2    1  123  303  221    0   14    2    2    1    1598
    2    1  124  304   31    1    2    1    1    1    1020
    2    1  125  305  175    0   11    2    3    0    1351
    2    1  126  306  473    0   30    3    3    1    2372
    2    1  127  307  422    0   27    3    2    0     893
    2    1  128  308  326    0   21    3    1    0    1987
    2    1  129  309  205    0   13    2    3    0     838
    2    1  130  310  316    0   20    2    2    1    3138
    2    1  131  311  146    1   10    1    3    0    2814
    2    1  132  312  287    0   18    2    3    0    1164
    2    1  133  313  198    0   13    2    3    0    1536
    2    1  134  314  447    0   28    3    3    1    2172
    2    1  135  315  229    1   15    2    2    1     834
    2    1  136  316  409    0   26    3    3    1    2530
    2    1  137  317  152    0   10    1    3    0    1033
    2    1  138  318   63    0    4    1    3    0    1308
    2    1  139  319   76    0    5    1    3    0    2488
    2    1  140  320  147    0   10    1    1    1    3894
    2    1  141  321  123    0    8    1    1    1    3118
    2    1  142  322   40    1    3    1    1    1    2454
    2    1  143  323   89    0    6    1    2    0    1686
    2    1  144  324  162    0   11    2    1    0    1429
    2    1  145  325  306    1   20    2    2    1    1671
    2    1  146  326  405    1   26    3    3    1     866
    2    1  147  327  258    0   17    2    3    0    1353
    2    1  148  328  329    0   21    3    1    0    1820
    2    1  149  329  308    1   20    2    2    1    1290
    2    1  150  330  476    0   30    3    3    1    1426
    2    1  151  331  135    1    9    1    1    1     863
    2    1  152  332  415    0   26    3    3    1    1552
    2    1  153  333  417    0   27    3    2    0    3746
    2    1  154  334  332    0   21    3    2    0    1538
    2    1  155  335  142    0    9    1    1    1     898
    2    1  156  336  337    1   22    3    3    1    1339
    2    1  157  337  323    0   21    3    1    0    1328
    2    1  158  338  291    0   19    2    1    0    1898
    2    1  159  339  331    0   21    3    2    0    1827
    2    1  160  340  419    0   27    3    1    0    2705
    2    1  161  341  288    0   18    2    3    0    1634
    2    1  162  342  411    0   26    3    3    1    1444
    2    1  163  343  116    0    8    1    1    1     870
    2    1  164  344  406    0   26    3    3    1     809
    2    1  165  345  177    0   12    2    2    1    1919
    2    1  166  346  130    0    9    1    1    1     722
    2    1  167  347  399    0   25    3    3    1    2297
    2    1  168  348  138    0    9    1    1    1     680
    2    1  169  349  172    0   11    2    3    0    1058
    2    1  170  350   83    0    6    1    2    0     845
    2    1  171  351  164    0   11    2    3    0    2236
    2    1  172  352  310    0   20    2    3    0    1111
    2    1  173  353   98    0    7    1    3    0    1417
    2    1  174  354  413    1   26    3    1    0    2501
    2    1  175  355  346    0   22    3    3    1    2104
    2    1  176  356  449    0   29    3    3    1     835
    2    1  177  357  248    0   16    2    2    1    1022
    2    1  178  358  243    0   16    2    3    0     925
    2    1  179  359  279    1   18    2    1    0    2299
    2    1  180  360  466    0   30    3    2    0    1556
    2    1  181  361   37    0    3    1    1    1    1248
    2    1  182  362  448    0   28    3    3    1     998
    2    1  183  363  301    0   19    2    3    0    2772
    2    1  184  364  456    1   29    3    3    1    1177
    2    1  185  365  396    0   25    3    1    0    1216
    2    1  186  366   72    1    5    1    1    1     842
    2    1  187  367  227    0   15    2    2    1    1148
    2    1  188  368   56    0    4    1    1    1    1266
    2    1  189  369  299    0   19    2    1    0    1632
    2    1  190  370  336    0   21    3    2    0    2910
    2    1  191  371  233    0   15    2    2    1    1696
    2    1  192  372  362    0   23    3    3    1    1612
    2    1  193  373  204    0   13    2    2    1    1383
    2    1  194  374  344    0   22    3    3    1    1369
    2    1  195  375  231    0   15    2    2    1    2256
    2    1  196  376   15    0    1    1    1    1    2635
    2    1  197  377  451    0   29    3    3    1    1997
    2    1  198  378  134    0    9    1    1    1    2136
    2    1  199  379   18    0    2    1    3    0    1619
    2    1  200  380  343    0   22    3    3    1    1732
    2    1  201  381  113    0    8    1    1    1    1710
    2    1  202  382  436    0   28    3    3    1    1664
    2    1  203  383  375    0   24    3    3    1     846
    2    1  204  384   39    0    3    1    3    0    3091
    2    1  205  385  315    0   20    2    2    1    1964
    2    1  206  386  392    0   25    3    1    0    1115
    2    1  207  387  374    0   24    3    3    1    1861
    2    1  208  388  364    0   23    3    2    0    2137
    2    1  209  389  432    0   27    3    2    0    1889
    2    1  210  390   25    0    2    1    1    1    4338
    2    1  211  391  261    0   17    2    3    0    1300
    2    1  212  392  342    0   22    3    3    1    1357
    2    1  213  393   30    0    2    1    1    1    1264
    2    1  214  394   61    0    4    1    3    0    1121
    2    1  215  395  170    1   11    2    3    0    2288
    2    1  216  396  463    0   29    3    1    0    1250
    2    1  217  397  285    0   18    2    3    0    1383
    2    1  218  398  461    0   29    3    2    0    1449
    2    1  219  399  377    0   24    3    3    1     804
    2    1  220  400   59    0    4    1    1    1    2799
    2    1  221  401  242    0   16    2    2    1    1366
    2    1  222  402  445    0   28    3    3    1    1594
    2    1  223  403  341    0   22    3    3    1     749
    2    1  224  404  292    0   19    2    2    1    1907
    2    1  225  405  357    0   23    3    1    0    2009
    2    1  226  406  418    0   27    3    2    0    3345
    2    1  227  407   45    0    3    1    3    0    1160
    2    1  228  408   53    0    4    1    1    1    1879
    2    1  229  409  421    0   27    3    3    1    2039
    2    1  230  410   38    0    3    1    1    1    2209
    2    1  231  411  464    0   29    3    3    1    1626
    2    1  232  412   10    0    1    1    1    1    1813
    2    1  233  413  472    0   30    3    3    1    1735
    2    1  234  414  183    0   12    2    1    0    1115
    2    1  235  415   94    0    6    1    3    0    1049
    2    1  236  416  404    0   26    3    2    0    1627
    2    1  237  417  289    0   19    2    3    0    3180
    2    1  238  418  295    0   19    2    1    0    1668
    2    1  239  419  251    0   16    2    2    1     998
    2    1  240  420  339    1   22    3    1    0    1182
    2    1  241  421  424    0   27    3    3    1    1298
    2    1  242  422  354    0   23    3    3    1    2505
    2    1  243  423  104    0    7    1    1    1    1468
    2    1  244  424  378    0   24    3    3    1    1081
    2    1  245  425   65    0    5    1    3    0     749
    2    1  246  426  107    0    7    1    3    0    1068
    2    1  247  427  178    0   12    2    2    1     959
    2    1  248  428    4    0    1    1    1    1    1676
    2    1  249  429  224    1   14    2    2    1    1406
    2    1  250  430   90    0    6    1    2    0    1052
    2    1  251  431  471    1   30    3    3    1    1724
    2    1  252  432  259    0   17    2    1    0    1076
    2    1  253  433  240    0   15    2    3    0    1550
    2    1  254  434  165    0   11    2    3    0    1889
    2    1  255  435  274    0   18    2    3    0    1110
    2    1  256  436  260    0   17    2    3    0    3065
    2    1  257  437  109    0    7    1    3    0    3034
    2    1  258  438  442    0   28    3    2    0    1998
    2    1  259  439  380    0   24    3    1    0    2709
    2    1  260  440  452    0   29    3    1    0    2790
    2    1  261  441  255    0   16    2    2    1     796
    2    1  262  442  478    0   30    3    3    1    1888
    2    1  263  443  434    0   28    3    2    0    1848
    2    1  264  444  158    0   10    1    3    0     832
    2    1  265  445  441    0   28    3    3    1     914
    2    1  266  446  132    0    9    1    1    1     877
    2    1  267  447  195    1   13    2    3    0    2862
    2    1  268  448  383    0   24    3    3    1    1538
    2    1  269  449  245    0   16    2    2    1    1237
    2    1  270  450  311    0   20    2    1    0    1825
    2    1  271  451  303    0   19    2    3    0    1024
    2    1  272  452  470    0   30    3    3    1    2081
    2    1  273  453   97    0    7    1    3    0    2197
    2    1  274  454  108    0    7    1    2    0    1503
    2    1  275  455  156    0   10    1    1    1    1971
    2    1  276  456   35    0    3    1    1    1    1316
    2    1  277  457   75    0    5    1    1    1    1476
    2    1  278  458   34    1    3    1    1    1    1709
    2    1  279  459  150    0   10    1    2    0    1870
    2    1  280  460   43    0    3    1    1    1    1776
    2    1  281  461  402    0   26    3    3    1    3122
    2    1  282  462  314    0   20    2    3    0    1738
    2    1  283  463  199    0   13    2    2    1    1157
    2    1  284  464   70    0    5    1    1    1     870
    2    1  285  465  189    0   12    2    2    1    1273
    2    1  286  466  264    0   17    2    3    0    2084
    2    1  287  467  105    0    7    1    1    1    1478
    2    1  288  468  330    1   21    3    1    0    2217
    2    1  289  469  282    0   18    2    3    0     884
    2    1  290  470  304    0   19    2    1    0    1889
    2    1  291  471  141    0    9    1    1    1     824
    2    1  292  472   88    0    6    1    2    0    1224
    2    1  293  473  319    0   20    2    3    0    2309
    2    1  294  474  197    0   13    2    3    0    3454
    2    1  295  475  467    0   30    3    3    1     901
    2    1  296  476  460    0   29    3    3    1    1300
    2    1  297  477  219    0   14    2    1    0    2313
    2    1  298  478  294    0   19    2    2    1    2963
    2    1  299  479  223    0   14    2    3    0     957
    2    1  300  480   52    0    4    1    1    1    4291
