    1    1    1    1  111    1    7    1    1    1    4356
    1    1    2    2  195    1   13    2    3    0    3152
    1    1    3    3   62    1    4    1    3    0    2919
    1    1    4    4   55    1    4    1    1    1    3558
    1    1    5    5  397    1   25    3    3    1    4317
    1    1    6    6   72    1    5    1    1    1    2647
    1    1    7    7  238    1   15    2    2    1    3025
    1    1    8    8   73    1    5    1    1    1    4701
    1    1    9    9  330    1   21    3    3    1    2918
    1    1   10   10  471    1   30    3    2    0    1750
    1    1   11   11   31    1    2    1    3    0    2853
    1    1   12   12  337    1   22    3    1    0    2135
    1    1   13   13  272    1   17    2    2    1    4134
    1    1   14   14   34    1    3    1    1    1    1366
    1    1   15   15  306    1   20    2    2    1    2436
    1    1   16   16  186    1   12    2    2    1    2215
    1    1   17   17  148    1   10    1    3    0    1635
    1    1   18   18   85    1    6    1    1    1    1462
    1    1   19   19  420    1   27    3    1    0    4609
    1    1   20   20  405    1   26    3    2    0    8126
    1    1   21   21  241    1   16    2    2    1    2382
    1    1   22   22  456    1   29    3    3    1    3171
    1    1   23   23   40    1    3    1    1    1    1386
    1    1   24   24  278    1   18    2    2    1   13671
    1    1   25   25  215    1   14    2    3    0   18889
    1    1   26   26   96    1    6    1    2    0    1659
    1    1   27   27  190    1   12    2    2    1    2077
    1    1   28   28   17    1    2    1    3    0    1615
    1    1   29   29  125    1    8    1    1    1    2691
    1    1   30   30  465    1   30    3    3    1    1932
    1    1   31   31  327    1   21    3    2    0    6500
    1    1   32   32  297    1   19    2    1    0    1573
    1    1   33   33  115    1    8    1    1    1    1499
    1    1   34   34  359    1   23    3    2    0    2259
    1    1   35   35  224    1   14    2    2    1    2222
    1    1   36   36  229    1   15    2    1    0    1546
    1    1   37   37  395    1   25    3    2    0    2034
    1    1   38   38  381    1   24    3    1    0    1588
    1    1   39   39  163    1   11    2    1    0    1450
    1    1   40   40  455    1   29    3    1    0    1861
    1    1   41   41  355    1   23    3    1    0    2319
    1    1   42   42  170    1   11    2    1    0    4439
    1    1   43   43  267    1   17    2    1    0    2938
    1    1   44   44  293    1   19    2    2    1    1690
    1    1   45   45  423    1   27    3    2    0    2795
    1    1   46   46  339    1   22    3    2    0    2065
    1    1   47   47  279    1   18    2    2    1    1587
    1    1   48   48  146    1   10    1    1    1    1384
    1    1   49   49  376    1   24    3    3    1    2213
    1    1   50   50    7    1    1    1    1    1    1681
    1    1   51   51  413    1   26    3    3    1    1395
    1    1   52   52  136    1    9    1    3    0   28064
    1    1   53   53  203    1   13    2    2    1    1314
    1    1   54   54  443    1   28    3    1    0    2434
    1    1   55   55  250    1   16    2    1    0    3174
    1    1   56   56   16    1    1    1    1    1    1371
    1    1   57   57  308    1   20    2    3    0    1689
    1    1   58   58  446    1   28    3    1    0    1803
    1    1   59   59  106    1    7    1    3    0    2071
    1    1   60   60  135    1    9    1    1    1    2234
    1    2    1   61    7    1    1    1    1    1    7797
    1    2    2   62   62    1    4    1    3    0    4706
    1    2    3   63  355    1   23    3    1    0    3930
    1    2    4   64  330    1   21    3    2    0   23058
    1    2    5   65   55    1    4    1    1    1    1533
    1    2    6   66  455    1   29    3    3    1    2820
    1    2    7   67  195    1   13    2    1    0    8824
    1    2    8   68   17    1    2    1    3    0    1485
    1    2    9   69  337    1   22    3    3    1    2293
    1    2   10   70  278    1   18    2    2    1   18271
    1    2   11   71  190    1   12    2    2    1    2505
    1    2   12   72  203    1   13    2    2    1    1417
    1    2   13   73  241    1   16    2    1    0    1526
    1    2   14   74  125    1    8    1    1    1    1214
    1    2   15   75  471    1   30    3    3    1    2386
    1    2   16   76  146    1   10    1    1    1    3255
    1    2   17   77   96    1    6    1    2    0    1866
    1    2   18   78  224    1   14    2    2    1    2324
    1    2   19   79  339    1   22    3    1    0    2749
    1    2   20   80  297    1   19    2    2    1    1779
    1    2   21   81  115    1    8    1    1    1    1633
    1    2   22   82   72    1    5    1    1    1    2884
    1    2   23   83  446    1   28    3    1    0    1573
    1    2   24   84  229    1   15    2    1    0    3196
    1    2   25   85  397    1   25    3    3    1    1601
    1    2   26   86  136    1    9    1    2    0    2438
    1    2   27   87  420    1   27    3    1    0    3033
    1    2   28   88  405    1   26    3    3    1    3236
    1    2   29   89  163    1   11    2    1    0    1783
    1    2   30   90  293    1   19    2    2    1    1877
    1    2   31   91  106    1    7    1    1    1    1247
    1    2   32   92  381    1   24    3    3    1    1793
    1    2   33   93  111    1    7    1    1    1    2223
    1    2   34   94  238    1   15    2    2    1    2538
    1    2   35   95   73    1    5    1    1    1    1674
    1    2   36   96  456    1   29    3    3    1    1740
    1    2   37   97  135    1    9    1    3    0    3339
    1    2   38   98  279    1   18    2    3    0    1979
    1    2   39   99  267    1   17    2    2    1    1568
    1    2   40  100  215    1   14    2    3    0    3638
    1    2   41  101  308    1   20    2    3    0    1898
    1    2   42  102  327    1   21    3    2    0    2082
    1    2   43  103   34    1    3    1    1    1    1284
    1    2   44  104  465    1   30    3    3    1    1621
    1    2   45  105  148    1   10    1    3    0    3449
    1    2   46  106  250    1   16    2    2    1    1396
    1    2   47  107  272    1   17    2    2    1    3009
    1    2   48  108  359    1   23    3    3    1    2173
    1    2   49  109  443    1   28    3    1    0   22668
    1    2   50  110  423    1   27    3    1    0    3590
    1    2   51  111  306    1   20    2    2    1    1196
    1    2   52  112   85    1    6    1    1    1    1793
    1    2   53  113   40    1    3    1    1    1    1118
    1    2   54  114  413    1   26    3    3    1    1574
    1    2   55  115   16    1    1    1    1    1    1484
    1    2   56  116  186    1   12    2    2    1    1654
    1    2   57  117  376    1   24    3    3    1    1849
    1    2   58  118  170    1   11    2    1    0    1330
    1    2   59  119   31    1    2    1    3    0    1842
    1    2   60  120  395    1   25    3    3    1   11790
    1    3    1  121   31    1    2    1    3    0   16732
    1    3    2  122  106    1    7    1    1    1    1218
    1    3    3  123  339    1   22    3    3    1   22775
    1    3    4  124  148    1   10    1    1    1   13757
    1    3    5  125  203    1   13    2    2    1    5547
    1    3    6  126   72    1    5    1    1    1    1474
    1    3    7  127  465    1   30    3    2    0    3260
    1    3    8  128   40    1    3    1    1    1     927
    1    3    9  129  337    1   22    3    1    0    4463
    1    3   10  130  413    1   26    3    3    1    1233
    1    3   11  131  395    1   25    3    3    1    1796
    1    3   12  132  456    1   29    3    3    1    1345
    1    3   13  133  136    1    9    1    3    0    1440
    1    3   14  134  293    1   19    2    2    1    1003
    1    3   15  135  115    1    8    1    1    1    2392
    1    3   16  136  190    1   12    2    2    1     957
    1    3   17  137  376    1   24    3    3    1    4204
    1    3   18  138  330    1   21    3    2    0     984
    1    3   19  139  267    1   17    2    2    1    1174
    1    3   20  140  238    1   15    2    2    1    1596
    1    3   21  141  443    1   28    3    1    0    2417
    1    3   22  142  306    1   20    2    2    1    1845
    1    3   23  143   17    1    2    1    3    0    1553
    1    3   24  144  297    1   19    2    1    0    2248
    1    3   25  145  250    1   16    2    2    1    1795
    1    3   26  146    7    1    1    1    1    1    2816
    1    3   27  147  405    1   26    3    3    1    2132
    1    3   28  148  423    1   27    3    1    0   26211
    1    3   29  149  170    1   11    2    1    0     913
    1    3   30  150   55    1    4    1    1    1    1281
    1    3   31  151  195    1   13    2    2    1    1714
    1    3   32  152  420    1   27    3    3    1    2482
    1    3   33  153  397    1   25    3    2    0    4419
    1    3   34  154   62    1    4    1    2    0    2680
    1    3   35  155  446    1   28    3    1    0    1041
    1    3   36  156  327    1   21    3    2    0    1149
    1    3   37  157  241    1   16    2    2    1    1139
    1    3   38  158  471    1   30    3    2    0    1499
    1    3   39  159  359    1   23    3    3    1    1380
    1    3   40  160  224    1   14    2    2    1    1010
    1    3   41  161   85    1    6    1    1    1    1086
    1    3   42  162   34    1    3    1    1    1     920
    1    3   43  163  186    1   12    2    2    1    1112
    1    3   44  164  355    1   23    3    3    1    1728
    1    3   45  165  215    1   14    2    2    1     752
    1    3   46  166   73    1    5    1    1    1     872
    1    3   47  167  278    1   18    2    1    0    4729
    1    3   48  168  272    1   17    2    2    1    1201
    1    3   49  169  111    1    7    1    1    1    1845
    1    3   50  170   16    1    1    1    1    1     849
    1    3   51  171  308    1   20    2    2    1     932
    1    3   52  172  125    1    8    1    1    1     996
    1    3   53  173  163    1   11    2    2    1    2337
    1    3   54  174  229    1   15    2    3    0    3016
    1    3   55  175  146    1   10    1    1    1    1348
    1    3   56  176  455    1   29    3    2    0    1634
    1    3   57  177   96    1    6    1    2    0    1078
    1    3   58  178  381    1   24    3    1    0    2080
    1    3   59  179  279    1   18    2    3    0    1905
    1    3   60  180  135    1    9    1    1    1    1770
    2    1    1  181  427    0   27    3    2    0    2481
    2    1    2  182  305    0   20    2    1    0    5118
    2    1    3  183  296    0   19    2    3    0    3122
    2    1    4  184   19    0    2    1    1    1    6855
    2    1    5  185  331    0   21    3    2    0     981
    2    1    6  186  356    0   23    3    1    0    2159
    2    1    7  187  279    1   18    2    2    1    6201
    2    1    8  188   16    1    1    1    1    1    1074
    2    1    9  189  382    0   24    3    1    0    2248
    2    1   10  190  352    0   22    3    1    0    1278
    2    1   11  191  446    1   28    3    3    1    1933
    2    1   12  192   17    1    2    1    3    0    3264
    2    1   13  193  347    0   22    3    1    0     767
    2    1   14  194  401    0   26    3    2    0    2640
    2    1   15  195  391    0   25    3    3    1    1224
    2    1   16  196  232    0   15    2    1    0    1750
    2    1   17  197    8    0    1    1    1    1    2370
    2    1   18  198  171    0   11    2    1    0     835
    2    1   19  199   64    0    4    1    2    0    1618
    2    1   20  200  127    0    8    1    1    1     881
    2    1   21  201  216    0   14    2    1    0    2191
    2    1   22  202  475    0   30    3    2    0    1304
    2    1   23  203  164    0   11    2    2    1   92324
    2    1   24  204    3    0    1    1    1    1    5293
    2    1   25  205  218    0   14    2    2    1    2569
    2    1   26  206  470    0   30    3    2    0    1139
    2    1   27  207  307    0   20    2    2    1    3335
    2    1   28  208  276    0   18    2    2    1    2258
    2    1   29  209  157    0   10    1    1    1    2392
    2    1   30  210  143    0    9    1    1    1    3033
    2    1   31  211  306    1   20    2    2    1    1137
    2    1   32  212  366    0   23    3    2    0    1524
    2    1   33  213  375    0   24    3    3    1    2184
    2    1   34  214   62    1    4    1    1    1   14481
    2    1   35  215  420    1   27    3    3    1    5715
    2    1   36  216  342    0   22    3    2    0    3407
    2    1   37  217  325    0   21    3    1    0    2680
    2    1   38  218  320    0   20    2    2    1     909
    2    1   39  219  188    0   12    2    2    1     921
    2    1   40  220  367    0   23    3    2    0    1334
    2    1   41  221  160    0   10    1    1    1    1665
    2    1   42  222  417    0   27    3    1    0    1727
    2    1   43  223  203    1   13    2    2    1    3163
    2    1   44  224   29    0    2    1    3    0    2285
    2    1   45  225  217    0   14    2    1    0    4051
    2    1   46  226   41    0    3    1    1    1    1121
    2    1   47  227  124    0    8    1    1    1    1077
    2    1   48  228   77    0    5    1    1    1     987
    2    1   49  229  132    0    9    1    1    1    1252
    2    1   50  230  205    0   13    2    1    0    3827
    2    1   51  231  250    1   16    2    2    1    2235
    2    1   52  232  290    0   19    2    2    1    1651
    2    1   53  233  379    0   24    3    1    0    1730
    2    1   54  234   47    0    3    1    1    1     990
    2    1   55  235  398    0   25    3    3    1    1446
    2    1   56  236  134    0    9    1    1    1    1422
    2    1   57  237  455    1   29    3    3    1    2998
    2    1   58  238  429    0   27    3    2    0    1726
    2    1   59  239  304    0   19    2    2    1     970
    2    1   60  240  406    0   26    3    3    1    3684
    2    1   61  241  123    0    8    1    1    1    1649
    2    1   62  242  163    1   11    2    2    1    2959
    2    1   63  243  394    0   25    3    2    0    1258
    2    1   64  244  141    0    9    1    1    1    1721
    2    1   65  245  192    0   12    2    2    1    1845
    2    1   66  246  334    0   21    3    2    0     972
    2    1   67  247  435    0   28    3    1    0    1270
    2    1   68  248  431    0   27    3    2    0    1556
    2    1   69  249  248    0   16    2    2    1    1271
    2    1   70  250  452    0   29    3    3    1    1076
    2    1   71  251  257    0   17    2    2    1    1242
    2    1   72  252  142    0    9    1    1    1    1242
    2    1   73  253  363    0   23    3    2    0   13689
    2    1   74  254  461    0   29    3    2    0    1338
    2    1   75  255   13    0    1    1    3    0    5108
    2    1   76  256  447    0   28    3    3    1    1689
    2    1   77  257   36    0    3    1    1    1    1158
    2    1   78  258  133    0    9    1    1    1    1706
    2    1   79  259  396    0   25    3    3    1    4997
    2    1   80  260   60    0    4    1    3    0    3694
    2    1   81  261   69    0    5    1    1    1    1243
    2    1   82  262  182    0   12    2    2    1     987
    2    1   83  263  353    0   23    3    1    0    2628
    2    1   84  264  443    1   28    3    3    1    3788
    2    1   85  265  135    1    9    1    1    1    1429
    2    1   86  266  336    0   21    3    3    1    7373
    2    1   87  267  110    0    7    1    2    0    3595
    2    1   88  268   75    0    5    1    1    1     941
    2    1   89  269   33    0    3    1    1    1    1080
    2    1   90  270   24    0    2    1    3    0    1198
    2    1   91  271  265    0   17    2    2    1    1069
    2    1   92  272   65    0    5    1    1    1    1427
    2    1   93  273  415    0   26    3    3    1    1307
    2    1   94  274   91    0    6    1    2    0     936
    2    1   95  275  315    0   20    2    2    1    1283
    2    1   96  276  161    0   11    2    1    0   11457
    2    1   97  277   40    1    3    1    1    1    1051
    2    1   98  278  392    0   25    3    3    1    2642
    2    1   99  279  354    0   23    3    3    1    2073
    2    1  100  280  147    0   10    1    2    0    1495
    2    1  101  281  312    0   20    2    2    1    1437
    2    1  102  282  326    0   21    3    2    0    4596
    2    1  103  283  466    0   30    3    2    0     798
    2    1  104  284  350    0   22    3    1    0    2526
    2    1  105  285  179    0   12    2    2    1     906
    2    1  106  286  176    0   11    2    1    0    2455
    2    1  107  287  355    1   23    3    3    1    2501
    2    1  108  288  184    0   12    2    2    1     882
    2    1  109  289  413    1   26    3    3    1    1328
    2    1  110  290  159    0   10    1    1    1    2508
    2    1  111  291  409    0   26    3    2    0    7400
    2    1  112  292  186    1   12    2    2    1    1061
    2    1  113  293  155    0   10    1    3    0    1947
    2    1  114  294  301    0   19    2    2    1    1134
    2    1  115  295  277    0   18    2    1    0    4082
    2    1  116  296   34    1    3    1    1    1     910
    2    1  117  297  101    0    7    1    1    1     923
    2    1  118  298  480    0   30    3    3    1    2775
    2    1  119  299  384    0   24    3    1    0    1753
    2    1  120  300  246    0   16    2    2    1    1044
    2    1  121  301  104    0    7    1    2    0    3291
    2    1  122  302  414    0   26    3    3    1    1145
    2    1  123  303  476    0   30    3    3    1     701
    2    1  124  304  371    0   24    3    1    0     800
    2    1  125  305  268    0   17    2    2    1     913
    2    1  126  306   46    0    3    1    1    1     924
    2    1  127  307  288    0   18    2    1    0     840
    2    1  128  308  253    0   16    2    1    0     711
    2    1  129  309  172    0   11    2    1    0     715
    2    1  130  310  197    0   13    2    1    0     832
    2    1  131  311  397    1   25    3    3    1    2030
    2    1  132  312   98    0    7    1    1    1     766
    2    1  133  313  302    0   19    2    2    1     703
    2    1  134  314  376    1   24    3    3    1    1781
    2    1  135  315  479    0   30    3    3    1    1102
    2    1  136  316  153    0   10    1    1    1    1571
    2    1  137  317  175    0   11    2    2    1    1221
    2    1  138  318  193    0   13    2    2    1     773
    2    1  139  319   48    0    3    1    1    1    1351
    2    1  140  320  319    0   20    2    3    0    1425
    2    1  141  321  383    0   24    3    1    0    1257
    2    1  142  322  174    0   11    2    1    0     872
    2    1  143  323   23    0    2    1    1    1    2118
    2    1  144  324   70    0    5    1    1    1    1442
    2    1  145  325  424    0   27    3    1    0    1961
    2    1  146  326  167    0   11    2    1    0    1051
    2    1  147  327   63    0    4    1    1    1     897
    2    1  148  328  370    0   24    3    1    0    1294
    2    1  149  329   42    0    3    1    1    1    1067
    2    1  150  330  278    1   18    2    1    0    1088
    2    1  151  331   84    0    6    1    2    0     695
    2    1  152  332  198    0   13    2    2    1    2508
    2    1  153  333   97    0    7    1    1    1     968
    2    1  154  334  249    0   16    2    1    0    2369
    2    1  155  335  339    1   22    3    1    0     869
    2    1  156  336  100    0    7    1    1    1    2371
    2    1  157  337  162    0   11    2    3    0    2597
    2    1  158  338  136    1    9    1    1    1    1405
    2    1  159  339  138    0    9    1    1    1    1062
    2    1  160  340  208    0   13    2    2    1    1597
    2    1  161  341  332    0   21    3    2    0    1725
    2    1  162  342   21    0    2    1    3    0    1369
    2    1  163  343  403    0   26    3    3    1     915
    2    1  164  344  298    0   19    2    1    0     879
    2    1  165  345  201    0   13    2    2    1     814
    2    1  166  346  114    0    8    1    1    1     926
    2    1  167  347   45    0    3    1    1    1     728
    2    1  168  348   67    0    5    1    1    1    1132
    2    1  169  349  373    0   24    3    1    0     608
    2    1  170  350  419    0   27    3    1    0    2712
    2    1  171  351  462    0   29    3    3    1    6348
    2    1  172  352  282    0   18    2    1    0    1359
    2    1  173  353  224    1   14    2    1    0    2137
    2    1  174  354   79    0    5    1    1    1     772
    2    1  175  355  242    0   16    2    2    1    1894
    2    1  176  356  261    0   17    2    2    1     972
    2    1  177  357  428    0   27    3    2    0    1301
    2    1  178  358  234    0   15    2    3    0    3074
    2    1  179  359  423    1   27    3    3    1     664
    2    1  180  360  410    0   26    3    3    1     623
    2    1  181  361  272    1   17    2    2    1    1190
    2    1  182  362  468    0   30    3    3    1    4216
    2    1  183  363  412    0   26    3    1    0    2367
    2    1  184  364  280    0   18    2    2    1    2401
    2    1  185  365  365    0   23    3    2    0    2578
    2    1  186  366  338    0   22    3    3    1    1644
    2    1  187  367  449    0   29    3    2    0    1003
    2    1  188  368  102    0    7    1    1    1    1300
    2    1  189  369  212    0   14    2    2    1    2609
    2    1  190  370  357    0   23    3    2    0    1833
    2    1  191  371  191    0   12    2    1    0    1488
    2    1  192  372  122    0    8    1    1    1     822
    2    1  193  373  416    0   26    3    3    1    1030
    2    1  194  374   73    1    5    1    1    1    1373
    2    1  195  375  219    0   14    2    1    0    1255
    2    1  196  376   30    0    2    1    1    1    1045
    2    1  197  377  233    0   15    2    1    0     860
    2    1  198  378  317    0   20    2    2    1     748
    2    1  199  379  215    1   14    2    1    0    4078
    2    1  200  380   56    0    4    1    1    1    1950
    2    1  201  381  126    0    8    1    1    1    1423
    2    1  202  382   74    0    5    1    1    1     728
    2    1  203  383   11    0    1    1    1    1     955
    2    1  204  384  400    0   25    3    3    1    7926
    2    1  205  385  438    0   28    3    1    0    1150
    2    1  206  386  125    1    8    1    1    1     737
    2    1  207  387  407    0   26    3    2    0    2612
    2    1  208  388  112    0    7    1    1    1    1964
    2    1  209  389  284    0   18    2    3    0    1903
    2    1  210  390  260    0   17    2    2    1    1187
    2    1  211  391  222    0   14    2    3    0    1076
    2    1  212  392  390    0   25    3    1    0    5881
    2    1  213  393  436    0   28    3    1    0     991
    2    1  214  394  327    1   21    3    2    0    2488
    2    1  215  395  287    0   18    2    1    0    1510
    2    1  216  396  358    0   23    3    2    0    6154
    2    1  217  397  433    0   28    3    1    0    1157
    2    1  218  398  344    0   22    3    3    1    3015
    2    1  219  399  464    0   29    3    3    1    2127
    2    1  220  400   15    0    1    1    1    1    1355
    2    1  221  401  283    0   18    2    3    0    2246
    2    1  222  402  369    0   24    3    1    0     893
    2    1  223  403   81    0    6    1    2    0     890
    2    1  224  404  318    0   20    2    2    1    1703
    2    1  225  405  345    0   22    3    1    0    1876
    2    1  226  406    5    0    1    1    1    1    1226
    2    1  227  407  405    1   26    3    3    1    1978
    2    1  228  408  150    0   10    1    2    0    1933
    2    1  229  409   78    0    5    1    1    1    1711
    2    1  230  410  267    1   17    2    2    1    1388
    2    1  231  411  152    0   10    1    3    0    1334
    2    1  232  412  211    0   14    2    3    0    1889
    2    1  233  413  469    0   30    3    3    1    1237
    2    1  234  414  243    0   16    2    2    1     837
    2    1  235  415  226    0   15    2    3    0    1556
    2    1  236  416   95    0    6    1    1    1    2887
    2    1  237  417   88    0    6    1    2    0     917
    2    1  238  418  377    0   24    3    1    0    3424
    2    1  239  419  395    1   25    3    1    0    2376
    2    1  240  420  308    1   20    2    2    1     954
    2    1  241  421  473    0   30    3    1    0    1573
    2    1  242  422  262    0   17    2    2    1    1863
    2    1  243  423   80    0    5    1    1    1    1740
    2    1  244  424   39    0    3    1    1    1    3639
    2    1  245  425  227    0   15    2    3    0    3558
    2    1  246  426  244    0   16    2    2    1    1561
    2    1  247  427  228    0   15    2    1    0    3531
    2    1  248  428  465    1   30    3    3    1    1726
    2    1  249  429   92    0    6    1    2    0    1994
    2    1  250  430  128    0    8    1    1    1    7387
    2    1  251  431  330    1   21    3    2    0    1146
    2    1  252  432   27    0    2    1    1    1    1629
    2    1  253  433  236    0   15    2    1    0    4845
    2    1  254  434  230    0   15    2    1    0    1836
    2    1  255  435   49    0    4    1    1    1    4003
    2    1  256  436  204    0   13    2    2    1    1429
    2    1  257  437  264    0   17    2    2    1    1324
    2    1  258  438  402    0   26    3    3    1    2520
    2    1  259  439  225    0   15    2    1    0    1429
    2    1  260  440  441    0   28    3    3    1    1709
    2    1  261  441  183    0   12    2    2    1    1771
    2    1  262  442  154    0   10    1    1    1    1461
    2    1  263  443  422    0   27    3    3    1    1643
    2    1  264  444  421    0   27    3    1    0    1226
    2    1  265  445  195    1   13    2    2    1    2362
    2    1  266  446    9    0    1    1    1    1    1277
    2    1  267  447  408    0   26    3    1    0    8203
    2    1  268  448   18    0    2    1    3    0    2040
    2    1  269  449  120    0    8    1    1    1    1063
    2    1  270  450  190    1   12    2    2    1    1197
    2    1  271  451    2    0    1    1    1    1    3117
    2    1  272  452  256    0   16    2    2    1    1312
    2    1  273  453  313    0   20    2    2    1    1293
    2    1  274  454  341    0   22    3    1    0    1019
    2    1  275  455  229    1   15    2    2    1    4242
    2    1  276  456  309    0   20    2    3    0    1642
    2    1  277  457  237    0   15    2    1    0    2729
    2    1  278  458  300    0   19    2    1    0    1309
    2    1  279  459  343    0   22    3    1    0    2537
    2    1  280  460  448    0   28    3    2    0    1508
    2    1  281  461  359    1   23    3    3    1    1592
    2    1  282  462  209    0   14    2    3    0    2314
    2    1  283  463  245    0   16    2    2    1    1502
    2    1  284  464  459    0   29    3    3    1    1779
    2    1  285  465  113    0    8    1    3    0    1117
    2    1  286  466   12    0    1    1    1    1     753
    2    1  287  467  349    0   22    3    1    0    1235
    2    1  288  468  187    0   12    2    2    1    1458
    2    1  289  469  109    0    7    1    1    1    1819
    2    1  290  470   57    0    4    1    2    0    3489
    2    1  291  471  295    0   19    2    2    1    1430
    2    1  292  472   72    1    5    1    1    1     765
    2    1  293  473   83    0    6    1    2    0     752
    2    1  294  474  294    0   19    2    1    0    2802
    2    1  295  475  173    0   11    2    3    0    1523
    2    1  296  476  281    0   18    2    1    0    1942
    2    1  297  477  118    0    8    1    1    1     858
    2    1  298  478   99    0    7    1    1    1    2040
    2    1  299  479   50    0    4    1    3    0    2072
    2    1  300  480  210    0   14    2    3    0    4517
