    1    1    1    1   55    1    4    1    2    0    3374
    1    1    2    2   34    1    3    1    1    1    2817
    1    1    3    3  148    1   10    1    3    0    6240
    1    1    4    4  238    1   15    2    1    0    2973
    1    1    5    5  330    1   21    3    2    0    2857
    1    1    6    6  395    1   25    3    3    1    1833
    1    1    7    7  355    1   23    3    1    0    6670
    1    1    8    8  135    1    9    1    1    1    2728
    1    1    9    9  272    1   17    2    2    1    4581
    1    1   10   10  446    1   28    3    3    1    3183
    1    1   11   11  224    1   14    2    3    0    6385
    1    1   12   12  241    1   16    2    1    0    4193
    1    1   13   13   31    1    2    1    3    0    8395
    1    1   14   14   73    1    5    1    2    0    8269
    1    1   15   15   85    1    6    1    1    1    3284
    1    1   16   16  337    1   22    3    1    0    1057
    1    1   17   17  293    1   19    2    2    1    2622
    1    1   18   18  423    1   27    3    1    0    1214
    1    1   19   19  115    1    8    1    1    1    3098
    1    1   20   20  405    1   26    3    3    1    4190
    1    1   21   21  306    1   20    2    2    1    2236
    1    1   22   22  267    1   17    2    2    1    5855
    1    1   23   23  203    1   13    2    2    1    3559
    1    1   24   24  279    1   18    2    2    1    5138
    1    1   25   25  443    1   28    3    1    0    1969
    1    1   26   26  186    1   12    2    1    0    2005
    1    1   27   27  359    1   23    3    3    1    1803
    1    1   28   28  397    1   25    3    3    1    1653
    1    1   29   29  376    1   24    3    1    0    1987
    1    1   30   30   40    1    3    1    1    1   25281
    1    1   31   31   17    1    2    1    1    1    1298
    1    1   32   32   62    1    4    1    2    0    2719
    1    1   33   33  229    1   15    2    1    0    1030
    1    1   34   34  465    1   30    3    2    0    1460
    1    1   35   35  297    1   19    2    3    0     950
    1    1   36   36   96    1    6    1    1    1    1146
    1    1   37   37  125    1    8    1    1    1    1655
    1    1   38   38  413    1   26    3    3    1    1825
    1    1   39   39  381    1   24    3    1    0    5395
    1    1   40   40  111    1    7    1    1    1    2399
    1    1   41   41  190    1   12    2    3    0    6456
    1    1   42   42  456    1   29    3    3    1    1237
    1    1   43   43  308    1   20    2    2    1    1408
    1    1   44   44  136    1    9    1    2    0    2867
    1    1   45   45  146    1   10    1    3    0    2575
    1    1   46   46  163    1   11    2    1    0    1009
    1    1   47   47  471    1   30    3    2    0    1424
    1    1   48   48  420    1   27    3    1    0    3161
    1    1   49   49  327    1   21    3    2    0    4701
    1    1   50   50  106    1    7    1    1    1    1023
    1    1   51   51  170    1   11    2    1    0    2116
    1    1   52   52    7    1    1    1    3    0    1937
    1    1   53   53  195    1   13    2    3    0    1205
    1    1   54   54   16    1    1    1    2    0    1280
    1    1   55   55  278    1   18    2    1    0     942
    1    1   56   56  339    1   22    3    2    0    2636
    1    1   57   57  455    1   29    3    1    0    1214
    1    1   58   58   72    1    5    1    3    0    3974
    1    1   59   59  215    1   14    2    2    1    8731
    1    1   60   60  250    1   16    2    2    1     641
    1    2    1   61  293    1   19    2    2    1     989
    1    2    2   62  163    1   11    2    2    1    1266
    1    2    3   63   17    1    2    1    2    0     715
    1    2    4   64  456    1   29    3    1    0    2318
    1    2    5   65  465    1   30    3    3    1     917
    1    2    6   66    7    1    1    1    3    0     336
    1    2    7   67   85    1    6    1    1    1    1399
    1    2    8   68  241    1   16    2    2    1    2529
    1    2    9   69  376    1   24    3    2    0     525
    1    2   10   70  423    1   27    3    1    0   12281
    1    2   11   71  148    1   10    1    2    0    4615
    1    2   12   72  106    1    7    1    1    1     969
    1    2   13   73  195    1   13    2    3    0    1422
    1    2   14   74  297    1   19    2    1    0    1006
    1    2   15   75  136    1    9    1    3    0    1735
    1    2   16   76  327    1   21    3    1    0     978
    1    2   17   77  306    1   20    2    1    0     995
    1    2   18   78   16    1    1    1    3    0    1838
    1    2   19   79  170    1   11    2    2    1    1426
    1    2   20   80  330    1   21    3    2    0    1408
    1    2   21   81  125    1    8    1    1    1    1121
    1    2   22   82   34    1    3    1    3    0    1517
    1    2   23   83  471    1   30    3    3    1    2305
    1    2   24   84  397    1   25    3    2    0    1392
    1    2   25   85   31    1    2    1    1    1   18100
    1    2   26   86  339    1   22    3    2    0    1515
    1    2   27   87  135    1    9    1    3    0    1268
    1    2   28   88   72    1    5    1    1    1    1641
    1    2   29   89  308    1   20    2    2    1    4254
    1    2   30   90  238    1   15    2    1    0    1441
    1    2   31   91  279    1   18    2    2    1     565
    1    2   32   92  115    1    8    1    1    1     795
    1    2   33   93  186    1   12    2    3    0    2859
    1    2   34   94  250    1   16    2    3    0    2316
    1    2   35   95  413    1   26    3    2    0    2261
    1    2   36   96  420    1   27    3    3    1    1930
    1    2   37   97  443    1   28    3    3    1    1585
    1    2   38   98  355    1   23    3    1    0    1532
    1    2   39   99  272    1   17    2    3    0    1219
    1    2   40  100   62    1    4    1    2    0    1001
    1    2   41  101  455    1   29    3    1    0    2524
    1    2   42  102  446    1   28    3    1    0    1510
    1    2   43  103  405    1   26    3    3    1    1957
    1    2   44  104  359    1   23    3    2    0    1213
    1    2   45  105  203    1   13    2    2    1    2107
    1    2   46  106  278    1   18    2    3    0    3214
    1    2   47  107   40    1    3    1    1    1   12694
    1    2   48  108  381    1   24    3    2    0    1957
    1    2   49  109  395    1   25    3    3    1    1052
    1    2   50  110  190    1   12    2    1    0    1300
    1    2   51  111  337    1   22    3    2    0    2286
    1    2   52  112  146    1   10    1    3    0    8943
    1    2   53  113   96    1    6    1    1    1    1603
    1    2   54  114  267    1   17    2    2    1   11145
    1    2   55  115   55    1    4    1    1    1    1586
    1    2   56  116  224    1   14    2    3    0    1409
    1    2   57  117  111    1    7    1    3    0    2165
    1    2   58  118  229    1   15    2    3    0    1584
    1    2   59  119   73    1    5    1    2    0     739
    1    2   60  120  215    1   14    2    2    1     972
    1    3    1  121  337    1   22    3    3    1    3356
    1    3    2  122  250    1   16    2    3    0    1431
    1    3    3  123  359    1   23    3    1    0    1019
    1    3    4  124  170    1   11    2    3    0    2231
    1    3    5  125  195    1   13    2    2    1    3382
    1    3    6  126  465    1   30    3    2    0    1466
    1    3    7  127  186    1   12    2    3    0     292
    1    3    8  128   55    1    4    1    1    1     467
    1    3    9  129  381    1   24    3    2    0     323
    1    3   10  130  455    1   29    3    3    1     247
    1    3   11  131  355    1   23    3    3    1     763
    1    3   12  132  308    1   20    2    2    1     702
    1    3   13  133  279    1   18    2    3    0    1499
    1    3   14  134  148    1   10    1    2    0    1241
    1    3   15  135   40    1    3    1    3    0    1281
    1    3   16  136  278    1   18    2    2    1    2109
    1    3   17  137   96    1    6    1    1    1    2202
    1    3   18  138   85    1    6    1    3    0    4183
    1    3   19  139  306    1   20    2    2    1    2377
    1    3   20  140  423    1   27    3    3    1    2388
    1    3   21  141  397    1   25    3    3    1    1477
    1    3   22  142  420    1   27    3    1    0    1657
    1    3   23  143  203    1   13    2    2    1    1970
    1    3   24  144  446    1   28    3    3    1    1642
    1    3   25  145   62    1    4    1    1    1    1706
    1    3   26  146  106    1    7    1    1    1    2673
    1    3   27  147  395    1   25    3    3    1    4252
    1    3   28  148  327    1   21    3    2    0    2238
    1    3   29  149  443    1   28    3    1    0    2049
    1    3   30  150  293    1   19    2    3    0    1328
    1    3   31  151   16    1    1    1    2    0    1132
    1    3   32  152  224    1   14    2    3    0    1182
    1    3   33  153  115    1    8    1    1    1    1612
    1    3   34  154  405    1   26    3    2    0    1444
    1    3   35  155  238    1   15    2    3    0     994
    1    3   36  156  330    1   21    3    2    0    1100
    1    3   37  157  146    1   10    1    3    0    1220
    1    3   38  158  163    1   11    2    1    0    1438
    1    3   39  159  272    1   17    2    3    0    1684
    1    3   40  160  413    1   26    3    3    1    1768
    1    3   41  161  136    1    9    1    3    0    1413
    1    3   42  162  125    1    8    1    1    1    1120
    1    3   43  163  471    1   30    3    2    0    1616
    1    3   44  164  229    1   15    2    3    0    1627
    1    3   45  165  297    1   19    2    2    1    1263
    1    3   46  166  135    1    9    1    2    0    1163
    1    3   47  167   34    1    3    1    2    0    3973
    1    3   48  168  241    1   16    2    2    1    1259
    1    3   49  169   31    1    2    1    1    1    2402
    1    3   50  170  267    1   17    2    3    0    1693
    1    3   51  171   72    1    5    1    3    0    1553
    1    3   52  172  339    1   22    3    2    0    1703
    1    3   53  173  376    1   24    3    3    1    2105
    1    3   54  174   17    1    2    1    1    1     962
    1    3   55  175  456    1   29    3    2    0    1851
    1    3   56  176    7    1    1    1    1    1    1623
    1    3   57  177  111    1    7    1    1    1    1923
    1    3   58  178   73    1    5    1    1    1    2102
    1    3   59  179  215    1   14    2    2    1    2914
    1    3   60  180  190    1   12    2    2    1    1787
    2    1    1  181   65    0    5    1    2    0    7781
    2    1    2  182  314    0   20    2    2    1    1837
    2    1    3  183  257    0   17    2    3    0    1132
    2    1    4  184  233    0   15    2    1    0    2923
    2    1    5  185  211    0   14    2    1    0    9710
    2    1    6  186  378    0   24    3    1    0     950
    2    1    7  187  403    0   26    3    3    1    1112
    2    1    8  188    9    0    1    1    2    0    1200
    2    1    9  189  190    1   12    2    2    1     618
    2    1   10  190  388    0   25    3    3    1    1152
    2    1   11  191   94    0    6    1    2    0    1115
    2    1   12  192  326    0   21    3    3    1    1085
    2    1   13  193  380    0   24    3    3    1    1062
    2    1   14  194  237    0   15    2    1    0     969
    2    1   15  195  253    0   16    2    1    0     494
    2    1   16  196   28    0    2    1    3    0     979
    2    1   17  197    7    1    1    1    2    0     352
    2    1   18  198   24    0    2    1    1    1     501
    2    1   19  199  162    0   11    2    2    1     520
    2    1   20  200  289    0   19    2    1    0    1229
    2    1   21  201  236    0   15    2    1    0    1012
    2    1   22  202  292    0   19    2    3    0     798
    2    1   23  203  448    0   28    3    3    1     749
    2    1   24  204   67    0    5    1    2    0     767
    2    1   25  205  280    0   18    2    2    1     586
    2    1   26  206  256    0   16    2    1    0    1371
    2    1   27  207  252    0   16    2    3    0     949
    2    1   28  208  184    0   12    2    1    0     835
    2    1   29  209  175    0   11    2    2    1    1775
    2    1   30  210  382    0   24    3    3    1    1644
    2    1   31  211  229    1   15    2    3    0     763
    2    1   32  212  472    0   30    3    1    0     966
    2    1   33  213  121    0    8    1    1    1    1255
    2    1   34  214  433    0   28    3    3    1    1257
    2    1   35  215   88    0    6    1    1    1    1148
    2    1   36  216  156    0   10    1    3    0     982
    2    1   37  217  322    0   21    3    1    0    1363
    2    1   38  218  111    1    7    1    1    1     722
    2    1   39  219  470    0   30    3    1    0    1006
    2    1   40  220  307    0   20    2    3    0     703
    2    1   41  221  387    0   25    3    1    0     858
    2    1   42  222  120    0    8    1    1    1     977
    2    1   43  223  268    0   17    2    1    0     849
    2    1   44  224   89    0    6    1    1    1    1232
    2    1   45  225  170    1   11    2    1    0     637
    2    1   46  226  375    0   24    3    3    1    1270
    2    1   47  227  105    0    7    1    1    1    1778
    2    1   48  228   52    0    4    1    2    0     818
    2    1   49  229  255    0   16    2    2    1     749
    2    1   50  230  478    0   30    3    3    1     325
    2    1   51  231  468    0   30    3    2    0     477
    2    1   52  232  200    0   13    2    1    0    1044
    2    1   53  233   11    0    1    1    2    0     809
    2    1   54  234   53    0    4    1    2    0     428
    2    1   55  235  328    0   21    3    3    1    1002
    2    1   56  236  173    0   11    2    3    0    1355
    2    1   57  237  372    0   24    3    1    0    1340
    2    1   58  238  294    0   19    2    2    1    1113
    2    1   59  239   38    0    3    1    3    0    1616
    2    1   60  240  178    0   12    2    1    0    1056
    2    1   61  241  329    0   21    3    1    0    2145
    2    1   62  242   16    1    1    1    3    0    1006
    2    1   63  243   29    0    2    1    2    0    1170
    2    1   64  244  339    1   22    3    3    1    1806
    2    1   65  245   33    0    3    1    1    1    3048
    2    1   66  246   57    0    4    1    2    0    1855
    2    1   67  247  439    0   28    3    3    1    1016
    2    1   68  248  308    1   20    2    1    0    2561
    2    1   69  249  201    0   13    2    3    0    1195
    2    1   70  250  103    0    7    1    1    1    1486
    2    1   71  251  291    0   19    2    1    0    3373
    2    1   72  252  254    0   16    2    3    0     860
    2    1   73  253  438    0   28    3    1    0    1592
    2    1   74  254  208    0   13    2    3    0    1327
    2    1   75  255  334    0   21    3    2    0     890
    2    1   76  256  450    0   29    3    1    0     911
    2    1   77  257  179    0   12    2    1    0    1316
    2    1   78  258   69    0    5    1    3    0    1043
    2    1   79  259  445    0   28    3    1    0    1223
    2    1   80  260  198    0   13    2    1    0     894
    2    1   81  261  315    0   20    2    3    0    1115
    2    1   82  262  260    0   17    2    1    0    1013
    2    1   83  263  384    0   24    3    3    1    1110
    2    1   84  264   77    0    5    1    2    0    1264
    2    1   85  265  285    0   18    2    2    1    1010
    2    1   86  266  279    1   18    2    2    1    1214
    2    1   87  267  262    0   17    2    1    0    1344
    2    1   88  268  148    1   10    1    3    0     323
    2    1   89  269  209    0   14    2    3    0     505
    2    1   90  270  338    0   22    3    1    0    1547
    2    1   91  271   50    0    4    1    3    0    3669
    2    1   92  272  473    0   30    3    2    0    2446
    2    1   93  273  321    0   21    3    1    0    4441
    2    1   94  274  181    0   12    2    3    0     820
    2    1   95  275  276    0   18    2    2    1     364
    2    1   96  276  265    0   17    2    1    0     448
    2    1   97  277  278    1   18    2    1    0     478
    2    1   98  278  273    0   18    2    3    0     900
    2    1   99  279  368    0   23    3    2    0    1155
    2    1  100  280  370    0   24    3    1    0    1405
    2    1  101  281  359    1   23    3    3    1     417
    2    1  102  282  158    0   10    1    3    0     953
    2    1  103  283  269    0   17    2    2    1     548
    2    1  104  284  407    0   26    3    2    0     372
    2    1  105  285  446    1   28    3    3    1    1431
    2    1  106  286  365    0   23    3    1    0    1390
    2    1  107  287  406    0   26    3    3    1    1197
    2    1  108  288  464    0   29    3    3    1    1455
    2    1  109  289    3    0    1    1    3    0    1490
    2    1  110  290  392    0   25    3    3    1    2730
    2    1  111  291  167    0   11    2    3    0    2931
    2    1  112  292  479    0   30    3    1    0   10884
    2    1  113  293   68    0    5    1    3    0   50346
    2    1  114  294   48    0    3    1    3    0    2190
    2    1  115  295  419    0   27    3    2    0    1364
    2    1  116  296   34    1    3    1    3    0    2021
    2    1  117  297  325    0   21    3    3    1    2206
    2    1  118  298  296    0   19    2    1    0    1157
    2    1  119  299  144    0    9    1    2    0    3989
    2    1  120  300   91    0    6    1    1    1    2304
    2    1  121  301  123    0    8    1    3    0    1067
    2    1  122  302  245    0   16    2    3    0    1694
    2    1  123  303   49    0    4    1    1    1    2464
    2    1  124  304  191    0   12    2    3    0    1040
    2    1  125  305  234    0   15    2    3    0    1245
    2    1  126  306  361    0   23    3    1    0    1346
    2    1  127  307   43    0    3    1    1    1    1616
    2    1  128  308  396    0   25    3    3    1    1174
    2    1  129  309  301    0   19    2    1    0    2800
    2    1  130  310   27    0    2    1    2    0    1281
    2    1  131  311   59    0    4    1    3    0    1172
    2    1  132  312  194    0   13    2    3    0     911
    2    1  133  313  319    0   20    2    1    0    1144
    2    1  134  314  272    1   17    2    3    0    1460
    2    1  135  315  467    0   30    3    1    0    1116
    2    1  136  316  271    0   17    2    3    0    1384
    2    1  137  317   45    0    3    1    2    0    1003
    2    1  138  318   98    0    7    1    2    0     474
    2    1  139  319  221    0   14    2    1    0    1152
    2    1  140  320  151    0   10    1    3    0    3382
    2    1  141  321  155    0   10    1    1    1    2183
    2    1  142  322  140    0    9    1    3    0    1244
    2    1  143  323  213    0   14    2    2    1    1180
    2    1  144  324  415    0   26    3    1    0    1448
    2    1  145  325  385    0   25    3    1    0    6061
    2    1  146  326  449    0   29    3    3    1    1424
    2    1  147  327  164    0   11    2    2    1    1207
    2    1  148  328   21    0    2    1    3    0    1596
    2    1  149  329  125    1    8    1    1    1    1056
    2    1  150  330  340    0   22    3    1    0     926
    2    1  151  331  441    0   28    3    1    0     946
    2    1  152  332  313    0   20    2    2    1     994
    2    1  153  333  411    0   26    3    2    0   18292
    2    1  154  334  471    1   30    3    3    1    1214
    2    1  155  335   99    0    7    1    3    0    2272
    2    1  156  336  306    1   20    2    3    0    1377
    2    1  157  337   86    0    6    1    1    1    1508
    2    1  158  338  112    0    7    1    1    1     997
    2    1  159  339  113    0    8    1    2    0    1450
    2    1  160  340  417    0   27    3    1    0    1051
    2    1  161  341  206    0   13    2    1    0    1460
    2    1  162  342   79    0    5    1    1    1    1226
    2    1  163  343  281    0   18    2    3    0    2169
    2    1  164  344  239    0   15    2    1    0    1135
    2    1  165  345  205    0   13    2    3    0    1246
    2    1  166  346  416    0   26    3    1    0    1385
    2    1  167  347  152    0   10    1    1    1    6849
    2    1  168  348  432    0   27    3    3    1    1018
    2    1  169  349  373    0   24    3    3    1    1770
    2    1  170  350  295    0   19    2    1    0    1864
    2    1  171  351   10    0    1    1    2    0    1186
    2    1  172  352   70    0    5    1    2    0     562
    2    1  173  353  404    0   26    3    3    1     661
    2    1  174  354  258    0   17    2    1    0     947
    2    1  175  355  305    0   20    2    1    0     924
    2    1  176  356  259    0   17    2    1    0     625
    2    1  177  357  136    1    9    1    3    0    1549
    2    1  178  358  336    0   21    3    2    0    1299
    2    1  179  359  185    0   12    2    1    0    1376
    2    1  180  360  135    1    9    1    3    0   11130
    2    1  181  361   40    1    3    1    2    0    2006
    2    1  182  362   96    1    6    1    3    0     799
    2    1  183  363   12    0    1    1    1    1     759
    2    1  184  364   75    0    5    1    3    0    1212
    2    1  185  365  149    0   10    1    3    0     761
    2    1  186  366  287    0   18    2    1    0    1403
    2    1  187  367  230    0   15    2    2    1     992
    2    1  188  368   56    0    4    1    1    1     855
    2    1  189  369  106    1    7    1    1    1     908
    2    1  190  370  429    0   27    3    1    0    2714
    2    1  191  371   93    0    6    1    3    0     897
    2    1  192  372   62    1    4    1    1    1     796
    2    1  193  373  474    0   30    3    1    0     455
    2    1  194  374   19    0    2    1    2    0     444
    2    1  195  375  477    0   30    3    3    1    1216
    2    1  196  376  243    0   16    2    1    0     803
    2    1  197  377  288    0   18    2    2    1     998
    2    1  198  378   72    1    5    1    3    0     828
    2    1  199  379  427    0   27    3    1    0     979
    2    1  200  380  277    0   18    2    3    0    1080
    2    1  201  381  207    0   13    2    2    1    2572
    2    1  202  382  455    1   29    3    1    0    2676
    2    1  203  383   60    0    4    1    2    0    1336
    2    1  204  384  107    0    7    1    1    1    1308
    2    1  205  385  147    0   10    1    3    0     982
    2    1  206  386   31    1    2    1    1    1     930
    2    1  207  387  412    0   26    3    3    1     950
    2    1  208  388  286    0   18    2    2    1     958
    2    1  209  389  410    0   26    3    3    1     921
    2    1  210  390   74    0    5    1    1    1     752
    2    1  211  391  453    0   29    3    3    1    1010
    2    1  212  392  146    1   10    1    1    1     851
    2    1  213  393  126    0    8    1    1    1     345
    2    1  214  394  383    0   24    3    1    0    1113
    2    1  215  395  461    0   29    3    2    0     572
    2    1  216  396  130    0    9    1    3    0     836
    2    1  217  397  196    0   13    2    3    0    1103
    2    1  218  398  362    0   23    3    3    1     965
    2    1  219  399  150    0   10    1    2    0    1415
    2    1  220  400  360    0   23    3    1    0    1069
    2    1  221  401  421    0   27    3    1    0     910
    2    1  222  402  352    0   22    3    1    0     752
    2    1  223  403  480    0   30    3    2    0     778
    2    1  224  404  358    0   23    3    3    1    2449
    2    1  225  405  189    0   12    2    1    0    1177
    2    1  226  406  182    0   12    2    3    0     987
    2    1  227  407  337    1   22    3    2    0    1066
    2    1  228  408  163    1   11    2    1    0    1070
    2    1  229  409   37    0    3    1    3    0    1141
    2    1  230  410  204    0   13    2    1    0    1093
    2    1  231  411  108    0    7    1    3    0    1163
    2    1  232  412  220    0   14    2    1    0    1621
    2    1  233  413    2    0    1    1    2    0     728
    2    1  234  414  128    0    8    1    3    0     222
    2    1  235  415  186    1   12    2    3    0    4080
    2    1  236  416  263    0   17    2    2    1     761
    2    1  237  417   51    0    4    1    3    0    2407
    2    1  238  418  183    0   12    2    1    0    3022
    2    1  239  419  131    0    9    1    3    0    1371
    2    1  240  420  310    0   20    2    1    0    1824
    2    1  241  421  127    0    8    1    3    0    2165
    2    1  242  422   92    0    6    1    2    0    1809
    2    1  243  423   42    0    3    1    1    1    1130
    2    1  244  424  348    0   22    3    3    1    1212
    2    1  245  425  102    0    7    1    1    1    1971
    2    1  246  426  405    1   26    3    3    1    1095
    2    1  247  427  350    0   22    3    2    0    1087
    2    1  248  428  282    0   18    2    3    0    1217
    2    1  249  429  266    0   17    2    1    0    1375
    2    1  250  430  115    1    8    1    1    1    1076
    2    1  251  431  374    0   24    3    3    1     947
    2    1  252  432  161    0   11    2    3    0    1815
    2    1  253  433  193    0   13    2    1    0    1246
    2    1  254  434  366    0   23    3    1    0     980
    2    1  255  435  369    0   24    3    1    0    1305
    2    1  256  436  376    1   24    3    3    1    1215
    2    1  257  437   55    1    4    1    3    0    2344
    2    1  258  438  389    0   25    3    3    1    2100
    2    1  259  439   35    0    3    1    1    1    1877
    2    1  260  440  454    0   29    3    3    1    1197
    2    1  261  441  435    0   28    3    1    0    1408
    2    1  262  442  251    0   16    2    1    0    1775
    2    1  263  443   13    0    1    1    3    0    2555
    2    1  264  444  192    0   12    2    1    0    1209
    2    1  265  445  393    0   25    3    2    0    1973
    2    1  266  446  293    1   19    2    1    0    2101
    2    1  267  447  249    0   16    2    3    0    1582
    2    1  268  448  302    0   19    2    3    0    1714
    2    1  269  449  452    0   29    3    1    0    2114
    2    1  270  450  238    1   15    2    1    0    1111
    2    1  271  451  395    1   25    3    2    0    1395
    2    1  272  452   17    1    2    1    1    1    1506
    2    1  273  453  134    0    9    1    3    0    1255
    2    1  274  454   47    0    3    1    2    0    1275
    2    1  275  455  353    0   23    3    1    0    1022
    2    1  276  456  460    0   29    3    1    0    1735
    2    1  277  457  248    0   16    2    2    1    1534
    2    1  278  458   66    0    5    1    3    0    1185
    2    1  279  459  171    0   11    2    3    0    1965
    2    1  280  460  331    0   21    3    2    0    1292
    2    1  281  461   20    0    2    1    3    0    1177
    2    1  282  462  425    0   27    3    1    0    1031
    2    1  283  463  274    0   18    2    1    0    1370
    2    1  284  464  283    0   18    2    1    0    1273
    2    1  285  465   85    1    6    1    1    1    1360
    2    1  286  466  166    0   11    2    3    0    1203
    2    1  287  467   26    0    2    1    1    1    1277
    2    1  288  468  100    0    7    1    1    1    1086
    2    1  289  469   73    1    5    1    2    0    1905
    2    1  290  470  342    0   22    3    1    0    1522
    2    1  291  471  465    1   30    3    3    1    1163
    2    1  292  472  187    0   12    2    2    1    1780
    2    1  293  473   44    0    3    1    3    0    1325
    2    1  294  474    6    0    1    1    2    0    1334
    2    1  295  475  226    0   15    2    1    0    1075
    2    1  296  476  444    0   28    3    1    0    1101
    2    1  297  477   30    0    2    1    2    0    2510
    2    1  298  478  379    0   24    3    3    1    1285
    2    1  299  479  386    0   25    3    1    0    1496
    2    1  300  480    4    0    1    1    2    0    2414
