    1    1    1    1   52    1    4    1    3    0    4561
    1    1    2    2   38    1    3    1    1    1    2729
    1    1    3    3  326    1   21    3    3    1    4806
    1    1    4    4  250    1   16    2    3    0    2573
    1    1    5    5  290    1   19    2    2    1    4536
    1    1    6    6   16    1    1    1    3    0    5026
    1    1    7    7  272    1   17    2    3    0    2580
    1    1    8    8  411    1   26    3    2    0    5380
    1    1    9    9   71    1    5    1    2    0    3071
    1    1   10   10  465    1   30    3    2    0    2537
    1    1   11   11  245    1   16    2    3    0    2949
    1    1   12   12  408    1   26    3    1    0    6491
    1    1   13   13  164    1   11    2    3    0    3330
    1    1   14   14   58    1    4    1    2    0    2404
    1    1   15   15  269    1   17    2    3    0    2428
    1    1   16   16  360    1   23    3    1    0    2136
    1    1   17   17  406    1   26    3    1    0    2510
    1    1   18   18  216    1   14    2    2    1    2235
    1    1   19   19  267    1   17    2    1    0    1794
    1    1   20   20   53    1    4    1    3    0    2855
    1    1   21   21  212    1   14    2    2    1    2361
    1    1   22   22  240    1   15    2    3    0    4934
    1    1   23   23   37    1    3    1    3    0    1959
    1    1   24   24  448    1   28    3    3    1    1729
    1    1   25   25  356    1   23    3    2    0    1595
    1    1   26   26  424    1   27    3    3    1    1511
    1    1   27   27   35    1    3    1    2    0    2017
    1    1   28   28  271    1   17    2    2    1    1604
    1    1   29   29  219    1   14    2    1    0    2790
    1    1   30   30  266    1   17    2    2    1    1127
    1    1   31   31   15    1    1    1    1    1    2505
    1    1   32   32  120    1    8    1    1    1    1445
    1    1   33   33  252    1   16    2    2    1    5144
    1    1   34   34    6    1    1    1    1    1    1348
    1    1   35   35  387    1   25    3    2    0    1609
    1    1   36   36  471    1   30    3    3    1     990
    1    1   37   37   56    1    4    1    1    1    1257
    1    1   38   38  380    1   24    3    2    0    3415
    1    1   39   39  280    1   18    2    2    1    1249
    1    1   40   40  476    1   30    3    2    0    3070
    1    1   41   41  117    1    8    1    1    1    1118
    1    1   42   42  289    1   19    2    3    0    5915
    1    1   43   43  409    1   26    3    3    1     836
    1    1   44   44  479    1   30    3    2    0    1329
    1    1   45   45  396    1   25    3    3    1    1149
    1    1   46   46   66    1    5    1    1    1    1503
    1    1   47   47  359    1   23    3    3    1    1359
    1    1   48   48   80    1    5    1    1    1     718
    1    1   49   49   36    1    3    1    2    0    2639
    1    1   50   50   33    1    3    1    2    0    4341
    1    1   51   51  340    1   22    3    3    1     767
    1    1   52   52  121    1    8    1    1    1    1205
    1    1   53   53  353    1   23    3    3    1     842
    1    1   54   54    4    1    1    1    1    1    1462
    1    1   55   55  182    1   12    2    3    0     918
    1    1   56   56  217    1   14    2    1    0    1755
    1    1   57   57   49    1    4    1    1    1    1185
    1    1   58   58  473    1   30    3    3    1     936
    1    1   59   59  276    1   18    2    2    1    2065
    1    1   60   60  201    1   13    2    2    1    1077
    1    2    1   61  182    1   12    2    2    1    1036
    1    2    2   62  121    1    8    1    1    1    1695
    1    2    3   63  272    1   17    2    2    1    2747
    1    2    4   64  473    1   30    3    3    1    1307
    1    2    5   65   38    1    3    1    1    1    1470
    1    2    6   66  408    1   26    3    3    1    1084
    1    2    7   67   33    1    3    1    1    1    2676
    1    2    8   68  396    1   25    3    3    1    3117
    1    2    9   69   53    1    4    1    1    1    1058
    1    2   10   70  217    1   14    2    1    0    1616
    1    2   11   71  271    1   17    2    2    1    1291
    1    2   12   72   15    1    1    1    1    1     840
    1    2   13   73  411    1   26    3    3    1    2869
    1    2   14   74   52    1    4    1    1    1    1509
    1    2   15   75  448    1   28    3    3    1    1055
    1    2   16   76   36    1    3    1    2    0    1467
    1    2   17   77  245    1   16    2    3    0    1542
    1    2   18   78    4    1    1    1    1    1     976
    1    2   19   79  201    1   13    2    2    1     969
    1    2   20   80  250    1   16    2    1    0    1687
    1    2   21   81  219    1   14    2    1    0    1685
    1    2   22   82  280    1   18    2    3    0    2382
    1    2   23   83  290    1   19    2    1    0    1457
    1    2   24   84   66    1    5    1    1    1    1107
    1    2   25   85  471    1   30    3    3    1     875
    1    2   26   86  406    1   26    3    3    1    3941
    1    2   27   87  409    1   26    3    3    1     758
    1    2   28   88  424    1   27    3    3    1     832
    1    2   29   89   56    1    4    1    1    1     882
    1    2   30   90  252    1   16    2    2    1     771
    1    2   31   91  353    1   23    3    3    1    1347
    1    2   32   92  216    1   14    2    2    1    2595
    1    2   33   93   35    1    3    1    1    1     817
    1    2   34   94  212    1   14    2    2    1     882
    1    2   35   95  359    1   23    3    3    1     816
    1    2   36   96   71    1    5    1    1    1     789
    1    2   37   97  269    1   17    2    2    1    1349
    1    2   38   98   37    1    3    1    1    1     877
    1    2   39   99  479    1   30    3    2    0     715
    1    2   40  100   49    1    4    1    1    1    1158
    1    2   41  101  240    1   15    2    2    1    2233
    1    2   42  102  356    1   23    3    3    1     950
    1    2   43  103  289    1   19    2    2    1    1530
    1    2   44  104  276    1   18    2    1    0    2245
    1    2   45  105  380    1   24    3    2    0    1729
    1    2   46  106  360    1   23    3    3    1     722
    1    2   47  107  266    1   17    2    2    1    1764
    1    2   48  108  326    1   21    3    3    1    1042
    1    2   49  109  387    1   25    3    2    0    1566
    1    2   50  110  120    1    8    1    1    1     971
    1    2   51  111  267    1   17    2    2    1    1391
    1    2   52  112   80    1    5    1    1    1     828
    1    2   53  113  164    1   11    2    2    1    8685
    1    2   54  114   58    1    4    1    1    1    2826
    1    2   55  115  117    1    8    1    1    1     958
    1    2   56  116    6    1    1    1    1    1    1370
    1    2   57  117  476    1   30    3    3    1    1002
    1    2   58  118  465    1   30    3    3    1     757
    1    2   59  119  340    1   22    3    3    1    1234
    1    2   60  120   16    1    1    1    1    1     878
    1    3    1  121  266    1   17    2    2    1    1526
    1    3    2  122   56    1    4    1    1    1     734
    1    3    3  123  387    1   25    3    3    1    1031
    1    3    4  124  359    1   23    3    3    1     821
    1    3    5  125  120    1    8    1    1    1     799
    1    3    6  126  411    1   26    3    3    1     836
    1    3    7  127  272    1   17    2    3    0    3215
    1    3    8  128  424    1   27    3    3    1    1139
    1    3    9  129   15    1    1    1    1    1    1176
    1    3   10  130  353    1   23    3    3    1     779
    1    3   11  131  269    1   17    2    2    1    1225
    1    3   12  132  479    1   30    3    3    1    1945
    1    3   13  133  121    1    8    1    1    1    1388
    1    3   14  134  252    1   16    2    2    1    1214
    1    3   15  135  409    1   26    3    3    1     750
    1    3   16  136  216    1   14    2    3    0    2380
    1    3   17  137  271    1   17    2    2    1     909
    1    3   18  138  240    1   15    2    2    1    2685
    1    3   19  139    4    1    1    1    1    1    1189
    1    3   20  140  380    1   24    3    2    0    1826
    1    3   21  141   16    1    1    1    1    1     817
    1    3   22  142  356    1   23    3    3    1    1047
    1    3   23  143   71    1    5    1    1    1    2458
    1    3   24  144  219    1   14    2    2    1    3960
    1    3   25  145  276    1   18    2    2    1    1522
    1    3   26  146  290    1   19    2    1    0    3335
    1    3   27  147  408    1   26    3    3    1     747
    1    3   28  148  182    1   12    2    2    1    1695
    1    3   29  149   66    1    5    1    1    1     702
    1    3   30  150  396    1   25    3    3    1    1179
    1    3   31  151   53    1    4    1    1    1    1015
    1    3   32  152   37    1    3    1    1    1     777
    1    3   33  153   36    1    3    1    1    1    2193
    1    3   34  154  201    1   13    2    2    1     613
    1    3   35  155  117    1    8    1    1    1     913
    1    3   36  156  448    1   28    3    3    1     993
    1    3   37  157  406    1   26    3    3    1    2393
    1    3   38  158   52    1    4    1    1    1    1224
    1    3   39  159  280    1   18    2    3    0    1583
    1    3   40  160   80    1    5    1    1    1     771
    1    3   41  161    6    1    1    1    1    1    2734
    1    3   42  162   49    1    4    1    1    1    1390
    1    3   43  163   35    1    3    1    1    1    1804
    1    3   44  164  212    1   14    2    2    1    2434
    1    3   45  165  217    1   14    2    2    1    1305
    1    3   46  166  473    1   30    3    3    1    1202
    1    3   47  167  267    1   17    2    2    1    2191
    1    3   48  168  164    1   11    2    2    1    1396
    1    3   49  169  250    1   16    2    2    1    1688
    1    3   50  170  340    1   22    3    3    1     776
    1    3   51  171   33    1    3    1    2    0    1001
    1    3   52  172   58    1    4    1    1    1    1138
    1    3   53  173   38    1    3    1    1    1    1685
    1    3   54  174  289    1   19    2    2    1    1271
    1    3   55  175  471    1   30    3    3    1     900
    1    3   56  176  360    1   23    3    3    1     920
    1    3   57  177  326    1   21    3    3    1    2233
    1    3   58  178  476    1   30    3    3    1    1636
    1    3   59  179  245    1   16    2    2    1    1548
    1    3   60  180  465    1   30    3    3    1     840
    2    1    1  181  278    0   18    2    3    0   10284
    2    1    2  182  186    0   12    2    3    0    1120
    2    1    3  183  411    1   26    3    2    0    1003
    2    1    4  184  154    0   10    1    1    1     811
    2    1    5  185  444    0   28    3    3    1     727
    2    1    6  186  421    0   27    3    1    0    1069
    2    1    7  187   65    0    5    1    1    1    1609
    2    1    8  188   32    0    2    1    2    0    2363
    2    1    9  189   60    0    4    1    2    0    2327
    2    1   10  190  187    0   12    2    2    1    3656
    2    1   11  191  130    0    9    1    1    1     943
    2    1   12  192  284    0   18    2    2    1    1539
    2    1   13  193  293    0   19    2    3    0    2830
    2    1   14  194  203    0   13    2    2    1     777
    2    1   15  195  215    0   14    2    2    1    1120
    2    1   16  196  224    0   14    2    2    1    1514
    2    1   17  197  217    1   14    2    2    1    1230
    2    1   18  198   87    0    6    1    3    0    1123
    2    1   19  199  201    1   13    2    2    1     694
    2    1   20  200  188    0   12    2    3    0    1032
    2    1   21  201   75    0    5    1    1    1     744
    2    1   22  202  269    1   17    2    2    1     797
    2    1   23  203  245    1   16    2    2    1    1471
    2    1   24  204  441    0   28    3    3    1     780
    2    1   25  205  446    0   28    3    3    1     774
    2    1   26  206  286    0   18    2    2    1    3777
    2    1   27  207   51    0    4    1    2    0     889
    2    1   28  208  433    0   28    3    3    1    2040
    2    1   29  209  408    1   26    3    3    1    2147
    2    1   30  210  397    0   25    3    2    0    2407
    2    1   31  211  422    0   27    3    3    1     954
    2    1   32  212   64    0    4    1    2    0     924
    2    1   33  213  259    0   17    2    2    1    1519
    2    1   34  214  307    0   20    2    2    1     686
    2    1   35  215  387    1   25    3    1    0    3994
    2    1   36  216  142    0    9    1    1    1     994
    2    1   37  217  311    0   20    2    3    0    1749
    2    1   38  218   71    1    5    1    1    1    3336
    2    1   39  219  407    0   26    3    2    0    1457
    2    1   40  220  176    0   11    2    1    0    2238
    2    1   41  221   53    1    4    1    1    1    1156
    2    1   42  222   77    0    5    1    1    1    2734
    2    1   43  223   99    0    7    1    2    0    4022
    2    1   44  224  157    0   10    1    1    1    1680
    2    1   45  225  405    0   26    3    3    1    2609
    2    1   46  226  229    0   15    2    3    0    1161
    2    1   47  227  412    0   26    3    3    1    2275
    2    1   48  228  265    0   17    2    3    0    3570
    2    1   49  229   39    0    3    1    1    1     841
    2    1   50  230   33    1    3    1    1    1    1280
    2    1   51  231  108    0    7    1    3    0    6663
    2    1   52  232  331    0   21    3    3    1    1071
    2    1   53  233  222    0   14    2    3    0    1095
    2    1   54  234  419    0   27    3    3    1    2525
    2    1   55  235   12    0    1    1    1    1     725
    2    1   56  236  114    0    8    1    1    1    1142
    2    1   57  237  239    0   15    2    2    1    1669
    2    1   58  238  144    0    9    1    1    1    1036
    2    1   59  239  146    0   10    1    1    1     944
    2    1   60  240   43    0    3    1    1    1    1140
    2    1   61  241  218    0   14    2    2    1    1376
    2    1   62  242  210    0   14    2    2    1    1332
    2    1   63  243  158    0   10    1    1    1    2546
    2    1   64  244  360    1   23    3    3    1     689
    2    1   65  245  434    0   28    3    3    1     993
    2    1   66  246  173    0   11    2    2    1     979
    2    1   67  247   34    0    3    1    1    1    2177
    2    1   68  248  107    0    7    1    2    0    2167
    2    1   69  249   88    0    6    1    3    0     791
    2    1   70  250  418    0   27    3    2    0    3604
    2    1   71  251  323    0   21    3    2    0    4138
    2    1   72  252  354    0   23    3    3    1     958
    2    1   73  253  151    0   10    1    2    0     871
    2    1   74  254   27    0    2    1    1    1     804
    2    1   75  255   91    0    6    1    3    0    1029
    2    1   76  256  221    0   14    2    2    1    2054
    2    1   77  257   42    0    3    1    1    1    1008
    2    1   78  258    2    0    1    1    1    1    1869
    2    1   79  259   49    1    4    1    1    1    1072
    2    1   80  260   40    0    3    1    1    1     668
    2    1   81  261  169    0   11    2    1    0    1378
    2    1   82  262  242    0   16    2    2    1     981
    2    1   83  263  252    1   16    2    2    1     921
    2    1   84  264  336    0   21    3    3    1    1233
    2    1   85  265  261    0   17    2    3    0    5329
    2    1   86  266  352    0   22    3    3    1    1549
    2    1   87  267  274    0   18    2    2    1     835
    2    1   88  268  370    0   24    3    1    0    3143
    2    1   89  269  273    0   18    2    2    1    1172
    2    1   90  270   86    0    6    1    3    0     886
    2    1   91  271  321    0   21    3    2    0    4223
    2    1   92  272   22    0    2    1    3    0    1215
    2    1   93  273  458    0   29    3    1    0    1125
    2    1   94  274  347    0   22    3    2    0    4363
    2    1   95  275  346    0   22    3    1    0    2822
    2    1   96  276  139    0    9    1    1    1     898
    2    1   97  277   78    0    5    1    1    1     744
    2    1   98  278  288    0   18    2    2    1    1454
    2    1   99  279  258    0   17    2    2    1    1168
    2    1  100  280  246    0   16    2    2    1    1253
    2    1  101  281  326    1   21    3    3    1    1440
    2    1  102  282  190    0   12    2    3    0    1196
    2    1  103  283   67    0    5    1    1    1    1240
    2    1  104  284  180    0   12    2    3    0     835
    2    1  105  285   11    0    1    1    2    0    2271
    2    1  106  286  436    0   28    3    3    1    1104
    2    1  107  287  423    0   27    3    3    1    2238
    2    1  108  288  472    0   30    3    2    0    1262
    2    1  109  289   30    0    2    1    1    1    1282
    2    1  110  290  119    0    8    1    1    1     839
    2    1  111  291  369    0   24    3    2    0    2885
    2    1  112  292   62    0    4    1    2    0    1739
    2    1  113  293  365    0   23    3    3    1    1047
    2    1  114  294  279    0   18    2    3    0    2099
    2    1  115  295  104    0    7    1    2    0    2180
    2    1  116  296  359    1   23    3    3    1    1227
    2    1  117  297  416    0   26    3    3    1    4232
    2    1  118  298  379    0   24    3    1    0    2258
    2    1  119  299  420    0   27    3    1    0    1456
    2    1  120  300  243    0   16    2    2    1    1401
    2    1  121  301  318    0   20    2    2    1    2861
    2    1  122  302  184    0   12    2    3    0     739
    2    1  123  303  194    0   13    2    1    0    1557
    2    1  124  304  236    0   15    2    2    1    1170
    2    1  125  305  198    0   13    2    2    1    1044
    2    1  126  306  310    0   20    2    2    1    2000
    2    1  127  307  214    0   14    2    2    1    1611
    2    1  128  308  254    0   16    2    2    1    1607
    2    1  129  309  356    1   23    3    3    1     857
    2    1  130  310   83    0    6    1    3    0     905
    2    1  131  311  156    0   10    1    1    1     907
    2    1  132  312  195    0   13    2    2    1     970
    2    1  133  313  230    0   15    2    2    1    1697
    2    1  134  314  364    0   23    3    2    0    3086
    2    1  135  315   55    0    4    1    1    1    1372
    2    1  136  316  164    1   11    2    2    1    1279
    2    1  137  317  306    0   20    2    3    0     803
    2    1  138  318  470    0   30    3    2    0     889
    2    1  139  319  450    0   29    3    2    0    1310
    2    1  140  320  253    0   16    2    1    0    4785
    2    1  141  321  182    1   12    2    2    1    1220
    2    1  142  322  263    0   17    2    2    1    2314
    2    1  143  323   50    0    4    1    3    0    2800
    2    1  144  324  150    0   10    1    1    1    1148
    2    1  145  325    1    0    1    1    1    1    1048
    2    1  146  326   21    0    2    1    2    0    2974
    2    1  147  327   29    0    2    1    2    0    1068
    2    1  148  328   81    0    6    1    3    0     823
    2    1  149  329   72    0    5    1    1    1     740
    2    1  150  330  295    0   19    2    1    0    1921
    2    1  151  331  453    0   29    3    3    1    1431
    2    1  152  332  159    0   10    1    1    1    3430
    2    1  153  333  304    0   19    2    3    0    1313
    2    1  154  334  476    1   30    3    3    1    1962
    2    1  155  335  348    0   22    3    1    0    1243
    2    1  156  336   76    0    5    1    1    1    2730
    2    1  157  337  136    0    9    1    1    1    1027
    2    1  158  338  338    0   22    3    2    0    2025
    2    1  159  339  241    0   16    2    2    1    1622
    2    1  160  340  341    0   22    3    2    0    1935
    2    1  161  341  168    0   11    2    3    0     707
    2    1  162  342  211    0   14    2    3    0    1014
    2    1  163  343  216    1   14    2    2    1    1190
    2    1  164  344  220    0   14    2    3    0     954
    2    1  165  345   92    0    6    1    3    0     691
    2    1  166  346  131    0    9    1    1    1     959
    2    1  167  347  465    1   30    3    3    1    1244
    2    1  168  348  322    0   21    3    3    1    1006
    2    1  169  349  349    0   22    3    1    0    3869
    2    1  170  350  414    0   26    3    3    1    2797
    2    1  171  351  391    0   25    3    3    1    1326
    2    1  172  352  147    0   10    1    2    0    3440
    2    1  173  353  291    0   19    2    3    0    1645
    2    1  174  354  282    0   18    2    3    0    2015
    2    1  175  355  145    0   10    1    1    1    1062
    2    1  176  356  267    1   17    2    2    1    2063
    2    1  177  357  283    0   18    2    2    1    3449
    2    1  178  358  333    0   21    3    3    1    1185
    2    1  179  359  247    0   16    2    2    1     998
    2    1  180  360   70    0    5    1    1    1     708
    2    1  181  361  248    0   16    2    2    1    1483
    2    1  182  362  126    0    8    1    1    1     984
    2    1  183  363  410    0   26    3    3    1    1248
    2    1  184  364   79    0    5    1    1    1     837
    2    1  185  365  129    0    9    1    1    1     736
    2    1  186  366    7    0    1    1    1    1    1036
    2    1  187  367   84    0    6    1    3    0    1061
    2    1  188  368   14    0    1    1    1    1     795
    2    1  189  369  250    1   16    2    2    1     958
    2    1  190  370   89    0    6    1    3    0     839
    2    1  191  371  460    0   29    3    3    1    2088
    2    1  192  372  292    0   19    2    1    0    1807
    2    1  193  373  244    0   16    2    2    1    1193
    2    1  194  374  100    0    7    1    1    1    1358
    2    1  195  375  425    0   27    3    3    1    1031
    2    1  196  376  329    0   21    3    3    1     833
    2    1  197  377  102    0    7    1    1    1    3254
    2    1  198  378  404    0   26    3    3    1     977
    2    1  199  379  334    0   21    3    3    1     986
    2    1  200  380  106    0    7    1    3    0    2640
    2    1  201  381   52    1    4    1    1    1    1032
    2    1  202  382  205    0   13    2    2    1    2478
    2    1  203  383  314    0   20    2    3    0    2798
    2    1  204  384    8    0    1    1    2    0    1735
    2    1  205  385  219    1   14    2    2    1     780
    2    1  206  386   93    0    6    1    3    0     637
    2    1  207  387  200    0   13    2    2    1    1149
    2    1  208  388  361    0   23    3    3    1     749
    2    1  209  389  415    0   26    3    2    0    1199
    2    1  210  390  335    0   21    3    3    1    1059
    2    1  211  391  234    0   15    2    3    0    1163
    2    1  212  392  427    0   27    3    3    1     883
    2    1  213  393  121    1    8    1    1    1     802
    2    1  214  394  312    0   20    2    3    0    1010
    2    1  215  395  209    0   14    2    3    0    4070
    2    1  216  396  223    0   14    2    2    1    2975
    2    1  217  397  373    0   24    3    1    0    2353
    2    1  218  398  255    0   16    2    2    1    1310
    2    1  219  399  399    0   25    3    3    1    2035
    2    1  220  400  270    0   17    2    2    1    2302
    2    1  221  401   16    1    1    1    1    1     746
    2    1  222  402  355    0   23    3    3    1    1173
    2    1  223  403  385    0   25    3    3    1    1543
    2    1  224  404  430    0   27    3    3    1     763
    2    1  225  405  170    0   11    2    1    0     869
    2    1  226  406  113    0    8    1    2    0    2549
    2    1  227  407  402    0   26    3    2    0    1791
    2    1  228  408  213    0   14    2    3    0    1005
    2    1  229  409   24    0    2    1    2    0    1783
    2    1  230  410  380    1   24    3    2    0     980
    2    1  231  411  401    0   26    3    2    0    1471
    2    1  232  412   68    0    5    1    1    1     734
    2    1  233  413  197    0   13    2    2    1    2061
    2    1  234  414  386    0   25    3    2    0    5401
    2    1  235  415   36    1    3    1    1    1     917
    2    1  236  416  393    0   25    3    2    0    1381
    2    1  237  417  309    0   20    2    3    0    3707
    2    1  238  418  226    0   15    2    3    0    4020
    2    1  239  419   13    0    1    1    1    1    1513
    2    1  240  420  155    0   10    1    2    0     935
    2    1  241  421  257    0   17    2    1    0     777
    2    1  242  422   31    0    2    1    1    1     803
    2    1  243  423  345    0   22    3    3    1    2140
    2    1  244  424  468    0   30    3    3    1    1941
    2    1  245  425  289    1   19    2    2    1     821
    2    1  246  426  432    0   27    3    3    1     811
    2    1  247  427  389    0   25    3    2    0    2259
    2    1  248  428   54    0    4    1    1    1    1214
    2    1  249  429   69    0    5    1    1    1     999
    2    1  250  430  143    0    9    1    1    1     752
    2    1  251  431  375    0   24    3    2    0    2365
    2    1  252  432  225    0   15    2    1    0    1009
    2    1  253  433  473    1   30    3    3    1     839
    2    1  254  434  294    0   19    2    1    0     794
    2    1  255  435  212    1   14    2    2    1    1156
    2    1  256  436  166    0   11    2    2    1    1815
    2    1  257  437  353    1   23    3    3    1     709
    2    1  258  438  376    0   24    3    1    0    1699
    2    1  259  439    6    1    1    1    1    1     859
    2    1  260  440   44    0    3    1    1    1    1219
    2    1  261  441  118    0    8    1    2    0    3030
    2    1  262  442  351    0   22    3    2    0    3260
    2    1  263  443  297    0   19    2    2    1     958
    2    1  264  444  264    0   17    2    3    0     895
    2    1  265  445  403    0   26    3    2    0    1212
    2    1  266  446   90    0    6    1    3    0     929
    2    1  267  447  378    0   24    3    2    0    2905
    2    1  268  448  115    0    8    1    1    1    1442
    2    1  269  449  437    0   28    3    3    1    1067
    2    1  270  450   97    0    7    1    1    1    2025
    2    1  271  451  392    0   25    3    1    0     746
    2    1  272  452   37    1    3    1    1    1     606
    2    1  273  453  161    0   11    2    3    0    2645
    2    1  274  454  429    0   27    3    3    1     909
    2    1  275  455  384    0   24    3    1    0     939
    2    1  276  456  469    0   30    3    3    1    3384
    2    1  277  457  448    1   28    3    3    1    1188
    2    1  278  458  266    1   17    2    2    1    1452
    2    1  279  459  475    0   30    3    2    0    4939
    2    1  280  460  141    0    9    1    1    1     871
    2    1  281  461  153    0   10    1    1    1    5202
    2    1  282  462  192    0   12    2    3    0     725
    2    1  283  463  117    1    8    1    1    1     929
    2    1  284  464  260    0   17    2    3    0    1932
    2    1  285  465  237    0   15    2    2    1    1843
    2    1  286  466   19    0    2    1    1    1     837
    2    1  287  467  317    0   20    2    3    0    1165
    2    1  288  468  238    0   15    2    2    1    2053
    2    1  289  469  454    0   29    3    2    0    1039
    2    1  290  470  431    0   27    3    3    1    1001
    2    1  291  471   10    0    1    1    1    1    1008
    2    1  292  472  112    0    7    1    1    1    5428
    2    1  293  473  400    0   25    3    1    0    1340
    2    1  294  474  202    0   13    2    2    1    2871
    2    1  295  475  426    0   27    3    3    1     942
    2    1  296  476  181    0   12    2    3    0     776
    2    1  297  477  249    0   16    2    1    0    3907
    2    1  298  478  163    0   11    2    3    0    1074
    2    1  299  479  206    0   13    2    2    1    1540
    2    1  300  480  452    0   29    3    3    1    1703
