    1    1    1    1  279    1   18    2    2    1    4918
    1    1    2    2  465    1   30    3    2    0    1782
    1    1    3    3  224    1   14    2    1    0    2959
    1    1    4    4  250    1   16    2    3    0    1320
    1    1    5    5  397    1   25    3    2    0    1211
    1    1    6    6  135    1    9    1    1    1    1413
    1    1    7    7  111    1    7    1    3    0    1029
    1    1    8    8  456    1   29    3    3    1    1106
    1    1    9    9  308    1   20    2    3    0    1068
    1    1   10   10  446    1   28    3    1    0    1189
    1    1   11   11  443    1   28    3    3    1     936
    1    1   12   12  136    1    9    1    1    1    1022
    1    1   13   13  125    1    8    1    3    0     914
    1    1   14   14  115    1    8    1    1    1    1017
    1    1   15   15  170    1   11    2    3    0    1160
    1    1   16   16  423    1   27    3    3    1    1043
    1    1   17   17  272    1   17    2    2    1     863
    1    1   18   18  238    1   15    2    2    1     818
    1    1   19   19  186    1   12    2    1    0     847
    1    1   20   20  355    1   23    3    3    1    1389
    1    1   21   21   40    1    3    1    1    1    1094
    1    1   22   22  420    1   27    3    2    0     884
    1    1   23   23  376    1   24    3    3    1    1231
    1    1   24   24  330    1   21    3    3    1    1194
    1    1   25   25  278    1   18    2    3    0    1083
    1    1   26   26  203    1   13    2    2    1    1033
    1    1   27   27  359    1   23    3    2    0    1896
    1    1   28   28   55    1    4    1    3    0    1100
    1    1   29   29  455    1   29    3    3    1     809
    1    1   30   30  229    1   15    2    3    0    1479
    1    1   31   31  405    1   26    3    3    1    1278
    1    1   32   32   73    1    5    1    3    0    3586
    1    1   33   33  471    1   30    3    2    0    1036
    1    1   34   34  293    1   19    2    2    1     724
    1    1   35   35  339    1   22    3    3    1    1099
    1    1   36   36   17    1    2    1    2    0     607
    1    1   37   37  413    1   26    3    3    1     722
    1    1   38   38  241    1   16    2    2    1     764
    1    1   39   39   62    1    4    1    2    0     837
    1    1   40   40   34    1    3    1    1    1     606
    1    1   41   41  106    1    7    1    2    0    1615
    1    1   42   42  190    1   12    2    2    1     690
    1    1   43   43  148    1   10    1    3    0     912
    1    1   44   44   31    1    2    1    1    1     750
    1    1   45   45  306    1   20    2    2    1     846
    1    1   46   46  327    1   21    3    2    0     814
    1    1   47   47  146    1   10    1    2    0     754
    1    1   48   48  163    1   11    2    2    1     696
    1    1   49   49   96    1    6    1    1    1    1343
    1    1   50   50    7    1    1    1    3    0    1329
    1    1   51   51   85    1    6    1    3    0     822
    1    1   52   52  337    1   22    3    3    1     803
    1    1   53   53  215    1   14    2    2    1     902
    1    1   54   54   16    1    1    1    1    1     901
    1    1   55   55  267    1   17    2    2    1     997
    1    1   56   56  395    1   25    3    1    0     889
    1    1   57   57  381    1   24    3    3    1     942
    1    1   58   58  195    1   13    2    2    1     711
    1    1   59   59  297    1   19    2    2    1    1252
    1    1   60   60   72    1    5    1    2    0     812
    1    2    1   61  278    1   18    2    2    1     858
    1    2    2   62  238    1   15    2    2    1    1104
    1    2    3   63  405    1   26    3    3    1    1118
    1    2    4   64  293    1   19    2    1    0    1333
    1    2    5   65  337    1   22    3    3    1     737
    1    2    6   66   40    1    3    1    1    1    1388
    1    2    7   67  272    1   17    2    2    1     753
    1    2    8   68  306    1   20    2    2    1     719
    1    2    9   69  395    1   25    3    3    1    1599
    1    2   10   70  190    1   12    2    2    1     740
    1    2   11   71  446    1   28    3    3    1    1601
    1    2   12   72  135    1    9    1    1    1    1239
    1    2   13   73    7    1    1    1    1    1     988
    1    2   14   74  471    1   30    3    3    1     844
    1    2   15   75   62    1    4    1    2    0    1143
    1    2   16   76  443    1   28    3    3    1    1274
    1    2   17   77  455    1   29    3    2    0     680
    1    2   18   78  297    1   19    2    2    1     755
    1    2   19   79  465    1   30    3    3    1     824
    1    2   20   80  250    1   16    2    2    1    1029
    1    2   21   81  203    1   13    2    2    1     815
    1    2   22   82  163    1   11    2    1    0     762
    1    2   23   83   34    1    3    1    1    1     690
    1    2   24   84  229    1   15    2    2    1    1031
    1    2   25   85  279    1   18    2    2    1     840
    1    2   26   86  339    1   22    3    3    1     881
    1    2   27   87  241    1   16    2    2    1     809
    1    2   28   88  267    1   17    2    2    1     659
    1    2   29   89  456    1   29    3    3    1     770
    1    2   30   90  355    1   23    3    3    1     702
    1    2   31   91  111    1    7    1    1    1     882
    1    2   32   92  125    1    8    1    1    1     944
    1    2   33   93  359    1   23    3    3    1     599
    1    2   34   94  170    1   11    2    1    0    1116
    1    2   35   95  224    1   14    2    2    1     661
    1    2   36   96  423    1   27    3    3    1     646
    1    2   37   97   31    1    2    1    3    0    1031
    1    2   38   98  195    1   13    2    2    1     968
    1    2   39   99  413    1   26    3    3    1    1011
    1    2   40  100  330    1   21    3    2    0    1036
    1    2   41  101   17    1    2    1    2    0     842
    1    2   42  102   85    1    6    1    1    1     801
    1    2   43  103  215    1   14    2    1    0    1034
    1    2   44  104  148    1   10    1    3    0     809
    1    2   45  105   96    1    6    1    1    1     792
    1    2   46  106   73    1    5    1    3    0     909
    1    2   47  107  376    1   24    3    3    1     965
    1    2   48  108   55    1    4    1    3    0     915
    1    2   49  109   16    1    1    1    3    0    1104
    1    2   50  110  146    1   10    1    3    0     657
    1    2   51  111  186    1   12    2    2    1    1080
    1    2   52  112  308    1   20    2    2    1     888
    1    2   53  113  381    1   24    3    3    1     663
    1    2   54  114  397    1   25    3    2    0     664
    1    2   55  115  136    1    9    1    3    0     705
    1    2   56  116   72    1    5    1    2    0     790
    1    2   57  117  106    1    7    1    2    0    1137
    1    2   58  118  420    1   27    3    3    1    1353
    1    2   59  119  327    1   21    3    2    0     755
    1    2   60  120  115    1    8    1    3    0     736
    1    3    1  121  163    1   11    2    2    1    1136
    1    3    2  122   34    1    3    1    1    1     801
    1    3    3  123   72    1    5    1    2    0     679
    1    3    4  124  327    1   21    3    2    0     998
    1    3    5  125  471    1   30    3    3    1     837
    1    3    6  126   31    1    2    1    1    1     967
    1    3    7  127  306    1   20    2    2    1     689
    1    3    8  128  279    1   18    2    3    0     836
    1    3    9  129  136    1    9    1    1    1     835
    1    3   10  130   96    1    6    1    1    1     664
    1    3   11  131  297    1   19    2    2    1     837
    1    3   12  132  195    1   13    2    2    1    1666
    1    3   13  133   62    1    4    1    3    0     975
    1    3   14  134  203    1   13    2    2    1    1112
    1    3   15  135  381    1   24    3    3    1     689
    1    3   16  136  146    1   10    1    1    1    1254
    1    3   17  137  339    1   22    3    3    1    1206
    1    3   18  138  355    1   23    3    3    1     937
    1    3   19  139  224    1   14    2    2    1     823
    1    3   20  140   40    1    3    1    1    1     920
    1    3   21  141  376    1   24    3    3    1    1272
    1    3   22  142  465    1   30    3    3    1    1383
    1    3   23  143  446    1   28    3    3    1    1000
    1    3   24  144  420    1   27    3    3    1     696
    1    3   25  145  115    1    8    1    1    1     913
    1    3   26  146  111    1    7    1    1    1     720
    1    3   27  147  443    1   28    3    3    1    1105
    1    3   28  148  250    1   16    2    2    1     714
    1    3   29  149  106    1    7    1    1    1     728
    1    3   30  150  229    1   15    2    3    0     783
    1    3   31  151   85    1    6    1    1    1    1033
    1    3   32  152   73    1    5    1    3    0     901
    1    3   33  153  272    1   17    2    2    1     797
    1    3   34  154  455    1   29    3    3    1    1765
    1    3   35  155   55    1    4    1    3    0     762
    1    3   36  156  278    1   18    2    2    1    1144
    1    3   37  157   17    1    2    1    2    0     819
    1    3   38  158    7    1    1    1    1    1     919
    1    3   39  159  456    1   29    3    3    1     610
    1    3   40  160  267    1   17    2    2    1     635
    1    3   41  161  397    1   25    3    2    0     777
    1    3   42  162  337    1   22    3    3    1     808
    1    3   43  163  395    1   25    3    3    1    1000
    1    3   44  164  330    1   21    3    2    0     707
    1    3   45  165  241    1   16    2    3    0    1129
    1    3   46  166  293    1   19    2    2    1     940
    1    3   47  167  308    1   20    2    2    1    4700
    1    3   48  168  125    1    8    1    1    1     961
    1    3   49  169  190    1   12    2    2    1     749
    1    3   50  170  413    1   26    3    3    1     676
    1    3   51  171  186    1   12    2    2    1    1056
    1    3   52  172  405    1   26    3    3    1     723
    1    3   53  173  238    1   15    2    2    1    1021
    1    3   54  174  148    1   10    1    3    0    1155
    1    3   55  175   16    1    1    1    1    1    1202
    1    3   56  176  135    1    9    1    3    0     829
    1    3   57  177  359    1   23    3    3    1     650
    1    3   58  178  215    1   14    2    1    0     830
    1    3   59  179  170    1   11    2    1    0     911
    1    3   60  180  423    1   27    3    3    1     643
    2    1    1  181  288    0   18    2    2    1    1980
    2    1    2  182   52    0    4    1    3    0    2195
    2    1    3  183  433    0   28    3    3    1    1567
    2    1    4  184  440    0   28    3    2    0     945
    2    1    5  185  292    0   19    2    2    1    1280
    2    1    6  186  146    1   10    1    3    0    1583
    2    1    7  187  361    0   23    3    3    1    1919
    2    1    8  188  214    0   14    2    1    0    1365
    2    1    9  189  224    1   14    2    2    1     875
    2    1   10  190  387    0   25    3    2    0     807
    2    1   11  191   11    0    1    1    2    0     663
    2    1   12  192  415    0   26    3    2    0     550
    2    1   13  193  438    0   28    3    2    0    2398
    2    1   14  194   35    0    3    1    2    0    2009
    2    1   15  195  101    0    7    1    1    1     812
    2    1   16  196  161    0   11    2    1    0     672
    2    1   17  197  474    0   30    3    2    0     940
    2    1   18  198  406    0   26    3    3    1     695
    2    1   19  199  199    0   13    2    2    1     780
    2    1   20  200   42    0    3    1    3    0    1794
    2    1   21  201  447    0   28    3    1    0    1467
    2    1   22  202  284    0   18    2    3    0     789
    2    1   23  203    9    0    1    1    2    0     631
    2    1   24  204  312    0   20    2    3    0     785
    2    1   25  205  251    0   16    2    2    1     643
    2    1   26  206  363    0   23    3    1    0     727
    2    1   27  207  103    0    7    1    1    1    1181
    2    1   28  208  370    0   24    3    3    1     838
    2    1   29  209  471    1   30    3    3    1     599
    2    1   30  210  182    0   12    2    2    1     513
    2    1   31  211  399    0   25    3    3    1     546
    2    1   32  212  176    0   11    2    1    0     862
    2    1   33  213  384    0   24    3    3    1     625
    2    1   34  214  329    0   21    3    1    0     598
    2    1   35  215  212    0   14    2    2    1     614
    2    1   36  216  163    1   11    2    1    0     716
    2    1   37  217   73    1    5    1    3    0     808
    2    1   38  218  164    0   11    2    2    1    1405
    2    1   39  219  145    0   10    1    3    0    1177
    2    1   40  220  257    0   17    2    1    0     878
    2    1   41  221  335    0   21    3    2    0     630
    2    1   42  222  442    0   28    3    2    0    1723
    2    1   43  223  359    1   23    3    3    1     563
    2    1   44  224  337    1   22    3    3    1     613
    2    1   45  225  300    0   19    2    2    1    1125
    2    1   46  226  317    0   20    2    2    1     639
    2    1   47  227  192    0   12    2    1    0     732
    2    1   48  228  434    0   28    3    2    0    1485
    2    1   49  229  225    0   15    2    2    1     836
    2    1   50  230   77    0    5    1    2    0    1090
    2    1   51  231  237    0   15    2    3    0     820
    2    1   52  232  469    0   30    3    3    1     713
    2    1   53  233  408    0   26    3    2    0     925
    2    1   54  234  378    0   24    3    3    1     685
    2    1   55  235  108    0    7    1    3    0    1065
    2    1   56  236   75    0    5    1    3    0     842
    2    1   57  237  313    0   20    2    2    1    1168
    2    1   58  238   24    0    2    1    1    1    1075
    2    1   59  239  265    0   17    2    2    1     728
    2    1   60  240  122    0    8    1    3    0    1278
    2    1   61  241  244    0   16    2    2    1    1196
    2    1   62  242  459    0   29    3    3    1     682
    2    1   63  243  129    0    9    1    3    0     592
    2    1   64  244  254    0   16    2    2    1     582
    2    1   65  245  417    0   27    3    2    0     812
    2    1   66  246   68    0    5    1    3    0     696
    2    1   67  247  430    0   27    3    2    0     769
    2    1   68  248   76    0    5    1    2    0     595
    2    1   69  249  102    0    7    1    2    0     598
    2    1   70  250  280    0   18    2    2    1     671
    2    1   71  251  240    0   15    2    2    1    1378
    2    1   72  252  429    0   27    3    2    0     626
    2    1   73  253  428    0   27    3    2    0    1246
    2    1   74  254  396    0   25    3    3    1     667
    2    1   75  255  344    0   22    3    3    1     907
    2    1   76  256  190    1   12    2    1    0     781
    2    1   77  257  466    0   30    3    1    0    1368
    2    1   78  258  197    0   13    2    2    1     631
    2    1   79  259  191    0   12    2    1    0     648
    2    1   80  260  368    0   23    3    1    0     696
    2    1   81  261  236    0   15    2    2    1     812
    2    1   82  262   89    0    6    1    1    1     602
    2    1   83  263  381    1   24    3    3    1     696
    2    1   84  264  323    0   21    3    2    0     890
    2    1   85  265  287    0   18    2    2    1     666
    2    1   86  266  141    0    9    1    1    1    1091
    2    1   87  267   61    0    4    1    2    0     633
    2    1   88  268  179    0   12    2    2    1     699
    2    1   89  269  151    0   10    1    2    0     649
    2    1   90  270  255    0   16    2    2    1     546
    2    1   91  271  112    0    7    1    1    1     771
    2    1   92  272  336    0   21    3    1    0     603
    2    1   93  273   49    0    4    1    2    0    1018
    2    1   94  274   10    0    1    1    1    1    1047
    2    1   95  275  154    0   10    1    2    0     708
    2    1   96  276  234    0   15    2    2    1    1371
    2    1   97  277  106    1    7    1    1    1     737
    2    1   98  278   43    0    3    1    2    0    1300
    2    1   99  279  357    0   23    3    3    1     927
    2    1  100  280  220    0   14    2    2    1     975
    2    1  101  281  135    1    9    1    1    1    1316
    2    1  102  282  436    0   28    3    2    0     851
    2    1  103  283   17    1    2    1    2    0    1755
    2    1  104  284  388    0   25    3    3    1    1131
    2    1  105  285   55    1    4    1    3    0     728
    2    1  106  286    7    1    1    1    3    0     985
    2    1  107  287  460    0   29    3    3    1     584
    2    1  108  288    2    0    1    1    3    0     608
    2    1  109  289   82    0    6    1    1    1     672
    2    1  110  290   32    0    2    1    3    0     807
    2    1  111  291  158    0   10    1    3    0     884
    2    1  112  292   96    1    6    1    1    1     573
    2    1  113  293  327    1   21    3    2    0     763
    2    1  114  294  477    0   30    3    3    1     670
    2    1  115  295  461    0   29    3    3    1     895
    2    1  116  296   63    0    4    1    2    0     637
    2    1  117  297  107    0    7    1    1    1    1177
    2    1  118  298   78    0    5    1    2    0    1009
    2    1  119  299  271    0   17    2    2    1     720
    2    1  120  300  183    0   12    2    2    1    1047
    2    1  121  301  283    0   18    2    2    1     569
    2    1  122  302  390    0   25    3    3    1     826
    2    1  123  303   36    0    3    1    2    0     647
    2    1  124  304  184    0   12    2    1    0     611
    2    1  125  305   62    1    4    1    2    0     662
    2    1  126  306  180    0   12    2    1    0     499
    2    1  127  307  274    0   18    2    3    0     582
    2    1  128  308  200    0   13    2    2    1     829
    2    1  129  309  339    1   22    3    3    1     707
    2    1  130  310   53    0    4    1    2    0     532
    2    1  131  311  177    0   12    2    1    0     483
    2    1  132  312  294    0   19    2    1    0     835
    2    1  133  313  369    0   24    3    3    1    1396
    2    1  134  314   72    1    5    1    2    0     591
    2    1  135  315  290    0   19    2    2    1     726
    2    1  136  316    1    0    1    1    1    1     622
    2    1  137  317  136    1    9    1    3    0     806
    2    1  138  318    6    0    1    1    2    0     647
    2    1  139  319  473    0   30    3    2    0     541
    2    1  140  320  431    0   27    3    2    0     575
    2    1  141  321  113    0    8    1    2    0     475
    2    1  142  322   41    0    3    1    2    0     652
    2    1  143  323  276    0   18    2    2    1     475
    2    1  144  324  246    0   16    2    2    1     547
    2    1  145  325   60    0    4    1    2    0     567
    2    1  146  326  423    1   27    3    3    1     681
    2    1  147  327  360    0   23    3    2    0     768
    2    1  148  328   64    0    4    1    2    0     660
    2    1  149  329  319    0   20    2    2    1    1069
    2    1  150  330  422    0   27    3    3    1    1128
    2    1  151  331  104    0    7    1    1    1     899
    2    1  152  332  196    0   13    2    2    1     584
    2    1  153  333  153    0   10    1    3    0    1284
    2    1  154  334  304    0   19    2    2    1     782
    2    1  155  335  375    0   24    3    3    1     624
    2    1  156  336   34    1    3    1    1    1     779
    2    1  157  337  343    0   22    3    3    1     699
    2    1  158  338  330    1   21    3    2    0     769
    2    1  159  339  427    0   27    3    2    0     654
    2    1  160  340  123    0    8    1    1    1    1265
    2    1  161  341  132    0    9    1    1    1     851
    2    1  162  342  351    0   22    3    3    1     740
    2    1  163  343  432    0   27    3    2    0     634
    2    1  164  344  463    0   29    3    3    1     798
    2    1  165  345  411    0   26    3    3    1    1112
    2    1  166  346  233    0   15    2    2    1    1085
    2    1  167  347  231    0   15    2    1    0     860
    2    1  168  348  266    0   17    2    2    1     547
    2    1  169  349  130    0    9    1    1    1     479
    2    1  170  350  174    0   11    2    2    1     569
    2    1  171  351   13    0    1    1    2    0     977
    2    1  172  352  383    0   24    3    3    1     770
    2    1  173  353  144    0    9    1    1    1     645
    2    1  174  354  475    0   30    3    2    0     556
    2    1  175  355   33    0    3    1    2    0     613
    2    1  176  356  480    0   30    3    2    0     528
    2    1  177  357  250    1   16    2    2    1     482
    2    1  178  358   56    0    4    1    2    0     868
    2    1  179  359  116    0    8    1    3    0     911
    2    1  180  360  405    1   26    3    3    1     625
    2    1  181  361  398    0   25    3    3    1     652
    2    1  182  362  137    0    9    1    1    1     564
    2    1  183  363  404    0   26    3    2    0     490
    2    1  184  364  382    0   24    3    3    1     604
    2    1  185  365   51    0    4    1    2    0     686
    2    1  186  366   65    0    5    1    3    0     683
    2    1  187  367  348    0   22    3    3    1     542
    2    1  188  368  385    0   25    3    3    1     652
    2    1  189  369   27    0    2    1    1    1     556
    2    1  190  370  275    0   18    2    2    1     754
    2    1  191  371  320    0   20    2    2    1     547
    2    1  192  372   95    0    6    1    1    1     642
    2    1  193  373  322    0   21    3    1    0     648
    2    1  194  374  457    0   29    3    3    1     563
    2    1  195  375  268    0   17    2    2    1     783
    2    1  196  376  185    0   12    2    1    0     556
    2    1  197  377  208    0   13    2    3    0     749
    2    1  198  378  403    0   26    3    2    0     579
    2    1  199  379  467    0   30    3    2    0     492
    2    1  200  380  261    0   17    2    2    1     530
    2    1  201  381   23    0    2    1    1    1     796
    2    1  202  382   39    0    3    1    3    0     846
    2    1  203  383  109    0    7    1    3    0     658
    2    1  204  384   98    0    7    1    3    0    1348
    2    1  205  385   37    0    3    1    2    0    1004
    2    1  206  386   71    0    5    1    2    0     735
    2    1  207  387  309    0   20    2    3    0     719
    2    1  208  388  189    0   12    2    1    0     724
    2    1  209  389  198    0   13    2    2    1     553
    2    1  210  390   16    1    1    1    2    0     952
    2    1  211  391  258    0   17    2    2    1     478
    2    1  212  392  243    0   16    2    2    1     501
    2    1  213  393   30    0    2    1    1    1    1077
    2    1  214  394  149    0   10    1    1    1    1350
    2    1  215  395  426    0   27    3    2    0     753
    2    1  216  396  166    0   11    2    2    1     636
    2    1  217  397   93    0    6    1    1    1     646
    2    1  218  398  421    0   27    3    2    0     612
    2    1  219  399    5    0    1    1    3    0    1036
    2    1  220  400   97    0    7    1    3    0    1391
    2    1  221  401  117    0    8    1    2    0    1561
    2    1  222  402  215    1   14    2    1    0    1315
    2    1  223  403  293    1   19    2    2    1     540
    2    1  224  404  407    0   26    3    2    0     523
    2    1  225  405  270    0   17    2    2    1     572
    2    1  226  406    3    0    1    1    2    0     489
    2    1  227  407  296    0   19    2    2    1     451
    2    1  228  408  263    0   17    2    2    1     488
    2    1  229  409  452    0   29    3    2    0     368
    2    1  230  410  400    0   25    3    3    1     646
    2    1  231  411   66    0    5    1    2    0     529
    2    1  232  412  341    0   22    3    3    1    1258
    2    1  233  413  186    1   12    2    1    0     504
    2    1  234  414  247    0   16    2    2    1     498
    2    1  235  415  115    1    8    1    3    0     858
    2    1  236  416  252    0   16    2    2    1     610
    2    1  237  417  281    0   18    2    2    1     530
    2    1  238  418  401    0   26    3    3    1     718
    2    1  239  419  118    0    8    1    1    1    1727
    2    1  240  420  441    0   28    3    2    0    1046
    2    1  241  421   19    0    2    1    2    0     549
    2    1  242  422   99    0    7    1    1    1    1009
    2    1  243  423  223    0   14    2    2    1     499
    2    1  244  424  213    0   14    2    2    1     815
    2    1  245  425  349    0   22    3    3    1     736
    2    1  246  426  139    0    9    1    1    1    1068
    2    1  247  427  157    0   10    1    3    0     818
    2    1  248  428   59    0    4    1    2    0     497
    2    1  249  429  206    0   13    2    2    1     494
    2    1  250  430   45    0    3    1    3    0     637
    2    1  251  431  311    0   20    2    2    1     579
    2    1  252  432  325    0   21    3    1    0     804
    2    1  253  433  397    1   25    3    2    0     495
    2    1  254  434  379    0   24    3    3    1     579
    2    1  255  435  297    1   19    2    2    1     539
    2    1  256  436  162    0   11    2    2    1     922
    2    1  257  437  355    1   23    3    3    1     863
    2    1  258  438   26    0    2    1    2    0     645
    2    1  259  439  424    0   27    3    2    0     732
    2    1  260  440  455    1   29    3    2    0     962
    2    1  261  441  140    0    9    1    1    1    1348
    2    1  262  442  277    0   18    2    2    1     699
    2    1  263  443  479    0   30    3    2    0     550
    2    1  264  444  201    0   13    2    2    1     490
    2    1  265  445  193    0   13    2    2    1     558
    2    1  266  446  306    1   20    2    2    1     514
    2    1  267  447  464    0   29    3    3    1     831
    2    1  268  448  133    0    9    1    1    1     591
    2    1  269  449    8    0    1    1    2    0     614
    2    1  270  450  248    0   16    2    2    1     500
    2    1  271  451  156    0   10    1    2    0    1387
    2    1  272  452   81    0    6    1    1    1     625
    2    1  273  453  194    0   13    2    2    1     509
    2    1  274  454   67    0    5    1    2    0     684
    2    1  275  455  259    0   17    2    2    1     598
    2    1  276  456  235    0   15    2    2    1     689
    2    1  277  457  124    0    8    1    2    0     650
    2    1  278  458  229    1   15    2    1    0    3837
    2    1  279  459  152    0   10    1    3    0     620
    2    1  280  460  456    1   29    3    3    1     645
    2    1  281  461  376    1   24    3    3    1     604
    2    1  282  462  128    0    8    1    1    1    1090
    2    1  283  463  105    0    7    1    1    1    1584
    2    1  284  464   84    0    6    1    1    1     655
    2    1  285  465  121    0    8    1    2    0     938
    2    1  286  466  413    1   26    3    3    1     569
    2    1  287  467  301    0   19    2    2    1     757
    2    1  288  468  345    0   22    3    1    0     569
    2    1  289  469  326    0   21    3    2    0    1087
    2    1  290  470  291    0   19    2    2    1     531
    2    1  291  471  470    0   30    3    2    0     590
    2    1  292  472  454    0   29    3    3    1     641
    2    1  293  473  453    0   29    3    3    1     741
    2    1  294  474  416    0   26    3    2    0    1180
    2    1  295  475  159    0   10    1    3    0     683
    2    1  296  476   90    0    6    1    1    1     771
    2    1  297  477  218    0   14    2    2    1     642
    2    1  298  478  205    0   13    2    2    1    2074
    2    1  299  479  366    0   23    3    2    0    1013
    2    1  300  480  222    0   14    2    2    1    1070
