    1    1    1    1  355    1   23    3    1    0    3136
    1    1    2    2  195    1   13    2    2    1    2538
    1    1    3    3  293    1   19    2    1    0    1725
    1    1    4    4  238    1   15    2    2    1    1661
    1    1    5    5  455    1   29    3    3    1    2275
    1    1    6    6   96    1    6    1    1    1    2129
    1    1    7    7   62    1    4    1    2    0    1367
    1    1    8    8  203    1   13    2    1    0    2234
    1    1    9    9  115    1    8    1    1    1    4826
    1    1   10   10  306    1   20    2    1    0    2419
    1    1   11   11  420    1   27    3    2    0    2599
    1    1   12   12  148    1   10    1    3    0    6314
    1    1   13   13  136    1    9    1    1    1    8318
    1    1   14   14  250    1   16    2    3    0    2993
    1    1   15   15  376    1   24    3    1    0    1831
    1    1   16   16  278    1   18    2    2    1    3100
    1    1   17   17  423    1   27    3    1    0    5212
    1    1   18   18   31    1    2    1    3    0    1950
    1    1   19   19  106    1    7    1    2    0    2611
    1    1   20   20  163    1   11    2    3    0    2903
    1    1   21   21   40    1    3    1    2    0    3359
    1    1   22   22  125    1    8    1    1    1    1491
    1    1   23   23  308    1   20    2    3    0    1491
    1    1   24   24  241    1   16    2    2    1    2638
    1    1   25   25  359    1   23    3    3    1    3900
    1    1   26   26  297    1   19    2    2    1    2707
    1    1   27   27  397    1   25    3    3    1    3939
    1    1   28   28  405    1   26    3    1    0    2044
    1    1   29   29  395    1   25    3    3    1    4676
    1    1   30   30  337    1   22    3    3    1    3453
    1    1   31   31   34    1    3    1    1    1    3665
    1    1   32   32  215    1   14    2    1    0    6557
    1    1   33   33  146    1   10    1    2    0    2461
    1    1   34   34   85    1    6    1    1    1    3552
    1    1   35   35  279    1   18    2    3    0    4503
    1    1   36   36  186    1   12    2    2    1    2595
    1    1   37   37  327    1   21    3    3    1   11412
    1    1   38   38  229    1   15    2    1    0    2550
    1    1   39   39    7    1    1    1    3    0    1582
    1    1   40   40   73    1    5    1    1    1    1444
    1    1   41   41  465    1   30    3    3    1    3858
    1    1   42   42  272    1   17    2    2    1     838
    1    1   43   43  339    1   22    3    3    1    1641
    1    1   44   44  190    1   12    2    1    0    1191
    1    1   45   45  330    1   21    3    2    0    1074
    1    1   46   46  446    1   28    3    1    0    2140
    1    1   47   47  381    1   24    3    3    1    1091
    1    1   48   48  224    1   14    2    3    0    9023
    1    1   49   49   17    1    2    1    3    0     998
    1    1   50   50  443    1   28    3    1    0    1174
    1    1   51   51  267    1   17    2    3    0    2190
    1    1   52   52  471    1   30    3    3    1    1518
    1    1   53   53  135    1    9    1    1    1    2684
    1    1   54   54   55    1    4    1    3    0    1266
    1    1   55   55  456    1   29    3    3    1    1469
    1    1   56   56   72    1    5    1    2    0    1126
    1    1   57   57  170    1   11    2    3    0     937
    1    1   58   58  413    1   26    3    3    1    1177
    1    1   59   59   16    1    1    1    2    0    4554
    1    1   60   60  111    1    7    1    1    1    1373
    1    2    1   61  397    1   25    3    3    1     837
    1    2    2   62  195    1   13    2    2    1    3029
    1    2    3   63  135    1    9    1    1    1    1203
    1    2    4   64  106    1    7    1    1    1    5680
    1    2    5   65  215    1   14    2    2    1    1556
    1    2    6   66  293    1   19    2    3    0    2460
    1    2    7   67  125    1    8    1    1    1     826
    1    2    8   68  443    1   28    3    3    1    1778
    1    2    9   69   72    1    5    1    1    1    2267
    1    2   10   70  297    1   19    2    2    1    1048
    1    2   11   71   40    1    3    1    2    0    1251
    1    2   12   72  163    1   11    2    1    0    2086
    1    2   13   73  170    1   11    2    1    0    1355
    1    2   14   74  359    1   23    3    3    1    1009
    1    2   15   75   34    1    3    1    2    0    1413
    1    2   16   76   73    1    5    1    1    1    2781
    1    2   17   77  279    1   18    2    3    0     899
    1    2   18   78   17    1    2    1    3    0     969
    1    2   19   79   16    1    1    1    1    1    2577
    1    2   20   80   31    1    2    1    2    0    1132
    1    2   21   81   55    1    4    1    3    0    3327
    1    2   22   82  337    1   22    3    2    0    2810
    1    2   23   83  381    1   24    3    3    1    1092
    1    2   24   84  465    1   30    3    3    1    1157
    1    2   25   85  148    1   10    1    3    0    1751
    1    2   26   86  355    1   23    3    2    0    3501
    1    2   27   87  111    1    7    1    3    0    6251
    1    2   28   88  115    1    8    1    1    1    3509
    1    2   29   89  308    1   20    2    3    0     816
    1    2   30   90  456    1   29    3    3    1    1324
    1    2   31   91  413    1   26    3    1    0    2669
    1    2   32   92  267    1   17    2    3    0    1482
    1    2   33   93   62    1    4    1    2    0    2919
    1    2   34   94    7    1    1    1    1    1    1568
    1    2   35   95  395    1   25    3    2    0    1773
    1    2   36   96  327    1   21    3    3    1    2029
    1    2   37   97  405    1   26    3    3    1    2361
    1    2   38   98  203    1   13    2    2    1    1148
    1    2   39   99  241    1   16    2    2    1    1849
    1    2   40  100  471    1   30    3    3    1    1430
    1    2   41  101  420    1   27    3    1    0    2026
    1    2   42  102  330    1   21    3    2    0    8738
    1    2   43  103  455    1   29    3    3    1     788
    1    2   44  104   85    1    6    1    1    1    4074
    1    2   45  105  238    1   15    2    3    0    1405
    1    2   46  106  190    1   12    2    1    0    2489
    1    2   47  107  250    1   16    2    3    0     946
    1    2   48  108  339    1   22    3    1    0    2753
    1    2   49  109  306    1   20    2    3    0    1320
    1    2   50  110  423    1   27    3    2    0     823
    1    2   51  111  224    1   14    2    2    1    1442
    1    2   52  112  278    1   18    2    2    1    1188
    1    2   53  113  446    1   28    3    3    1    1524
    1    2   54  114  136    1    9    1    2    0    3418
    1    2   55  115  186    1   12    2    1    0    1518
    1    2   56  116  376    1   24    3    3    1     977
    1    2   57  117  272    1   17    2    3    0    2021
    1    2   58  118  146    1   10    1    2    0    2826
    1    2   59  119  229    1   15    2    2    1    2387
    1    2   60  120   96    1    6    1    1    1    1070
    1    3    1  121  106    1    7    1    1    1     932
    1    3    2  122  471    1   30    3    3    1    1314
    1    3    3  123  327    1   21    3    2    0    1956
    1    3    4  124  306    1   20    2    3    0     745
    1    3    5  125  405    1   26    3    3    1    3554
    1    3    6  126  203    1   13    2    2    1    3063
    1    3    7  127  250    1   16    2    2    1    3240
    1    3    8  128   85    1    6    1    1    1    1050
    1    3    9  129  455    1   29    3    3    1    1277
    1    3   10  130   72    1    5    1    3    0    2401
    1    3   11  131  293    1   19    2    2    1    1752
    1    3   12  132  420    1   27    3    3    1     936
    1    3   13  133  423    1   27    3    1    0    2118
    1    3   14  134  115    1    8    1    1    1    2035
    1    3   15  135  330    1   21    3    2    0    1258
    1    3   16  136  190    1   12    2    2    1    2546
    1    3   17  137  125    1    8    1    1    1     856
    1    3   18  138  229    1   15    2    2    1    2762
    1    3   19  139  272    1   17    2    2    1    1921
    1    3   20  140  355    1   23    3    3    1    2585
    1    3   21  141  146    1   10    1    2    0    2208
    1    3   22  142  446    1   28    3    3    1     703
    1    3   23  143   34    1    3    1    2    0    4675
    1    3   24  144  279    1   18    2    3    0     964
    1    3   25  145  136    1    9    1    2    0    1795
    1    3   26  146  170    1   11    2    2    1    1526
    1    3   27  147  339    1   22    3    3    1     817
    1    3   28  148  359    1   23    3    3    1     885
    1    3   29  149  413    1   26    3    3    1    1733
    1    3   30  150   40    1    3    1    2    0    1349
    1    3   31  151   17    1    2    1    3    0     807
    1    3   32  152  267    1   17    2    2    1    1376
    1    3   33  153   73    1    5    1    1    1    2064
    1    3   34  154  186    1   12    2    1    0     893
    1    3   35  155  135    1    9    1    2    0    1073
    1    3   36  156   31    1    2    1    3    0     818
    1    3   37  157   96    1    6    1    1    1     842
    1    3   38  158  443    1   28    3    3    1    4055
    1    3   39  159  297    1   19    2    3    0    2025
    1    3   40  160  215    1   14    2    2    1    1761
    1    3   41  161  395    1   25    3    1    0     904
    1    3   42  162  195    1   13    2    2    1    1486
    1    3   43  163  163    1   11    2    1    0    3006
    1    3   44  164   16    1    1    1    2    0    8940
    1    3   45  165  465    1   30    3    3    1    2779
    1    3   46  166  224    1   14    2    2    1    1009
    1    3   47  167  148    1   10    1    1    1    2446
    1    3   48  168  376    1   24    3    3    1    1054
    1    3   49  169  241    1   16    2    2    1    6640
    1    3   50  170  308    1   20    2    3    0    3470
    1    3   51  171  238    1   15    2    2    1    2390
    1    3   52  172   62    1    4    1    1    1    3162
    1    3   53  173    7    1    1    1    2    0    1100
    1    3   54  174  397    1   25    3    3    1    1039
    1    3   55  175  456    1   29    3    3    1    1889
    1    3   56  176  111    1    7    1    1    1    2134
    1    3   57  177  337    1   22    3    2    0    4043
    1    3   58  178   55    1    4    1    1    1    1271
    1    3   59  179  278    1   18    2    1    0    5862
    1    3   60  180  381    1   24    3    3    1   10730
    2    1    1  181  289    0   19    2    2    1    3166
    2    1    2  182   31    1    2    1    1    1    9115
    2    1    3  183  410    0   26    3    3    1    1631
    2    1    4  184   68    0    5    1    1    1     996
    2    1    5  185   53    0    4    1    2    0     917
    2    1    6  186   80    0    5    1    2    0     772
    2    1    7  187  425    0   27    3    1    0    1019
    2    1    8  188   73    1    5    1    1    1    1864
    2    1    9  189  150    0   10    1    2    0    2430
    2    1   10  190  100    0    7    1    1    1    2392
    2    1   11  191   64    0    4    1    2    0    1467
    2    1   12  192  232    0   15    2    3    0    4308
    2    1   13  193    6    0    1    1    2    0    2309
    2    1   14  194  427    0   27    3    1    0    1573
    2    1   15  195  204    0   13    2    2    1    2606
    2    1   16  196  111    1    7    1    1    1    1427
    2    1   17  197  264    0   17    2    3    0    1763
    2    1   18  198  347    0   22    3    1    0    1013
    2    1   19  199  252    0   16    2    3    0    1119
    2    1   20  200  382    0   24    3    1    0     993
    2    1   21  201  343    0   22    3    1    0    1533
    2    1   22  202  349    0   22    3    1    0    1431
    2    1   23  203  278    1   18    2    3    0    1077
    2    1   24  204  371    0   24    3    1    0    1227
    2    1   25  205  403    0   26    3    3    1    3939
    2    1   26  206   88    0    6    1    1    1    2878
    2    1   27  207  189    0   12    2    1    0     746
    2    1   28  208  327    1   21    3    2    0    1726
    2    1   29  209  385    0   25    3    3    1    3184
    2    1   30  210  170    1   11    2    1    0    2351
    2    1   31  211  291    0   19    2    2    1    1632
    2    1   32  212   33    0    3    1    1    1    1081
    2    1   33  213  477    0   30    3    3    1     804
    2    1   34  214  320    0   20    2    3    0     913
    2    1   35  215   62    1    4    1    2    0    1342
    2    1   36  216  215    1   14    2    1    0     700
    2    1   37  217  418    0   27    3    1    0     894
    2    1   38  218  422    0   27    3    2    0     911
    2    1   39  219  216    0   14    2    2    1    1202
    2    1   40  220  412    0   26    3    2    0    1579
    2    1   41  221   55    1    4    1    3    0    1504
    2    1   42  222  122    0    8    1    1    1    1265
    2    1   43  223  263    0   17    2    3    0    1004
    2    1   44  224  404    0   26    3    2    0    1002
    2    1   45  225  420    1   27    3    1    0    1731
    2    1   46  226  476    0   30    3    2    0    3373
    2    1   47  227  432    0   27    3    1    0    1021
    2    1   48  228  172    0   11    2    1    0    3951
    2    1   49  229  428    0   27    3    1    0    1215
    2    1   50  230  179    0   12    2    1    0    1867
    2    1   51  231   72    1    5    1    1    1    1626
    2    1   52  232   52    0    4    1    1    1    1347
    2    1   53  233  368    0   23    3    2    0    3340
    2    1   54  234  139    0    9    1    3    0    1151
    2    1   55  235  156    0   10    1    1    1    2588
    2    1   56  236  235    0   15    2    1    0     810
    2    1   57  237  270    0   17    2    3    0     955
    2    1   58  238  408    0   26    3    2    0    2059
    2    1   59  239  401    0   26    3    3    1     901
    2    1   60  240  185    0   12    2    1    0     780
    2    1   61  241  244    0   16    2    2    1    2023
    2    1   62  242  429    0   27    3    1    0     922
    2    1   63  243   99    0    7    1    1    1    1047
    2    1   64  244  275    0   18    2    1    0    1584
    2    1   65  245  120    0    8    1    1    1    1008
    2    1   66  246  379    0   24    3    3    1    1060
    2    1   67  247  178    0   12    2    1    0    1113
    2    1   68  248  295    0   19    2    2    1    2412
    2    1   69  249  293    1   19    2    2    1     942
    2    1   70  250  134    0    9    1    1    1    1528
    2    1   71  251  392    0   25    3    1    0     723
    2    1   72  252   18    0    2    1    3    0     792
    2    1   73  253  214    0   14    2    3    0     774
    2    1   74  254  364    0   23    3    2    0     982
    2    1   75  255  276    0   18    2    2    1    1648
    2    1   76  256  315    0   20    2    3    0    1014
    2    1   77  257  152    0   10    1    3    0    2637
    2    1   78  258  203    1   13    2    2    1    1578
    2    1   79  259  163    1   11    2    2    1    2335
    2    1   80  260  434    0   28    3    1    0    1299
    2    1   81  261  306    1   20    2    3    0     704
    2    1   82  262  213    0   14    2    2    1    3577
    2    1   83  263  169    0   11    2    1    0     902
    2    1   84  264  433    0   28    3    1    0    1093
    2    1   85  265  221    0   14    2    2    1    4411
    2    1   86  266  153    0   10    1    1    1     603
    2    1   87  267    2    0    1    1    2    0    1172
    2    1   88  268   58    0    4    1    1    1    1380
    2    1   89  269   51    0    4    1    1    1    1007
    2    1   90  270  184    0   12    2    1    0     811
    2    1   91  271  330    1   21    3    2    0     767
    2    1   92  272  245    0   16    2    3    0     751
    2    1   93  273   74    0    5    1    1    1     886
    2    1   94  274  332    0   21    3    2    0    1052
    2    1   95  275  461    0   29    3    3    1    1585
    2    1   96  276  208    0   13    2    3    0    1363
    2    1   97  277    8    0    1    1    2    0     813
    2    1   98  278  274    0   18    2    3    0     656
    2    1   99  279  108    0    7    1    1    1     729
    2    1  100  280  194    0   13    2    2    1    1416
    2    1  101  281   78    0    5    1    1    1     648
    2    1  102  282  394    0   25    3    3    1    1774
    2    1  103  283   93    0    6    1    1    1     709
    2    1  104  284  388    0   25    3    3    1    1870
    2    1  105  285   61    0    4    1    1    1     949
    2    1  106  286  117    0    8    1    1    1     869
    2    1  107  287  103    0    7    1    1    1    1294
    2    1  108  288  340    0   22    3    1    0     892
    2    1  109  289   24    0    2    1    2    0    1481
    2    1  110  290  174    0   11    2    1    0     892
    2    1  111  291   46    0    3    1    1    1     865
    2    1  112  292  131    0    9    1    3    0    1663
    2    1  113  293  462    0   29    3    3    1    1086
    2    1  114  294  475    0   30    3    3    1    1213
    2    1  115  295   71    0    5    1    1    1     861
    2    1  116  296  440    0   28    3    1    0     630
    2    1  117  297  439    0   28    3    1    0     658
    2    1  118  298  287    0   18    2    2    1    1168
    2    1  119  299  249    0   16    2    2    1     664
    2    1  120  300  199    0   13    2    2    1    1146
    2    1  121  301  414    0   26    3    3    1     661
    2    1  122  302  261    0   17    2    3    0     999
    2    1  123  303  181    0   12    2    1    0     562
    2    1  124  304  183    0   12    2    2    1    1466
    2    1  125  305  326    0   21    3    2    0    1294
    2    1  126  306  241    1   16    2    2    1    2647
    2    1  127  307  352    0   22    3    1    0     813
    2    1  128  308  444    0   28    3    1    0     939
    2    1  129  309   34    1    3    1    1    1    1013
    2    1  130  310   96    1    6    1    1    1     716
    2    1  131  311  361    0   23    3    1    0     692
    2    1  132  312  299    0   19    2    3    0    1408
    2    1  133  313  335    0   21    3    2    0    1008
    2    1  134  314  312    0   20    2    3    0     960
    2    1  135  315  257    0   17    2    3    0     796
    2    1  136  316  272    1   17    2    2    1    1246
    2    1  137  317  386    0   25    3    3    1    1433
    2    1  138  318  344    0   22    3    1    0     974
    2    1  139  319  266    0   17    2    3    0     783
    2    1  140  320  226    0   15    2    2    1    2001
    2    1  141  321  341    0   22    3    1    0    1029
    2    1  142  322  430    0   27    3    1    0     741
    2    1  143  323  454    0   29    3    3    1     865
    2    1  144  324  285    0   18    2    2    1    2953
    2    1  145  325  140    0    9    1    3    0    2097
    2    1  146  326  281    0   18    2    2    1     645
    2    1  147  327  143    0    9    1    1    1     742
    2    1  148  328  480    0   30    3    2    0    1356
    2    1  149  329  258    0   17    2    3    0    1070
    2    1  150  330  366    0   23    3    1    0     792
    2    1  151  331  301    0   19    2    2    1     958
    2    1  152  332   23    0    2    1    1    1     990
    2    1  153  333  129    0    9    1    1    1     848
    2    1  154  334  465    1   30    3    3    1    2530
    2    1  155  335   63    0    4    1    1    1     788
    2    1  156  336  173    0   11    2    2    1    1133
    2    1  157  337  256    0   16    2    1    0    1065
    2    1  158  338  223    0   14    2    3    0     809
    2    1  159  339   76    0    5    1    1    1     860
    2    1  160  340  234    0   15    2    3    0    4074
    2    1  161  341  217    0   14    2    2    1    2075
    2    1  162  342  339    1   22    3    1    0     714
    2    1  163  343   98    0    7    1    2    0    5079
    2    1  164  344  423    1   27    3    2    0    1775
    2    1  165  345  195    1   13    2    2    1     868
    2    1  166  346  271    0   17    2    3    0    1295
    2    1  167  347  269    0   17    2    2    1     842
    2    1  168  348   39    0    3    1    1    1     885
    2    1  169  349   11    0    1    1    1    1    1733
    2    1  170  350  146    1   10    1    1    1    1947
    2    1  171  351  228    0   15    2    1    0     972
    2    1  172  352  211    0   14    2    3    0    2915
    2    1  173  353  376    1   24    3    3    1    1102
    2    1  174  354  467    0   30    3    3    1    1239
    2    1  175  355  384    0   24    3    1    0    1132
    2    1  176  356  449    0   29    3    3    1    1272
    2    1  177  357  436    0   28    3    1    0     773
    2    1  178  358  145    0   10    1    2    0    1768
    2    1  179  359  225    0   15    2    1    0    1774
    2    1  180  360   50    0    4    1    2    0    4387
    2    1  181  361  294    0   19    2    3    0    1427
    2    1  182  362  397    1   25    3    3    1     867
    2    1  183  363  334    0   21    3    2    0    1783
    2    1  184  364  280    0   18    2    3    0    1136
    2    1  185  365  224    1   14    2    3    0     733
    2    1  186  366  114    0    8    1    1    1     697
    2    1  187  367   69    0    5    1    2    0    1231
    2    1  188  368  259    0   17    2    2    1    2112
    2    1  189  369  419    0   27    3    1    0     709
    2    1  190  370  466    0   30    3    3    1     623
    2    1  191  371  105    0    7    1    1    1     662
    2    1  192  372   21    0    2    1    3    0    1854
    2    1  193  373   86    0    6    1    1    1    3497
    2    1  194  374  171    0   11    2    2    1    1355
    2    1  195  375  262    0   17    2    2    1    3442
    2    1  196  376  450    0   29    3    3    1    1127
    2    1  197  377   87    0    6    1    1    1     683
    2    1  198  378   30    0    2    1    1    1    1450
    2    1  199  379  443    1   28    3    3    1    3583
    2    1  200  380  395    1   25    3    1    0    1168
    2    1  201  381  148    1   10    1    1    1     893
    2    1  202  382  459    0   29    3    3    1     726
    2    1  203  383  218    0   14    2    3    0    1211
    2    1  204  384  255    0   16    2    2    1     680
    2    1  205  385  268    0   17    2    3    0    1541
    2    1  206  386  321    0   21    3    1    0    1453
    2    1  207  387  130    0    9    1    1    1     973
    2    1  208  388  453    0   29    3    3    1    1383
    2    1  209  389   91    0    6    1    1    1     748
    2    1  210  390  413    1   26    3    3    1     745
    2    1  211  391  164    0   11    2    2    1     819
    2    1  212  392  365    0   23    3    3    1     634
    2    1  213  393  348    0   22    3    1    0    1263
    2    1  214  394  176    0   11    2    1    0    1303
    2    1  215  395  319    0   20    2    3    0    1267
    2    1  216  396  159    0   10    1    1    1     655
    2    1  217  397   85    1    6    1    1    1     725
    2    1  218  398  442    0   28    3    2    0    2803
    2    1  219  399  455    1   29    3    3    1     990
    2    1  220  400  302    0   19    2    2    1    1239
    2    1  221  401  387    0   25    3    2    0    2774
    2    1  222  402  177    0   12    2    1    0     802
    2    1  223  403  155    0   10    1    3    0     820
    2    1  224  404   54    0    4    1    2    0    1408
    2    1  225  405  369    0   24    3    3    1    1863
    2    1  226  406  202    0   13    2    1    0     927
    2    1  227  407  231    0   15    2    2    1    1005
    2    1  228  408   67    0    5    1    2    0     577
    2    1  229  409   81    0    6    1    1    1     699
    2    1  230  410  136    1    9    1    3    0    1156
    2    1  231  411  200    0   13    2    1    0    2827
    2    1  232  412  360    0   23    3    1    0     942
    2    1  233  413   56    0    4    1    2    0     819
    2    1  234  414  329    0   21    3    1    0     622
    2    1  235  415   10    0    1    1    2    0     967
    2    1  236  416  104    0    7    1    1    1     870
    2    1  237  417  238    1   15    2    1    0     868
    2    1  238  418  133    0    9    1    1    1    2514
    2    1  239  419  377    0   24    3    3    1    1172
    2    1  240  420  126    0    8    1    2    0     796
    2    1  241  421  324    0   21    3    1    0    1734
    2    1  242  422   95    0    6    1    1    1    1971
    2    1  243  423   92    0    6    1    1    1    1410
    2    1  244  424  472    0   30    3    2    0    1215
    2    1  245  425   48    0    3    1    1    1    1327
    2    1  246  426    5    0    1    1    2    0    1575
    2    1  247  427  128    0    8    1    1    1     980
    2    1  248  428  310    0   20    2    3    0     911
    2    1  249  429  350    0   22    3    1    0    1355
    2    1  250  430  147    0   10    1    3    0    2861
    2    1  251  431  372    0   24    3    3    1    1327
    2    1  252  432  165    0   11    2    1    0    1174
    2    1  253  433  212    0   14    2    2    1    1445
    2    1  254  434  253    0   16    2    3    0    1116
    2    1  255  435  396    0   25    3    3    1    1746
    2    1  256  436  338    0   22    3    1    0     938
    2    1  257  437  346    0   22    3    2    0    2092
    2    1  258  438  206    0   13    2    3    0    1440
    2    1  259  439  192    0   12    2    1    0     653
    2    1  260  440  322    0   21    3    1    0     680
    2    1  261  441   15    0    1    1    1    1     924
    2    1  262  442   84    0    6    1    1    1     817
    2    1  263  443  149    0   10    1    2    0    1225
    2    1  264  444   82    0    6    1    1    1     717
    2    1  265  445  109    0    7    1    3    0    3599
    2    1  266  446  452    0   29    3    3    1    1279
    2    1  267  447  308    1   20    2    3    0     681
    2    1  268  448   12    0    1    1    1    1     830
    2    1  269  449  383    0   24    3    1    0    1657
    2    1  270  450  196    0   13    2    3    0    1016
    2    1  271  451  138    0    9    1    1    1    1105
    2    1  272  452  157    0   10    1    3    0    1787
    2    1  273  453  260    0   17    2    2    1     823
    2    1  274  454  209    0   14    2    1    0     852
    2    1  275  455  445    0   28    3    1    0     713
    2    1  276  456  193    0   13    2    2    1     683
    2    1  277  457  246    0   16    2    2    1    2196
    2    1  278  458   36    0    3    1    1    1     921
    2    1  279  459  144    0    9    1    1    1    1856
    2    1  280  460  132    0    9    1    1    1     678
    2    1  281  461  187    0   12    2    1    0     831
    2    1  282  462  198    0   13    2    3    0    1343
    2    1  283  463   49    0    4    1    3    0     755
    2    1  284  464  474    0   30    3    2    0    2187
    2    1  285  465  345    0   22    3    1    0    1345
    2    1  286  466  250    1   16    2    2    1    3667
    2    1  287  467  254    0   16    2    2    1    1237
    2    1  288  468  141    0    9    1    3    0     873
    2    1  289  469  402    0   26    3    3    1    2703
    2    1  290  470  337    1   22    3    3    1    2206
    2    1  291  471   26    0    2    1    2    0     915
    2    1  292  472    4    0    1    1    3    0    1437
    2    1  293  473  175    0   11    2    2    1     979
    2    1  294  474  124    0    8    1    1    1     847
    2    1  295  475  182    0   12    2    2    1    1320
    2    1  296  476  438    0   28    3    1    0     762
    2    1  297  477    3    0    1    1    3    0     928
    2    1  298  478  180    0   12    2    1    0     665
    2    1  299  479  431    0   27    3    1    0    1393
    2    1  300  480   77    0    5    1    2    0    1410
