    1    1    1    1  356    1   23    3    1    0    2977
    1    1    2    2  424    1   27    3    1    0    3558
    1    1    3    3  266    1   17    2    2    1    4989
    1    1    4    4   35    1    3    1    1    1    2873
    1    1    5    5   58    1    4    1    2    0    1721
    1    1    6    6  245    1   16    2    3    0    1961
    1    1    7    7  479    1   30    3    1    0    5024
    1    1    8    8  406    1   26    3    2    0    3740
    1    1    9    9  117    1    8    1    3    0    2251
    1    1   10   10  120    1    8    1    3    0    1654
    1    1   11   11  408    1   26    3    1    0    2632
    1    1   12   12  201    1   13    2    3    0    1666
    1    1   13   13  360    1   23    3    3    1    2132
    1    1   14   14  280    1   18    2    2    1    2980
    1    1   15   15   66    1    5    1    3    0    2881
    1    1   16   16  380    1   24    3    2    0    2371
    1    1   17   17  476    1   30    3    1    0    1498
    1    1   18   18   56    1    4    1    1    1     674
    1    1   19   19  340    1   22    3    3    1    2284
    1    1   20   20  409    1   26    3    2    0    1654
    1    1   21   21  182    1   12    2    3    0    4200
    1    1   22   22  216    1   14    2    1    0    1669
    1    1   23   23    6    1    1    1    3    0    2006
    1    1   24   24  465    1   30    3    3    1    2107
    1    1   25   25  289    1   19    2    1    0    2860
    1    1   26   26   36    1    3    1    2    0    2767
    1    1   27   27  276    1   18    2    3    0    1957
    1    1   28   28  219    1   14    2    2    1    1372
    1    1   29   29   49    1    4    1    3    0    1786
    1    1   30   30  290    1   19    2    3    0    2406
    1    1   31   31  448    1   28    3    1    0    2523
    1    1   32   32  471    1   30    3    3    1    1660
    1    1   33   33  326    1   21    3    2    0    1471
    1    1   34   34   37    1    3    1    1    1    1689
    1    1   35   35  250    1   16    2    3    0    1881
    1    1   36   36  271    1   17    2    2    1    1650
    1    1   37   37  121    1    8    1    2    0    1237
    1    1   38   38  396    1   25    3    1    0    3785
    1    1   39   39   53    1    4    1    2    0    1463
    1    1   40   40  164    1   11    2    3    0    1729
    1    1   41   41   52    1    4    1    3    0    2881
    1    1   42   42   16    1    1    1    1    1    1314
    1    1   43   43    4    1    1    1    1    1    1202
    1    1   44   44  217    1   14    2    3    0    1399
    1    1   45   45  411    1   26    3    3    1    1891
    1    1   46   46  212    1   14    2    2    1    1613
    1    1   47   47  353    1   23    3    3    1    3137
    1    1   48   48   80    1    5    1    1    1    3768
    1    1   49   49  267    1   17    2    3    0    1414
    1    1   50   50  359    1   23    3    2    0    1025
    1    1   51   51  473    1   30    3    2    0    1870
    1    1   52   52  252    1   16    2    3    0     984
    1    1   53   53   15    1    1    1    1    1    1334
    1    1   54   54   38    1    3    1    1    1     997
    1    1   55   55  240    1   15    2    2    1    1521
    1    1   56   56  272    1   17    2    3    0    1578
    1    1   57   57   33    1    3    1    1    1    1280
    1    1   58   58  269    1   17    2    2    1    1346
    1    1   59   59   71    1    5    1    1    1    1217
    1    1   60   60  387    1   25    3    2    0    4228
    1    2    1   61    4    1    1    1    1    1     945
    1    2    2   62  164    1   11    2    2    1    1039
    1    2    3   63  269    1   17    2    3    0    1482
    1    2    4   64  290    1   19    2    1    0    1172
    1    2    5   65  411    1   26    3    2    0    1883
    1    2    6   66  271    1   17    2    2    1    3652
    1    2    7   67  217    1   14    2    3    0    1271
    1    2    8   68  216    1   14    2    2    1    1113
    1    2    9   69  120    1    8    1    1    1     737
    1    2   10   70  289    1   19    2    3    0     904
    1    2   11   71   58    1    4    1    2    0     809
    1    2   12   72  465    1   30    3    3    1     974
    1    2   13   73  396    1   25    3    3    1    2923
    1    2   14   74  266    1   17    2    2    1    1148
    1    2   15   75  353    1   23    3    2    0    2819
    1    2   16   76  424    1   27    3    1    0    1510
    1    2   17   77   38    1    3    1    1    1     912
    1    2   18   78  471    1   30    3    2    0    2207
    1    2   19   79  121    1    8    1    1    1    1164
    1    2   20   80  409    1   26    3    3    1    1539
    1    2   21   81  476    1   30    3    3    1    1962
    1    2   22   82  219    1   14    2    2    1    3169
    1    2   23   83  212    1   14    2    2    1    1911
    1    2   24   84   56    1    4    1    1    1     880
    1    2   25   85  473    1   30    3    3    1    3122
    1    2   26   86  380    1   24    3    3    1    2010
    1    2   27   87   36    1    3    1    1    1     798
    1    2   28   88   35    1    3    1    1    1     931
    1    2   29   89    6    1    1    1    1    1     850
    1    2   30   90   33    1    3    1    1    1     997
    1    2   31   91   15    1    1    1    1    1     977
    1    2   32   92  182    1   12    2    3    0    1552
    1    2   33   93  240    1   15    2    3    0    1318
    1    2   34   94  479    1   30    3    3    1     743
    1    2   35   95  280    1   18    2    3    0     957
    1    2   36   96  117    1    8    1    1    1     925
    1    2   37   97  356    1   23    3    3    1    2380
    1    2   38   98   16    1    1    1    1    1     849
    1    2   39   99   80    1    5    1    1    1    1173
    1    2   40  100  359    1   23    3    2    0    1930
    1    2   41  101  245    1   16    2    2    1    1362
    1    2   42  102  252    1   16    2    3    0    1184
    1    2   43  103  276    1   18    2    1    0    1239
    1    2   44  104  326    1   21    3    3    1    1369
    1    2   45  105  340    1   22    3    3    1    2536
    1    2   46  106   66    1    5    1    1    1    1336
    1    2   47  107  387    1   25    3    2    0    3318
    1    2   48  108  448    1   28    3    2    0    1831
    1    2   49  109  406    1   26    3    2    0    1170
    1    2   50  110  272    1   17    2    3    0    1256
    1    2   51  111   49    1    4    1    1    1    1130
    1    2   52  112  408    1   26    3    3    1    2531
    1    2   53  113  360    1   23    3    2    0    1506
    1    2   54  114   71    1    5    1    1    1    1019
    1    2   55  115   53    1    4    1    2    0    2487
    1    2   56  116   37    1    3    1    1    1    1560
    1    2   57  117  267    1   17    2    3    0    1551
    1    2   58  118   52    1    4    1    1    1     965
    1    2   59  119  201    1   13    2    3    0    1139
    1    2   60  120  250    1   16    2    2    1     922
    1    3    1  121  411    1   26    3    3    1    4347
    1    3    2  122   33    1    3    1    1    1    1057
    1    3    3  123  120    1    8    1    1    1     827
    1    3    4  124   16    1    1    1    1    1     543
    1    3    5  125   56    1    4    1    2    0    1135
    1    3    6  126  406    1   26    3    3    1    1831
    1    3    7  127   53    1    4    1    2    0     802
    1    3    8  128    4    1    1    1    1    1    1095
    1    3    9  129   15    1    1    1    1    1     880
    1    3   10  130  266    1   17    2    2    1    1698
    1    3   11  131   49    1    4    1    1    1    2193
    1    3   12  132  424    1   27    3    3    1    2767
    1    3   13  133  250    1   16    2    2    1    1333
    1    3   14  134  360    1   23    3    3    1    1733
    1    3   15  135  356    1   23    3    2    0    1284
    1    3   16  136  290    1   19    2    1    0     709
    1    3   17  137  387    1   25    3    3    1    1230
    1    3   18  138  448    1   28    3    3    1    1746
    1    3   19  139  271    1   17    2    3    0    1537
    1    3   20  140   66    1    5    1    1    1     984
    1    3   21  141  216    1   14    2    3    0    3638
    1    3   22  142  280    1   18    2    3    0     969
    1    3   23  143  380    1   24    3    2    0    1047
    1    3   24  144  471    1   30    3    2    0    1939
    1    3   25  145  272    1   17    2    2    1    1994
    1    3   26  146  219    1   14    2    3    0    1759
    1    3   27  147  164    1   11    2    1    0    1373
    1    3   28  148  117    1    8    1    1    1     956
    1    3   29  149  465    1   30    3    3    1    1659
    1    3   30  150  182    1   12    2    2    1    1581
    1    3   31  151  269    1   17    2    2    1    1074
    1    3   32  152  245    1   16    2    3    0    1292
    1    3   33  153  396    1   25    3    2    0    1438
    1    3   34  154  479    1   30    3    2    0    1257
    1    3   35  155  408    1   26    3    2    0    2124
    1    3   36  156   71    1    5    1    1    1     844
    1    3   37  157  217    1   14    2    2    1    1376
    1    3   38  158  326    1   21    3    3    1    2990
    1    3   39  159   36    1    3    1    1    1    1019
    1    3   40  160  252    1   16    2    3    0    3191
    1    3   41  161  476    1   30    3    2    0     845
    1    3   42  162  340    1   22    3    1    0    3888
    1    3   43  163  121    1    8    1    1    1     953
    1    3   44  164  359    1   23    3    3    1    1192
    1    3   45  165  409    1   26    3    3    1    1805
    1    3   46  166  212    1   14    2    3    0    2635
    1    3   47  167    6    1    1    1    1    1     741
    1    3   48  168  353    1   23    3    3    1    2093
    1    3   49  169   80    1    5    1    1    1     878
    1    3   50  170   37    1    3    1    1    1    1200
    1    3   51  171  240    1   15    2    2    1    2677
    1    3   52  172   58    1    4    1    2    0    1215
    1    3   53  173  267    1   17    2    1    0    1683
    1    3   54  174   38    1    3    1    1    1     900
    1    3   55  175  276    1   18    2    3    0    1141
    1    3   56  176   52    1    4    1    1    1     956
    1    3   57  177  201    1   13    2    3    0     907
    1    3   58  178   35    1    3    1    1    1     988
    1    3   59  179  289    1   19    2    3    0    3545
    1    3   60  180  473    1   30    3    2    0     928
    2    1    1  181  249    0   16    2    1    0    2887
    2    1    2  182  425    0   27    3    2    0    3205
    2    1    3  183  176    0   11    2    1    0    1047
    2    1    4  184   66    1    5    1    1    1     781
    2    1    5  185  279    0   18    2    2    1    1438
    2    1    6  186    9    0    1    1    1    1     804
    2    1    7  187  440    0   28    3    3    1    1014
    2    1    8  188  183    0   12    2    2    1     943
    2    1    9  189  417    0   27    3    3    1    1354
    2    1   10  190  323    0   21    3    3    1    1284
    2    1   11  191  201    1   13    2    3    0    1346
    2    1   12  192  159    0   10    1    1    1     733
    2    1   13  193  374    0   24    3    2    0    1040
    2    1   14  194   37    1    3    1    1    1     808
    2    1   15  195  312    0   20    2    3    0    2312
    2    1   16  196  446    0   28    3    1    0     780
    2    1   17  197  115    0    8    1    1    1     894
    2    1   18  198  104    0    7    1    1    1     940
    2    1   19  199  332    0   21    3    2    0    1798
    2    1   20  200   77    0    5    1    1    1     800
    2    1   21  201  463    0   29    3    3    1     848
    2    1   22  202  238    0   15    2    2    1    7727
    2    1   23  203  106    0    7    1    1    1     959
    2    1   24  204  266    1   17    2    3    0     777
    2    1   25  205  157    0   10    1    1    1     652
    2    1   26  206  241    0   16    2    3    0     818
    2    1   27  207  247    0   16    2    2    1     754
    2    1   28  208  448    1   28    3    1    0     501
    2    1   29  209  273    0   18    2    3    0     913
    2    1   30  210  302    0   19    2    2    1    1037
    2    1   31  211  360    1   23    3    3    1    1397
    2    1   32  212  287    0   18    2    1    0    1214
    2    1   33  213  434    0   28    3    1    0     910
    2    1   34  214  203    0   13    2    3    0    1834
    2    1   35  215  237    0   15    2    3    0     882
    2    1   36  216  219    1   14    2    2    1     895
    2    1   37  217  102    0    7    1    1    1    1517
    2    1   38  218   15    1    1    1    1    1     704
    2    1   39  219   36    1    3    1    1    1     677
    2    1   40  220  427    0   27    3    2    0     811
    2    1   41  221  387    1   25    3    3    1    2252
    2    1   42  222  288    0   18    2    1    0    1058
    2    1   43  223  239    0   15    2    2    1    1546
    2    1   44  224  230    0   15    2    1    0    1677
    2    1   45  225  401    0   26    3    3    1    1275
    2    1   46  226  294    0   19    2    1    0     985
    2    1   47  227  309    0   20    2    3    0     802
    2    1   48  228  291    0   19    2    1    0     867
    2    1   49  229   78    0    5    1    1    1     817
    2    1   50  230   60    0    4    1    2    0    1457
    2    1   51  231  151    0   10    1    3    0    1255
    2    1   52  232   95    0    6    1    2    0    1398
    2    1   53  233  436    0   28    3    1    0     734
    2    1   54  234  262    0   17    2    3    0     738
    2    1   55  235  307    0   20    2    3    0     789
    2    1   56  236  234    0   15    2    3    0    2039
    2    1   57  237  113    0    8    1    1    1    1750
    2    1   58  238  245    1   16    2    2    1     721
    2    1   59  239  420    0   27    3    1    0    1461
    2    1   60  240   43    0    3    1    1    1     779
    2    1   61  241  222    0   14    2    2    1     637
    2    1   62  242  375    0   24    3    3    1    1364
    2    1   63  243   46    0    3    1    2    0    2031
    2    1   64  244  449    0   29    3    3    1    1582
    2    1   65  245  251    0   16    2    3    0    1583
    2    1   66  246  358    0   23    3    2    0    1105
    2    1   67  247  194    0   13    2    3    0    1398
    2    1   68  248  311    0   20    2    2    1     686
    2    1   69  249  305    0   20    2    3    0    1012
    2    1   70  250  443    0   28    3    2    0    1613
    2    1   71  251  422    0   27    3    3    1    2478
    2    1   72  252   76    0    5    1    1    1    1692
    2    1   73  253  412    0   26    3    2    0    3674
    2    1   74  254  187    0   12    2    2    1    1975
    2    1   75  255  411    1   26    3    2    0    1241
    2    1   76  256  321    0   21    3    3    1    1609
    2    1   77  257  419    0   27    3    2    0     970
    2    1   78  258   74    0    5    1    1    1     948
    2    1   79  259  254    0   16    2    3    0    1182
    2    1   80  260  415    0   26    3    3    1    1089
    2    1   81  261  340    1   22    3    3    1    1238
    2    1   82  262  281    0   18    2    3    0    1045
    2    1   83  263  196    0   13    2    2    1    1660
    2    1   84  264  243    0   16    2    2    1    2187
    2    1   85  265  385    0   25    3    3    1     996
    2    1   86  266  404    0   26    3    2    0     878
    2    1   87  267   49    1    4    1    1    1     891
    2    1   88  268  112    0    7    1    1    1    1001
    2    1   89  269   64    0    4    1    2    0     977
    2    1   90  270  327    0   21    3    2    0     619
    2    1   91  271  169    0   11    2    1    0    2019
    2    1   92  272  252    1   16    2    3    0    1268
    2    1   93  273  164    1   11    2    2    1     658
    2    1   94  274  326    1   21    3    2    0     760
    2    1   95  275  276    1   18    2    3    0    1099
    2    1   96  276  172    0   11    2    1    0    2432
    2    1   97  277  316    0   20    2    3    0    1056
    2    1   98  278  147    0   10    1    3    0    1606
    2    1   99  279  265    0   17    2    2    1     823
    2    1  100  280  318    0   20    2    3    0    1719
    2    1  101  281  108    0    7    1    2    0     914
    2    1  102  282   31    0    2    1    2    0     862
    2    1  103  283  180    0   12    2    3    0    2108
    2    1  104  284  174    0   11    2    1    0     825
    2    1  105  285   42    0    3    1    1    1     473
    2    1  106  286  453    0   29    3    3    1     775
    2    1  107  287  135    0    9    1    2    0    1385
    2    1  108  288  220    0   14    2    2    1     882
    2    1  109  289  390    0   25    3    3    1     783
    2    1  110  290  455    0   29    3    3    1     720
    2    1  111  291  233    0   15    2    1    0     709
    2    1  112  292  218    0   14    2    2    1    1513
    2    1  113  293   67    0    5    1    1    1     717
    2    1  114  294  122    0    8    1    1    1     641
    2    1  115  295  408    1   26    3    2    0    1160
    2    1  116  296  423    0   27    3    3    1     827
    2    1  117  297  235    0   15    2    1    0    2379
    2    1  118  298  364    0   23    3    2    0    1133
    2    1  119  299  451    0   29    3    3    1     945
    2    1  120  300  325    0   21    3    2    0     651
    2    1  121  301  439    0   28    3    1    0     898
    2    1  122  302  306    0   20    2    2    1    1407
    2    1  123  303  317    0   20    2    3    0     856
    2    1  124  304  253    0   16    2    1    0     983
    2    1  125  305  314    0   20    2    2    1     705
    2    1  126  306  347    0   22    3    1    0     710
    2    1  127  307  333    0   21    3    2    0    1210
    2    1  128  308   99    0    7    1    1    1     747
    2    1  129  309   75    0    5    1    1    1     558
    2    1  130  310  232    0   15    2    1    0    1464
    2    1  131  311   14    0    1    1    1    1     910
    2    1  132  312  202    0   13    2    3    0    1675
    2    1  133  313  441    0   28    3    1    0     648
    2    1  134  314  372    0   24    3    1    0     784
    2    1  135  315   63    0    4    1    1    1    1009
    2    1  136  316  405    0   26    3    3    1    2073
    2    1  137  317  363    0   23    3    3    1    2839
    2    1  138  318  121    1    8    1    1    1     806
    2    1  139  319   92    0    6    1    2    0     952
    2    1  140  320  460    0   29    3    3    1     706
    2    1  141  321  394    0   25    3    3    1     951
    2    1  142  322   24    0    2    1    2    0     657
    2    1  143  323  336    0   21    3    2    0    1224
    2    1  144  324  432    0   27    3    3    1    1192
    2    1  145  325   87    0    6    1    3    0    1273
    2    1  146  326   81    0    6    1    2    0     648
    2    1  147  327  231    0   15    2    3    0    3630
    2    1  148  328  457    0   29    3    3    1     894
    2    1  149  329   88    0    6    1    2    0     763
    2    1  150  330  367    0   23    3    3    1     846
    2    1  151  331  181    0   12    2    2    1     668
    2    1  152  332  185    0   12    2    2    1     610
    2    1  153  333  155    0   10    1    3    0     779
    2    1  154  334   38    1    3    1    1    1    1373
    2    1  155  335  255    0   16    2    3    0    1495
    2    1  156  336  365    0   23    3    2    0    1053
    2    1  157  337  137    0    9    1    1    1     612
    2    1  158  338  116    0    8    1    1    1     588
    2    1  159  339  290    1   19    2    2    1    1462
    2    1  160  340  352    0   22    3    3    1     780
    2    1  161  341   56    1    4    1    2    0    1181
    2    1  162  342   65    0    5    1    1    1     927
    2    1  163  343   79    0    5    1    1    1     539
    2    1  164  344  376    0   24    3    1    0     614
    2    1  165  345   96    0    6    1    2    0     879
    2    1  166  346  462    0   29    3    3    1    2556
    2    1  167  347  409    1   26    3    3    1    2023
    2    1  168  348  335    0   21    3    2    0    1383
    2    1  169  349   85    0    6    1    1    1     688
    2    1  170  350  473    1   30    3    2    0    1637
    2    1  171  351  280    1   18    2    3    0    1172
    2    1  172  352  400    0   25    3    3    1    2231
    2    1  173  353  310    0   20    2    2    1     703
    2    1  174  354   33    1    3    1    1    1     803
    2    1  175  355   10    0    1    1    2    0    1604
    2    1  176  356  478    0   30    3    2    0     979
    2    1  177  357   17    0    2    1    3    0     765
    2    1  178  358  221    0   14    2    2    1     815
    2    1  179  359  110    0    7    1    3    0    2191
    2    1  180  360  368    0   23    3    2    0    1305
    2    1  181  361  389    0   25    3    3    1     996
    2    1  182  362   44    0    3    1    1    1     621
    2    1  183  363  391    0   25    3    3    1    1525
    2    1  184  364  303    0   19    2    2    1    1066
    2    1  185  365  424    1   27    3    3    1    1216
    2    1  186  366  454    0   29    3    3    1     783
    2    1  187  367  406    1   26    3    2    0     993
    2    1  188  368  413    0   26    3    3    1     745
    2    1  189  369  392    0   25    3    1    0     925
    2    1  190  370  445    0   28    3    1    0     682
    2    1  191  371  373    0   24    3    1    0     574
    2    1  192  372  261    0   17    2    3    0     985
    2    1  193  373  274    0   18    2    3    0     706
    2    1  194  374  146    0   10    1    1    1     662
    2    1  195  375   23    0    2    1    3    0    2892
    2    1  196  376  469    0   30    3    2    0     714
    2    1  197  377  397    0   25    3    3    1    2110
    2    1  198  378   57    0    4    1    2    0     700
    2    1  199  379  477    0   30    3    3    1    1104
    2    1  200  380  388    0   25    3    3    1     884
    2    1  201  381  189    0   12    2    2    1     785
    2    1  202  382  111    0    7    1    3    0    1171
    2    1  203  383  479    1   30    3    3    1    1893
    2    1  204  384  264    0   17    2    2    1     714
    2    1  205  385  379    0   24    3    1    0     638
    2    1  206  386  197    0   13    2    1    0     613
    2    1  207  387  437    0   28    3    2    0    2492
    2    1  208  388  428    0   27    3    3    1    1530
    2    1  209  389  393    0   25    3    3    1    2349
    2    1  210  390  142    0    9    1    2    0    1009
    2    1  211  391  426    0   27    3    3    1    1097
    2    1  212  392  161    0   11    2    1    0    1342
    2    1  213  393  296    0   19    2    3    0    2409
    2    1  214  394  228    0   15    2    1    0    1146
    2    1  215  395   51    0    4    1    1    1    2286
    2    1  216  396  167    0   11    2    1    0    1042
    2    1  217  397  119    0    8    1    1    1     905
    2    1  218  398  341    0   22    3    1    0    1047
    2    1  219  399   98    0    7    1    2    0    1901
    2    1  220  400  399    0   25    3    3    1    1043
    2    1  221  401    5    0    1    1    1    1    1146
    2    1  222  402  177    0   12    2    2    1    1293
    2    1  223  403  166    0   11    2    2    1    2330
    2    1  224  404  123    0    8    1    1    1    1262
    2    1  225  405   59    0    4    1    2    0    1819
    2    1  226  406  383    0   24    3    3    1    1780
    2    1  227  407  268    0   17    2    3    0    1886
    2    1  228  408  348    0   22    3    1    0    1155
    2    1  229  409  300    0   19    2    1    0    1013
    2    1  230  410  267    1   17    2    3    0    1773
    2    1  231  411  140    0    9    1    3    0    1704
    2    1  232  412   68    0    5    1    1    1    1060
    2    1  233  413    1    0    1    1    1    1    2042
    2    1  234  414  244    0   16    2    3    0    2058
    2    1  235  415  206    0   13    2    3    0    1289
    2    1  236  416   13    0    1    1    1    1    1430
    2    1  237  417  271    1   17    2    2    1    2476
    2    1  238  418  346    0   22    3    1    0    1339
    2    1  239  419  246    0   16    2    3    0    2024
    2    1  240  420  224    0   14    2    2    1    2375
    2    1  241  421   30    0    2    1    2    0    1657
    2    1  242  422   18    0    2    1    3    0    2568
    2    1  243  423  386    0   25    3    3    1    1986
    2    1  244  424  133    0    9    1    2    0    1348
    2    1  245  425  175    0   11    2    3    0    1149
    2    1  246  426  470    0   30    3    3    1    1408
    2    1  247  427   52    1    4    1    1    1    1112
    2    1  248  428  351    0   22    3    3    1    1933
    2    1  249  429   69    0    5    1    1    1    1248
    2    1  250  430  138    0    9    1    2    0    1551
    2    1  251  431   35    1    3    1    1    1    1186
    2    1  252  432  334    0   21    3    2    0    1315
    2    1  253  433  209    0   14    2    2    1    2079
    2    1  254  434  150    0   10    1    3    0    1309
    2    1  255  435  214    0   14    2    3    0    2058
    2    1  256  436   62    0    4    1    1    1    3049
    2    1  257  437  366    0   23    3    3    1    1103
    2    1  258  438  193    0   13    2    3    0    1219
    2    1  259  439   39    0    3    1    1    1    1060
    2    1  260  440  472    0   30    3    2    0    1419
    2    1  261  441    2    0    1    1    1    1    1074
    2    1  262  442   22    0    2    1    2    0    1576
    2    1  263  443  182    1   12    2    3    0    1034
    2    1  264  444  438    0   28    3    1    0    1281
    2    1  265  445  168    0   11    2    1    0    1839
    2    1  266  446  342    0   22    3    1    0     854
    2    1  267  447  165    0   11    2    1    0     853
    2    1  268  448   73    0    5    1    1    1     723
    2    1  269  449  359    1   23    3    3    1     887
    2    1  270  450  355    0   23    3    3    1    1061
    2    1  271  451  128    0    8    1    1    1     987
    2    1  272  452  433    0   28    3    2    0    3972
    2    1  273  453  396    1   25    3    3    1    1446
    2    1  274  454  285    0   18    2    3    0    2941
    2    1  275  455   55    0    4    1    1    1    1241
    2    1  276  456  464    0   29    3    3    1    1449
    2    1  277  457  260    0   17    2    2    1    5935
    2    1  278  458  299    0   19    2    1    0    1650
    2    1  279  459  257    0   17    2    1    0    1026
    2    1  280  460  466    0   30    3    2    0    1226
    2    1  281  461  240    1   15    2    3    0    1338
    2    1  282  462  210    0   14    2    3    0     917
    2    1  283  463  236    0   15    2    3    0    3056
    2    1  284  464  192    0   12    2    2    1    1511
    2    1  285  465   45    0    3    1    1    1    1884
    2    1  286  466  304    0   19    2    2    1    1217
    2    1  287  467  149    0   10    1    3    0    1281
    2    1  288  468  127    0    8    1    1    1    1566
    2    1  289  469  362    0   23    3    3    1    1377
    2    1  290  470  130    0    9    1    2    0    1499
    2    1  291  471  215    0   14    2    2    1    1455
    2    1  292  472  377    0   24    3    3    1    2390
    2    1  293  473  313    0   20    2    3    0    1447
    2    1  294  474  227    0   15    2    2    1    2334
    2    1  295  475  371    0   24    3    1    0    2018
    2    1  296  476  204    0   13    2    3    0    1650
    2    1  297  477  370    0   24    3    3    1    2257
    2    1  298  478  117    1    8    1    1    1    2120
    2    1  299  479  418    0   27    3    3    1    1540
    2    1  300  480  258    0   17    2    3    0     968
