    1    1    1    1  121    1    8    1    1    1    5655
    1    1    2    2    4    1    1    1    1    1    1722
    1    1    3    3    6    1    1    1    1    1     988
    1    1    4    4  356    1   23    3    1    0     334
    1    1    5    5  340    1   22    3    2    0    3277
    1    1    6    6  252    1   16    2    1    0    1240
    1    1    7    7  465    1   30    3    3    1    2511
    1    1    8    8  424    1   27    3    2    0    1888
    1    1    9    9   16    1    1    1    2    0    1196
    1    1   10   10  201    1   13    2    2    1     223
    1    1   11   11  245    1   16    2    2    1     223
    1    1   12   12  182    1   12    2    2    1     187
    1    1   13   13   36    1    3    1    2    0     284
    1    1   14   14   80    1    5    1    2    0     228
    1    1   15   15   52    1    4    1    1    1    1798
    1    1   16   16  408    1   26    3    2    0    1135
    1    1   17   17  240    1   15    2    1    0    1115
    1    1   18   18  269    1   17    2    1    0    1482
    1    1   19   19  217    1   14    2    2    1     284
    1    1   20   20   35    1    3    1    2    0     728
    1    1   21   21  406    1   26    3    2    0     441
    1    1   22   22   38    1    3    1    2    0     416
    1    1   23   23  271    1   17    2    3    0     636
    1    1   24   24   49    1    4    1    2    0     748
    1    1   25   25  326    1   21    3    3    1    1635
    1    1   26   26  479    1   30    3    1    0    1208
    1    1   27   27   53    1    4    1    1    1    1357
    1    1   28   28  380    1   24    3    2    0     991
    1    1   29   29  266    1   17    2    3    0    1053
    1    1   30   30  120    1    8    1    3    0     937
    1    1   31   31  476    1   30    3    2    0    1129
    1    1   32   32  359    1   23    3    1    0     611
    1    1   33   33  353    1   23    3    2    0     974
    1    1   34   34  409    1   26    3    2    0     174
    1    1   35   35  117    1    8    1    2    0     381
    1    1   36   36  448    1   28    3    1    0     263
    1    1   37   37  473    1   30    3    3    1    1828
    1    1   38   38  276    1   18    2    3    0     796
    1    1   39   39  411    1   26    3    3    1    1047
    1    1   40   40   58    1    4    1    3    0     687
    1    1   41   41  164    1   11    2    1    0     621
    1    1   42   42  212    1   14    2    1    0     570
    1    1   43   43   15    1    1    1    2    0     424
    1    1   44   44   71    1    5    1    3    0     354
    1    1   45   45  272    1   17    2    1    0    3292
    1    1   46   46   33    1    3    1    2    0    1527
    1    1   47   47  289    1   19    2    3    0     100
    1    1   48   48  290    1   19    2    1    0     297
    1    1   49   49   37    1    3    1    3    0       0
    1    1   50   50  250    1   16    2    2    1    1368
    1    1   51   51  267    1   17    2    1    0    3335
    1    1   52   52  360    1   23    3    3    1    3062
    1    1   53   53  219    1   14    2    3    0    1590
    1    1   54   54  280    1   18    2    2    1     925
    1    1   55   55  396    1   25    3    2    0    1034
    1    1   56   56  216    1   14    2    1    0     408
    1    1   57   57  471    1   30    3    3    1    1473
    1    1   58   58   56    1    4    1    2    0    1319
    1    1   59   59  387    1   25    3    3    1    1549
    1    1   60   60   66    1    5    1    2    0    1732
    1    2    1   61  245    1   16    2    3    0    1382
    1    2    2   62   35    1    3    1    2    0     946
    1    2    3   63  212    1   14    2    3    0    1538
    1    2    4   64  252    1   16    2    3    0     683
    1    2    5   65   38    1    3    1    3    0     845
    1    2    6   66  411    1   26    3    3    1    1037
    1    2    7   67   49    1    4    1    3    0     284
    1    2    8   68  164    1   11    2    3    0     580
    1    2    9   69  182    1   12    2    3    0    3188
    1    2   10   70  356    1   23    3    3    1    2589
    1    2   11   71   56    1    4    1    3    0     134
    1    2   12   72  465    1   30    3    3    1     780
    1    2   13   73  272    1   17    2    3    0    1443
    1    2   14   74  217    1   14    2    3    0     680
    1    2   15   75   66    1    5    1    3    0     388
    1    2   16   76  471    1   30    3    3    1    1684
    1    2   17   77  280    1   18    2    3    0     660
    1    2   18   78  276    1   18    2    3    0    1374
    1    2   19   79   80    1    5    1    1    1     314
    1    2   20   80  396    1   25    3    1    0     214
    1    2   21   81  406    1   26    3    1    0     429
    1    2   22   82  380    1   24    3    1    0     347
    1    2   23   83  289    1   19    2    3    0     228
    1    2   24   84   33    1    3    1    1    1     874
    1    2   25   85  266    1   17    2    1    0       0
    1    2   26   86  409    1   26    3    3    1     357
    1    2   27   87  269    1   17    2    2    1     996
    1    2   28   88  326    1   21    3    3    1    1363
    1    2   29   89  219    1   14    2    1    0    1488
    1    2   30   90   58    1    4    1    2    0    1125
    1    2   31   91   15    1    1    1    2    0     881
    1    2   32   92   36    1    3    1    1    1    1676
    1    2   33   93  479    1   30    3    2    0     362
    1    2   34   94   16    1    1    1    3    0     259
    1    2   35   95  340    1   22    3    2    0     262
    1    2   36   96  267    1   17    2    1    0     236
    1    2   37   97   53    1    4    1    2    0     421
    1    2   38   98   52    1    4    1    3    0     239
    1    2   39   99  216    1   14    2    1    0     681
    1    2   40  100   71    1    5    1    2    0     342
    1    2   41  101  240    1   15    2    3    0     444
    1    2   42  102  121    1    8    1    2    0     501
    1    2   43  103  408    1   26    3    3    1     484
    1    2   44  104   37    1    3    1    1    1     514
    1    2   45  105    4    1    1    1    1    1    2106
    1    2   46  106  117    1    8    1    2    0     970
    1    2   47  107  360    1   23    3    3    1    1224
    1    2   48  108  120    1    8    1    2    0     955
    1    2   49  109  476    1   30    3    1    0     828
    1    2   50  110  290    1   19    2    2    1     357
    1    2   51  111  387    1   25    3    2    0     688
    1    2   52  112  271    1   17    2    3    0     280
    1    2   53  113  250    1   16    2    1    0     374
    1    2   54  114  353    1   23    3    2    0     472
    1    2   55  115  448    1   28    3    3    1     511
    1    2   56  116  359    1   23    3    2    0    2434
    1    2   57  117    6    1    1    1    3    0     775
    1    2   58  118  473    1   30    3    1    0    1949
    1    2   59  119  424    1   27    3    3    1     470
    1    2   60  120  201    1   13    2    2    1    1043
    1    3    1  121   33    1    3    1    1    1     991
    1    3    2  122  473    1   30    3    3    1    1269
    1    3    3  123  245    1   16    2    2    1    2937
    1    3    4  124    4    1    1    1    1    1    1241
    1    3    5  125  411    1   26    3    3    1    1441
    1    3    6  126   56    1    4    1    2    0     931
    1    3    7  127    6    1    1    1    1    1    1177
    1    3    8  128  340    1   22    3    2    0     243
    1    3    9  129  409    1   26    3    3    1    1635
    1    3   10  130   16    1    1    1    1    1     550
    1    3   11  131  266    1   17    2    2    1     373
    1    3   12  132  326    1   21    3    3    1     284
    1    3   13  133  448    1   28    3    1    0     262
    1    3   14  134  219    1   14    2    2    1     241
    1    3   15  135   49    1    4    1    1    1     721
    1    3   16  136  250    1   16    2    2    1     937
    1    3   17  137  289    1   19    2    3    0     811
    1    3   18  138   37    1    3    1    1    1     682
    1    3   19  139  396    1   25    3    2    0    1003
    1    3   20  140  280    1   18    2    1    0     890
    1    3   21  141  240    1   15    2    2    1    1611
    1    3   22  142  271    1   17    2    3    0    1154
    1    3   23  143   35    1    3    1    2    0     360
    1    3   24  144  387    1   25    3    1    0     468
    1    3   25  145   52    1    4    1    2    0     408
    1    3   26  146  276    1   18    2    3    0     521
    1    3   27  147  120    1    8    1    2    0     313
    1    3   28  148  121    1    8    1    2    0     853
    1    3   29  149  269    1   17    2    2    1     188
    1    3   30  150  217    1   14    2    2    1       0
    1    3   31  151   80    1    5    1    2    0    1804
    1    3   32  152   66    1    5    1    2    0    2652
    1    3   33  153  267    1   17    2    2    1     122
    1    3   34  154  465    1   30    3    2    0     620
    1    3   35  155   53    1    4    1    2    0     294
    1    3   36  156  479    1   30    3    2    0      82
    1    3   37  157  476    1   30    3    2    0     131
    1    3   38  158  117    1    8    1    2    0     579
    1    3   39  159  182    1   12    2    2    1     308
    1    3   40  160  212    1   14    2    2    1    3951
    1    3   41  161   71    1    5    1    2    0    1175
    1    3   42  162   36    1    3    1    2    0     322
    1    3   43  163  272    1   17    2    2    1     523
    1    3   44  164  380    1   24    3    2    0     619
    1    3   45  165  290    1   19    2    2    1     516
    1    3   46  166  360    1   23    3    2    0     583
    1    3   47  167  356    1   23    3    1    0    1930
    1    3   48  168   15    1    1    1    2    0     464
    1    3   49  169  164    1   11    2    2    1     421
    1    3   50  170  201    1   13    2    2    1     470
    1    3   51  171   58    1    4    1    2    0       0
    1    3   52  172  353    1   23    3    2    0     387
    1    3   53  173  359    1   23    3    2    0     361
    1    3   54  174  406    1   26    3    2    0     281
    1    3   55  175  408    1   26    3    2    0     955
    1    3   56  176   38    1    3    1    2    0    1318
    1    3   57  177  216    1   14    2    2    1      64
    1    3   58  178  424    1   27    3    2    0   27249
    1    3   59  179  252    1   16    2    3    0     337
    1    3   60  180  471    1   30    3    2    0     408
    2    1    1  181  252    1   16    2    3    0    2190
    2    1    2  182  261    0   17    2    2    1     426
    2    1    3  183  302    0   19    2    1    0     233
    2    1    4  184  215    0   14    2    2    1     761
    2    1    5  185  135    0    9    1    1    1    1038
    2    1    6  186  106    0    7    1    3    0     770
    2    1    7  187  131    0    9    1    2    0     618
    2    1    8  188    1    0    1    1    1    1     814
    2    1    9  189  144    0    9    1    2    0     876
    2    1   10  190  139    0    9    1    2    0     727
    2    1   11  191  307    0   20    2    1    0     489
    2    1   12  192  158    0   10    1    2    0     602
    2    1   13  193  395    0   25    3    2    0     901
    2    1   14  194  142    0    9    1    2    0     577
    2    1   15  195  327    0   21    3    3    1     845
    2    1   16  196  426    0   27    3    3    1     677
    2    1   17  197  146    0   10    1    2    0    1182
    2    1   18  198  284    0   18    2    2    1     665
    2    1   19  199  127    0    8    1    2    0     346
    2    1   20  200  245    1   16    2    3    0     454
    2    1   21  201  230    0   15    2    3    0     930
    2    1   22  202  257    0   17    2    3    0     399
    2    1   23  203  316    0   20    2    3    0     422
    2    1   24  204  117    1    8    1    3    0     275
    2    1   25  205  199    0   13    2    3    0     304
    2    1   26  206  350    0   22    3    3    1     443
    2    1   27  207  419    0   27    3    3    1     311
    2    1   28  208  318    0   20    2    2    1     312
    2    1   29  209   55    0    4    1    1    1     449
    2    1   30  210   25    0    2    1    2    0     274
    2    1   31  211  235    0   15    2    2    1     247
    2    1   32  212  472    0   30    3    2    0     771
    2    1   33  213  446    0   28    3    3    1     738
    2    1   34  214  415    0   26    3    2    0     977
    2    1   35  215   28    0    2    1    1    1     328
    2    1   36  216  373    0   24    3    2    0     350
    2    1   37  217  411    1   26    3    1    0     485
    2    1   38  218  465    1   30    3    2    0     642
    2    1   39  219  400    0   25    3    1    0     619
    2    1   40  220  276    1   18    2    2    1    1314
    2    1   41  221  368    0   23    3    3    1    4359
    2    1   42  222  301    0   19    2    3    0    1669
    2    1   43  223  463    0   29    3    1    0    1174
    2    1   44  224  114    0    8    1    2    0     949
    2    1   45  225  323    0   21    3    2    0     982
    2    1   46  226  357    0   23    3    1    0     402
    2    1   47  227  228    0   15    2    3    0     958
    2    1   48  228  381    0   24    3    3    1    1232
    2    1   49  229  480    0   30    3    1    0    1418
    2    1   50  230  279    0   18    2    1    0     935
    2    1   51  231  205    0   13    2    1    0     520
    2    1   52  232   18    0    2    1    1    1    1028
    2    1   53  233  148    0   10    1    1    1     719
    2    1   54  234   87    0    6    1    1    1     598
    2    1   55  235   92    0    6    1    3    0    1072
    2    1   56  236  412    0   26    3    1    0    3811
    2    1   57  237   96    0    6    1    3    0    1050
    2    1   58  238  448    1   28    3    1    0    1305
    2    1   59  239  394    0   25    3    1    0     696
    2    1   60  240  346    0   22    3    1    0     528
    2    1   61  241  225    0   15    2    2    1    1704
    2    1   62  242  175    0   11    2    3    0    1132
    2    1   63  243  162    0   11    2    2    1     719
    2    1   64  244  203    0   13    2    1    0     625
    2    1   65  245  273    0   18    2    1    0    1007
    2    1   66  246   52    1    4    1    3    0     983
    2    1   67  247  297    0   19    2    1    0     675
    2    1   68  248   17    0    2    1    1    1     437
    2    1   69  249  206    0   13    2    1    0     379
    2    1   70  250   41    0    3    1    1    1     504
    2    1   71  251  170    0   11    2    1    0     474
    2    1   72  252   53    1    4    1    2    0     524
    2    1   73  253  194    0   13    2    3    0    1745
    2    1   74  254   32    0    2    1    1    1    1203
    2    1   75  255   10    0    1    1    2    0     439
    2    1   76  256  171    0   11    2    2    1    1631
    2    1   77  257    2    0    1    1    2    0    4327
    2    1   78  258  278    0   18    2    1    0     570
    2    1   79  259  430    0   27    3    3    1     949
    2    1   80  260  421    0   27    3    2    0     555
    2    1   81  261  441    0   28    3    3    1     938
    2    1   82  262  259    0   17    2    3    0     956
    2    1   83  263  365    0   23    3    3    1     863
    2    1   84  264  401    0   26    3    1    0     796
    2    1   85  265   19    0    2    1    2    0     426
    2    1   86  266    3    0    1    1    2    0     778
    2    1   87  267  445    0   28    3    3    1    1393
    2    1   88  268   13    0    1    1    1    1    1142
    2    1   89  269   83    0    6    1    3    0    1281
    2    1   90  270  119    0    8    1    1    1    1310
    2    1   91  271  212    1   14    2    2    1     767
    2    1   92  272  191    0   12    2    3    0    1077
    2    1   93  273  138    0    9    1    1    1    1173
    2    1   94  274   99    0    7    1    1    1    1391
    2    1   95  275   78    0    5    1    2    0    1095
    2    1   96  276  283    0   18    2    1    0     728
    2    1   97  277   69    0    5    1    1    1     977
    2    1   98  278  385    0   25    3    1    0     652
    2    1   99  279  160    0   10    1    1    1    1146
    2    1  100  280  309    0   20    2    1    0     716
    2    1  101  281  249    0   16    2    2    1     322
    2    1  102  282  184    0   12    2    1    0     665
    2    1  103  283  110    0    7    1    1    1    1051
    2    1  104  284  298    0   19    2    2    1     772
    2    1  105  285  285    0   18    2    1    0     651
    2    1  106  286  425    0   27    3    3    1     526
    2    1  107  287   63    0    4    1    1    1     274
    2    1  108  288   33    1    3    1    2    0     594
    2    1  109  289  253    0   16    2    3    0     483
    2    1  110  290   72    0    5    1    1    1     530
    2    1  111  291  202    0   13    2    2    1     426
    2    1  112  292  336    0   21    3    2    0     911
    2    1  113  293  432    0   27    3    3    1     637
    2    1  114  294   12    0    1    1    2    0     533
    2    1  115  295  439    0   28    3    3    1     502
    2    1  116  296  103    0    7    1    1    1     578
    2    1  117  297  375    0   24    3    2    0     381
    2    1  118  298  226    0   15    2    1    0     307
    2    1  119  299   26    0    2    1    2    0     520
    2    1  120  300  238    0   15    2    3    0     339
    2    1  121  301  268    0   17    2    1    0     277
    2    1  122  302  207    0   13    2    2    1     611
    2    1  123  303   30    0    2    1    2    0     419
    2    1  124  304  338    0   22    3    3    1     728
    2    1  125  305  366    0   23    3    1    0     100
    2    1  126  306  333    0   21    3    3    1    4066
    2    1  127  307  190    0   12    2    3    0    5876
    2    1  128  308  223    0   14    2    3    0    2828
    2    1  129  309  150    0   10    1    1    1    1260
    2    1  130  310  296    0   19    2    3    0    1790
    2    1  131  311   46    0    3    1    3    0    2243
    2    1  132  312  209    0   14    2    2    1    1921
    2    1  133  313  332    0   21    3    3    1    2145
    2    1  134  314  234    0   15    2    3    0    2778
    2    1  135  315  305    0   20    2    2    1    3320
    2    1  136  316  460    0   29    3    2    0    1983
    2    1  137  317   82    0    6    1    3    0    4373
    2    1  138  318  178    0   12    2    2    1     461
    2    1  139  319    5    0    1    1    2    0    2170
    2    1  140  320  340    1   22    3    1    0    1204
    2    1  141  321   70    0    5    1    2    0    1099
    2    1  142  322    7    0    1    1    3    0    1055
    2    1  143  323  341    0   22    3    3    1     950
    2    1  144  324  320    0   20    2    1    0     853
    2    1  145  325  328    0   21    3    3    1    1334
    2    1  146  326  402    0   26    3    1    0     806
    2    1  147  327   90    0    6    1    3    0     884
    2    1  148  328  219    1   14    2    1    0    1027
    2    1  149  329  179    0   12    2    3    0    1012
    2    1  150  330   60    0    4    1    2    0     962
    2    1  151  331  262    0   17    2    3    0    1329
    2    1  152  332  303    0   19    2    3    0    2179
    2    1  153  333  436    0   28    3    3    1     919
    2    1  154  334  213    0   14    2    3    0    1035
    2    1  155  335  118    0    8    1    2    0    1191
    2    1  156  336  319    0   20    2    2    1    1017
    2    1  157  337  450    0   29    3    2    0    2688
    2    1  158  338  128    0    8    1    2    0     803
    2    1  159  339  418    0   27    3    3    1    1417
    2    1  160  340  348    0   22    3    3    1    1143
    2    1  161  341  165    0   11    2    2    1    1442
    2    1  162  342  216    1   14    2    1    0     445
    2    1  163  343   14    0    1    1    1    1     794
    2    1  164  344   11    0    1    1    1    1     562
    2    1  165  345  378    0   24    3    1    0     791
    2    1  166  346  269    1   17    2    1    0     656
    2    1  167  347  120    1    8    1    1    1     999
    2    1  168  348  172    0   11    2    2    1     578
    2    1  169  349   51    0    4    1    3    0    1016
    2    1  170  350  177    0   12    2    3    0    1129
    2    1  171  351  169    0   11    2    1    0    1222
    2    1  172  352  476    1   30    3    1    0     908
    2    1  173  353  322    0   21    3    3    1    3249
    2    1  174  354  141    0    9    1    1    1    1337
    2    1  175  355  124    0    8    1    2    0    2092
    2    1  176  356   88    0    6    1    3    0     915
    2    1  177  357  214    0   14    2    2    1    1158
    2    1  178  358  475    0   30    3    1    0     804
    2    1  179  359   27    0    2    1    1    1     471
    2    1  180  360  434    0   28    3    1    0     313
    2    1  181  361  185    0   12    2    1    0     260
    2    1  182  362  308    0   20    2    1    0    1016
    2    1  183  363  237    0   15    2    1    0     827
    2    1  184  364  466    0   30    3    1    0     512
    2    1  185  365  387    1   25    3    1    0     485
    2    1  186  366  392    0   25    3    1    0    1090
    2    1  187  367  274    0   18    2    1    0     792
    2    1  188  368   45    0    3    1    1    1     539
    2    1  189  369  250    1   16    2    2    1     922
    2    1  190  370  282    0   18    2    1    0     463
    2    1  191  371  390    0   25    3    1    0     501
    2    1  192  372  299    0   19    2    1    0     388
    2    1  193  373  404    0   26    3    1    0     292
    2    1  194  374  468    0   30    3    2    0     616
    2    1  195  375  104    0    7    1    1    1     349
    2    1  196  376  163    0   11    2    3    0    1243
    2    1  197  377  352    0   22    3    1    0     557
    2    1  198  378  281    0   18    2    2    1     517
    2    1  199  379  464    0   29    3    2    0     410
    2    1  200  380  277    0   18    2    1    0     752
    2    1  201  381  300    0   19    2    2    1     425
    2    1  202  382  286    0   18    2    2    1     341
    2    1  203  383  306    0   20    2    2    1     377
    2    1  204  384  224    0   14    2    2    1     394
    2    1  205  385  304    0   19    2    1    0     422
    2    1  206  386  263    0   17    2    2    1     530
    2    1  207  387  471    1   30    3    1    0     279
    2    1  208  388  342    0   22    3    2    0    3702
    2    1  209  389  451    0   29    3    2    0     424
    2    1  210  390    8    0    1    1    1    1     199
    2    1  211  391   76    0    5    1    1    1    6035
    2    1  212  392  208    0   13    2    1    0    2493
    2    1  213  393  233    0   15    2    2    1    1723
    2    1  214  394  371    0   24    3    2    0    1671
    2    1  215  395   23    0    2    1    2    0     978
    2    1  216  396  243    0   16    2    2    1     793
    2    1  217  397  152    0   10    1    2    0     612
    2    1  218  398   75    0    5    1    1    1    2448
    2    1  219  399   67    0    5    1    3    0   12447
    2    1  220  400  364    0   23    3    3    1    1405
    2    1  221  401   65    0    5    1    2    0     461
    2    1  222  402   59    0    4    1    1    1     368
    2    1  223  403  452    0   29    3    1    0     386
    2    1  224  404   34    0    3    1    2    0    1647
    2    1  225  405    9    0    1    1    2    0    1414
    2    1  226  406  289    1   19    2    1    0     480
    2    1  227  407  198    0   13    2    2    1     267
    2    1  228  408  236    0   15    2    1    0    1426
    2    1  229  409   94    0    6    1    3    0    1374
    2    1  230  410  444    0   28    3    2    0    1541
    2    1  231  411  442    0   28    3    1    0     911
    2    1  232  412   85    0    6    1    3    0    1574
    2    1  233  413  437    0   28    3    2    0     573
    2    1  234  414  183    0   12    2    3    0    1022
    2    1  235  415  345    0   22    3    3    1     945
    2    1  236  416  113    0    8    1    1    1    1349
    2    1  237  417  159    0   10    1    2    0     474
    2    1  238  418  258    0   17    2    1    0     614
    2    1  239  419  140    0    9    1    2    0     379
    2    1  240  420  157    0   10    1    1    1     487
    2    1  241  421  115    0    8    1    2    0     439
    2    1  242  422  406    1   26    3    1    0    2624
    2    1  243  423  474    0   30    3    2    0     259
    2    1  244  424  200    0   13    2    1    0    1723
    2    1  245  425  270    0   17    2    3    0     335
    2    1  246  426   97    0    7    1    2    0    1343
    2    1  247  427  137    0    9    1    1    1     408
    2    1  248  428  240    1   15    2    1    0     446
    2    1  249  429  182    1   12    2    2    1     800
    2    1  250  430  454    0   29    3    1    0     544
    2    1  251  431  254    0   16    2    2    1     587
    2    1  252  432  246    0   16    2    3    0    1369
    2    1  253  433  154    0   10    1    1    1     463
    2    1  254  434  255    0   16    2    2    1     994
    2    1  255  435   31    0    2    1    1    1     493
    2    1  256  436   44    0    3    1    2    0     603
    2    1  257  437   93    0    6    1    3    0    1255
    2    1  258  438  409    1   26    3    1    0     503
    2    1  259  439  479    1   30    3    2    0     725
    2    1  260  440    4    1    1    1    2    0     586
    2    1  261  441  173    0   11    2    2    1     617
    2    1  262  442  312    0   20    2    1    0     588
    2    1  263  443  455    0   29    3    1    0     501
    2    1  264  444  260    0   17    2    2    1     639
    2    1  265  445  344    0   22    3    2    0     593
    2    1  266  446   24    0    2    1    2    0    1727
    2    1  267  447  363    0   23    3    2    0    1618
    2    1  268  448  362    0   23    3    2    0     730
    2    1  269  449  217    1   14    2    2    1     522
    2    1  270  450   54    0    4    1    2    0    1130
    2    1  271  451   29    0    2    1    3    0     947
    2    1  272  452  457    0   29    3    1    0     924
    2    1  273  453  126    0    8    1    2    0     666
    2    1  274  454  294    0   19    2    2    1    1719
    2    1  275  455  161    0   11    2    2    1    1609
    2    1  276  456  393    0   25    3    2    0     997
    2    1  277  457  116    0    8    1    2    0     486
    2    1  278  458   62    0    4    1    2    0    2279
    2    1  279  459  295    0   19    2    3    0    1429
    2    1  280  460  188    0   12    2    1    0     557
    2    1  281  461  310    0   20    2    2    1     683
    2    1  282  462  431    0   27    3    3    1     300
    2    1  283  463   49    1    4    1    1    1     535
    2    1  284  464  123    0    8    1    2    0     502
    2    1  285  465   66    1    5    1    2    0     352
    2    1  286  466  239    0   15    2    3    0     626
    2    1  287  467   56    1    4    1    2    0     395
    2    1  288  468  347    0   22    3    2    0     605
    2    1  289  469  151    0   10    1    2    0     267
    2    1  290  470  351    0   22    3    1    0    1573
    2    1  291  471  107    0    7    1    2    0     895
    2    1  292  472   74    0    5    1    2    0     892
    2    1  293  473  272    1   17    2    2    1     835
    2    1  294  474  456    0   29    3    1    0     918
    2    1  295  475  129    0    9    1    2    0     654
    2    1  296  476  383    0   24    3    3    1     267
    2    1  297  477  105    0    7    1    3    0    1476
    2    1  298  478  145    0   10    1    1    1    1150
    2    1  299  479   47    0    3    1    2    0     593
    2    1  300  480  229    0   15    2    3    0     732
