    1    1    1    1  406    1   26    3    3    1    4339
    1    1    2    2  411    1   26    3    3    1    8588
    1    1    3    3   38    1    3    1    1    1    3502
    1    1    4    4   71    1    5    1    1    1     872
    1    1    5    5   49    1    4    1    2    0    4429
    1    1    6    6  201    1   13    2    2    1    1514
    1    1    7    7   36    1    3    1    1    1    1511
    1    1    8    8   35    1    3    1    1    1    1628
    1    1    9    9  120    1    8    1    1    1    1479
    1    1   10   10  471    1   30    3    3    1    1665
    1    1   11   11  252    1   16    2    2    1    2680
    1    1   12   12  409    1   26    3    3    1     908
    1    1   13   13  266    1   17    2    2    1    1414
    1    1   14   14   56    1    4    1    1    1    2321
    1    1   15   15  117    1    8    1    1    1    1751
    1    1   16   16  473    1   30    3    3    1     929
    1    1   17   17  359    1   23    3    3    1     795
    1    1   18   18  250    1   16    2    2    1    1749
    1    1   19   19    4    1    1    1    1    1    2418
    1    1   20   20  448    1   28    3    1    0    2490
    1    1   21   21  219    1   14    2    1    0    2618
    1    1   22   22   80    1    5    1    1    1    1078
    1    1   23   23   37    1    3    1    1    1    4588
    1    1   24   24  216    1   14    2    3    0    1107
    1    1   25   25  240    1   15    2    3    0    1409
    1    1   26   26  340    1   22    3    2    0    2411
    1    1   27   27  280    1   18    2    2    1    1729
    1    1   28   28   66    1    5    1    1    1    1123
    1    1   29   29  360    1   23    3    3    1    3161
    1    1   30   30   33    1    3    1    1    1    1019
    1    1   31   31  380    1   24    3    3    1     766
    1    1   32   32  396    1   25    3    3    1     710
    1    1   33   33   52    1    4    1    1    1     896
    1    1   34   34  408    1   26    3    3    1     656
    1    1   35   35  217    1   14    2    1    0    1228
    1    1   36   36  182    1   12    2    2    1     996
    1    1   37   37  245    1   16    2    2    1    1556
    1    1   38   38   16    1    1    1    1    1    1726
    1    1   39   39    6    1    1    1    1    1    1614
    1    1   40   40  465    1   30    3    3    1     805
    1    1   41   41  272    1   17    2    1    0    2009
    1    1   42   42   58    1    4    1    1    1    1495
    1    1   43   43  212    1   14    2    2    1    1676
    1    1   44   44  121    1    8    1    1    1    1307
    1    1   45   45   53    1    4    1    1    1     931
    1    1   46   46  356    1   23    3    3    1     965
    1    1   47   47  164    1   11    2    1    0     990
    1    1   48   48  326    1   21    3    1    0    1265
    1    1   49   49  267    1   17    2    2    1    1267
    1    1   50   50  290    1   19    2    1    0     774
    1    1   51   51  353    1   23    3    3    1     810
    1    1   52   52  479    1   30    3    3    1     868
    1    1   53   53  271    1   17    2    2    1     982
    1    1   54   54   15    1    1    1    1    1    1286
    1    1   55   55  269    1   17    2    2    1     990
    1    1   56   56  289    1   19    2    2    1     810
    1    1   57   57  424    1   27    3    3    1     833
    1    1   58   58  387    1   25    3    1    0    1028
    1    1   59   59  476    1   30    3    3    1    1052
    1    1   60   60  276    1   18    2    1    0     984
    1    2    1   61  359    1   23    3    3    1     824
    1    2    2   62  216    1   14    2    3    0    2861
    1    2    3   63  267    1   17    2    2    1    1011
    1    2    4   64  121    1    8    1    1    1    4531
    1    2    5   65   58    1    4    1    1    1    2940
    1    2    6   66  252    1   16    2    2    1    1712
    1    2    7   67  471    1   30    3    3    1     820
    1    2    8   68  424    1   27    3    2    0     840
    1    2    9   69  476    1   30    3    3    1    1072
    1    2   10   70  380    1   24    3    1    0    1180
    1    2   11   71   49    1    4    1    1    1     837
    1    2   12   72  409    1   26    3    3    1     755
    1    2   13   73   53    1    4    1    1    1     686
    1    2   14   74  360    1   23    3    3    1    1085
    1    2   15   75  240    1   15    2    3    0    2631
    1    2   16   76  182    1   12    2    2    1     914
    1    2   17   77    6    1    1    1    1    1     997
    1    2   18   78  217    1   14    2    2    1    2908
    1    2   19   79  326    1   21    3    3    1     932
    1    2   20   80   35    1    3    1    1    1    6800
    1    2   21   81   80    1    5    1    1    1    3258
    1    2   22   82  117    1    8    1    3    0    2206
    1    2   23   83  164    1   11    2    1    0     860
    1    2   24   84   16    1    1    1    1    1     884
    1    2   25   85   37    1    3    1    1    1     856
    1    2   26   86  356    1   23    3    3    1     762
    1    2   27   87   66    1    5    1    1    1     639
    1    2   28   88   38    1    3    1    1    1     920
    1    2   29   89   33    1    3    1    1    1     925
    1    2   30   90  219    1   14    2    3    0    1019
    1    2   31   91  276    1   18    2    1    0    2233
    1    2   32   92   56    1    4    1    1    1    1204
    1    2   33   93  272    1   17    2    2    1    1565
    1    2   34   94   71    1    5    1    1    1     711
    1    2   35   95  250    1   16    2    2    1    1189
    1    2   36   96  353    1   23    3    3    1    1541
    1    2   37   97   15    1    1    1    1    1    5949
    1    2   38   98    4    1    1    1    1    1    2212
    1    2   39   99  212    1   14    2    3    0     999
    1    2   40  100  396    1   25    3    3    1    1136
    1    2   41  101  120    1    8    1    1    1     633
    1    2   42  102  406    1   26    3    3    1     654
    1    2   43  103  245    1   16    2    3    0    1619
    1    2   44  104   36    1    3    1    1    1     666
    1    2   45  105  387    1   25    3    3    1    1400
    1    2   46  106  266    1   17    2    2    1    1459
    1    2   47  107  465    1   30    3    3    1     817
    1    2   48  108  290    1   19    2    1    0     678
    1    2   49  109  269    1   17    2    2    1    1011
    1    2   50  110  479    1   30    3    3    1     881
    1    2   51  111   52    1    4    1    1    1     736
    1    2   52  112  448    1   28    3    1    0    1663
    1    2   53  113  411    1   26    3    3    1    2512
    1    2   54  114  473    1   30    3    3    1     886
    1    2   55  115  340    1   22    3    1    0    2122
    1    2   56  116  201    1   13    2    2    1     854
    1    2   57  117  280    1   18    2    3    0    1481
    1    2   58  118  289    1   19    2    2    1    1396
    1    2   59  119  408    1   26    3    1    0    1279
    1    2   60  120  271    1   17    2    2    1     714
    1    3    1  121  360    1   23    3    3    1     799
    1    3    2  122   58    1    4    1    1    1    1137
    1    3    3  123  216    1   14    2    1    0    2798
    1    3    4  124  356    1   23    3    3    1     580
    1    3    5  125  340    1   22    3    2    0    4180
    1    3    6  126  359    1   23    3    3    1     807
    1    3    7  127  326    1   21    3    1    0    1245
    1    3    8  128  290    1   19    2    1    0     625
    1    3    9  129  212    1   14    2    3    0    2238
    1    3   10  130  245    1   16    2    2    1    1082
    1    3   11  131   16    1    1    1    1    1    1297
    1    3   12  132  120    1    8    1    1    1     949
    1    3   13  133   15    1    1    1    1    1    1047
    1    3   14  134  266    1   17    2    2    1     818
    1    3   15  135  471    1   30    3    2    0    2748
    1    3   16  136  267    1   17    2    2    1     754
    1    3   17  137  479    1   30    3    3    1    1159
    1    3   18  138  424    1   27    3    3    1    1984
    1    3   19  139  272    1   17    2    2    1    1270
    1    3   20  140  269    1   17    2    2    1    1628
    1    3   21  141  476    1   30    3    3    1     766
    1    3   22  142    4    1    1    1    1    1     931
    1    3   23  143   49    1    4    1    1    1     779
    1    3   24  144  411    1   26    3    3    1    1616
    1    3   25  145   80    1    5    1    1    1     642
    1    3   26  146  201    1   13    2    2    1     796
    1    3   27  147  164    1   11    2    1    0    5219
    1    3   28  148  396    1   25    3    3    1     813
    1    3   29  149   53    1    4    1    1    1    1331
    1    3   30  150  117    1    8    1    2    0    4288
    1    3   31  151  121    1    8    1    1    1     917
    1    3   32  152  280    1   18    2    2    1    3169
    1    3   33  153  406    1   26    3    3    1    1181
    1    3   34  154  353    1   23    3    3    1     943
    1    3   35  155  271    1   17    2    2    1     881
    1    3   36  156  219    1   14    2    1    0    2199
    1    3   37  157    6    1    1    1    1    1    1230
    1    3   38  158   35    1    3    1    1    1    1011
    1    3   39  159  276    1   18    2    1    0    1294
    1    3   40  160  408    1   26    3    3    1    1045
    1    3   41  161  473    1   30    3    3    1     932
    1    3   42  162   36    1    3    1    1    1     820
    1    3   43  163  409    1   26    3    3    1     660
    1    3   44  164   38    1    3    1    1    1     641
    1    3   45  165  387    1   25    3    3    1     641
    1    3   46  166   52    1    4    1    1    1     604
    1    3   47  167  250    1   16    2    2    1    1211
    1    3   48  168  289    1   19    2    2    1     786
    1    3   49  169   33    1    3    1    1    1    1529
    1    3   50  170   37    1    3    1    1    1     827
    1    3   51  171  252    1   16    2    2    1     658
    1    3   52  172  465    1   30    3    3    1     978
    1    3   53  173   66    1    5    1    1    1    1410
    1    3   54  174  182    1   12    2    2    1     753
    1    3   55  175  240    1   15    2    3    0     903
    1    3   56  176  380    1   24    3    1    0    2270
    1    3   57  177   71    1    5    1    1    1     839
    1    3   58  178  217    1   14    2    2    1    1225
    1    3   59  179  448    1   28    3    3    1    2339
    1    3   60  180   56    1    4    1    1    1    1062
    2    1    1  181   90    0    6    1    3    0    2858
    2    1    2  182  207    0   13    2    2    1    1672
    2    1    3  183  354    0   23    3    3    1     888
    2    1    4  184   58    1    4    1    1    1    1523
    2    1    5  185  193    0   13    2    2    1     585
    2    1    6  186  383    0   24    3    1    0     919
    2    1    7  187  301    0   19    2    1    0     644
    2    1    8  188  350    0   22    3    1    0     744
    2    1    9  189  169    0   11    2    1    0     713
    2    1   10  190   74    0    5    1    1    1     655
    2    1   11  191  449    0   29    3    2    0     588
    2    1   12  192  252    1   16    2    2    1     614
    2    1   13  193  439    0   28    3    1    0     724
    2    1   14  194  458    0   29    3    3    1    2053
    2    1   15  195  295    0   19    2    1    0     599
    2    1   16  196  338    0   22    3    3    1    2849
    2    1   17  197  372    0   24    3    1    0     978
    2    1   18  198  128    0    8    1    1    1     775
    2    1   19  199  168    0   11    2    1    0     640
    2    1   20  200  335    0   21    3    3    1    1731
    2    1   21  201  416    0   26    3    3    1     804
    2    1   22  202  101    0    7    1    1    1    2292
    2    1   23  203  233    0   15    2    1    0    2093
    2    1   24  204  105    0    7    1    3    0    3520
    2    1   25  205  211    0   14    2    3    0     982
    2    1   26  206  311    0   20    2    3    0     701
    2    1   27  207    6    1    1    1    1    1     689
    2    1   28  208  412    0   26    3    3    1    1081
    2    1   29  209  455    0   29    3    2    0     576
    2    1   30  210  371    0   24    3    1    0     587
    2    1   31  211   96    0    6    1    3    0     770
    2    1   32  212  419    0   27    3    2    0    1046
    2    1   33  213   71    1    5    1    1    1     611
    2    1   34  214  281    0   18    2    1    0    1485
    2    1   35  215  298    0   19    2    1    0     788
    2    1   36  216  322    0   21    3    3    1    3824
    2    1   37  217  457    0   29    3    2    0     571
    2    1   38  218  285    0   18    2    3    0    1003
    2    1   39  219  123    0    8    1    1    1    1443
    2    1   40  220   93    0    6    1    3    0     845
    2    1   41  221  260    0   17    2    3    0    2410
    2    1   42  222  238    0   15    2    3    0    2188
    2    1   43  223  353    1   23    3    3    1     663
    2    1   44  224   95    0    6    1    3    0     753
    2    1   45  225   61    0    4    1    1    1     582
    2    1   46  226  269    1   17    2    2    1     814
    2    1   47  227  469    0   30    3    3    1     887
    2    1   48  228  244    0   16    2    2    1    1135
    2    1   49  229   24    0    2    1    3    0     860
    2    1   50  230   94    0    6    1    3    0    2323
    2    1   51  231  303    0   19    2    1    0    1244
    2    1   52  232  313    0   20    2    2    1    1101
    2    1   53  233  306    0   20    2    3    0    1258
    2    1   54  234  289    1   19    2    2    1     911
    2    1   55  235  214    0   14    2    3    0     860
    2    1   56  236  411    1   26    3    3    1    1103
    2    1   57  237  307    0   20    2    3    0    1587
    2    1   58  238  133    0    9    1    1    1     644
    2    1   59  239    2    0    1    1    1    1     530
    2    1   60  240  224    0   14    2    1    0     709
    2    1   61  241  172    0   11    2    1    0     623
    2    1   62  242  174    0   11    2    1    0     854
    2    1   63  243  300    0   19    2    1    0     569
    2    1   64  244  240    1   15    2    2    1    1674
    2    1   65  245  468    0   30    3    3    1     934
    2    1   66  246  294    0   19    2    1    0     644
    2    1   67  247  459    0   29    3    3    1     789
    2    1   68  248    5    0    1    1    1    1    1103
    2    1   69  249   83    0    6    1    3    0     757
    2    1   70  250  344    0   22    3    1    0     956
    2    1   71  251  466    0   30    3    2    0    1125
    2    1   72  252   35    1    3    1    1    1     677
    2    1   73  253  312    0   20    2    3    0    1150
    2    1   74  254  146    0   10    1    1    1     802
    2    1   75  255  331    0   21    3    3    1     803
    2    1   76  256   80    1    5    1    1    1     694
    2    1   77  257  117    1    8    1    1    1     906
    2    1   78  258  446    0   28    3    1    0     668
    2    1   79  259  408    1   26    3    3    1    1007
    2    1   80  260  267    1   17    2    1    0     625
    2    1   81  261  375    0   24    3    1    0     678
    2    1   82  262   98    0    7    1    1    1     685
    2    1   83  263  202    0   13    2    2    1    1187
    2    1   84  264  272    1   17    2    2    1     824
    2    1   85  265  217    1   14    2    2    1    3396
    2    1   86  266  277    0   18    2    3    0     881
    2    1   87  267  461    0   29    3    2    0     700
    2    1   88  268  330    0   21    3    3    1     998
    2    1   89  269   63    0    4    1    1    1     610
    2    1   90  270  471    1   30    3    2    0    1037
    2    1   91  271  378    0   24    3    1    0     644
    2    1   92  272   14    0    1    1    1    1     478
    2    1   93  273  395    0   25    3    1    0    1487
    2    1   94  274  161    0   11    2    1    0     720
    2    1   95  275  162    0   11    2    1    0    1306
    2    1   96  276  258    0   17    2    2    1     914
    2    1   97  277  163    0   11    2    3    0     821
    2    1   98  278  253    0   16    2    2    1     871
    2    1   99  279  196    0   13    2    2    1     582
    2    1  100  280  384    0   24    3    1    0     591
    2    1  101  281  290    1   19    2    1    0    1259
    2    1  102  282  425    0   27    3    3    1    2043
    2    1  103  283  173    0   11    2    1    0     754
    2    1  104  284  147    0   10    1    2    0     780
    2    1  105  285  178    0   12    2    3    0     642
    2    1  106  286  179    0   12    2    1    0    2729
    2    1  107  287  156    0   10    1    1    1    2140
    2    1  108  288  228    0   15    2    3    0    2092
    2    1  109  289  194    0   13    2    2    1    1032
    2    1  110  290  444    0   28    3    3    1    1778
    2    1  111  291  323    0   21    3    3    1    1422
    2    1  112  292  463    0   29    3    3    1    1251
    2    1  113  293  394    0   25    3    3    1    2201
    2    1  114  294  476    1   30    3    3    1    1055
    2    1  115  295  205    0   13    2    2    1     907
    2    1  116  296   88    0    6    1    3    0     773
    2    1  117  297   19    0    2    1    1    1     583
    2    1  118  298  110    0    7    1    3    0    2453
    2    1  119  299  404    0   26    3    3    1     706
    2    1  120  300  329    0   21    3    3    1     557
    2    1  121  301  473    1   30    3    3    1    1079
    2    1  122  302  310    0   20    2    3    0    1503
    2    1  123  303  280    1   18    2    2    1     982
    2    1  124  304  292    0   19    2    1    0     672
    2    1  125  305  212    1   14    2    3    0    1399
    2    1  126  306   30    0    2    1    1    1     565
    2    1  127  307  369    0   24    3    1    0     750
    2    1  128  308  407    0   26    3    3    1    1216
    2    1  129  309  223    0   14    2    3    0    1029
    2    1  130  310  319    0   20    2    3    0     800
    2    1  131  311  132    0    9    1    1    1     670
    2    1  132  312  460    0   29    3    3    1    2785
    2    1  133  313  314    0   20    2    2    1    1594
    2    1  134  314  237    0   15    2    3    0     985
    2    1  135  315  247    0   16    2    2    1     656
    2    1  136  316  187    0   12    2    3    0     943
    2    1  137  317  386    0   25    3    2    0    1754
    2    1  138  318  347    0   22    3    1    0     750
    2    1  139  319  332    0   21    3    1    0    5851
    2    1  140  320  456    0   29    3    3    1     739
    2    1  141  321  391    0   25    3    3    1     887
    2    1  142  322  359    1   23    3    3    1     726
    2    1  143  323  431    0   27    3    2    0     991
    2    1  144  324  119    0    8    1    1    1     664
    2    1  145  325  316    0   20    2    3    0     723
    2    1  146  326  177    0   12    2    3    0     711
    2    1  147  327  102    0    7    1    1    1     505
    2    1  148  328   10    0    1    1    1    1     748
    2    1  149  329  284    0   18    2    3    0     877
    2    1  150  330  409    1   26    3    3    1     874
    2    1  151  331  152    0   10    1    1    1    1611
    2    1  152  332  220    0   14    2    2    1    1599
    2    1  153  333  166    0   11    2    1    0     608
    2    1  154  334  291    0   19    2    1    0     664
    2    1  155  335  396    1   25    3    3    1     960
    2    1  156  336  445    0   28    3    3    1    1918
    2    1  157  337  176    0   11    2    1    0     707
    2    1  158  338   42    0    3    1    1    1     761
    2    1  159  339  221    0   14    2    2    1     795
    2    1  160  340   33    1    3    1    1    1     602
    2    1  161  341  164    1   11    2    1    0    1291
    2    1  162  342   57    0    4    1    1    1    1615
    2    1  163  343  376    0   24    3    1    0     633
    2    1  164  344  367    0   23    3    1    0    1313
    2    1  165  345  346    0   22    3    1    0     593
    2    1  166  346  333    0   21    3    2    0     967
    2    1  167  347  339    0   22    3    1    0    3469
    2    1  168  348  437    0   28    3    3    1    1423
    2    1  169  349  203    0   13    2    2    1     723
    2    1  170  350  452    0   29    3    3    1    1019
    2    1  171  351  380    1   24    3    3    1    8868
    2    1  172  352  373    0   24    3    1    0    3126
    2    1  173  353  365    0   23    3    3    1    1378
    2    1  174  354   38    1    3    1    1    1     676
    2    1  175  355  227    0   15    2    3    0     797
    2    1  176  356  430    0   27    3    3    1     656
    2    1  177  357  405    0   26    3    3    1    1209
    2    1  178  358   70    0    5    1    1    1     571
    2    1  179  359   92    0    6    1    3    0     633
    2    1  180  360   72    0    5    1    1    1     543
    2    1  181  361   20    0    2    1    1    1     952
    2    1  182  362  151    0   10    1    2    0    1595
    2    1  183  363  256    0   16    2    1    0     732
    2    1  184  364  184    0   12    2    3    0     784
    2    1  185  365  278    0   18    2    2    1    2400
    2    1  186  366  144    0    9    1    1    1     660
    2    1  187  367  103    0    7    1    1    1    3517
    2    1  188  368   64    0    4    1    1    1    2802
    2    1  189  369   16    1    1    1    1    1     612
    2    1  190  370  475    0   30    3    2    0     623
    2    1  191  371   46    0    3    1    1    1     713
    2    1  192  372  204    0   13    2    2    1     627
    2    1  193  373  245    1   16    2    2    1     840
    2    1  194  374  189    0   12    2    3    0     824
    2    1  195  375  235    0   15    2    1    0     646
    2    1  196  376   39    0    3    1    1    1     587
    2    1  197  377  148    0   10    1    3    0    1819
    2    1  198  378  139    0    9    1    1    1     424
    2    1  199  379   44    0    3    1    1    1     617
    2    1  200  380  318    0   20    2    3    0     689
    2    1  201  381   21    0    2    1    3    0     860
    2    1  202  382  427    0   27    3    3    1    5127
    2    1  203  383   65    0    5    1    1    1     553
    2    1  204  384  441    0   28    3    3    1     752
    2    1  205  385   27    0    2    1    1    1     443
    2    1  206  386   12    0    1    1    1    1     540
    2    1  207  387  222    0   14    2    3    0     839
    2    1  208  388  134    0    9    1    2    0     730
    2    1  209  389  229    0   15    2    1    0    1133
    2    1  210  390   87    0    6    1    2    0    1061
    2    1  211  391  180    0   12    2    3    0     796
    2    1  212  392  231    0   15    2    2    1     509
    2    1  213  393  387    1   25    3    1    0    3582
    2    1  214  394  140    0    9    1    1    1    1344
    2    1  215  395  234    0   15    2    1    0    3076
    2    1  216  396  138    0    9    1    1    1     670
    2    1  217  397  438    0   28    3    1    0     683
    2    1  218  398  274    0   18    2    2    1     654
    2    1  219  399    1    0    1    1    1    1     963
    2    1  220  400  109    0    7    1    1    1     550
    2    1  221  401  477    0   30    3    1    0     490
    2    1  222  402   52    1    4    1    1    1     687
    2    1  223  403  432    0   27    3    3    1     756
    2    1  224  404   86    0    6    1    2    0     695
    2    1  225  405  385    0   25    3    3    1     871
    2    1  226  406  390    0   25    3    3    1    1199
    2    1  227  407  100    0    7    1    1    1     571
    2    1  228  408  479    1   30    3    3    1    1087
    2    1  229  409  200    0   13    2    2    1     794
    2    1  230  410  241    0   16    2    2    1    4215
    2    1  231  411  192    0   12    2    3    0    1342
    2    1  232  412  185    0   12    2    3    0     737
    2    1  233  413  159    0   10    1    1    1     782
    2    1  234  414  304    0   19    2    3    0     706
    2    1  235  415  342    0   22    3    3    1    1396
    2    1  236  416  126    0    8    1    1    1     580
    2    1  237  417   47    0    3    1    1    1     671
    2    1  238  418  410    0   26    3    3    1    1798
    2    1  239  419  213    0   14    2    3    0     881
    2    1  240  420  478    0   30    3    3    1     494
    2    1  241  421  472    0   30    3    3    1     620
    2    1  242  422  462    0   29    3    3    1    1100
    2    1  243  423  418    0   27    3    3    1     674
    2    1  244  424  116    0    8    1    1    1     595
    2    1  245  425   13    0    1    1    3    0    1735
    2    1  246  426  361    0   23    3    3    1     792
    2    1  247  427  370    0   24    3    1    0     744
    2    1  248  428  239    0   15    2    2    1     668
    2    1  249  429  120    1    8    1    1    1     520
    2    1  250  430  195    0   13    2    2    1     809
    2    1  251  431  305    0   20    2    3    0     972
    2    1  252  432  414    0   26    3    3    1    1175
    2    1  253  433  145    0   10    1    1    1     616
    2    1  254  434  296    0   19    2    2    1    4323
    2    1  255  435   32    0    2    1    3    0     742
    2    1  256  436  121    1    8    1    1    1     685
    2    1  257  437  154    0   10    1    1    1     526
    2    1  258  438  104    0    7    1    3    0    1240
    2    1  259  439  464    0   29    3    1    0     866
    2    1  260  440  191    0   12    2    3    0     718
    2    1  261  441  448    1   28    3    3    1    1205
    2    1  262  442  257    0   17    2    1    0    1654
    2    1  263  443  366    0   23    3    2    0     762
    2    1  264  444  315    0   20    2    2    1     765
    2    1  265  445  297    0   19    2    1    0    1097
    2    1  266  446  328    0   21    3    3    1     759
    2    1  267  447  440    0   28    3    3    1    1368
    2    1  268  448   59    0    4    1    1    1    1125
    2    1  269  449  352    0   22    3    1    0    1164
    2    1  270  450  325    0   21    3    3    1     879
    2    1  271  451  429    0   27    3    2    0     845
    2    1  272  452    4    1    1    1    1    1     621
    2    1  273  453  447    0   28    3    1    0    1075
    2    1  274  454   68    0    5    1    1    1    1198
    2    1  275  455   79    0    5    1    1    1     975
    2    1  276  456   91    0    6    1    3    0     829
    2    1  277  457  251    0   16    2    2    1     847
    2    1  278  458   11    0    1    1    3    0    1473
    2    1  279  459  254    0   16    2    2    1     792
    2    1  280  460  209    0   14    2    3    0    1065
    2    1  281  461  265    0   17    2    2    1    1150
    2    1  282  462   82    0    6    1    3    0     850
    2    1  283  463  249    0   16    2    1    0     951
    2    1  284  464  415    0   26    3    3    1     868
    2    1  285  465  250    1   16    2    2    1     796
    2    1  286  466  216    1   14    2    1    0     966
    2    1  287  467    8    0    1    1    1    1     572
    2    1  288  468   89    0    6    1    3    0     873
    2    1  289  469  142    0    9    1    1    1    1590
    2    1  290  470  182    1   12    2    2    1     685
    2    1  291  471  433    0   28    3    3    1    1966
    2    1  292  472  137    0    9    1    1    1     647
    2    1  293  473  262    0   17    2    3    0    1147
    2    1  294  474  309    0   20    2    3    0     718
    2    1  295  475  136    0    9    1    1    1     695
    2    1  296  476  276    1   18    2    3    0     704
    2    1  297  477  317    0   20    2    2    1     778
    2    1  298  478  381    0   24    3    1    0    1965
    2    1  299  479  259    0   17    2    3    0    1214
    2    1  300  480  340    1   22    3    1    0     670
