    1    1    1    1  125    1    8    1    2    0    3144
    1    1    2    2  215    1   14    2    1    0    2174
    1    1    3    3  456    1   29    3    3    1    2574
    1    1    4    4   40    1    3    1    2    0    2524
    1    1    5    5  238    1   15    2    3    0    1662
    1    1    6    6  135    1    9    1    1    1    3896
    1    1    7    7    7    1    1    1    2    0    4078
    1    1    8    8  359    1   23    3    3    1    1538
    1    1    9    9  397    1   25    3    2    0    3516
    1    1   10   10   31    1    2    1    3    0    1429
    1    1   11   11  455    1   29    3    2    0    2928
    1    1   12   12  241    1   16    2    3    0    2422
    1    1   13   13   55    1    4    1    1    1    2758
    1    1   14   14   96    1    6    1    2    0    2291
    1    1   15   15  272    1   17    2    3    0    6518
    1    1   16   16   72    1    5    1    1    1    2237
    1    1   17   17   85    1    6    1    1    1    1265
    1    1   18   18  395    1   25    3    2    0    4079
    1    1   19   19  471    1   30    3    3    1    2178
    1    1   20   20  327    1   21    3    2    0    2625
    1    1   21   21  106    1    7    1    2    0    2079
    1    1   22   22  293    1   19    2    2    1    3435
    1    1   23   23  170    1   11    2    3    0    2364
    1    1   24   24  330    1   21    3    3    1    2961
    1    1   25   25  203    1   13    2    3    0    2883
    1    1   26   26  146    1   10    1    1    1    1848
    1    1   27   27  111    1    7    1    2    0    2614
    1    1   28   28  267    1   17    2    2    1    2278
    1    1   29   29  115    1    8    1    1    1    2044
    1    1   30   30  279    1   18    2    3    0    4146
    1    1   31   31  297    1   19    2    1    0    2754
    1    1   32   32  224    1   14    2    2    1    4291
    1    1   33   33  443    1   28    3    2    0    2233
    1    1   34   34  136    1    9    1    1    1    5940
    1    1   35   35  405    1   26    3    3    1    4460
    1    1   36   36   34    1    3    1    2    0    2711
    1    1   37   37   17    1    2    1    2    0    2347
    1    1   38   38   62    1    4    1    1    1    3051
    1    1   39   39  308    1   20    2    2    1    4876
    1    1   40   40   16    1    1    1    1    1    2030
    1    1   41   41  381    1   24    3    1    0    1225
    1    1   42   42  446    1   28    3    1    0    5701
    1    1   43   43  420    1   27    3    3    1    3755
    1    1   44   44  339    1   22    3    1    0    2224
    1    1   45   45  376    1   24    3    3    1    2552
    1    1   46   46  195    1   13    2    2    1    2492
    1    1   47   47  229    1   15    2    1    0    4031
    1    1   48   48  355    1   23    3    3    1    3158
    1    1   49   49  465    1   30    3    2    0    3214
    1    1   50   50  190    1   12    2    2    1    1871
    1    1   51   51  250    1   16    2    2    1    7737
    1    1   52   52  278    1   18    2    2    1    2834
    1    1   53   53  163    1   11    2    2    1    3092
    1    1   54   54  423    1   27    3    3    1   12683
    1    1   55   55  413    1   26    3    3    1    2081
    1    1   56   56   73    1    5    1    3    0    2212
    1    1   57   57  306    1   20    2    2    1    1691
    1    1   58   58  337    1   22    3    1    0    3758
    1    1   59   59  186    1   12    2    2    1    2140
    1    1   60   60  148    1   10    1    2    0    3207
    1    2    1   61  420    1   27    3    3    1    2926
    1    2    2   62  423    1   27    3    3    1    6242
    1    2    3   63  203    1   13    2    1    0    3973
    1    2    4   64  190    1   12    2    2    1     721
    1    2    5   65  413    1   26    3    3    1    1883
    1    2    6   66  111    1    7    1    3    0    7267
    1    2    7   67  297    1   19    2    2    1    2129
    1    2    8   68  215    1   14    2    2    1    3321
    1    2    9   69  455    1   29    3    1    0    2778
    1    2   10   70  148    1   10    1    1    1    3455
    1    2   11   71   55    1    4    1    2    0    3309
    1    2   12   72  163    1   11    2    2    1    1284
    1    2   13   73  443    1   28    3    3    1    2823
    1    2   14   74  308    1   20    2    3    0    1292
    1    2   15   75   96    1    6    1    2    0    1011
    1    2   16   76  106    1    7    1    1    1    7039
    1    2   17   77  278    1   18    2    2    1    2771
    1    2   18   78    7    1    1    1    1    1    1399
    1    2   19   79  241    1   16    2    1    0    1382
    1    2   20   80   17    1    2    1    3    0    3140
    1    2   21   81  465    1   30    3    3    1    2071
    1    2   22   82  115    1    8    1    1    1    3717
    1    2   23   83  471    1   30    3    2    0    2764
    1    2   24   84  229    1   15    2    3    0    2759
    1    2   25   85  146    1   10    1    1    1    1200
    1    2   26   86   62    1    4    1    2    0    2838
    1    2   27   87  136    1    9    1    3    0    2948
    1    2   28   88  125    1    8    1    1    1    2298
    1    2   29   89  446    1   28    3    2    0    2577
    1    2   30   90   85    1    6    1    2    0    1420
    1    2   31   91   72    1    5    1    1    1   11181
    1    2   32   92  395    1   25    3    2    0   10405
    1    2   33   93  195    1   13    2    2    1    2203
    1    2   34   94  330    1   21    3    2    0    1845
    1    2   35   95  355    1   23    3    3    1    1661
    1    2   36   96  293    1   19    2    2    1    5119
    1    2   37   97  337    1   22    3    1    0    2599
    1    2   38   98  397    1   25    3    3    1    4560
    1    2   39   99  224    1   14    2    3    0    8486
    1    2   40  100   31    1    2    1    1    1    2014
    1    2   41  101  359    1   23    3    3    1    1593
    1    2   42  102  327    1   21    3    1    0    1856
    1    2   43  103  238    1   15    2    3    0    1996
    1    2   44  104  279    1   18    2    3    0    1178
    1    2   45  105  405    1   26    3    3    1    1397
    1    2   46  106   40    1    3    1    1    1    5065
    1    2   47  107   16    1    1    1    1    1    1507
    1    2   48  108  376    1   24    3    1    0    1313
    1    2   49  109  339    1   22    3    1    0    1332
    1    2   50  110  306    1   20    2    2    1    2425
    1    2   51  111  170    1   11    2    1    0    1406
    1    2   52  112   34    1    3    1    2    0    3618
    1    2   53  113  186    1   12    2    2    1    1541
    1    2   54  114  381    1   24    3    1    0    4852
    1    2   55  115  135    1    9    1    1    1    1750
    1    2   56  116   73    1    5    1    1    1    1673
    1    2   57  117  267    1   17    2    2    1    1753
    1    2   58  118  272    1   17    2    2    1    5033
    1    2   59  119  456    1   29    3    3    1    1944
    1    2   60  120  250    1   16    2    2    1    2298
    1    3    1  121  224    1   14    2    1    0    2732
    1    3    2  122  456    1   29    3    3    1    1280
    1    3    3  123  170    1   11    2    2    1    2944
    1    3    4  124  272    1   17    2    2    1    2423
    1    3    5  125   40    1    3    1    1    1    2755
    1    3    6  126  339    1   22    3    1    0    5607
    1    3    7  127  278    1   18    2    2    1    2012
    1    3    8  128   16    1    1    1    1    1    1439
    1    3    9  129  203    1   13    2    2    1    1701
    1    3   10  130  111    1    7    1    3    0    3340
    1    3   11  131   62    1    4    1    1    1    3241
    1    3   12  132   73    1    5    1    1    1    4299
    1    3   13  133  465    1   30    3    3    1    2761
    1    3   14  134  355    1   23    3    3    1    1085
    1    3   15  135  359    1   23    3    3    1    1966
    1    3   16  136  293    1   19    2    2    1    2255
    1    3   17  137  146    1   10    1    1    1    1312
    1    3   18  138  405    1   26    3    3    1    1541
    1    3   19  139  186    1   12    2    2    1    1792
    1    3   20  140  229    1   15    2    1    0    2892
    1    3   21  141  238    1   15    2    2    1    3038
    1    3   22  142  443    1   28    3    2    0    2250
    1    3   23  143   34    1    3    1    2    0    3538
    1    3   24  144  297    1   19    2    1    0    1247
    1    3   25  145  327    1   21    3    3    1    3334
    1    3   26  146  471    1   30    3    2    0    1369
    1    3   27  147  337    1   22    3    2    0    4974
    1    3   28  148  413    1   26    3    3    1    2854
    1    3   29  149  135    1    9    1    1    1    1566
    1    3   30  150  376    1   24    3    3    1    1890
    1    3   31  151  455    1   29    3    2    0    1416
    1    3   32  152  115    1    8    1    1    1    6214
    1    3   33  153  420    1   27    3    3    1    2903
    1    3   34  154    7    1    1    1    1    1    1604
    1    3   35  155  136    1    9    1    3    0    3091
    1    3   36  156   72    1    5    1    1    1    1386
    1    3   37  157  381    1   24    3    1    0    1902
    1    3   38  158  163    1   11    2    2    1    1928
    1    3   39  159  397    1   25    3    3    1    3219
    1    3   40  160   55    1    4    1    1    1    2113
    1    3   41  161  190    1   12    2    3    0    4516
    1    3   42  162  308    1   20    2    3    0    1707
    1    3   43  163  395    1   25    3    1    0    3552
    1    3   44  164  446    1   28    3    3    1    3156
    1    3   45  165  423    1   27    3    3    1    4394
    1    3   46  166   17    1    2    1    3    0    4157
    1    3   47  167   96    1    6    1    3    0    2294
    1    3   48  168  267    1   17    2    2    1    1837
    1    3   49  169  195    1   13    2    2    1    1918
    1    3   50  170  279    1   18    2    3    0    1868
    1    3   51  171  148    1   10    1    1    1    1840
    1    3   52  172  241    1   16    2    2    1    2389
    1    3   53  173   31    1    2    1    1    1    2222
    1    3   54  174   85    1    6    1    1    1    1422
    1    3   55  175  330    1   21    3    2    0    3143
    1    3   56  176  306    1   20    2    3    0    2491
    1    3   57  177  125    1    8    1    1    1    1318
    1    3   58  178  215    1   14    2    1    0    2357
    1    3   59  179  106    1    7    1    1    1    1861
    1    3   60  180  250    1   16    2    2    1    1773
    2    1    1  181  134    0    9    1    1    1    4718
    2    1    2  182  192    0   12    2    2    1    5988
    2    1    3  183   69    0    5    1    1    1    7493
    2    1    4  184   12    0    1    1    1    1    1221
    2    1    5  185  337    1   22    3    3    1    1448
    2    1    6  186  358    0   23    3    3    1    2592
    2    1    7  187  434    0   28    3    2    0    1709
    2    1    8  188  178    0   12    2    2    1    1061
    2    1    9  189  323    0   21    3    2    0    1867
    2    1   10  190  361    0   23    3    3    1    1294
    2    1   11  191  351    0   22    3    1    0     808
    2    1   12  192  114    0    8    1    1    1     923
    2    1   13  193   10    0    1    1    1    1     855
    2    1   14  194  177    0   12    2    2    1    1785
    2    1   15  195  452    0   29    3    3    1    1118
    2    1   16  196   74    0    5    1    1    1    1330
    2    1   17  197  122    0    8    1    1    1    1029
    2    1   18  198  345    0   22    3    2    0     947
    2    1   19  199  168    0   11    2    2    1    1052
    2    1   20  200  196    0   13    2    2    1     868
    2    1   21  201  184    0   12    2    3    0    1477
    2    1   22  202   38    0    3    1    1    1    1191
    2    1   23  203  404    0   26    3    3    1    1700
    2    1   24  204  376    1   24    3    3    1     982
    2    1   25  205   11    0    1    1    1    1    1863
    2    1   26  206    3    0    1    1    1    1     833
    2    1   27  207   13    0    1    1    1    1     953
    2    1   28  208   85    1    6    1    1    1    1202
    2    1   29  209  441    0   28    3    3    1    2066
    2    1   30  210   34    1    3    1    1    1     775
    2    1   31  211  394    0   25    3    3    1    1376
    2    1   32  212  152    0   10    1    1    1     806
    2    1   33  213  433    0   28    3    3    1    1479
    2    1   34  214  310    0   20    2    2    1    1495
    2    1   35  215  156    0   10    1    1    1     649
    2    1   36  216  240    0   15    2    3    0    1553
    2    1   37  217  313    0   20    2    2    1    1192
    2    1   38  218  208    0   13    2    2    1     823
    2    1   39  219  252    0   16    2    2    1     659
    2    1   40  220  321    0   21    3    1    0    3915
    2    1   41  221  189    0   12    2    2    1    4747
    2    1   42  222  303    0   19    2    1    0    1312
    2    1   43  223  259    0   17    2    3    0    1257
    2    1   44  224  429    0   27    3    3    1    1510
    2    1   45  225   44    0    3    1    1    1     820
    2    1   46  226  160    0   10    1    1    1     819
    2    1   47  227  241    1   16    2    1    0    1168
    2    1   48  228  427    0   27    3    3    1    1174
    2    1   49  229   32    0    2    1    1    1     857
    2    1   50  230  287    0   18    2    1    0     758
    2    1   51  231  191    0   12    2    2    1    1775
    2    1   52  232  258    0   17    2    2    1    1714
    2    1   53  233  138    0    9    1    1    1     639
    2    1   54  234  292    0   19    2    1    0    1074
    2    1   55  235   31    1    2    1    1    1     822
    2    1   56  236  104    0    7    1    1    1    2290
    2    1   57  237  255    0   16    2    2    1     734
    2    1   58  238  353    0   23    3    3    1     673
    2    1   59  239   89    0    6    1    2    0    1790
    2    1   60  240   18    0    2    1    2    0    1682
    2    1   61  241  436    0   28    3    3    1    2547
    2    1   62  242  342    0   22    3    1    0    2306
    2    1   63  243  308    1   20    2    3    0    3342
    2    1   64  244  478    0   30    3    1    0    4392
    2    1   65  245  190    1   12    2    2    1    1285
    2    1   66  246  273    0   18    2    1    0    1815
    2    1   67  247   20    0    2    1    3    0     844
    2    1   68  248  355    1   23    3    3    1     634
    2    1   69  249  477    0   30    3    2    0    1462
    2    1   70  250  350    0   22    3    1    0    1678
    2    1   71  251   78    0    5    1    1    1    1507
    2    1   72  252  399    0   25    3    3    1     635
    2    1   73  253  128    0    8    1    1    1    1041
    2    1   74  254   36    0    3    1    1    1     681
    2    1   75  255  369    0   24    3    1    0     880
    2    1   76  256  401    0   26    3    3    1     753
    2    1   77  257  149    0   10    1    1    1     866
    2    1   78  258   35    0    3    1    1    1     656
    2    1   79  259  247    0   16    2    2    1     808
    2    1   80  260  197    0   13    2    2    1    1287
    2    1   81  261  157    0   10    1    1    1    1017
    2    1   82  262   80    0    5    1    3    0    2436
    2    1   83  263  417    0   27    3    3    1    1534
    2    1   84  264  206    0   13    2    2    1     908
    2    1   85  265  307    0   20    2    3    0    1019
    2    1   86  266   75    0    5    1    1    1    1266
    2    1   87  267  299    0   19    2    1    0     873
    2    1   88  268  154    0   10    1    1    1    1324
    2    1   89  269  338    0   22    3    3    1     986
    2    1   90  270  391    0   25    3    3    1     733
    2    1   91  271  169    0   11    2    2    1    1077
    2    1   92  272   56    0    4    1    1    1     842
    2    1   93  273  311    0   20    2    3    0     805
    2    1   94  274  145    0   10    1    1    1     729
    2    1   95  275  112    0    7    1    3    0    2683
    2    1   96  276  275    0   18    2    1    0    2147
    2    1   97  277  336    0   21    3    3    1    2467
    2    1   98  278  199    0   13    2    2    1    1060
    2    1   99  279   45    0    3    1    1    1     684
    2    1  100  280   17    1    2    1    3    0    2224
    2    1  101  281  158    0   10    1    1    1     814
    2    1  102  282   40    1    3    1    1    1    1673
    2    1  103  283  238    1   15    2    3    0     652
    2    1  104  284   72    1    5    1    1    1     983
    2    1  105  285  430    0   27    3    3    1     968
    2    1  106  286  442    0   28    3    3    1     559
    2    1  107  287  123    0    8    1    1    1     788
    2    1  108  288  374    0   24    3    2    0     743
    2    1  109  289  406    0   26    3    2    0    1039
    2    1  110  290   30    0    2    1    2    0     759
    2    1  111  291  216    0   14    2    2    1    1001
    2    1  112  292  226    0   15    2    3    0     871
    2    1  113  293   71    0    5    1    1    1     728
    2    1  114  294  110    0    7    1    2    0    2072
    2    1  115  295  469    0   30    3    3    1     731
    2    1  116  296   52    0    4    1    2    0    2031
    2    1  117  297  267    1   17    2    2    1    1009
    2    1  118  298   64    0    4    1    2    0    1531
    2    1  119  299   73    1    5    1    1    1     795
    2    1  120  300  142    0    9    1    1    1    1483
    2    1  121  301  170    1   11    2    1    0     630
    2    1  122  302  215    1   14    2    1    0     737
    2    1  123  303  450    0   29    3    2    0     856
    2    1  124  304  460    0   29    3    3    1    1553
    2    1  125  305   63    0    4    1    1    1     731
    2    1  126  306  443    1   28    3    3    1     626
    2    1  127  307  239    0   15    2    2    1    1016
    2    1  128  308  250    1   16    2    2    1     581
    2    1  129  309  312    0   20    2    3    0    1022
    2    1  130  310  455    1   29    3    2    0     658
    2    1  131  311  425    0   27    3    3    1    2000
    2    1  132  312  335    0   21    3    2    0    2779
    2    1  133  313  475    0   30    3    3    1    1011
    2    1  134  314  271    0   17    2    2    1    1616
    2    1  135  315  256    0   16    2    2    1     629
    2    1  136  316  225    0   15    2    3    0    1291
    2    1  137  317  161    0   11    2    1    0     804
    2    1  138  318   84    0    6    1    3    0    1385
    2    1  139  319  293    1   19    2    2    1    1203
    2    1  140  320  227    0   15    2    3    0    1814
    2    1  141  321  419    0   27    3    3    1    3114
    2    1  142  322  130    0    9    1    1    1     694
    2    1  143  323  479    0   30    3    3    1    1053
    2    1  144  324   70    0    5    1    1    1    2323
    2    1  145  325  440    0   28    3    3    1     730
    2    1  146  326    4    0    1    1    1    1    1392
    2    1  147  327  416    0   26    3    3    1     717
    2    1  148  328  133    0    9    1    2    0     477
    2    1  149  329  131    0    9    1    1    1     656
    2    1  150  330  474    0   30    3    3    1    1410
    2    1  151  331  410    0   26    3    3    1     707
    2    1  152  332  331    0   21    3    2    0    1192
    2    1  153  333  428    0   27    3    3    1    1050
    2    1  154  334   21    0    2    1    2    0    1409
    2    1  155  335  105    0    7    1    3    0    1343
    2    1  156  336  480    0   30    3    3    1     852
    2    1  157  337  237    0   15    2    3    0     708
    2    1  158  338  324    0   21    3    2    0     959
    2    1  159  339  220    0   14    2    3    0    1111
    2    1  160  340  230    0   15    2    3    0     646
    2    1  161  341  319    0   20    2    3    0    1026
    2    1  162  342  277    0   18    2    2    1    1330
    2    1  163  343   59    0    4    1    1    1     918
    2    1  164  344  472    0   30    3    3    1     781
    2    1  165  345  314    0   20    2    3    0     598
    2    1  166  346   27    0    2    1    1    1     704
    2    1  167  347   47    0    3    1    1    1    1361
    2    1  168  348  221    0   14    2    2    1    1102
    2    1  169  349  198    0   13    2    2    1     739
    2    1  170  350  352    0   22    3    3    1     943
    2    1  171  351  116    0    8    1    1    1    1446
    2    1  172  352  359    1   23    3    3    1     832
    2    1  173  353  175    0   11    2    3    0    1096
    2    1  174  354  181    0   12    2    3    0     922
    2    1  175  355  213    0   14    2    1    0    2309
    2    1  176  356   99    0    7    1    1    1    1550
    2    1  177  357   91    0    6    1    3    0     686
    2    1  178  358  462    0   29    3    3    1     892
    2    1  179  359   58    0    4    1    2    0     984
    2    1  180  360  420    1   27    3    3    1     769
    2    1  181  361   41    0    3    1    1    1    1526
    2    1  182  362  373    0   24    3    1    0     762
    2    1  183  363  468    0   30    3    3    1    1378
    2    1  184  364  362    0   23    3    3    1    1274
    2    1  185  365  415    0   26    3    3    1     688
    2    1  186  366   51    0    4    1    1    1    1228
    2    1  187  367  120    0    8    1    1    1     719
    2    1  188  368  283    0   18    2    3    0     880
    2    1  189  369  136    1    9    1    1    1     997
    2    1  190  370  253    0   16    2    1    0    3906
    2    1  191  371  370    0   24    3    1    0     646
    2    1  192  372  378    0   24    3    1    0     912
    2    1  193  373  316    0   20    2    3    0     918
    2    1  194  374  411    0   26    3    3    1     766
    2    1  195  375  194    0   13    2    2    1     828
    2    1  196  376  360    0   23    3    3    1     785
    2    1  197  377  242    0   16    2    2    1    1273
    2    1  198  378  137    0    9    1    1    1     776
    2    1  199  379  195    1   13    2    2    1     650
    2    1  200  380  297    1   19    2    1    0     669
    2    1  201  381  412    0   26    3    3    1    1686
    2    1  202  382  466    0   30    3    3    1    1392
    2    1  203  383  383    0   24    3    1    0     529
    2    1  204  384  244    0   16    2    1    0     719
    2    1  205  385  389    0   25    3    2    0     889
    2    1  206  386  333    0   21    3    2    0    1027
    2    1  207  387  100    0    7    1    1    1    1093
    2    1  208  388  235    0   15    2    1    0    1420
    2    1  209  389  470    0   30    3    2    0     952
    2    1  210  390  467    0   30    3    2    0    1569
    2    1  211  391  291    0   19    2    1    0     823
    2    1  212  392  171    0   11    2    1    0     616
    2    1  213  393  289    0   19    2    2    1    1125
    2    1  214  394  451    0   29    3    3    1     602
    2    1  215  395  423    1   27    3    3    1    1560
    2    1  216  396  176    0   11    2    1    0    1004
    2    1  217  397  141    0    9    1    1    1     643
    2    1  218  398  174    0   11    2    1    0    2106
    2    1  219  399  167    0   11    2    1    0     876
    2    1  220  400  118    0    8    1    1    1    1684
    2    1  221  401   28    0    2    1    1    1     666
    2    1  222  402  367    0   23    3    2    0    1556
    2    1  223  403   26    0    2    1    3    0    1237
    2    1  224  404  272    1   17    2    2    1     632
    2    1  225  405  387    0   25    3    2    0    2276
    2    1  226  406   50    0    4    1    3    0    3148
    2    1  227  407  127    0    8    1    1    1    1022
    2    1  228  408   94    0    6    1    3    0     996
    2    1  229  409  449    0   29    3    2    0     632
    2    1  230  410  315    0   20    2    3    0     748
    2    1  231  411  143    0    9    1    1    1     726
    2    1  232  412  371    0   24    3    1    0     713
    2    1  233  413    2    0    1    1    1    1     752
    2    1  234  414  129    0    9    1    1    1     635
    2    1  235  415  344    0   22    3    1    0     709
    2    1  236  416  165    0   11    2    1    0     616
    2    1  237  417  396    0   25    3    3    1     917
    2    1  238  418  282    0   18    2    2    1    1501
    2    1  239  419  249    0   16    2    1    0    1259
    2    1  240  420  439    0   28    3    3    1     635
    2    1  241  421   46    0    3    1    1    1     629
    2    1  242  422  284    0   18    2    3    0     796
    2    1  243  423  217    0   14    2    2    1    1881
    2    1  244  424  346    0   22    3    1    0     763
    2    1  245  425   93    0    6    1    3    0    1423
    2    1  246  426  254    0   16    2    2    1     773
    2    1  247  427  135    1    9    1    1    1    1161
    2    1  248  428  454    0   29    3    2    0    1289
    2    1  249  429  332    0   21    3    2    0     933
    2    1  250  430  375    0   24    3    1    0     557
    2    1  251  431   43    0    3    1    1    1     635
    2    1  252  432  408    0   26    3    3    1    1318
    2    1  253  433  193    0   13    2    2    1     531
    2    1  254  434  243    0   16    2    2    1     604
    2    1  255  435  354    0   23    3    3    1     534
    2    1  256  436   67    0    5    1    1    1     776
    2    1  257  437  296    0   19    2    3    0     673
    2    1  258  438    1    0    1    1    1    1    1013
    2    1  259  439  205    0   13    2    2    1     950
    2    1  260  440  302    0   19    2    2    1    1140
    2    1  261  441  385    0   25    3    3    1     621
    2    1  262  442  203    1   13    2    2    1     633
    2    1  263  443  209    0   14    2    3    0    2116
    2    1  264  444  349    0   22    3    1    0     852
    2    1  265  445  162    0   11    2    2    1    1284
    2    1  266  446  381    1   24    3    1    0     815
    2    1  267  447   92    0    6    1    3    0    1027
    2    1  268  448  285    0   18    2    2    1    1602
    2    1  269  449  348    0   22    3    1    0     714
    2    1  270  450  150    0   10    1    2    0    1015
    2    1  271  451  159    0   10    1    1    1    1754
    2    1  272  452  356    0   23    3    2    0    1794
    2    1  273  453  164    0   11    2    1    0    1524
    2    1  274  454  279    1   18    2    3    0    1305
    2    1  275  455  347    0   22    3    1    0     584
    2    1  276  456   83    0    6    1    3    0    1524
    2    1  277  457  476    0   30    3    3    1    1769
    2    1  278  458  117    0    8    1    1    1     863
    2    1  279  459  409    0   26    3    1    0     724
    2    1  280  460  121    0    8    1    1    1     797
    2    1  281  461  398    0   25    3    3    1    1151
    2    1  282  462  163    1   11    2    2    1     949
    2    1  283  463  366    0   23    3    3    1     594
    2    1  284  464   79    0    5    1    1    1     777
    2    1  285  465  103    0    7    1    1    1     685
    2    1  286  466  151    0   10    1    1    1     647
    2    1  287  467  173    0   11    2    1    0     619
    2    1  288  468  388    0   25    3    3    1     639
    2    1  289  469   68    0    5    1    1    1     648
    2    1  290  470  218    0   14    2    2    1    1031
    2    1  291  471  102    0    7    1    3    0    1491
    2    1  292  472  365    0   23    3    3    1     679
    2    1  293  473  463    0   29    3    1    0    1065
    2    1  294  474  386    0   25    3    1    0    1811
    2    1  295  475  188    0   12    2    3    0     848
    2    1  296  476    5    0    1    1    1    1     678
    2    1  297  477   29    0    2    1    2    0    1381
    2    1  298  478  364    0   23    3    2    0    1149
    2    1  299  479  298    0   19    2    1    0     727
    2    1  300  480  329    0   21    3    3    1     903
