    1    1    1    1  355    1   23    3    3    1    4237
    1    1    2    2  397    1   25    3    2    0    3339
    1    1    3    3  405    1   26    3    1    0    2270
    1    1    4    4  420    1   27    3    1    0    1545
    1    1    5    5   62    1    4    1    3    0    1582
    1    1    6    6  293    1   19    2    1    0    1354
    1    1    7    7  297    1   19    2    3    0    1817
    1    1    8    8  170    1   11    2    1    0    1690
    1    1    9    9    7    1    1    1    3    0    1517
    1    1   10   10  306    1   20    2    3    0     908
    1    1   11   11  443    1   28    3    3    1    2924
    1    1   12   12  327    1   21    3    2    0    1613
    1    1   13   13  423    1   27    3    3    1    1934
    1    1   14   14   72    1    5    1    2    0    3899
    1    1   15   15  241    1   16    2    3    0    1298
    1    1   16   16   40    1    3    1    1    1    1794
    1    1   17   17  195    1   13    2    3    0     935
    1    1   18   18  250    1   16    2    2    1    1207
    1    1   19   19   73    1    5    1    1    1    1775
    1    1   20   20   34    1    3    1    2    0    1478
    1    1   21   21  359    1   23    3    3    1    1189
    1    1   22   22  215    1   14    2    1    0    2433
    1    1   23   23  115    1    8    1    1    1    1776
    1    1   24   24  308    1   20    2    3    0     790
    1    1   25   25  111    1    7    1    2    0    2326
    1    1   26   26  163    1   11    2    1    0     997
    1    1   27   27  471    1   30    3    3    1     470
    1    1   28   28  456    1   29    3    2    0    1937
    1    1   29   29  330    1   21    3    1    0    1250
    1    1   30   30  455    1   29    3    3    1     894
    1    1   31   31  465    1   30    3    3    1     645
    1    1   32   32  135    1    9    1    1    1    1024
    1    1   33   33  376    1   24    3    2    0    1583
    1    1   34   34  106    1    7    1    1    1    1769
    1    1   35   35  146    1   10    1    3    0     977
    1    1   36   36   85    1    6    1    1    1     882
    1    1   37   37  136    1    9    1    3    0     885
    1    1   38   38  272    1   17    2    1    0    1049
    1    1   39   39   96    1    6    1    1    1    1233
    1    1   40   40  224    1   14    2    3    0    1051
    1    1   41   41  125    1    8    1    3    0    1126
    1    1   42   42  395    1   25    3    1    0    1139
    1    1   43   43  339    1   22    3    3    1    3664
    1    1   44   44  337    1   22    3    1    0    1109
    1    1   45   45  238    1   15    2    3    0    1560
    1    1   46   46   16    1    1    1    3    0    1167
    1    1   47   47   17    1    2    1    1    1    1826
    1    1   48   48  148    1   10    1    1    1    2138
    1    1   49   49  279    1   18    2    2    1    2342
    1    1   50   50  229    1   15    2    1    0    1885
    1    1   51   51  413    1   26    3    3    1    1673
    1    1   52   52  381    1   24    3    2    0    1791
    1    1   53   53  267    1   17    2    1    0    3120
    1    1   54   54  203    1   13    2    3    0     989
    1    1   55   55  278    1   18    2    2    1     924
    1    1   56   56  186    1   12    2    1    0     897
    1    1   57   57  446    1   28    3    2    0    1929
    1    1   58   58   31    1    2    1    3    0     704
    1    1   59   59  190    1   12    2    1    0    1175
    1    1   60   60   55    1    4    1    3    0    1154
    1    2    1   61  115    1    8    1    3    0    1175
    1    2    2   62   72    1    5    1    3    0    2818
    1    2    3   63   62    1    4    1    1    1    1428
    1    2    4   64  229    1   15    2    2    1    1606
    1    2    5   65  443    1   28    3    3    1    1118
    1    2    6   66  465    1   30    3    3    1     917
    1    2    7   67  293    1   19    2    2    1    2341
    1    2    8   68  337    1   22    3    3    1    1945
    1    2    9   69  215    1   14    2    1    0    1227
    1    2   10   70  148    1   10    1    3    0     823
    1    2   11   71  146    1   10    1    1    1    1344
    1    2   12   72  413    1   26    3    2    0    1662
    1    2   13   73  190    1   12    2    2    1    2133
    1    2   14   74  272    1   17    2    1    0    3514
    1    2   15   75  203    1   13    2    3    0    2463
    1    2   16   76  111    1    7    1    3    0    2022
    1    2   17   77  186    1   12    2    2    1    1597
    1    2   18   78  125    1    8    1    2    0    1688
    1    2   19   79  395    1   25    3    3    1    2014
    1    2   20   80   73    1    5    1    1    1    1086
    1    2   21   81  224    1   14    2    2    1    1816
    1    2   22   82   40    1    3    1    1    1     909
    1    2   23   83  376    1   24    3    3    1     849
    1    2   24   84  306    1   20    2    3    0     894
    1    2   25   85  339    1   22    3    2    0    1319
    1    2   26   86  359    1   23    3    3    1    1478
    1    2   27   87  170    1   11    2    1    0    1062
    1    2   28   88  106    1    7    1    2    0     965
    1    2   29   89  330    1   21    3    2    0     926
    1    2   30   90   85    1    6    1    1    1     977
    1    2   31   91  455    1   29    3    3    1     815
    1    2   32   92  381    1   24    3    3    1    2447
    1    2   33   93   31    1    2    1    2    0    1913
    1    2   34   94  405    1   26    3    3    1    1585
    1    2   35   95  327    1   21    3    2    0    2199
    1    2   36   96  250    1   16    2    3    0    1270
    1    2   37   97  297    1   19    2    1    0    4037
    1    2   38   98  397    1   25    3    3    1     961
    1    2   39   99  136    1    9    1    3    0     914
    1    2   40  100  195    1   13    2    1    0    2792
    1    2   41  101   16    1    1    1    1    1    2314
    1    2   42  102   55    1    4    1    2    0    2103
    1    2   43  103  423    1   27    3    2    0    5452
    1    2   44  104    7    1    1    1    1    1    1425
    1    2   45  105  355    1   23    3    3    1    2844
    1    2   46  106   34    1    3    1    1    1    3141
    1    2   47  107  238    1   15    2    2    1    1888
    1    2   48  108   96    1    6    1    1    1    2803
    1    2   49  109  279    1   18    2    2    1    2447
    1    2   50  110  308    1   20    2    3    0    1501
    1    2   51  111  163    1   11    2    1    0    1508
    1    2   52  112  135    1    9    1    1    1    1405
    1    2   53  113  267    1   17    2    3    0    1426
    1    2   54  114  446    1   28    3    3    1    1759
    1    2   55  115  241    1   16    2    3    0    1411
    1    2   56  116  278    1   18    2    1    0    2369
    1    2   57  117  471    1   30    3    3    1    2268
    1    2   58  118  456    1   29    3    3    1    1193
    1    2   59  119  420    1   27    3    1    0    2539
    1    2   60  120   17    1    2    1    1    1    1137
    1    3    1  121  229    1   15    2    2    1    1563
    1    3    2  122  203    1   13    2    2    1    1094
    1    3    3  123  125    1    8    1    3    0    4706
    1    3    4  124  186    1   12    2    2    1    3534
    1    3    5  125  355    1   23    3    3    1    4256
    1    3    6  126  405    1   26    3    3    1    2742
    1    3    7  127   72    1    5    1    1    1     913
    1    3    8  128  224    1   14    2    2    1    3601
    1    3    9  129  241    1   16    2    3    0    3476
    1    3   10  130  397    1   25    3    3    1    1202
    1    3   11  131    7    1    1    1    2    0    2104
    1    3   12  132   73    1    5    1    1    1    1842
    1    3   13  133  306    1   20    2    2    1    1245
    1    3   14  134   96    1    6    1    1    1    1460
    1    3   15  135  163    1   11    2    2    1    1113
    1    3   16  136  215    1   14    2    3    0    1396
    1    3   17  137   17    1    2    1    3    0    1354
    1    3   18  138  337    1   22    3    3    1    1048
    1    3   19  139  465    1   30    3    1    0    2457
    1    3   20  140  238    1   15    2    2    1    1937
    1    3   21  141   55    1    4    1    3    0    1705
    1    3   22  142  308    1   20    2    3    0    1802
    1    3   23  143  115    1    8    1    1    1    2071
    1    3   24  144  267    1   17    2    3    0    1409
    1    3   25  145  136    1    9    1    1    1    1129
    1    3   26  146  170    1   11    2    2    1    1892
    1    3   27  147  293    1   19    2    3    0    3868
    1    3   28  148  413    1   26    3    3    1    2031
    1    3   29  149  395    1   25    3    3    1     754
    1    3   30  150  456    1   29    3    3    1    1578
    1    3   31  151  111    1    7    1    2    0    2273
    1    3   32  152  272    1   17    2    2    1     858
    1    3   33  153  278    1   18    2    2    1    2236
    1    3   34  154  455    1   29    3    3    1    2480
    1    3   35  155  148    1   10    1    3    0    2302
    1    3   36  156  106    1    7    1    1    1     883
    1    3   37  157  195    1   13    2    2    1    2111
    1    3   38  158  146    1   10    1    1    1    1386
    1    3   39  159   62    1    4    1    3    0    2008
    1    3   40  160   34    1    3    1    2    0    1310
    1    3   41  161  250    1   16    2    3    0    2069
    1    3   42  162   16    1    1    1    1    1    1672
    1    3   43  163  297    1   19    2    1    0    1761
    1    3   44  164  339    1   22    3    3    1    1384
    1    3   45  165  420    1   27    3    1    0    3417
    1    3   46  166  327    1   21    3    1    0    2569
    1    3   47  167  376    1   24    3    3    1     986
    1    3   48  168  190    1   12    2    1    0    2549
    1    3   49  169  423    1   27    3    1    0    2808
    1    3   50  170  279    1   18    2    3    0    4717
    1    3   51  171  381    1   24    3    3    1    1533
    1    3   52  172   40    1    3    1    1    1    1503
    1    3   53  173  135    1    9    1    3    0    1645
    1    3   54  174   31    1    2    1    3    0    1488
    1    3   55  175  471    1   30    3    3    1    2058
    1    3   56  176  330    1   21    3    1    0    2680
    1    3   57  177  443    1   28    3    3    1     843
    1    3   58  178   85    1    6    1    1    1    1646
    1    3   59  179  359    1   23    3    3    1    1182
    1    3   60  180  446    1   28    3    3    1    1120
    2    1    1  181  155    0   10    1    3    0    1806
    2    1    2  182  110    0    7    1    1    1    2002
    2    1    3  183  336    0   21    3    1    0    1162
    2    1    4  184  207    0   13    2    3    0     958
    2    1    5  185  437    0   28    3    3    1     814
    2    1    6  186  435    0   28    3    3    1    1945
    2    1    7  187  469    0   30    3    3    1    1163
    2    1    8  188  125    1    8    1    2    0    1262
    2    1    9  189  278    1   18    2    2    1    1085
    2    1   10  190   29    0    2    1    3    0     964
    2    1   11  191  102    0    7    1    3    0    1832
    2    1   12  192  130    0    9    1    1    1    1358
    2    1   13  193  216    0   14    2    2    1    1399
    2    1   14  194  335    0   21    3    3    1    1647
    2    1   15  195  387    0   25    3    3    1    2757
    2    1   16  196  170    1   11    2    1    0    2518
    2    1   17  197  191    0   12    2    1    0     760
    2    1   18  198  445    0   28    3    3    1    2140
    2    1   19  199  448    0   28    3    2    0    1239
    2    1   20  200   16    1    1    1    3    0    1733
    2    1   21  201  389    0   25    3    3    1    1388
    2    1   22  202  150    0   10    1    2    0    1149
    2    1   23  203   54    0    4    1    3    0    1271
    2    1   24  204  217    0   14    2    3    0    1636
    2    1   25  205   60    0    4    1    2    0    1211
    2    1   26  206  133    0    9    1    1    1    1216
    2    1   27  207  381    1   24    3    3    1     979
    2    1   28  208   39    0    3    1    1    1    1307
    2    1   29  209  268    0   17    2    2    1    2410
    2    1   30  210  112    0    7    1    1    1    1245
    2    1   31  211  192    0   12    2    1    0    1198
    2    1   32  212   62    1    4    1    1    1    3310
    2    1   33  213   65    0    5    1    1    1    2256
    2    1   34  214  373    0   24    3    3    1     980
    2    1   35  215   51    0    4    1    3    0    1400
    2    1   36  216  390    0   25    3    1    0    2525
    2    1   37  217  115    1    8    1    1    1    1430
    2    1   38  218  300    0   19    2    2    1    2244
    2    1   39  219   93    0    6    1    1    1     859
    2    1   40  220  317    0   20    2    2    1    3285
    2    1   41  221  438    0   28    3    3    1    1121
    2    1   42  222  455    1   29    3    3    1     614
    2    1   43  223   26    0    2    1    3    0    1879
    2    1   44  224  223    0   14    2    3    0     978
    2    1   45  225  475    0   30    3    2    0    1068
    2    1   46  226  105    0    7    1    1    1    1015
    2    1   47  227    9    0    1    1    1    1    1967
    2    1   48  228  218    0   14    2    2    1    1194
    2    1   49  229  407    0   26    3    3    1    1363
    2    1   50  230  147    0   10    1    2    0    1725
    2    1   51  231    2    0    1    1    3    0    1180
    2    1   52  232  253    0   16    2    2    1    1647
    2    1   53  233  368    0   23    3    3    1    1334
    2    1   54  234  433    0   28    3    3    1    3207
    2    1   55  235  174    0   11    2    1    0    2153
    2    1   56  236  320    0   20    2    3    0    2987
    2    1   57  237  310    0   20    2    3    0    1910
    2    1   58  238  169    0   11    2    1    0    7285
    2    1   59  239  137    0    9    1    1    1    1057
    2    1   60  240  298    0   19    2    3    0    1528
    2    1   61  241  411    0   26    3    3    1    1054
    2    1   62  242  234    0   15    2    3    0     767
    2    1   63  243  272    1   17    2    2    1    1225
    2    1   64  244   14    0    1    1    1    1    1129
    2    1   65  245  214    0   14    2    1    0     898
    2    1   66  246  382    0   24    3    3    1    1021
    2    1   67  247  323    0   21    3    1    0    1316
    2    1   68  248  228    0   15    2    3    0    1062
    2    1   69  249   37    0    3    1    1    1     971
    2    1   70  250    6    0    1    1    1    1    1673
    2    1   71  251  273    0   18    2    2    1    2102
    2    1   72  252  334    0   21    3    1    0     899
    2    1   73  253  226    0   15    2    1    0     820
    2    1   74  254  380    0   24    3    3    1     787
    2    1   75  255  417    0   27    3    3    1    1202
    2    1   76  256   75    0    5    1    1    1     615
    2    1   77  257  117    0    8    1    1    1     978
    2    1   78  258  356    0   23    3    2    0     624
    2    1   79  259  344    0   22    3    3    1     725
    2    1   80  260  307    0   20    2    3    0     818
    2    1   81  261  452    0   29    3    3    1    1149
    2    1   82  262  367    0   23    3    1    0    1061
    2    1   83  263   10    0    1    1    3    0     896
    2    1   84  264  100    0    7    1    3    0    1153
    2    1   85  265  378    0   24    3    3    1     880
    2    1   86  266   32    0    2    1    1    1     985
    2    1   87  267  431    0   27    3    3    1    1019
    2    1   88  268  376    1   24    3    3    1     755
    2    1   89  269  351    0   22    3    3    1     999
    2    1   90  270  321    0   21    3    3    1     798
    2    1   91  271  379    0   24    3    3    1    1127
    2    1   92  272  403    0   26    3    3    1    1137
    2    1   93  273  399    0   25    3    3    1    1411
    2    1   94  274  172    0   11    2    1    0    2177
    2    1   95  275  332    0   21    3    1    0     628
    2    1   96  276    4    0    1    1    3    0     986
    2    1   97  277  302    0   19    2    3    0    1148
    2    1   98  278  187    0   12    2    1    0     703
    2    1   99  279  222    0   14    2    3    0     963
    2    1  100  280  284    0   18    2    3    0     832
    2    1  101  281   40    1    3    1    1    1     605
    2    1  102  282  395    1   25    3    3    1     651
    2    1  103  283  136    1    9    1    1    1     705
    2    1  104  284  224    1   14    2    2    1     509
    2    1  105  285  420    1   27    3    3    1     880
    2    1  106  286  167    0   11    2    2    1    1031
    2    1  107  287  369    0   24    3    3    1     701
    2    1  108  288  183    0   12    2    1    0    1595
    2    1  109  289   50    0    4    1    3    0     584
    2    1  110  290  159    0   10    1    2    0     892
    2    1  111  291   74    0    5    1    1    1    1127
    2    1  112  292  357    0   23    3    3    1     923
    2    1  113  293  240    0   15    2    3    0     626
    2    1  114  294  312    0   20    2    3    0    2290
    2    1  115  295  461    0   29    3    3    1     699
    2    1  116  296  370    0   24    3    3    1    1303
    2    1  117  297  423    1   27    3    2    0     806
    2    1  118  298   79    0    5    1    1    1     759
    2    1  119  299  210    0   14    2    3    0     833
    2    1  120  300  198    0   13    2    1    0    1193
    2    1  121  301   82    0    6    1    1    1     683
    2    1  122  302   85    1    6    1    1    1     788
    2    1  123  303   21    0    2    1    3    0     849
    2    1  124  304  329    0   21    3    2    0    1020
    2    1  125  305  106    1    7    1    1    1     918
    2    1  126  306   19    0    2    1    2    0    1086
    2    1  127  307  182    0   12    2    1    0     930
    2    1  128  308  206    0   13    2    3    0     503
    2    1  129  309  393    0   25    3    3    1     663
    2    1  130  310  158    0   10    1    3    0     780
    2    1  131  311  340    0   22    3    3    1     913
    2    1  132  312   49    0    4    1    3    0     976
    2    1  133  313  178    0   12    2    2    1     713
    2    1  134  314  247    0   16    2    3    0    1332
    2    1  135  315  156    0   10    1    3    0     715
    2    1  136  316  453    0   29    3    3    1     590
    2    1  137  317  208    0   13    2    3    0     637
    2    1  138  318  163    1   11    2    2    1    1287
    2    1  139  319  295    0   19    2    3    0    1542
    2    1  140  320  120    0    8    1    3    0    1513
    2    1  141  321  175    0   11    2    3    0     900
    2    1  142  322  116    0    8    1    3    0     716
    2    1  143  323  267    1   17    2    2    1    1244
    2    1  144  324  374    0   24    3    3    1     709
    2    1  145  325  406    0   26    3    3    1     680
    2    1  146  326  456    1   29    3    3    1     800
    2    1  147  327  140    0    9    1    1    1    1071
    2    1  148  328  299    0   19    2    3    0     904
    2    1  149  329  371    0   24    3    3    1     748
    2    1  150  330  363    0   23    3    1    0     758
    2    1  151  331  394    0   25    3    2    0    1280
    2    1  152  332  350    0   22    3    3    1     746
    2    1  153  333   80    0    5    1    3    0     752
    2    1  154  334  238    1   15    2    2    1    1153
    2    1  155  335  426    0   27    3    3    1    1018
    2    1  156  336  325    0   21    3    3    1     970
    2    1  157  337   47    0    3    1    3    0     850
    2    1  158  338  113    0    8    1    3    0     659
    2    1  159  339  419    0   27    3    1    0    2432
    2    1  160  340  330    1   21    3    2    0     807
    2    1  161  341  372    0   24    3    3    1    1067
    2    1  162  342  144    0    9    1    3    0     600
    2    1  163  343  451    0   29    3    3    1     622
    2    1  164  344  360    0   23    3    1    0    1400
    2    1  165  345  249    0   16    2    3    0     821
    2    1  166  346  297    1   19    2    3    0     777
    2    1  167  347  184    0   12    2    1    0     823
    2    1  168  348  477    0   30    3    3    1     614
    2    1  169  349  108    0    7    1    3    0     610
    2    1  170  350   67    0    5    1    3    0     779
    2    1  171  351  248    0   16    2    3    0     583
    2    1  172  352  459    0   29    3    1    0     529
    2    1  173  353  392    0   25    3    1    0     695
    2    1  174  354  176    0   11    2    1    0     875
    2    1  175  355  328    0   21    3    3    1     877
    2    1  176  356  464    0   29    3    3    1    1145
    2    1  177  357  304    0   19    2    1    0    1308
    2    1  178  358   72    1    5    1    1    1     698
    2    1  179  359  352    0   22    3    3    1     824
    2    1  180  360  241    1   16    2    2    1     897
    2    1  181  361  337    1   22    3    3    1     601
    2    1  182  362  319    0   20    2    3    0     830
    2    1  183  363  470    0   30    3    2    0     772
    2    1  184  364  478    0   30    3    3    1    1490
    2    1  185  365  414    0   26    3    3    1     730
    2    1  186  366  259    0   17    2    2    1    1579
    2    1  187  367  243    0   16    2    3    0     685
    2    1  188  368  230    0   15    2    2    1    1478
    2    1  189  369  440    0   28    3    3    1     778
    2    1  190  370  429    0   27    3    1    0     694
    2    1  191  371   45    0    3    1    1    1     632
    2    1  192  372  400    0   25    3    1    0     657
    2    1  193  373  181    0   12    2    1    0     764
    2    1  194  374   15    0    1    1    3    0     756
    2    1  195  375  103    0    7    1    1    1     717
    2    1  196  376  132    0    9    1    1    1     601
    2    1  197  377   59    0    4    1    1    1     854
    2    1  198  378   95    0    6    1    2    0    1182
    2    1  199  379  194    0   13    2    3    0    1009
    2    1  200  380  282    0   18    2    1    0     746
    2    1  201  381  467    0   30    3    3    1     682
    2    1  202  382  118    0    8    1    1    1    1443
    2    1  203  383  463    0   29    3    3    1    1144
    2    1  204  384   92    0    6    1    1    1     595
    2    1  205  385  415    0   26    3    3    1     519
    2    1  206  386  289    0   19    2    3    0     579
    2    1  207  387  257    0   17    2    2    1    1988
    2    1  208  388  193    0   13    2    2    1    1049
    2    1  209  389   31    1    2    1    1    1     977
    2    1  210  390  185    0   12    2    1    0     771
    2    1  211  391  347    0   22    3    3    1     727
    2    1  212  392  421    0   27    3    3    1     700
    2    1  213  393  430    0   27    3    1    0     922
    2    1  214  394  377    0   24    3    1    0     703
    2    1  215  395  154    0   10    1    3    0     592
    2    1  216  396  410    0   26    3    2    0     567
    2    1  217  397  114    0    8    1    2    0     821
    2    1  218  398  212    0   14    2    3    0     726
    2    1  219  399  324    0   21    3    1    0     765
    2    1  220  400   98    0    7    1    1    1     592
    2    1  221  401   91    0    6    1    1    1     655
    2    1  222  402  126    0    8    1    3    0     563
    2    1  223  403  200    0   13    2    2    1     817
    2    1  224  404  479    0   30    3    3    1     713
    2    1  225  405  366    0   23    3    3    1    1913
    2    1  226  406  186    1   12    2    1    0     867
    2    1  227  407  128    0    8    1    1    1     923
    2    1  228  408  265    0   17    2    3    0     761
    2    1  229  409  264    0   17    2    2    1    1051
    2    1  230  410  266    0   17    2    3    0     697
    2    1  231  411  338    0   22    3    3    1     800
    2    1  232  412  436    0   28    3    3    1     665
    2    1  233  413  412    0   26    3    2    0    1107
    2    1  234  414    3    0    1    1    3    0    1003
    2    1  235  415  418    0   27    3    3    1    1148
    2    1  236  416  375    0   24    3    3    1     789
    2    1  237  417   64    0    4    1    3    0     765
    2    1  238  418  473    0   30    3    1    0    1370
    2    1  239  419   27    0    2    1    1    1    1132
    2    1  240  420  355    1   23    3    3    1    1240
    2    1  241  421  190    1   12    2    2    1     880
    2    1  242  422  111    1    7    1    1    1     929
    2    1  243  423    7    1    1    1    1    1     560
    2    1  244  424  458    0   29    3    1    0     807
    2    1  245  425  446    1   28    3    3    1     444
    2    1  246  426    8    0    1    1    2    0    1485
    2    1  247  427  314    0   20    2    3    0    1226
    2    1  248  428   89    0    6    1    1    1     586
    2    1  249  429   22    0    2    1    2    0    1121
    2    1  250  430  197    0   13    2    1    0    1036
    2    1  251  431  162    0   11    2    1    0    1122
    2    1  252  432  287    0   18    2    1    0    1057
    2    1  253  433   13    0    1    1    2    0     645
    2    1  254  434  177    0   12    2    1    0     823
    2    1  255  435  316    0   20    2    3    0     638
    2    1  256  436  121    0    8    1    1    1    1186
    2    1  257  437  124    0    8    1    1    1    1068
    2    1  258  438   20    0    2    1    3    0    1124
    2    1  259  439  361    0   23    3    3    1     958
    2    1  260  440  202    0   13    2    1    0    1018
    2    1  261  441  146    1   10    1    1    1     906
    2    1  262  442  349    0   22    3    3    1     935
    2    1  263  443  188    0   12    2    1    0    1155
    2    1  264  444  104    0    7    1    2    0     975
    2    1  265  445  285    0   18    2    1    0    1394
    2    1  266  446   18    0    2    1    3    0     624
    2    1  267  447  447    0   28    3    3    1     678
    2    1  268  448  263    0   17    2    3    0    1327
    2    1  269  449  315    0   20    2    2    1    1380
    2    1  270  450  346    0   22    3    1    0     632
    2    1  271  451  215    1   14    2    2    1    1231
    2    1  272  452  405    1   26    3    3    1     798
    2    1  273  453  139    0    9    1    1    1    1053
    2    1  274  454  196    0   13    2    1    0     762
    2    1  275  455  199    0   13    2    3    0     940
    2    1  276  456  145    0   10    1    1    1    1320
    2    1  277  457  246    0   16    2    3    0    1197
    2    1  278  458   71    0    5    1    1    1    1126
    2    1  279  459  251    0   16    2    1    0    1216
    2    1  280  460   68    0    5    1    1    1    1256
    2    1  281  461  166    0   11    2    3    0    1091
    2    1  282  462  293    1   19    2    2    1     675
    2    1  283  463  468    0   30    3    3    1     896
    2    1  284  464  164    0   11    2    2    1    1069
    2    1  285  465  274    0   18    2    3    0     943
    2    1  286  466  396    0   25    3    3    1     804
    2    1  287  467  237    0   15    2    1    0    1083
    2    1  288  468  341    0   22    3    3    1     901
    2    1  289  469  384    0   24    3    3    1    1238
    2    1  290  470  239    0   15    2    2    1    1043
    2    1  291  471   52    0    4    1    1    1    1958
    2    1  292  472  138    0    9    1    1    1     658
    2    1  293  473  227    0   15    2    3    0    1036
    2    1  294  474   81    0    6    1    1    1     867
    2    1  295  475  211    0   14    2    2    1    1314
    2    1  296  476   96    1    6    1    1    1     764
    2    1  297  477  342    0   22    3    3    1    1812
    2    1  298  478  303    0   19    2    3    0     964
    2    1  299  479   42    0    3    1    1    1     942
    2    1  300  480  142    0    9    1    1    1     849
