    1    1    1    1    7    1    1    1    2    0    4994
    1    1    2    2  241    1   16    2    2    1    5942
    1    1    3    3  224    1   14    2    3    0    1710
    1    1    4    4  293    1   19    2    3    0    1787
    1    1    5    5  115    1    8    1    1    1    2391
    1    1    6    6  339    1   22    3    2    0    2428
    1    1    7    7   85    1    6    1    1    1    1462
    1    1    8    8  395    1   25    3    3    1    1960
    1    1    9    9  279    1   18    2    3    0    1669
    1    1   10   10  455    1   29    3    3    1    8293
    1    1   11   11   72    1    5    1    1    1    4075
    1    1   12   12  125    1    8    1    2    0    1984
    1    1   13   13  471    1   30    3    3    1    1563
    1    1   14   14  327    1   21    3    3    1     967
    1    1   15   15   55    1    4    1    2    0    1444
    1    1   16   16   31    1    2    1    3    0    1437
    1    1   17   17   73    1    5    1    1    1    1618
    1    1   18   18  337    1   22    3    2    0    2048
    1    1   19   19  456    1   29    3    3    1    1675
    1    1   20   20  170    1   11    2    2    1    1583
    1    1   21   21  465    1   30    3    3    1    1322
    1    1   22   22   96    1    6    1    2    0    1310
    1    1   23   23   16    1    1    1    2    0    3046
    1    1   24   24  272    1   17    2    3    0    3467
    1    1   25   25  278    1   18    2    3    0    1184
    1    1   26   26  111    1    7    1    1    1    1525
    1    1   27   27  195    1   13    2    2    1    1322
    1    1   28   28  443    1   28    3    1    0    1531
    1    1   29   29  148    1   10    1    3    0    1951
    1    1   30   30  135    1    9    1    3    0    1462
    1    1   31   31  136    1    9    1    3    0    1207
    1    1   32   32  405    1   26    3    2    0    2011
    1    1   33   33  186    1   12    2    1    0    1311
    1    1   34   34  203    1   13    2    3    0    1249
    1    1   35   35  359    1   23    3    3    1    1221
    1    1   36   36  420    1   27    3    1    0    1366
    1    1   37   37  215    1   14    2    2    1    1245
    1    1   38   38   40    1    3    1    1    1     982
    1    1   39   39  146    1   10    1    3    0    1087
    1    1   40   40  238    1   15    2    1    0    1355
    1    1   41   41  413    1   26    3    3    1    1506
    1    1   42   42  423    1   27    3    3    1    1376
    1    1   43   43   34    1    3    1    1    1    1473
    1    1   44   44  106    1    7    1    2    0    2229
    1    1   45   45  267    1   17    2    2    1    2346
    1    1   46   46   62    1    4    1    3    0    1201
    1    1   47   47  376    1   24    3    1    0    1248
    1    1   48   48  330    1   21    3    3    1    1236
    1    1   49   49  229    1   15    2    1    0    2057
    1    1   50   50  250    1   16    2    3    0    1499
    1    1   51   51  297    1   19    2    2    1    1085
    1    1   52   52  381    1   24    3    3    1    1296
    1    1   53   53  163    1   11    2    1    0    1195
    1    1   54   54  190    1   12    2    1    0    1257
    1    1   55   55  355    1   23    3    3    1    1342
    1    1   56   56   17    1    2    1    3    0    1260
    1    1   57   57  397    1   25    3    3    1    1288
    1    1   58   58  446    1   28    3    1    0    1014
    1    1   59   59  308    1   20    2    3    0    1878
    1    1   60   60  306    1   20    2    1    0    1644
    1    2    1   61   96    1    6    1    3    0    1388
    1    2    2   62  106    1    7    1    1    1    3302
    1    2    3   63  471    1   30    3    2    0    2157
    1    2    4   64  293    1   19    2    3    0    2214
    1    2    5   65  446    1   28    3    1    0     991
    1    2    6   66  229    1   15    2    1    0     923
    1    2    7   67   17    1    2    1    3    0    1460
    1    2    8   68  148    1   10    1    3    0    3472
    1    2    9   69   72    1    5    1    1    1    1079
    1    2   10   70  250    1   16    2    2    1    2208
    1    2   11   71  376    1   24    3    1    0    2058
    1    2   12   72   62    1    4    1    1    1    3647
    1    2   13   73  278    1   18    2    2    1     795
    1    2   14   74  423    1   27    3    3    1    1196
    1    2   15   75  465    1   30    3    1    0    1132
    1    2   16   76  267    1   17    2    3    0    1858
    1    2   17   77   40    1    3    1    1    1    1778
    1    2   18   78  136    1    9    1    3    0    1316
    1    2   19   79  163    1   11    2    2    1    1347
    1    2   20   80  170    1   11    2    3    0    2989
    1    2   21   81    7    1    1    1    1    1    3823
    1    2   22   82  381    1   24    3    1    0    2024
    1    2   23   83  420    1   27    3    1    0    3253
    1    2   24   84  456    1   29    3    3    1    1225
    1    2   25   85  203    1   13    2    2    1    2211
    1    2   26   86  186    1   12    2    1    0    1955
    1    2   27   87  215    1   14    2    3    0    2142
    1    2   28   88  241    1   16    2    1    0    1313
    1    2   29   89  330    1   21    3    2    0    2013
    1    2   30   90  306    1   20    2    3    0    1646
    1    2   31   91   85    1    6    1    1    1    1204
    1    2   32   92  413    1   26    3    3    1    1381
    1    2   33   93  224    1   14    2    2    1    1540
    1    2   34   94   55    1    4    1    1    1    1576
    1    2   35   95   73    1    5    1    2    0    1460
    1    2   36   96  355    1   23    3    1    0    1813
    1    2   37   97  115    1    8    1    2    0    1636
    1    2   38   98  337    1   22    3    1    0     753
    1    2   39   99  111    1    7    1    1    1    2048
    1    2   40  100  327    1   21    3    3    1    1354
    1    2   41  101  359    1   23    3    3    1    1462
    1    2   42  102  297    1   19    2    1    0     950
    1    2   43  103   31    1    2    1    1    1     940
    1    2   44  104  272    1   17    2    2    1    1048
    1    2   45  105  190    1   12    2    3    0    1631
    1    2   46  106  125    1    8    1    1    1    1422
    1    2   47  107  279    1   18    2    3    0    1157
    1    2   48  108  308    1   20    2    2    1    1106
    1    2   49  109  455    1   29    3    1    0    1116
    1    2   50  110  443    1   28    3    3    1    2300
    1    2   51  111  397    1   25    3    2    0    1249
    1    2   52  112  135    1    9    1    1    1    4246
    1    2   53  113  146    1   10    1    2    0    1206
    1    2   54  114  339    1   22    3    1    0    1641
    1    2   55  115  238    1   15    2    1    0    1654
    1    2   56  116   34    1    3    1    3    0    1794
    1    2   57  117   16    1    1    1    2    0    1105
    1    2   58  118  395    1   25    3    1    0    1482
    1    2   59  119  195    1   13    2    2    1    1535
    1    2   60  120  405    1   26    3    1    0    1224
    1    3    1  121  308    1   20    2    3    0    1276
    1    3    2  122    7    1    1    1    2    0    1640
    1    3    3  123  359    1   23    3    3    1    1171
    1    3    4  124   17    1    2    1    1    1    1327
    1    3    5  125  423    1   27    3    2    0    1177
    1    3    6  126   62    1    4    1    1    1    1281
    1    3    7  127  136    1    9    1    3    0    1235
    1    3    8  128  267    1   17    2    1    0    1210
    1    3    9  129  297    1   19    2    2    1    1338
    1    3   10  130   40    1    3    1    1    1    1624
    1    3   11  131   73    1    5    1    2    0    1703
    1    3   12  132  339    1   22    3    1    0    1961
    1    3   13  133  405    1   26    3    2    0    2186
    1    3   14  134  420    1   27    3    1    0    1473
    1    3   15  135  456    1   29    3    3    1    1307
    1    3   16  136  163    1   11    2    1    0    1900
    1    3   17  137  381    1   24    3    1    0    1666
    1    3   18  138  241    1   16    2    2    1    1813
    1    3   19  139  146    1   10    1    1    1    2166
    1    3   20  140  148    1   10    1    3    0    2206
    1    3   21  141  306    1   20    2    3    0    2407
    1    3   22  142  279    1   18    2    3    0    1642
    1    3   23  143   16    1    1    1    2    0    1325
    1    3   24  144  195    1   13    2    2    1    3724
    1    3   25  145   31    1    2    1    3    0    1520
    1    3   26  146  337    1   22    3    1    0    1184
    1    3   27  147  170    1   11    2    3    0    1401
    1    3   28  148   96    1    6    1    1    1    1360
    1    3   29  149  413    1   26    3    3    1    1089
    1    3   30  150  186    1   12    2    2    1    1273
    1    3   31  151  106    1    7    1    1    1    1135
    1    3   32  152   85    1    6    1    2    0    2303
    1    3   33  153  278    1   18    2    3    0    1502
    1    3   34  154  250    1   16    2    2    1    1625
    1    3   35  155  355    1   23    3    3    1    1470
    1    3   36  156  125    1    8    1    1    1    1279
    1    3   37  157  446    1   28    3    1    0     752
    1    3   38  158  190    1   12    2    3    0    3733
    1    3   39  159   72    1    5    1    1    1    1684
    1    3   40  160  215    1   14    2    2    1    4678
    1    3   41  161  111    1    7    1    1    1    1862
    1    3   42  162  238    1   15    2    2    1    2904
    1    3   43  163  330    1   21    3    3    1    1172
    1    3   44  164  115    1    8    1    2    0    1960
    1    3   45  165   55    1    4    1    1    1    1008
    1    3   46  166  471    1   30    3    2    0    1388
    1    3   47  167  229    1   15    2    1    0    1095
    1    3   48  168  135    1    9    1    2    0    1087
    1    3   49  169  327    1   21    3    3    1    2197
    1    3   50  170   34    1    3    1    2    0    1987
    1    3   51  171  203    1   13    2    2    1    3411
    1    3   52  172  443    1   28    3    2    0    4420
    1    3   53  173  465    1   30    3    2    0    1395
    1    3   54  174  376    1   24    3    2    0    1615
    1    3   55  175  293    1   19    2    2    1    1482
    1    3   56  176  455    1   29    3    1    0    1746
    1    3   57  177  224    1   14    2    2    1    1826
    1    3   58  178  397    1   25    3    2    0    1507
    1    3   59  179  395    1   25    3    3    1    1663
    1    3   60  180  272    1   17    2    2    1    1905
    2    1    1  181  291    0   19    2    2    1    2086
    2    1    2  182  419    0   27    3    1    0    1378
    2    1    3  183  297    1   19    2    2    1     453
    2    1    4  184  194    0   13    2    3    0     454
    2    1    5  185  168    0   11    2    1    0     941
    2    1    6  186  200    0   13    2    2    1     547
    2    1    7  187   22    0    2    1    3    0    1133
    2    1    8  188  208    0   13    2    2    1    1183
    2    1    9  189  112    0    7    1    1    1     543
    2    1   10  190  463    0   29    3    2    0    1896
    2    1   11  191  262    0   17    2    2    1    1069
    2    1   12  192  218    0   14    2    2    1    1592
    2    1   13  193  380    0   24    3    3    1    1252
    2    1   14  194  222    0   14    2    3    0    1524
    2    1   15  195  148    1   10    1    1    1     919
    2    1   16  196  214    0   14    2    1    0     831
    2    1   17  197  300    0   19    2    2    1    1072
    2    1   18  198  415    0   26    3    3    1    1036
    2    1   19  199   96    1    6    1    1    1    1358
    2    1   20  200   81    0    6    1    2    0    4272
    2    1   21  201  404    0   26    3    2    0    1230
    2    1   22  202   87    0    6    1    1    1    2198
    2    1   23  203  353    0   23    3    2    0     507
    2    1   24  204  352    0   22    3    1    0    1371
    2    1   25  205  270    0   17    2    2    1    1796
    2    1   26  206   39    0    3    1    1    1    1426
    2    1   27  207   97    0    7    1    1    1    1890
    2    1   28  208  256    0   16    2    2    1    1168
    2    1   29  209  374    0   24    3    3    1    3302
    2    1   30  210  445    0   28    3    1    0    5135
    2    1   31  211  129    0    9    1    2    0     986
    2    1   32  212  155    0   10    1    3    0    1095
    2    1   33  213  205    0   13    2    1    0    1038
    2    1   34  214  429    0   27    3    2    0    1012
    2    1   35  215  402    0   26    3    2    0     893
    2    1   36  216  188    0   12    2    1    0    1191
    2    1   37  217  386    0   25    3    2    0    1184
    2    1   38  218  413    1   26    3    3    1    1524
    2    1   39  219  322    0   21    3    1    0    1168
    2    1   40  220  442    0   28    3    2    0    1223
    2    1   41  221  416    0   26    3    3    1    1173
    2    1   42  222  251    0   16    2    2    1    1515
    2    1   43  223  261    0   17    2    3    0     927
    2    1   44  224  234    0   15    2    1    0    1164
    2    1   45  225  319    0   20    2    3    0    1000
    2    1   46  226  232    0   15    2    2    1    1542
    2    1   47  227  420    1   27    3    1    0    1456
    2    1   48  228  393    0   25    3    3    1    1171
    2    1   49  229   76    0    5    1    2    0    1074
    2    1   50  230   56    0    4    1    3    0    1170
    2    1   51  231  334    0   21    3    3    1    1087
    2    1   52  232   69    0    5    1    1    1    1690
    2    1   53  233    4    0    1    1    3    0    1005
    2    1   54  234  362    0   23    3    1    0    1540
    2    1   55  235  383    0   24    3    1    0    1099
    2    1   56  236   32    0    2    1    3    0     982
    2    1   57  237  425    0   27    3    2    0    1286
    2    1   58  238  223    0   14    2    3    0    2525
    2    1   59  239  143    0    9    1    1    1    1361
    2    1   60  240  263    0   17    2    3    0    1307
    2    1   61  241  254    0   16    2    2    1    1012
    2    1   62  242   90    0    6    1    1    1    1110
    2    1   63  243  342    0   22    3    3    1    1179
    2    1   64  244  470    0   30    3    2    0    1624
    2    1   65  245  348    0   22    3    1    0    1211
    2    1   66  246  167    0   11    2    2    1    2037
    2    1   67  247  140    0    9    1    3    0    1418
    2    1   68  248   72    1    5    1    1    1    1373
    2    1   69  249  312    0   20    2    3    0    2772
    2    1   70  250  115    1    8    1    2    0    1857
    2    1   71  251  299    0   19    2    1    0    3404
    2    1   72  252  423    1   27    3    3    1     976
    2    1   73  253  272    1   17    2    2    1     599
    2    1   74  254   33    0    3    1    2    0     679
    2    1   75  255  337    1   22    3    1    0    1258
    2    1   76  256  227    0   15    2    3    0    1797
    2    1   77  257  433    0   28    3    2    0     903
    2    1   78  258  229    1   15    2    1    0    1449
    2    1   79  259  250    1   16    2    2    1     541
    2    1   80  260  152    0   10    1    3    0    1257
    2    1   81  261  195    1   13    2    2    1    1879
    2    1   82  262  274    0   18    2    2    1     772
    2    1   83  263  365    0   23    3    1    0    2433
    2    1   84  264  454    0   29    3    3    1    2707
    2    1   85  265  311    0   20    2    3    0    2778
    2    1   86  266  366    0   23    3    2    0    3023
    2    1   87  267  349    0   22    3    1    0    3423
    2    1   88  268  459    0   29    3    3    1    1226
    2    1   89  269    2    0    1    1    3    0    1947
    2    1   90  270   59    0    4    1    3    0    1412
    2    1   91  271  360    0   23    3    2    0    1098
    2    1   92  272  235    0   15    2    2    1    1912
    2    1   93  273  116    0    8    1    1    1    1147
    2    1   94  274  472    0   30    3    1    0    4654
    2    1   95  275   70    0    5    1    2    0    2019
    2    1   96  276  440    0   28    3    1    0    1296
    2    1   97  277  268    0   17    2    2    1    1431
    2    1   98  278  213    0   14    2    3    0    1400
    2    1   99  279   68    0    5    1    1    1    1397
    2    1  100  280   16    1    1    1    2    0    1012
    2    1  101  281  367    0   23    3    2    0    1471
    2    1  102  282  243    0   16    2    1    0     962
    2    1  103  283  171    0   11    2    2    1    1667
    2    1  104  284  288    0   18    2    3    0    1781
    2    1  105  285  435    0   28    3    3    1    1456
    2    1  106  286  408    0   26    3    2    0    1423
    2    1  107  287  179    0   12    2    1    0    1715
    2    1  108  288  289    0   19    2    2    1    2933
    2    1  109  289  327    1   21    3    2    0    3551
    2    1  110  290   40    1    3    1    1    1    2140
    2    1  111  291   80    0    5    1    2    0    1953
    2    1  112  292  326    0   21    3    3    1    3205
    2    1  113  293   61    0    4    1    2    0    6667
    2    1  114  294  406    0   26    3    3    1    1009
    2    1  115  295   52    0    4    1    2    0    1135
    2    1  116  296  125    1    8    1    1    1    1066
    2    1  117  297  328    0   21    3    2    0     507
    2    1  118  298  414    0   26    3    2    0    1094
    2    1  119  299  370    0   24    3    1    0     999
    2    1  120  300  102    0    7    1    1    1     767
    2    1  121  301  154    0   10    1    3    0    1205
    2    1  122  302  412    0   26    3    2    0    2030
    2    1  123  303  181    0   12    2    3    0    1212
    2    1  124  304  465    1   30    3    2    0    1455
    2    1  125  305  456    1   29    3    3    1    1013
    2    1  126  306  246    0   16    2    1    0    1088
    2    1  127  307  260    0   17    2    2    1     930
    2    1  128  308  182    0   12    2    3    0     827
    2    1  129  309  324    0   21    3    1    0    1490
    2    1  130  310  399    0   25    3    3    1    1260
    2    1  131  311  130    0    9    1    2    0    2068
    2    1  132  312  255    0   16    2    2    1    1481
    2    1  133  313  275    0   18    2    3    0     918
    2    1  134  314  389    0   25    3    2    0    1775
    2    1  135  315  282    0   18    2    2    1    1109
    2    1  136  316  203    1   13    2    2    1    1260
    2    1  137  317  202    0   13    2    1    0    1515
    2    1  138  318   51    0    4    1    3    0    1349
    2    1  139  319  372    0   24    3    2    0    1113
    2    1  140  320  391    0   25    3    3    1    1038
    2    1  141  321  407    0   26    3    2    0     949
    2    1  142  322  175    0   11    2    2    1     737
    2    1  143  323  239    0   15    2    3    0    1035
    2    1  144  324   27    0    2    1    1    1    1044
    2    1  145  325  117    0    8    1    2    0     950
    2    1  146  326    5    0    1    1    1    1    1048
    2    1  147  327  474    0   30    3    3    1    1238
    2    1  148  328  257    0   17    2    2    1     539
    2    1  149  329   18    0    2    1    3    0    2129
    2    1  150  330  325    0   21    3    3    1    2865
    2    1  151  331  131    0    9    1    2    0    1529
    2    1  152  332  318    0   20    2    3    0    1795
    2    1  153  333  476    0   30    3    3    1    1247
    2    1  154  334   46    0    3    1    1    1    1061
    2    1  155  335  273    0   18    2    2    1     774
    2    1  156  336  184    0   12    2    1    0    1307
    2    1  157  337  388    0   25    3    2    0     766
    2    1  158  338  320    0   20    2    3    0    1016
    2    1  159  339  308    1   20    2    3    0     996
    2    1  160  340  466    0   30    3    1    0    1178
    2    1  161  341  458    0   29    3    2    0    1457
    2    1  162  342  307    0   20    2    3    0     873
    2    1  163  343  191    0   12    2    2    1    1886
    2    1  164  344  313    0   20    2    3    0    1314
    2    1  165  345  207    0   13    2    2    1    1280
    2    1  166  346  224    1   14    2    3    0    1354
    2    1  167  347  215    1   14    2    2    1    1220
    2    1  168  348   54    0    4    1    3    0    1209
    2    1  169  349  358    0   23    3    2    0    1185
    2    1  170  350   60    0    4    1    3    0    1039
    2    1  171  351   95    0    6    1    1    1    2417
    2    1  172  352   66    0    5    1    1    1    1165
    2    1  173  353  192    0   12    2    1    0     804
    2    1  174  354  302    0   19    2    2    1    1706
    2    1  175  355  198    0   13    2    3    0    2249
    2    1  176  356   21    0    2    1    2    0    1373
    2    1  177  357  249    0   16    2    2    1    2143
    2    1  178  358  206    0   13    2    3    0    2035
    2    1  179  359  147    0   10    1    3    0    1903
    2    1  180  360  110    0    7    1    1    1    1379
    2    1  181  361  298    0   19    2    2    1    1829
    2    1  182  362   86    0    6    1    3    0    2957
    2    1  183  363  379    0   24    3    3    1    1331
    2    1  184  364  103    0    7    1    2    0    1187
    2    1  185  365  351    0   22    3    2    0    1500
    2    1  186  366  216    0   14    2    3    0    1209
    2    1  187  367   14    0    1    1    1    1    1196
    2    1  188  368  108    0    7    1    2    0     788
    2    1  189  369  231    0   15    2    3    0    1420
    2    1  190  370  248    0   16    2    3    0    1234
    2    1  191  371  236    0   15    2    3    0     873
    2    1  192  372  164    0   11    2    2    1    1416
    2    1  193  373  212    0   14    2    3    0     996
    2    1  194  374  460    0   29    3    3    1    1424
    2    1  195  375  400    0   25    3    3    1    1428
    2    1  196  376  133    0    9    1    2    0    1473
    2    1  197  377   98    0    7    1    3    0    2074
    2    1  198  378   29    0    2    1    2    0    1002
    2    1  199  379  132    0    9    1    2    0    1614
    2    1  200  380  392    0   25    3    1    0    2719
    2    1  201  381  411    0   26    3    2    0    1494
    2    1  202  382  196    0   13    2    3    0    1030
    2    1  203  383  156    0   10    1    3    0    1176
    2    1  204  384  329    0   21    3    2    0    1196
    2    1  205  385   55    1    4    1    1    1    1052
    2    1  206  386  346    0   22    3    2    0    2854
    2    1  207  387   26    0    2    1    3    0    1201
    2    1  208  388  126    0    8    1    2    0    1887
    2    1  209  389  315    0   20    2    2    1    1331
    2    1  210  390  384    0   24    3    3    1    2124
    2    1  211  391  309    0   20    2    3    0    1087
    2    1  212  392  172    0   11    2    2    1    3239
    2    1  213  393  279    1   18    2    3    0    1444
    2    1  214  394  119    0    8    1    1    1    1953
    2    1  215  395  225    0   15    2    2    1     960
    2    1  216  396   41    0    3    1    1    1    1018
    2    1  217  397  357    0   23    3    2    0    3760
    2    1  218  398  438    0   28    3    1    0    2026
    2    1  219  399  100    0    7    1    3    0    1271
    2    1  220  400  397    1   25    3    3    1    1120
    2    1  221  401  361    0   23    3    2    0    1658
    2    1  222  402  228    0   15    2    3    0    1587
    2    1  223  403  390    0   25    3    3    1    1186
    2    1  224  404   88    0    6    1    1    1    1178
    2    1  225  405   83    0    6    1    2    0    1541
    2    1  226  406  193    0   13    2    3    0    1123
    2    1  227  407  340    0   22    3    2    0    2219
    2    1  228  408   12    0    1    1    3    0    1263
    2    1  229  409  394    0   25    3    2    0    1068
    2    1  230  410  287    0   18    2    3    0    2009
    2    1  231  411  127    0    8    1    1    1    1279
    2    1  232  412  434    0   28    3    1    0    1231
    2    1  233  413   49    0    4    1    2    0     494
    2    1  234  414  462    0   29    3    3    1    1261
    2    1  235  415   91    0    6    1    1    1    1909
    2    1  236  416  122    0    8    1    2    0    2458
    2    1  237  417  226    0   15    2    3    0    1138
    2    1  238  418  364    0   23    3    2    0    1345
    2    1  239  419  295    0   19    2    1    0     820
    2    1  240  420  323    0   21    3    2    0    1027
    2    1  241  421  106    1    7    1    1    1    1165
    2    1  242  422  417    0   27    3    2    0    1400
    2    1  243  423  439    0   28    3    1    0    2627
    2    1  244  424  403    0   26    3    2    0    1463
    2    1  245  425  354    0   23    3    3    1    1109
    2    1  246  426  455    1   29    3    3    1    1292
    2    1  247  427  477    0   30    3    3    1    1126
    2    1  248  428   89    0    6    1    3    0    1072
    2    1  249  429  238    1   15    2    2    1    1014
    2    1  250  430  266    0   17    2    1    0    1134
    2    1  251  431   48    0    3    1    2    0     966
    2    1  252  432  111    1    7    1    1    1     804
    2    1  253  433  233    0   15    2    3    0    1595
    2    1  254  434  183    0   12    2    3    0    1148
    2    1  255  435   93    0    6    1    3    0    6582
    2    1  256  436  443    1   28    3    3    1     909
    2    1  257  437   77    0    5    1    3    0    1128
    2    1  258  438  157    0   10    1    2    0    2002
    2    1  259  439   64    0    4    1    3    0    1461
    2    1  260  440  242    0   16    2    1    0    2015
    2    1  261  441  142    0    9    1    2    0    1448
    2    1  262  442   94    0    6    1    3    0    1150
    2    1  263  443   43    0    3    1    2    0    1183
    2    1  264  444  467    0   30    3    3    1    1079
    2    1  265  445  345    0   22    3    2    0    1455
    2    1  266  446  373    0   24    3    2    0     651
    2    1  267  447  149    0   10    1    3    0    1325
    2    1  268  448  113    0    8    1    3    0    1992
    2    1  269  449  339    1   22    3    2    0     700
    2    1  270  450   13    0    1    1    3    0     884
    2    1  271  451  450    0   29    3    3    1    1262
    2    1  272  452  286    0   18    2    3    0    1147
    2    1  273  453  247    0   16    2    2    1    1486
    2    1  274  454  160    0   10    1    2    0    1053
    2    1  275  455   35    0    3    1    3    0     925
    2    1  276  456  277    0   18    2    2    1    1324
    2    1  277  457  314    0   20    2    3    0    1762
    2    1  278  458  479    0   30    3    2    0     805
    2    1  279  459  427    0   27    3    2    0    1014
    2    1  280  460  316    0   20    2    3    0    1669
    2    1  281  461   53    0    4    1    2    0    1674
    2    1  282  462  276    0   18    2    3    0     562
    2    1  283  463  317    0   20    2    3    0     695
    2    1  284  464  136    1    9    1    2    0    1696
    2    1  285  465  105    0    7    1    1    1    1877
    2    1  286  466   24    0    2    1    3    0     818
    2    1  287  467  464    0   29    3    2    0    1031
    2    1  288  468   10    0    1    1    2    0    1693
    2    1  289  469  290    0   19    2    2    1    1079
    2    1  290  470   11    0    1    1    2    0    2006
    2    1  291  471  104    0    7    1    1    1    1980
    2    1  292  472  461    0   29    3    3    1    2763
    2    1  293  473  426    0   27    3    2    0    1254
    2    1  294  474  185    0   12    2    2    1    3574
    2    1  295  475  296    0   19    2    1    0    2697
    2    1  296  476  120    0    8    1    2    0    4720
    2    1  297  477  293    1   19    2    2    1    1187
    2    1  298  478  410    0   26    3    3    1    1890
    2    1  299  479  449    0   29    3    2    0    1291
    2    1  300  480  398    0   25    3    3    1    2089
