    1    1    1    1  360    1   23    3    1    0   10314
    1    1    2    2  387    1   25    3    1    0    3925
    1    1    3    3  353    1   23    3    2    0    4438
    1    1    4    4  252    1   16    2    3    0    4566
    1    1    5    5  240    1   15    2    2    1    9126
    1    1    6    6  117    1    8    1    1    1    3629
    1    1    7    7   49    1    4    1    2    0    4575
    1    1    8    8   33    1    3    1    1    1    3521
    1    1    9    9  356    1   23    3    3    1    3048
    1    1   10   10  409    1   26    3    3    1    2995
    1    1   11   11  182    1   12    2    2    1    2660
    1    1   12   12  216    1   14    2    2    1    4103
    1    1   13   13  120    1    8    1    1    1    1619
    1    1   14   14  476    1   30    3    3    1    2279
    1    1   15   15  280    1   18    2    2    1    3030
    1    1   16   16  212    1   14    2    2    1    5976
    1    1   17   17  465    1   30    3    3    1    1577
    1    1   18   18  411    1   26    3    2    0    4263
    1    1   19   19  269    1   17    2    2    1    1551
    1    1   20   20  164    1   11    2    1    0    1605
    1    1   21   21  266    1   17    2    3    0    5343
    1    1   22   22   56    1    4    1    1    1    2272
    1    1   23   23  473    1   30    3    2    0    2702
    1    1   24   24  217    1   14    2    2    1    2388
    1    1   25   25  290    1   19    2    2    1    6972
    1    1   26   26  406    1   26    3    3    1    2023
    1    1   27   27  448    1   28    3    1    0    4711
    1    1   28   28  380    1   24    3    2    0    2774
    1    1   29   29   16    1    1    1    1    1    2929
    1    1   30   30  272    1   17    2    2    1    4061
    1    1   31   31  424    1   27    3    3    1    2555
    1    1   32   32  245    1   16    2    2    1    2906
    1    1   33   33   71    1    5    1    1    1    1611
    1    1   34   34  479    1   30    3    3    1    1824
    1    1   35   35  267    1   17    2    2    1    2918
    1    1   36   36   58    1    4    1    1    1    1725
    1    1   37   37  219    1   14    2    2    1    6869
    1    1   38   38   35    1    3    1    1    1    1361
    1    1   39   39   36    1    3    1    1    1    3333
    1    1   40   40  326    1   21    3    2    0    3277
    1    1   41   41  340    1   22    3    1    0    4880
    1    1   42   42  396    1   25    3    3    1    8074
    1    1   43   43   52    1    4    1    1    1    1125
    1    1   44   44   80    1    5    1    1    1    1909
    1    1   45   45   37    1    3    1    1    1    1302
    1    1   46   46   38    1    3    1    1    1    1326
    1    1   47   47  471    1   30    3    3    1    1779
    1    1   48   48  408    1   26    3    3    1    2650
    1    1   49   49  276    1   18    2    2    1    7447
    1    1   50   50    6    1    1    1    1    1    1287
    1    1   51   51  271    1   17    2    2    1   10828
    1    1   52   52  201    1   13    2    2    1    3263
    1    1   53   53   53    1    4    1    1    1    1334
    1    1   54   54   15    1    1    1    1    1    1420
    1    1   55   55    4    1    1    1    1    1    1161
    1    1   56   56   66    1    5    1    1    1    1041
    1    1   57   57  359    1   23    3    3    1    1704
    1    1   58   58  250    1   16    2    2    1    1597
    1    1   59   59  289    1   19    2    2    1    1817
    1    1   60   60  121    1    8    1    2    0    2352
    1    2    1   61  117    1    8    1    1    1    1475
    1    2    2   62  424    1   27    3    3    1    2834
    1    2    3   63  201    1   13    2    2    1    1518
    1    2    4   64  276    1   18    2    2    1    1688
    1    2    5   65   53    1    4    1    1    1    1044
    1    2    6   66  267    1   17    2    2    1    1703
    1    2    7   67  250    1   16    2    2    1    1207
    1    2    8   68  240    1   15    2    3    0    1733
    1    2    9   69  272    1   17    2    2    1    1402
    1    2   10   70   38    1    3    1    1    1    1173
    1    2   11   71  280    1   18    2    2    1    3124
    1    2   12   72  465    1   30    3    3    1    1286
    1    2   13   73   66    1    5    1    1    1    1379
    1    2   14   74    4    1    1    1    1    1    1044
    1    2   15   75   71    1    5    1    1    1     981
    1    2   16   76  396    1   25    3    3    1    2479
    1    2   17   77  473    1   30    3    2    0    1328
    1    2   18   78  271    1   17    2    2    1    2013
    1    2   19   79  406    1   26    3    2    0    7856
    1    2   20   80   16    1    1    1    1    1    1105
    1    2   21   81  252    1   16    2    2    1    1536
    1    2   22   82  212    1   14    2    2    1    3077
    1    2   23   83   35    1    3    1    1    1    1029
    1    2   24   84  245    1   16    2    2    1    1458
    1    2   25   85  408    1   26    3    3    1    3569
    1    2   26   86  409    1   26    3    3    1    1204
    1    2   27   87  476    1   30    3    3    1    1704
    1    2   28   88   56    1    4    1    1    1    1092
    1    2   29   89  219    1   14    2    2    1    1436
    1    2   30   90    6    1    1    1    1    1    3532
    1    2   31   91   37    1    3    1    1    1     969
    1    2   32   92   80    1    5    1    1    1    1919
    1    2   33   93   58    1    4    1    1    1    1180
    1    2   34   94  359    1   23    3    3    1    1703
    1    2   35   95  269    1   17    2    2    1    1078
    1    2   36   96  290    1   19    2    2    1    1160
    1    2   37   97  164    1   11    2    2    1    1747
    1    2   38   98   52    1    4    1    1    1    1069
    1    2   39   99  289    1   19    2    2    1    1077
    1    2   40  100  356    1   23    3    3    1    2028
    1    2   41  101  387    1   25    3    2    0    1353
    1    2   42  102  479    1   30    3    3    1    1500
    1    2   43  103  120    1    8    1    1    1    1058
    1    2   44  104  380    1   24    3    2    0    6049
    1    2   45  105  326    1   21    3    2    0    5621
    1    2   46  106   36    1    3    1    1    1     973
    1    2   47  107  340    1   22    3    3    1    2389
    1    2   48  108  471    1   30    3    3    1    3094
    1    2   49  109  360    1   23    3    3    1   38534
    1    2   50  110  266    1   17    2    2    1    1864
    1    2   51  111  353    1   23    3    3    1    1729
    1    2   52  112  411    1   26    3    3    1    3950
    1    2   53  113  216    1   14    2    2    1    1440
    1    2   54  114  217    1   14    2    2    1     795
    1    2   55  115   15    1    1    1    1    1     953
    1    2   56  116   33    1    3    1    1    1     441
    1    2   57  117   49    1    4    1    1    1     550
    1    2   58  118  182    1   12    2    2    1    1122
    1    2   59  119  121    1    8    1    2    0    1678
    1    2   60  120  448    1   28    3    3    1    5350
    1    3    1  121  353    1   23    3    3    1    1084
    1    3    2  122   37    1    3    1    1    1     996
    1    3    3  123   52    1    4    1    1    1    1934
    1    3    4  124   33    1    3    1    1    1    1163
    1    3    5  125  471    1   30    3    3    1    1630
    1    3    6  126  411    1   26    3    3    1    1078
    1    3    7  127  360    1   23    3    3    1    1131
    1    3    8  128   53    1    4    1    1    1    1138
    1    3    9  129  396    1   25    3    3    1    1260
    1    3   10  130  217    1   14    2    2    1    2717
    1    3   11  131  266    1   17    2    2    1    1331
    1    3   12  132  271    1   17    2    2    1    1993
    1    3   13  133  340    1   22    3    3    1    1116
    1    3   14  134   71    1    5    1    1    1    1067
    1    3   15  135  269    1   17    2    2    1    1335
    1    3   16  136   56    1    4    1    1    1    1306
    1    3   17  137   49    1    4    1    1    1    1082
    1    3   18  138  280    1   18    2    3    0    4256
    1    3   19  139  326    1   21    3    3    1    2340
    1    3   20  140  120    1    8    1    1    1    1218
    1    3   21  141   80    1    5    1    1    1    1038
    1    3   22  142  465    1   30    3    3    1    1282
    1    3   23  143  387    1   25    3    2    0    2725
    1    3   24  144  476    1   30    3    3    1    2017
    1    3   25  145  201    1   13    2    2    1    1129
    1    3   26  146  289    1   19    2    2    1    1414
    1    3   27  147    6    1    1    1    1    1    1024
    1    3   28  148  409    1   26    3    3    1    1499
    1    3   29  149  252    1   16    2    2    1    1113
    1    3   30  150   58    1    4    1    1    1    1034
    1    3   31  151  424    1   27    3    3    1    1237
    1    3   32  152   36    1    3    1    1    1    1088
    1    3   33  153  212    1   14    2    2    1    3396
    1    3   34  154   66    1    5    1    1    1    1003
    1    3   35  155  479    1   30    3    3    1    4435
    1    3   36  156  473    1   30    3    3    1    1135
    1    3   37  157  290    1   19    2    2    1    1789
    1    3   38  158    4    1    1    1    1    1    1326
    1    3   39  159   38    1    3    1    1    1     958
    1    3   40  160   15    1    1    1    1    1    2660
    1    3   41  161  182    1   12    2    2    1     926
    1    3   42  162  276    1   18    2    2    1    2535
    1    3   43  163  121    1    8    1    1    1    1826
    1    3   44  164  272    1   17    2    2    1    1163
    1    3   45  165  219    1   14    2    2    1    2967
    1    3   46  166   35    1    3    1    1    1     964
    1    3   47  167  448    1   28    3    3    1    1163
    1    3   48  168  406    1   26    3    3    1    4113
    1    3   49  169  356    1   23    3    3    1    1164
    1    3   50  170   16    1    1    1    1    1     995
    1    3   51  171  380    1   24    3    2    0    6689
    1    3   52  172  240    1   15    2    3    0    3062
    1    3   53  173  250    1   16    2    2    1    1624
    1    3   54  174  245    1   16    2    2    1    1566
    1    3   55  175  216    1   14    2    2    1    1529
    1    3   56  176  164    1   11    2    2    1    1974
    1    3   57  177  408    1   26    3    3    1    1995
    1    3   58  178  117    1    8    1    1    1    1109
    1    3   59  179  359    1   23    3    3    1    1361
    1    3   60  180  267    1   17    2    2    1    1150
    2    1    1  181   36    1    3    1    1    1    1576
    2    1    2  182  218    0   14    2    2    1    1676
    2    1    3  183    4    1    1    1    1    1    1103
    2    1    4  184  404    0   26    3    3    1    1286
    2    1    5  185  405    0   26    3    3    1    2627
    2    1    6  186  479    1   30    3    3    1    2853
    2    1    7  187  207    0   13    2    2    1    1220
    2    1    8  188   37    1    3    1    1    1     993
    2    1    9  189  321    0   21    3    3    1    5464
    2    1   10  190  124    0    8    1    1    1    1060
    2    1   11  191  255    0   16    2    2    1    1130
    2    1   12  192  306    0   20    2    3    0    1264
    2    1   13  193  123    0    8    1    1    1    1015
    2    1   14  194   43    0    3    1    1    1     990
    2    1   15  195   73    0    5    1    1    1     926
    2    1   16  196  265    0   17    2    2    1    2792
    2    1   17  197  361    0   23    3    3    1    1468
    2    1   18  198  238    0   15    2    3    0    1802
    2    1   19  199  297    0   19    2    1    0    1108
    2    1   20  200  436    0   28    3    3    1    1355
    2    1   21  201  379    0   24    3    1    0    1093
    2    1   22  202  395    0   25    3    2    0    3569
    2    1   23  203  214    0   14    2    3    0    1535
    2    1   24  204  115    0    8    1    1    1    1065
    2    1   25  205  302    0   19    2    2    1    1190
    2    1   26  206  285    0   18    2    2    1    1967
    2    1   27  207   18    0    2    1    2    0    1301
    2    1   28  208  186    0   12    2    2    1   15109
    2    1   29  209  397    0   25    3    3    1    2567
    2    1   30  210  121    1    8    1    1    1    1092
    2    1   31  211  320    0   20    2    3    0    1018
    2    1   32  212  366    0   23    3    2    0    1984
    2    1   33  213  286    0   18    2    2    1    4241
    2    1   34  214   28    0    2    1    1    1     973
    2    1   35  215  242    0   16    2    2    1    1383
    2    1   36  216  110    0    7    1    2    0    1320
    2    1   37  217    8    0    1    1    2    0    1755
    2    1   38  218  266    1   17    2    2    1     813
    2    1   39  219   31    0    2    1    2    0    4600
    2    1   40  220  230    0   15    2    2    1    4274
    2    1   41  221  457    0   29    3    2    0     790
    2    1   42  222  410    0   26    3    3    1    1012
    2    1   43  223   65    0    5    1    1    1    1009
    2    1   44  224  315    0   20    2    3    0    1757
    2    1   45  225  347    0   22    3    1    0     984
    2    1   46  226  247    0   16    2    2    1    1088
    2    1   47  227  453    0   29    3    3    1    1027
    2    1   48  228  269    1   17    2    2    1     788
    2    1   49  229  390    0   25    3    3    1    1133
    2    1   50  230  474    0   30    3    3    1    1452
    2    1   51  231  364    0   23    3    2    0    1592
    2    1   52  232  314    0   20    2    3    0    1580
    2    1   53  233  100    0    7    1    1    1    1091
    2    1   54  234  192    0   12    2    3    0    2304
    2    1   55  235  132    0    9    1    2    0    1530
    2    1   56  236  219    1   14    2    2    1    2739
    2    1   57  237    1    0    1    1    1    1    1149
    2    1   58  238  439    0   28    3    3    1    1625
    2    1   59  239  224    0   14    2    2    1    1990
    2    1   60  240  337    0   22    3    2    0    3690
    2    1   61  241  407    0   26    3    3    1    1390
    2    1   62  242  311    0   20    2    3    0    1054
    2    1   63  243  197    0   13    2    1    0    1439
    2    1   64  244  274    0   18    2    2    1    1246
    2    1   65  245  472    0   30    3    3    1    1087
    2    1   66  246  136    0    9    1    2    0    1309
    2    1   67  247  430    0   27    3    3    1    1215
    2    1   68  248  202    0   13    2    2    1    1754
    2    1   69  249  398    0   25    3    3    1    3300
    2    1   70  250  434    0   28    3    3    1    3342
    2    1   71  251  393    0   25    3    3    1    4804
    2    1   72  252   13    0    1    1    2    0    1476
    2    1   73  253  307    0   20    2    2    1    2024
    2    1   74  254  130    0    9    1    1    1    1090
    2    1   75  255   19    0    2    1    1    1    1270
    2    1   76  256   91    0    6    1    3    0    1033
    2    1   77  257   79    0    5    1    1    1    1070
    2    1   78  258  346    0   22    3    1    0     810
    2    1   79  259  142    0    9    1    2    0    1939
    2    1   80  260  475    0   30    3    2    0    1479
    2    1   81  261  389    0   25    3    2    0    2203
    2    1   82  262  384    0   24    3    1    0     949
    2    1   83  263  239    0   15    2    2    1    1150
    2    1   84  264   92    0    6    1    3    0     859
    2    1   85  265   64    0    4    1    2    0    3044
    2    1   86  266  170    0   11    2    1    0    1133
    2    1   87  267   56    1    4    1    2    0    2446
    2    1   88  268  119    0    8    1    1    1    1307
    2    1   89  269  181    0   12    2    3    0     686
    2    1   90  270  295    0   19    2    1    0    3919
    2    1   91  271  209    0   14    2    3    0    1485
    2    1   92  272  137    0    9    1    2    0    2923
    2    1   93  273  386    0   25    3    2    0    3439
    2    1   94  274  367    0   23    3    3    1    2943
    2    1   95  275  423    0   27    3    3    1     813
    2    1   96  276  148    0   10    1    2    0    3266
    2    1   97  277  272    1   17    2    2    1     999
    2    1   98  278  356    1   23    3    3    1    1977
    2    1   99  279    2    0    1    1    1    1    1492
    2    1  100  280  416    0   26    3    3    1    1596
    2    1  101  281  114    0    8    1    1    1    1088
    2    1  102  282   70    0    5    1    1    1     872
    2    1  103  283  160    0   10    1    1    1    1588
    2    1  104  284  317    0   20    2    2    1    1027
    2    1  105  285   67    0    5    1    1    1    3742
    2    1  106  286   12    0    1    1    1    1     951
    2    1  107  287  183    0   12    2    3    0     808
    2    1  108  288   76    0    5    1    1    1     979
    2    1  109  289  392    0   25    3    3    1    4838
    2    1  110  290  343    0   22    3    1    0    3158
    2    1  111  291  282    0   18    2    2    1    3313
    2    1  112  292  406    1   26    3    2    0    1800
    2    1  113  293   95    0    6    1    3    0    2083
    2    1  114  294  243    0   16    2    2    1    2686
    2    1  115  295  371    0   24    3    1    0     980
    2    1  116  296  122    0    8    1    1    1     891
    2    1  117  297  203    0   13    2    2    1    1080
    2    1  118  298  264    0   17    2    3    0    1830
    2    1  119  299   38    1    3    1    1    1    1039
    2    1  120  300  351    0   22    3    1    0    2132
    2    1  121  301  177    0   12    2    3    0    2059
    2    1  122  302  391    0   25    3    2    0    1471
    2    1  123  303  471    1   30    3    3    1    1611
    2    1  124  304  206    0   13    2    2    1     825
    2    1  125  305  139    0    9    1    2    0    4621
    2    1  126  306  381    0   24    3    1    0    1640
    2    1  127  307  335    0   21    3    3    1    2900
    2    1  128  308  289    1   19    2    2    1     900
    2    1  129  309  340    1   22    3    3    1    1336
    2    1  130  310  442    0   28    3    3    1    1370
    2    1  131  311  234    0   15    2    3    0    1385
    2    1  132  312  469    0   30    3    3    1    1723
    2    1  133  313  244    0   16    2    2    1     971
    2    1  134  314  300    0   19    2    1    0     910
    2    1  135  315   42    0    3    1    1    1    1052
    2    1  136  316  182    1   12    2    2    1     694
    2    1  137  317  454    0   29    3    2    0     851
    2    1  138  318  253    0   16    2    1    0    1364
    2    1  139  319  338    0   22    3    1    0    1018
    2    1  140  320  308    0   20    2    3    0    3025
    2    1  141  321  104    0    7    1    3    0    4499
    2    1  142  322  198    0   13    2    2    1    1104
    2    1  143  323  237    0   15    2    2    1    2238
    2    1  144  324  135    0    9    1    1    1    1109
    2    1  145  325  477    0   30    3    2    0    1053
    2    1  146  326  262    0   17    2    2    1    1978
    2    1  147  327  251    0   16    2    2    1     649
    2    1  148  328   24    0    2    1    3    0     956
    2    1  149  329  126    0    8    1    3    0    1006
    2    1  150  330   27    0    2    1    1    1    2773
    2    1  151  331  229    0   15    2    3    0    1143
    2    1  152  332  250    1   16    2    2    1    1443
    2    1  153  333  312    0   20    2    3    0     948
    2    1  154  334  109    0    7    1    1    1    1188
    2    1  155  335   59    0    4    1    2    0    1732
    2    1  156  336  301    0   19    2    2    1     871
    2    1  157  337  185    0   12    2    3    0     829
    2    1  158  338  418    0   27    3    3    1     961
    2    1  159  339  323    0   21    3    2    0    2089
    2    1  160  340  377    0   24    3    1    0    2360
    2    1  161  341  156    0   10    1    1    1     984
    2    1  162  342   55    0    4    1    1    1     856
    2    1  163  343  150    0   10    1    2    0    1077
    2    1  164  344  419    0   27    3    3    1     923
    2    1  165  345  354    0   23    3    3    1    1975
    2    1  166  346  318    0   20    2    3    0    1344
    2    1  167  347  159    0   10    1    1    1    1083
    2    1  168  348  437    0   28    3    2    0    1652
    2    1  169  349  216    1   14    2    2    1     909
    2    1  170  350  212    1   14    2    2    1     915
    2    1  171  351  470    0   30    3    2    0     751
    2    1  172  352  291    0   19    2    1    0    2499
    2    1  173  353  336    0   21    3    2    0    1818
    2    1  174  354  409    1   26    3    3    1     822
    2    1  175  355  296    0   19    2    1    0    3598
    2    1  176  356  293    0   19    2    2    1    3672
    2    1  177  357   51    0    4    1    1    1    1034
    2    1  178  358  355    0   23    3    3    1    1093
    2    1  179  359  227    0   15    2    3    0    1185
    2    1  180  360   89    0    6    1    3    0     746
    2    1  181  361  281    0   18    2    2    1    1379
    2    1  182  362  172    0   11    2    1    0    1067
    2    1  183  363   85    0    6    1    3    0    5912
    2    1  184  364  388    0   25    3    3    1    3854
    2    1  185  365  154    0   10    1    1    1    1036
    2    1  186  366  426    0   27    3    3    1    1338
    2    1  187  367  372    0   24    3    1    0     804
    2    1  188  368  201    1   13    2    2    1    1155
    2    1  189  369  111    0    7    1    2    0     632
    2    1  190  370  480    0   30    3    2    0    2120
    2    1  191  371  401    0   26    3    2    0    1354
    2    1  192  372  101    0    7    1    2    0    3522
    2    1  193  373  467    0   30    3    3    1    1550
    2    1  194  374  108    0    7    1    1    1    4127
    2    1  195  375  144    0    9    1    2    0    1437
    2    1  196  376  461    0   29    3    2    0    1052
    2    1  197  377  103    0    7    1    1    1    1287
    2    1  198  378   39    0    3    1    1    1     930
    2    1  199  379  153    0   10    1    1    1     867
    2    1  200  380  380    1   24    3    2    0    2062
    2    1  201  381  233    0   15    2    3    0    1508
    2    1  202  382   44    0    3    1    1    1    1352
    2    1  203  383  267    1   17    2    2    1    1908
    2    1  204  384  145    0   10    1    1    1     932
    2    1  205  385  165    0   11    2    1    0     913
    2    1  206  386  319    0   20    2    3    0     826
    2    1  207  387  161    0   11    2    1    0     683
    2    1  208  388   10    0    1    1    1    1    1204
    2    1  209  389  167    0   11    2    1    0     579
    2    1  210  390  387    1   25    3    2    0    1465
    2    1  211  391    5    0    1    1    1    1     928
    2    1  212  392   40    0    3    1    1    1     504
    2    1  213  393  399    0   25    3    3    1    1279
    2    1  214  394   68    0    5    1    1    1     704
    2    1  215  395  178    0   12    2    3    0     958
    2    1  216  396  133    0    9    1    2    0    2446
    2    1  217  397  260    0   17    2    2    1    1308
    2    1  218  398  129    0    9    1    2    0    1657
    2    1  219  399   98    0    7    1    2    0    1871
    2    1  220  400   17    0    2    1    3    0    3764
    2    1  221  401  466    0   30    3    2    0    1099
    2    1  222  402  413    0   26    3    3    1     826
    2    1  223  403   29    0    2    1    3    0    4076
    2    1  224  404   81    0    6    1    3    0    1119
    2    1  225  405   99    0    7    1    1    1    3003
    2    1  226  406  245    1   16    2    2    1    1415
    2    1  227  407  217    1   14    2    2    1    3841
    2    1  228  408  225    0   15    2    2    1    4793
    2    1  229  409  258    0   17    2    2    1    4236
    2    1  230  410  303    0   19    2    2    1    1135
    2    1  231  411  298    0   19    2    1    0    3087
    2    1  232  412   60    0    4    1    2    0    2511
    2    1  233  413  468    0   30    3    3    1     773
    2    1  234  414  452    0   29    3    3    1    2029
    2    1  235  415  341    0   22    3    1    0    2407
    2    1  236  416  236    0   15    2    2    1    3218
    2    1  237  417  373    0   24    3    1    0     917
    2    1  238  418  365    0   23    3    3    1     772
    2    1  239  419  450    0   29    3    3    1    1184
    2    1  240  420  396    1   25    3    3    1    2326
    2    1  241  421  432    0   27    3    3    1     966
    2    1  242  422  370    0   24    3    1    0    1133
    2    1  243  423   47    0    3    1    1    1    1151
    2    1  244  424   23    0    2    1    2    0    1988
    2    1  245  425  382    0   24    3    1    0    1131
    2    1  246  426  465    1   30    3    3    1     783
    2    1  247  427   20    0    2    1    2    0    1952
    2    1  248  428  353    1   23    3    3    1     795
    2    1  249  429  188    0   12    2    3    0    1252
    2    1  250  430  464    0   29    3    2    0    2892
    2    1  251  431  456    0   29    3    3    1    2602
    2    1  252  432  228    0   15    2    3    0    3781
    2    1  253  433  279    0   18    2    3    0    1117
    2    1  254  434   57    0    4    1    2    0    2201
    2    1  255  435  211    0   14    2    3    0    1431
    2    1  256  436   26    0    2    1    2    0    1967
    2    1  257  437  348    0   22    3    1    0    2548
    2    1  258  438  451    0   29    3    2    0    2613
    2    1  259  439  368    0   23    3    3    1    6592
    2    1  260  440   66    1    5    1    1    1     671
    2    1  261  441  328    0   21    3    2    0    1826
    2    1  262  442  294    0   19    2    2    1    1882
    2    1  263  443  283    0   18    2    2    1    1287
    2    1  264  444  138    0    9    1    1    1    1812
    2    1  265  445  252    1   16    2    2    1     769
    2    1  266  446  278    0   18    2    2    1    1735
    2    1  267  447  204    0   13    2    2    1     702
    2    1  268  448  149    0   10    1    2    0    4317
    2    1  269  449  125    0    8    1    1    1    1588
    2    1  270  450  316    0   20    2    3    0    1344
    2    1  271  451  359    1   23    3    3    1    1190
    2    1  272  452  310    0   20    2    2    1    2033
    2    1  273  453  455    0   29    3    2    0     908
    2    1  274  454  199    0   13    2    2    1     855
    2    1  275  455  223    0   14    2    3    0    5088
    2    1  276  456   72    0    5    1    1    1     725
    2    1  277  457  333    0   21    3    3    1    2084
    2    1  278  458  171    0   11    2    1    0    3491
    2    1  279  459  462    0   29    3    2    0    4038
    2    1  280  460   63    0    4    1    1    1    1604
    2    1  281  461   80    1    5    1    1    1    1309
    2    1  282  462  168    0   11    2    3    0    2517
    2    1  283  463  163    0   11    2    2    1    6236
    2    1  284  464  117    1    8    1    1    1     943
    2    1  285  465  352    0   22    3    1    0     858
    2    1  286  466  261    0   17    2    2    1    2085
    2    1  287  467  415    0   26    3    3    1    2877
    2    1  288  468   62    0    4    1    2    0    2028
    2    1  289  469  374    0   24    3    1    0    1147
    2    1  290  470  127    0    8    1    1    1     590
    2    1  291  471  174    0   11    2    1    0     773
    2    1  292  472  240    1   15    2    2    1    1222
    2    1  293  473  120    1    8    1    1    1     782
    2    1  294  474  325    0   21    3    2    0    1437
    2    1  295  475  276    1   18    2    2    1    1418
    2    1  296  476  360    1   23    3    3    1     710
    2    1  297  477   25    0    2    1    2    0    2411
    2    1  298  478  134    0    9    1    2    0    1510
    2    1  299  479   61    0    4    1    2    0    2153
    2    1  300  480   41    0    3    1    1    1     546
