    1    1    1    1   66    1    5    1    3    0    4612
    1    1    2    2  271    1   17    2    2    1    3775
    1    1    3    3  276    1   18    2    3    0    2811
    1    1    4    4   71    1    5    1    3    0    2949
    1    1    5    5   80    1    5    1    1    1    1870
    1    1    6    6  409    1   26    3    3    1    2434
    1    1    7    7   52    1    4    1    1    1    1273
    1    1    8    8  406    1   26    3    2    0    1474
    1    1    9    9  289    1   19    2    1    0    3027
    1    1   10   10  272    1   17    2    2    1    1913
    1    1   11   11   15    1    1    1    1    1    2955
    1    1   12   12  217    1   14    2    3    0    1878
    1    1   13   13    6    1    1    1    1    1    1606
    1    1   14   14   35    1    3    1    1    1    1691
    1    1   15   15  267    1   17    2    3    0    1507
    1    1   16   16  359    1   23    3    2    0    1915
    1    1   17   17  465    1   30    3    3    1     970
    1    1   18   18  252    1   16    2    2    1    1305
    1    1   19   19  164    1   11    2    1    0     599
    1    1   20   20  424    1   27    3    3    1     902
    1    1   21   21  387    1   25    3    2    0    2392
    1    1   22   22  250    1   16    2    1    0    1201
    1    1   23   23  340    1   22    3    3    1    1404
    1    1   24   24  411    1   26    3    2    0    1371
    1    1   25   25   16    1    1    1    1    1     951
    1    1   26   26  121    1    8    1    1    1    3037
    1    1   27   27  360    1   23    3    3    1    1385
    1    1   28   28  326    1   21    3    2    0    1538
    1    1   29   29  280    1   18    2    1    0    1356
    1    1   30   30  117    1    8    1    1    1    4839
    1    1   31   31   56    1    4    1    3    0    2198
    1    1   32   32   53    1    4    1    1    1    2029
    1    1   33   33   37    1    3    1    2    0    2203
    1    1   34   34    4    1    1    1    1    1    1804
    1    1   35   35  448    1   28    3    3    1     671
    1    1   36   36  240    1   15    2    2    1    3083
    1    1   37   37  290    1   19    2    3    0    1785
    1    1   38   38  182    1   12    2    2    1    1074
    1    1   39   39   49    1    4    1    1    1    1666
    1    1   40   40   36    1    3    1    1    1     868
    1    1   41   41  476    1   30    3    3    1     672
    1    1   42   42  212    1   14    2    2    1     785
    1    1   43   43  380    1   24    3    2    0    1238
    1    1   44   44  219    1   14    2    1    0     699
    1    1   45   45  201    1   13    2    2    1    1348
    1    1   46   46  471    1   30    3    3    1     699
    1    1   47   47   58    1    4    1    1    1    1456
    1    1   48   48  120    1    8    1    1    1    1805
    1    1   49   49   38    1    3    1    2    0    1991
    1    1   50   50  356    1   23    3    3    1     758
    1    1   51   51  408    1   26    3    3    1     779
    1    1   52   52  473    1   30    3    3    1    1143
    1    1   53   53   33    1    3    1    1    1     743
    1    1   54   54  245    1   16    2    2    1     906
    1    1   55   55  353    1   23    3    3    1     724
    1    1   56   56  216    1   14    2    3    0    1522
    1    1   57   57  479    1   30    3    2    0    1688
    1    1   58   58  266    1   17    2    3    0     909
    1    1   59   59  396    1   25    3    3    1     781
    1    1   60   60  269    1   17    2    2    1    1049
    1    2    1   61  164    1   11    2    1    0     644
    1    2    2   62  219    1   14    2    2    1    1329
    1    2    3   63    4    1    1    1    1    1     993
    1    2    4   64  250    1   16    2    1    0     751
    1    2    5   65   53    1    4    1    1    1     714
    1    2    6   66  360    1   23    3    3    1    1505
    1    2    7   67  271    1   17    2    3    0    1613
    1    2    8   68   80    1    5    1    1    1     896
    1    2    9   69  267    1   17    2    2    1    1093
    1    2   10   70  465    1   30    3    3    1     566
    1    2   11   71  471    1   30    3    3    1     660
    1    2   12   72   38    1    3    1    1    1    1108
    1    2   13   73   71    1    5    1    1    1     551
    1    2   14   74  252    1   16    2    2    1     691
    1    2   15   75  380    1   24    3    3    1    1457
    1    2   16   76  276    1   18    2    1    0    2331
    1    2   17   77   36    1    3    1    1    1     565
    1    2   18   78   37    1    3    1    1    1     833
    1    2   19   79  240    1   15    2    3    0    1354
    1    2   20   80  476    1   30    3    3    1     664
    1    2   21   81  356    1   23    3    3    1    1558
    1    2   22   82  121    1    8    1    1    1     912
    1    2   23   83  424    1   27    3    3    1    1469
    1    2   24   84  353    1   23    3    3    1    1624
    1    2   25   85  406    1   26    3    2    0    2089
    1    2   26   86   52    1    4    1    1    1     836
    1    2   27   87   49    1    4    1    1    1    1592
    1    2   28   88  280    1   18    2    2    1     737
    1    2   29   89  411    1   26    3    3    1    1223
    1    2   30   90  396    1   25    3    3    1    1135
    1    2   31   91  266    1   17    2    2    1    1192
    1    2   32   92   56    1    4    1    2    0    1310
    1    2   33   93    6    1    1    1    1    1     655
    1    2   34   94  269    1   17    2    2    1     735
    1    2   35   95  217    1   14    2    2    1     659
    1    2   36   96  408    1   26    3    3    1     815
    1    2   37   97   16    1    1    1    1    1     808
    1    2   38   98  120    1    8    1    1    1     683
    1    2   39   99   66    1    5    1    1    1     549
    1    2   40  100  448    1   28    3    3    1     664
    1    2   41  101  272    1   17    2    2    1    1014
    1    2   42  102  290    1   19    2    1    0     837
    1    2   43  103  182    1   12    2    2    1     598
    1    2   44  104   15    1    1    1    1    1     611
    1    2   45  105  117    1    8    1    2    0    1366
    1    2   46  106  212    1   14    2    2    1     966
    1    2   47  107   58    1    4    1    1    1     994
    1    2   48  108  216    1   14    2    1    0    1475
    1    2   49  109   35    1    3    1    1    1     701
    1    2   50  110  201    1   13    2    2    1     806
    1    2   51  111  359    1   23    3    3    1     766
    1    2   52  112  326    1   21    3    3    1     967
    1    2   53  113  473    1   30    3    3    1    1717
    1    2   54  114  245    1   16    2    2    1     732
    1    2   55  115  340    1   22    3    3    1     963
    1    2   56  116  409    1   26    3    3    1     689
    1    2   57  117  387    1   25    3    2    0    2063
    1    2   58  118   33    1    3    1    1    1     892
    1    2   59  119  289    1   19    2    2    1    1971
    1    2   60  120  479    1   30    3    3    1    2044
    1    3    1  121   53    1    4    1    1    1     689
    1    3    2  122  120    1    8    1    1    1     827
    1    3    3  123  250    1   16    2    2    1     574
    1    3    4  124  212    1   14    2    3    0    1854
    1    3    5  125  164    1   11    2    2    1    1099
    1    3    6  126  448    1   28    3    3    1     920
    1    3    7  127   36    1    3    1    1    1    1317
    1    3    8  128  409    1   26    3    3    1     792
    1    3    9  129  411    1   26    3    3    1    1907
    1    3   10  130  471    1   30    3    3    1     780
    1    3   11  131   71    1    5    1    1    1     975
    1    3   12  132    6    1    1    1    1    1     622
    1    3   13  133  272    1   17    2    2    1    1182
    1    3   14  134  465    1   30    3    3    1     678
    1    3   15  135  217    1   14    2    2    1    1099
    1    3   16  136  476    1   30    3    3    1     663
    1    3   17  137   66    1    5    1    1    1     612
    1    3   18  138  473    1   30    3    3    1     675
    1    3   19  139  406    1   26    3    2    0     693
    1    3   20  140  182    1   12    2    2    1     840
    1    3   21  141  266    1   17    2    2    1    1151
    1    3   22  142  276    1   18    2    3    0    1526
    1    3   23  143   49    1    4    1    2    0    1471
    1    3   24  144   58    1    4    1    2    0    2440
    1    3   25  145  290    1   19    2    1    0    1174
    1    3   26  146   52    1    4    1    1    1     716
    1    3   27  147  219    1   14    2    2    1    1042
    1    3   28  148   38    1    3    1    1    1    1895
    1    3   29  149  424    1   27    3    3    1     740
    1    3   30  150  359    1   23    3    3    1     706
    1    3   31  151  396    1   25    3    2    0     939
    1    3   32  152   80    1    5    1    1    1     747
    1    3   33  153  267    1   17    2    2    1     665
    1    3   34  154   33    1    3    1    1    1     895
    1    3   35  155  360    1   23    3    3    1     645
    1    3   36  156  479    1   30    3    2    0     959
    1    3   37  157  356    1   23    3    3    1     992
    1    3   38  158  271    1   17    2    2    1    1122
    1    3   39  159  289    1   19    2    2    1    2889
    1    3   40  160  240    1   15    2    2    1     828
    1    3   41  161    4    1    1    1    1    1    1806
    1    3   42  162  252    1   16    2    2    1    1066
    1    3   43  163  280    1   18    2    3    0    2393
    1    3   44  164  216    1   14    2    2    1     607
    1    3   45  165  201    1   13    2    2    1     697
    1    3   46  166   35    1    3    1    1    1    1072
    1    3   47  167  387    1   25    3    2    0    1014
    1    3   48  168  380    1   24    3    2    0     757
    1    3   49  169   15    1    1    1    1    1     649
    1    3   50  170  340    1   22    3    3    1     758
    1    3   51  171  121    1    8    1    1    1     719
    1    3   52  172   37    1    3    1    1    1    1024
    1    3   53  173   16    1    1    1    1    1     519
    1    3   54  174  326    1   21    3    2    0    1878
    1    3   55  175  245    1   16    2    2    1     806
    1    3   56  176  408    1   26    3    3    1     776
    1    3   57  177  353    1   23    3    3    1     718
    1    3   58  178  269    1   17    2    2    1     778
    1    3   59  179  117    1    8    1    1    1    1181
    1    3   60  180   56    1    4    1    1    1    2144
    2    1    1  181  356    1   23    3    3    1    1777
    2    1    2  182   17    0    2    1    3    0    2279
    2    1    3  183   29    0    2    1    2    0    1554
    2    1    4  184  420    0   27    3    3    1     692
    2    1    5  185  191    0   12    2    3    0    1696
    2    1    6  186  285    0   18    2    1    0    1098
    2    1    7  187  160    0   10    1    1    1     743
    2    1    8  188   62    0    4    1    1    1     723
    2    1    9  189  380    1   24    3    2    0     703
    2    1   10  190  246    0   16    2    2    1    1428
    2    1   11  191  343    0   22    3    1    0    2140
    2    1   12  192  417    0   27    3    3    1    4602
    2    1   13  193   98    0    7    1    2    0    2493
    2    1   14  194    8    0    1    1    1    1    2083
    2    1   15  195   31    0    2    1    1    1    1683
    2    1   16  196  287    0   18    2    1    0     716
    2    1   17  197  282    0   18    2    3    0    1828
    2    1   18  198  220    0   14    2    2    1     694
    2    1   19  199  373    0   24    3    1    0     564
    2    1   20  200  216    1   14    2    1    0    2005
    2    1   21  201  192    0   12    2    3    0    1432
    2    1   22  202  390    0   25    3    3    1     657
    2    1   23  203   20    0    2    1    2    0     898
    2    1   24  204  293    0   19    2    1    0     692
    2    1   25  205  471    1   30    3    3    1     704
    2    1   26  206  201    1   13    2    2    1     513
    2    1   27  207  286    0   18    2    3    0    1457
    2    1   28  208  419    0   27    3    2    0    1684
    2    1   29  209  222    0   14    2    3    0    1689
    2    1   30  210   64    0    4    1    2    0     645
    2    1   31  211  274    0   18    2    2    1     669
    2    1   32  212  178    0   12    2    3    0     826
    2    1   33  213  275    0   18    2    1    0     696
    2    1   34  214  331    0   21    3    3    1    1064
    2    1   35  215  108    0    7    1    1    1    1286
    2    1   36  216  388    0   25    3    2    0    4462
    2    1   37  217  459    0   29    3    2    0     652
    2    1   38  218  176    0   11    2    1    0     845
    2    1   39  219  280    1   18    2    2    1     850
    2    1   40  220  466    0   30    3    3    1    1405
    2    1   41  221   30    0    2    1    2    0     811
    2    1   42  222  394    0   25    3    2    0     743
    2    1   43  223   14    0    1    1    1    1     478
    2    1   44  224  336    0   21    3    3    1    3544
    2    1   45  225  396    1   25    3    2    0     805
    2    1   46  226  325    0   21    3    1    0    1233
    2    1   47  227  279    0   18    2    2    1     691
    2    1   48  228  261    0   17    2    2    1     672
    2    1   49  229  462    0   29    3    3    1    1239
    2    1   50  230   72    0    5    1    1    1     565
    2    1   51  231  221    0   14    2    2    1     639
    2    1   52  232  443    0   28    3    3    1    1114
    2    1   53  233  182    1   12    2    2    1     868
    2    1   54  234  337    0   22    3    1    0    2251
    2    1   55  235   45    0    3    1    1    1     633
    2    1   56  236  100    0    7    1    1    1     601
    2    1   57  237  369    0   24    3    1    0     748
    2    1   58  238  255    0   16    2    2    1     652
    2    1   59  239   56    1    4    1    1    1    3317
    2    1   60  240  168    0   11    2    1    0    4054
    2    1   61  241  139    0    9    1    1    1     870
    2    1   62  242    1    0    1    1    1    1     628
    2    1   63  243   90    0    6    1    2    0     591
    2    1   64  244  126    0    8    1    1    1     888
    2    1   65  245  250    1   16    2    2    1     664
    2    1   66  246  460    0   29    3    2    0     860
    2    1   67  247  151    0   10    1    2    0     992
    2    1   68  248  277    0   18    2    2    1     700
    2    1   69  249  384    0   24    3    1    0    1324
    2    1   70  250  106    0    7    1    2    0    1075
    2    1   71  251  365    0   23    3    3    1     475
    2    1   72  252  114    0    8    1    1    1     854
    2    1   73  253  332    0   21    3    2    0     675
    2    1   74  254  395    0   25    3    1    0    1615
    2    1   75  255  361    0   23    3    3    1     694
    2    1   76  256  341    0   22    3    3    1    1533
    2    1   77  257    5    0    1    1    1    1     651
    2    1   78  258  430    0   27    3    3    1     668
    2    1   79  259  294    0   19    2    1    0     766
    2    1   80  260  278    0   18    2    2    1    2062
    2    1   81  261  441    0   28    3    3    1     501
    2    1   82  262  322    0   21    3    3    1     567
    2    1   83  263  375    0   24    3    1    0     787
    2    1   84  264  162    0   11    2    2    1    2247
    2    1   85  265  243    0   16    2    2    1     748
    2    1   86  266  405    0   26    3    1    0    7332
    2    1   87  267  288    0   18    2    1    0    1413
    2    1   88  268  301    0   19    2    1    0    2768
    2    1   89  269  461    0   29    3    2    0     767
    2    1   90  270   70    0    5    1    1    1     538
    2    1   91  271  236    0   15    2    2    1    1423
    2    1   92  272  453    0   29    3    3    1    1022
    2    1   93  273   57    0    4    1    1    1     573
    2    1   94  274  107    0    7    1    1    1     943
    2    1   95  275  292    0   19    2    1    0    1233
    2    1   96  276   95    0    6    1    3    0     658
    2    1   97  277   76    0    5    1    1    1     835
    2    1   98  278  116    0    8    1    1    1     533
    2    1   99  279  326    1   21    3    1    0    2521
    2    1  100  280  258    0   17    2    2    1     653
    2    1  101  281   11    0    1    1    1    1     687
    2    1  102  282  130    0    9    1    1    1     625
    2    1  103  283  339    0   22    3    1    0     502
    2    1  104  284   16    1    1    1    1    1     539
    2    1  105  285  169    0   11    2    1    0     494
    2    1  106  286  153    0   10    1    1    1     461
    2    1  107  287  378    0   24    3    1    0     468
    2    1  108  288  468    0   30    3    3    1     487
    2    1  109  289  119    0    8    1    1    1     546
    2    1  110  290  358    0   23    3    3    1     466
    2    1  111  291   53    1    4    1    1    1     580
    2    1  112  292  314    0   20    2    3    0    2268
    2    1  113  293  271    1   17    2    2    1     710
    2    1  114  294  263    0   17    2    2    1     571
    2    1  115  295   61    0    4    1    1    1     629
    2    1  116  296  122    0    8    1    1    1     594
    2    1  117  297  367    0   23    3    3    1     877
    2    1  118  298  291    0   19    2    1    0     536
    2    1  119  299  330    0   21    3    2    0     758
    2    1  120  300   51    0    4    1    1    1     864
    2    1  121  301   81    0    6    1    3    0     635
    2    1  122  302  289    1   19    2    2    1     708
    2    1  123  303  133    0    9    1    1    1     610
    2    1  124  304  112    0    7    1    1    1     724
    2    1  125  305  431    0   27    3    3    1     443
    2    1  126  306  351    0   22    3    1    0    1788
    2    1  127  307   97    0    7    1    1    1    1783
    2    1  128  308  157    0   10    1    1    1     761
    2    1  129  309  254    0   16    2    2    1     664
    2    1  130  310  113    0    8    1    2    0     619
    2    1  131  311  436    0   28    3    3    1    1041
    2    1  132  312  393    0   25    3    3    1    1775
    2    1  133  313  290    1   19    2    1    0     876
    2    1  134  314  297    0   19    2    1    0     664
    2    1  135  315  469    0   30    3    3    1     672
    2    1  136  316  406    1   26    3    2    0     591
    2    1  137  317  205    0   13    2    2    1     591
    2    1  138  318  225    0   15    2    1    0     574
    2    1  139  319  389    0   25    3    2    0     820
    2    1  140  320   37    1    3    1    1    1     578
    2    1  141  321   85    0    6    1    3    0    1088
    2    1  142  322  433    0   28    3    3    1     596
    2    1  143  323  200    0   13    2    2    1     539
    2    1  144  324  120    1    8    1    1    1     452
    2    1  145  325  450    0   29    3    2    0    1638
    2    1  146  326   99    0    7    1    1    1    1442
    2    1  147  327  212    1   14    2    2    1     495
    2    1  148  328  111    0    7    1    3    0     623
    2    1  149  329  154    0   10    1    1    1     820
    2    1  150  330  211    0   14    2    3    0     825
    2    1  151  331  138    0    9    1    1    1     613
    2    1  152  332   82    0    6    1    3    0    1233
    2    1  153  333  467    0   30    3    2    0     734
    2    1  154  334  183    0   12    2    3    0     696
    2    1  155  335  161    0   11    2    1    0     624
    2    1  156  336   74    0    5    1    1    1     722
    2    1  157  337  171    0   11    2    1    0     679
    2    1  158  338   40    0    3    1    1    1    1091
    2    1  159  339  131    0    9    1    1    1    1851
    2    1  160  340  177    0   12    2    3    0     608
    2    1  161  341  233    0   15    2    3    0     898
    2    1  162  342  142    0    9    1    1    1     778
    2    1  163  343  187    0   12    2    3    0     596
    2    1  164  344  140    0    9    1    1    1     543
    2    1  165  345  198    0   13    2    2    1     479
    2    1  166  346  229    0   15    2    3    0     599
    2    1  167  347   47    0    3    1    1    1     511
    2    1  168  348  311    0   20    2    3    0     621
    2    1  169  349  132    0    9    1    1    1     786
    2    1  170  350  371    0   24    3    1    0    1306
    2    1  171  351    6    1    1    1    3    0     474
    2    1  172  352  256    0   16    2    2    1     964
    2    1  173  353  251    0   16    2    2    1     914
    2    1  174  354   26    0    2    1    3    0     638
    2    1  175  355  432    0   27    3    3    1     665
    2    1  176  356  328    0   21    3    3    1    1957
    2    1  177  357  299    0   19    2    1    0    1044
    2    1  178  358  382    0   24    3    2    0    2943
    2    1  179  359  403    0   26    3    2    0    1357
    2    1  180  360  164    1   11    2    2    1    1510
    2    1  181  361  425    0   27    3    3    1     557
    2    1  182  362   46    0    3    1    1    1     567
    2    1  183  363  321    0   21    3    1    0    3101
    2    1  184  364  320    0   20    2    3    0     664
    2    1  185  365  210    0   14    2    1    0     774
    2    1  186  366  447    0   28    3    3    1     698
    2    1  187  367  203    0   13    2    2    1     715
    2    1  188  368  391    0   25    3    2    0     981
    2    1  189  369   71    1    5    1    1    1     450
    2    1  190  370    3    0    1    1    1    1     576
    2    1  191  371  442    0   28    3    3    1     508
    2    1  192  372  446    0   28    3    3    1    1002
    2    1  193  373   83    0    6    1    3    0     593
    2    1  194  374   89    0    6    1    3    0     432
    2    1  195  375  359    1   23    3    3    1     530
    2    1  196  376  146    0   10    1    1    1     648
    2    1  197  377  439    0   28    3    3    1     627
    2    1  198  378  376    0   24    3    1    0     972
    2    1  199  379  102    0    7    1    3    0    1821
    2    1  200  380  392    0   25    3    1    0    1140
    2    1  201  381  123    0    8    1    1    1     778
    2    1  202  382  399    0   25    3    2    0    1570
    2    1  203  383   58    1    4    1    1    1     523
    2    1  204  384  150    0   10    1    2    0     632
    2    1  205  385  124    0    8    1    1    1     581
    2    1  206  386   78    0    5    1    1    1     574
    2    1  207  387  152    0   10    1    2    0     608
    2    1  208  388  434    0   28    3    3    1    1031
    2    1  209  389  190    0   12    2    3    0    1966
    2    1  210  390  189    0   12    2    3    0     657
    2    1  211  391  234    0   15    2    3    0     678
    2    1  212  392  215    0   14    2    2    1    1014
    2    1  213  393  418    0   27    3    3    1     736
    2    1  214  394  232    0   15    2    3    0    1346
    2    1  215  395   92    0    6    1    3    0     635
    2    1  216  396  476    1   30    3    2    0     901
    2    1  217  397   39    0    3    1    1    1     657
    2    1  218  398  237    0   15    2    3    0    1226
    2    1  219  399  445    0   28    3    3    1     747
    2    1  220  400  347    0   22    3    1    0     805
    2    1  221  401  158    0   10    1    1    1     966
    2    1  222  402  304    0   19    2    3    0    1054
    2    1  223  403  454    0   29    3    2    0     518
    2    1  224  404  355    0   23    3    3    1    1297
    2    1  225  405  148    0   10    1    1    1     866
    2    1  226  406  264    0   17    2    2    1     579
    2    1  227  407  241    0   16    2    2    1     610
    2    1  228  408  110    0    7    1    2    0    2247
    2    1  229  409  163    0   11    2    2    1    3522
    2    1  230  410   25    0    2    1    2    0     667
    2    1  231  411  184    0   12    2    3    0     946
    2    1  232  412  244    0   16    2    2    1     568
    2    1  233  413  115    0    8    1    1    1     536
    2    1  234  414  368    0   23    3    3    1    2843
    2    1  235  415  402    0   26    3    2    0     581
    2    1  236  416  159    0   10    1    1    1     987
    2    1  237  417  181    0   12    2    3    0    1094
    2    1  238  418  479    1   30    3    2    0    2051
    2    1  239  419   38    1    3    1    1    1     569
    2    1  240  420  319    0   20    2    2    1    1060
    2    1  241  421   66    1    5    1    1    1     645
    2    1  242  422   80    1    5    1    1    1     910
    2    1  243  423    7    0    1    1    1    1     632
    2    1  244  424  214    0   14    2    2    1    4614
    2    1  245  425  465    1   30    3    2    0     983
    2    1  246  426  228    0   15    2    3    0     503
    2    1  247  427  167    0   11    2    1    0     683
    2    1  248  428  309    0   20    2    2    1    1245
    2    1  249  429   49    1    4    1    1    1     870
    2    1  250  430   79    0    5    1    1    1     544
    2    1  251  431  362    0   23    3    3    1    1230
    2    1  252  432  457    0   29    3    2    0     668
    2    1  253  433  266    1   17    2    2    1    1339
    2    1  254  434  416    0   26    3    2    0    2821
    2    1  255  435  188    0   12    2    3    0     661
    2    1  256  436  317    0   20    2    2    1     767
    2    1  257  437  239    0   15    2    2    1    3035
    2    1  258  438   55    0    4    1    1    1     507
    2    1  259  439  435    0   28    3    3    1     764
    2    1  260  440   28    0    2    1    1    1     998
    2    1  261  441  475    0   30    3    2    0     710
    2    1  262  442  329    0   21    3    3    1     539
    2    1  263  443  185    0   12    2    3    0     588
    2    1  264  444  427    0   27    3    3    1     869
    2    1  265  445  242    0   16    2    2    1     680
    2    1  266  446  360    1   23    3    3    1     605
    2    1  267  447  175    0   11    2    2    1     640
    2    1  268  448  474    0   30    3    2    0     880
    2    1  269  449  345    0   22    3    3    1     658
    2    1  270  450  353    1   23    3    3    1    1156
    2    1  271  451  379    0   24    3    1    0     905
    2    1  272  452  227    0   15    2    3    0    1178
    2    1  273  453  374    0   24    3    1    0    1157
    2    1  274  454   65    0    5    1    1    1     588
    2    1  275  455  281    0   18    2    1    0     765
    2    1  276  456  422    0   27    3    3    1     689
    2    1  277  457  426    0   27    3    3    1     705
    2    1  278  458  194    0   13    2    1    0    1060
    2    1  279  459  429    0   27    3    3    1    1136
    2    1  280  460  407    0   26    3    2    0     612
    2    1  281  461  145    0   10    1    1    1     641
    2    1  282  462   43    0    3    1    1    1     649
    2    1  283  463  413    0   26    3    3    1     580
    2    1  284  464  370    0   24    3    1    0     528
    2    1  285  465  312    0   20    2    3    0     638
    2    1  286  466  129    0    9    1    1    1     581
    2    1  287  467  147    0   10    1    2    0     704
    2    1  288  468  458    0   29    3    1    0     948
    2    1  289  469  385    0   25    3    3    1     525
    2    1  290  470  372    0   24    3    1    0     650
    2    1  291  471    4    1    1    1    1    1     873
    2    1  292  472   94    0    6    1    3    0     663
    2    1  293  473  103    0    7    1    1    1     526
    2    1  294  474  174    0   11    2    1    0     613
    2    1  295  475  409    1   26    3    2    0     915
    2    1  296  476  302    0   19    2    2    1     584
    2    1  297  477   73    0    5    1    1    1     518
    2    1  298  478  156    0   10    1    1    1     681
    2    1  299  479  127    0    8    1    1    1     592
    2    1  300  480   91    0    6    1    3    0     603
