    1    1    1    1  117    1    8    1    1    1    2574
    1    1    2    2    4    1    1    1    2    0    2454
    1    1    3    3   80    1    5    1    2    0    1431
    1    1    4    4  121    1    8    1    1    1    2665
    1    1    5    5  267    1   17    2    2    1    1134
    1    1    6    6   16    1    1    1    1    1    1661
    1    1    7    7   58    1    4    1    2    0    1966
    1    1    8    8  471    1   30    3    3    1    1357
    1    1    9    9  266    1   17    2    3    0    2233
    1    1   10   10  289    1   19    2    3    0    1546
    1    1   11   11  216    1   14    2    2    1    1491
    1    1   12   12  164    1   11    2    2    1    4781
    1    1   13   13   53    1    4    1    1    1    2104
    1    1   14   14  120    1    8    1    1    1    2107
    1    1   15   15  250    1   16    2    2    1    1460
    1    1   16   16  380    1   24    3    2    0    2396
    1    1   17   17  271    1   17    2    2    1    1084
    1    1   18   18   35    1    3    1    3    0    2408
    1    1   19   19  424    1   27    3    2    0    2129
    1    1   20   20  448    1   28    3    2    0    1618
    1    1   21   21  476    1   30    3    2    0    1244
    1    1   22   22  408    1   26    3    3    1    1498
    1    1   23   23   52    1    4    1    1    1    2218
    1    1   24   24  387    1   25    3    2    0    1478
    1    1   25   25   66    1    5    1    2    0    1551
    1    1   26   26   38    1    3    1    2    0    2366
    1    1   27   27  356    1   23    3    2    0    1073
    1    1   28   28  326    1   21    3    3    1    1668
    1    1   29   29   36    1    3    1    3    0    1696
    1    1   30   30  396    1   25    3    3    1    1794
    1    1   31   31  473    1   30    3    2    0    1598
    1    1   32   32  201    1   13    2    2    1    3400
    1    1   33   33  340    1   22    3    3    1    2902
    1    1   34   34   37    1    3    1    1    1    1053
    1    1   35   35  409    1   26    3    2    0    1153
    1    1   36   36  359    1   23    3    3    1     798
    1    1   37   37    6    1    1    1    1    1     944
    1    1   38   38  353    1   23    3    3    1     973
    1    1   39   39  245    1   16    2    2    1    1084
    1    1   40   40  360    1   23    3    3    1    1102
    1    1   41   41   49    1    4    1    1    1    2726
    1    1   42   42  411    1   26    3    2    0    1952
    1    1   43   43  290    1   19    2    1    0    1089
    1    1   44   44  280    1   18    2    3    0    1494
    1    1   45   45  252    1   16    2    2    1    1479
    1    1   46   46   33    1    3    1    1    1    1225
    1    1   47   47   71    1    5    1    1    1    1204
    1    1   48   48  182    1   12    2    3    0    1065
    1    1   49   49  269    1   17    2    2    1    3230
    1    1   50   50  219    1   14    2    3    0    7324
    1    1   51   51  276    1   18    2    2    1    1648
    1    1   52   52   15    1    1    1    1    1    3988
    1    1   53   53  465    1   30    3    3    1    3335
    1    1   54   54  479    1   30    3    2    0    1656
    1    1   55   55  240    1   15    2    3    0     803
    1    1   56   56  406    1   26    3    2    0    1579
    1    1   57   57  212    1   14    2    3    0   12275
    1    1   58   58  217    1   14    2    1    0    1126
    1    1   59   59   56    1    4    1    2    0    3915
    1    1   60   60  272    1   17    2    3    0    1402
    1    2    1   61  360    1   23    3    3    1    1427
    1    2    2   62  252    1   16    2    1    0    4058
    1    2    3   63   80    1    5    1    1    1    1172
    1    2    4   64  120    1    8    1    1    1    2797
    1    2    5   65  424    1   27    3    3    1    1307
    1    2    6   66  266    1   17    2    1    0    4320
    1    2    7   67  479    1   30    3    3    1    4958
    1    2    8   68   16    1    1    1    1    1    5973
    1    2    9   69  290    1   19    2    1    0    1271
    1    2   10   70  217    1   14    2    2    1    1918
    1    2   11   71  212    1   14    2    1    0    3179
    1    2   12   72  409    1   26    3    3    1    1846
    1    2   13   73   15    1    1    1    1    1     787
    1    2   14   74    6    1    1    1    1    1    1089
    1    2   15   75  164    1   11    2    2    1    2121
    1    2   16   76  245    1   16    2    3    0    3180
    1    2   17   77  448    1   28    3    2    0    1707
    1    2   18   78  269    1   17    2    2    1    1659
    1    2   19   79  121    1    8    1    1    1    2204
    1    2   20   80  353    1   23    3    3    1    1007
    1    2   21   81   35    1    3    1    1    1    1126
    1    2   22   82  201    1   13    2    3    0    2250
    1    2   23   83  250    1   16    2    3    0    4666
    1    2   24   84  465    1   30    3    3    1     831
    1    2   25   85  340    1   22    3    1    0     835
    1    2   26   86  471    1   30    3    3    1    1330
    1    2   27   87  356    1   23    3    3    1    1698
    1    2   28   88  408    1   26    3    1    0    8977
    1    2   29   89  380    1   24    3    1    0     842
    1    2   30   90   53    1    4    1    1    1     794
    1    2   31   91  396    1   25    3    3    1     972
    1    2   32   92  219    1   14    2    3    0    1933
    1    2   33   93  476    1   30    3    2    0    1935
    1    2   34   94  216    1   14    2    3    0    1402
    1    2   35   95   56    1    4    1    1    1     957
    1    2   36   96  280    1   18    2    3    0    5740
    1    2   37   97   66    1    5    1    2    0    1982
    1    2   38   98   33    1    3    1    1    1    4160
    1    2   39   99   49    1    4    1    1    1     866
    1    2   40  100   36    1    3    1    1    1    1086
    1    2   41  101   37    1    3    1    1    1    1582
    1    2   42  102  387    1   25    3    2    0    3740
    1    2   43  103  289    1   19    2    2    1    2022
    1    2   44  104  240    1   15    2    1    0    1976
    1    2   45  105  276    1   18    2    3    0    2277
    1    2   46  106  411    1   26    3    2    0    1330
    1    2   47  107  272    1   17    2    1    0     797
    1    2   48  108  473    1   30    3    3    1    1551
    1    2   49  109   71    1    5    1    1    1     870
    1    2   50  110  267    1   17    2    2    1    1856
    1    2   51  111  359    1   23    3    3    1     899
    1    2   52  112  326    1   21    3    2    0    6306
    1    2   53  113    4    1    1    1    3    0    9287
    1    2   54  114  406    1   26    3    3    1    4030
    1    2   55  115   38    1    3    1    1    1    1396
    1    2   56  116  117    1    8    1    1    1    7140
    1    2   57  117  182    1   12    2    2    1    6871
    1    2   58  118   52    1    4    1    1    1    3045
    1    2   59  119   58    1    4    1    1    1    1826
    1    2   60  120  271    1   17    2    3    0    2533
    1    3    1  121   80    1    5    1    1    1     906
    1    3    2  122   49    1    4    1    1    1     864
    1    3    3  123  448    1   28    3    1    0    1018
    1    3    4  124  120    1    8    1    1    1     944
    1    3    5  125   58    1    4    1    1    1     795
    1    3    6  126  290    1   19    2    1    0     745
    1    3    7  127  359    1   23    3    3    1    1736
    1    3    8  128  360    1   23    3    3    1    1716
    1    3    9  129  424    1   27    3    3    1    1489
    1    3   10  130  387    1   25    3    1    0    3245
    1    3   11  131  245    1   16    2    3    0    2268
    1    3   12  132  396    1   25    3    3    1     786
    1    3   13  133  212    1   14    2    2    1     951
    1    3   14  134  250    1   16    2    2    1    1588
    1    3   15  135   37    1    3    1    1    1    1180
    1    3   16  136  411    1   26    3    3    1    6938
    1    3   17  137  326    1   21    3    2    0    2828
    1    3   18  138   56    1    4    1    1    1     731
    1    3   19  139  473    1   30    3    3    1     982
    1    3   20  140  409    1   26    3    3    1    1115
    1    3   21  141  471    1   30    3    3    1    1018
    1    3   22  142  269    1   17    2    3    0    1427
    1    3   23  143  340    1   22    3    2    0    1675
    1    3   24  144    4    1    1    1    1    1    1028
    1    3   25  145   16    1    1    1    1    1     782
    1    3   26  146  356    1   23    3    3    1    1465
    1    3   27  147   35    1    3    1    1    1    1974
    1    3   28  148  240    1   15    2    2    1    1213
    1    3   29  149  380    1   24    3    1    0    1937
    1    3   30  150  219    1   14    2    2    1    5359
    1    3   31  151  408    1   26    3    1    0    4370
    1    3   32  152  266    1   17    2    3    0     845
    1    3   33  153  271    1   17    2    3    0     974
    1    3   34  154    6    1    1    1    2    0    1606
    1    3   35  155  272    1   17    2    3    0    3082
    1    3   36  156  216    1   14    2    3    0     897
    1    3   37  157  201    1   13    2    3    0     870
    1    3   38  158   33    1    3    1    3    0    1252
    1    3   39  159  406    1   26    3    2    0    1354
    1    3   40  160  276    1   18    2    3    0    1107
    1    3   41  161  289    1   19    2    3    0     816
    1    3   42  162  465    1   30    3    3    1    1140
    1    3   43  163   15    1    1    1    1    1     927
    1    3   44  164   53    1    4    1    1    1     915
    1    3   45  165   38    1    3    1    1    1    1704
    1    3   46  166  117    1    8    1    1    1    3868
    1    3   47  167  353    1   23    3    3    1    1087
    1    3   48  168  252    1   16    2    2    1    2656
    1    3   49  169  280    1   18    2    2    1    9126
    1    3   50  170  217    1   14    2    3    0    1123
    1    3   51  171  182    1   12    2    2    1    1303
    1    3   52  172   36    1    3    1    1    1    1186
    1    3   53  173  476    1   30    3    3    1    1398
    1    3   54  174  479    1   30    3    2    0    1777
    1    3   55  175   52    1    4    1    1    1     744
    1    3   56  176   66    1    5    1    1    1    4030
    1    3   57  177  121    1    8    1    1    1    1005
    1    3   58  178  267    1   17    2    3    0     970
    1    3   59  179  164    1   11    2    3    0    3238
    1    3   60  180   71    1    5    1    1    1    1095
    2    1    1  181   30    0    2    1    1    1    2522
    2    1    2  182  229    0   15    2    3    0    1980
    2    1    3  183  203    0   13    2    3    0    1489
    2    1    4  184  480    0   30    3    2    0    7157
    2    1    5  185  116    0    8    1    1    1    1097
    2    1    6  186    8    0    1    1    3    0    1022
    2    1    7  187  414    0   26    3    3    1    1051
    2    1    8  188   85    0    6    1    1    1     860
    2    1    9  189  467    0   30    3    3    1     777
    2    1   10  190  213    0   14    2    1    0     765
    2    1   11  191  129    0    9    1    1    1    1018
    2    1   12  192  276    1   18    2    3    0    1328
    2    1   13  193  366    0   23    3    3    1    1188
    2    1   14  194  182    1   12    2    2    1    1699
    2    1   15  195  301    0   19    2    1    0    2655
    2    1   16  196  448    1   28    3    1    0    1311
    2    1   17  197  272    1   17    2    1    0    1563
    2    1   18  198  287    0   18    2    3    0     804
    2    1   19  199  146    0   10    1    1    1    1495
    2    1   20  200  169    0   11    2    1    0    1079
    2    1   21  201  446    0   28    3    1    0    1156
    2    1   22  202  223    0   14    2    3    0    1323
    2    1   23  203  331    0   21    3    1    0     818
    2    1   24  204   29    0    2    1    1    1     848
    2    1   25  205  148    0   10    1    2    0    1293
    2    1   26  206   32    0    2    1    1    1    4168
    2    1   27  207  439    0   28    3    1    0    1235
    2    1   28  208  104    0    7    1    2    0    3541
    2    1   29  209  237    0   15    2    3    0    1011
    2    1   30  210  198    0   13    2    2    1    3720
    2    1   31  211   75    0    5    1    1    1    1630
    2    1   32  212   65    0    5    1    1    1    1130
    2    1   33  213   28    0    2    1    2    0    3198
    2    1   34  214  196    0   13    2    2    1    1553
    2    1   35  215  299    0   19    2    1    0    1182
    2    1   36  216  262    0   17    2    3    0    2088
    2    1   37  217  420    0   27    3    1    0    1334
    2    1   38  218  251    0   16    2    3    0    3381
    2    1   39  219  353    1   23    3    3    1    1355
    2    1   40  220    1    0    1    1    1    1    1714
    2    1   41  221  106    0    7    1    2    0    3299
    2    1   42  222  211    0   14    2    3    0    3376
    2    1   43  223  233    0   15    2    1    0    7647
    2    1   44  224   92    0    6    1    2    0    4696
    2    1   45  225  130    0    9    1    1    1    2003
    2    1   46  226  380    1   24    3    1    0     935
    2    1   47  227  184    0   12    2    2    1    2478
    2    1   48  228   46    0    3    1    1    1     817
    2    1   49  229  318    0   20    2    3    0     933
    2    1   50  230  409    1   26    3    3    1    1877
    2    1   51  231  152    0   10    1    3    0    1041
    2    1   52  232  325    0   21    3    2    0    1701
    2    1   53  233  383    0   24    3    1    0    1701
    2    1   54  234  361    0   23    3    3    1     882
    2    1   55  235  160    0   10    1    3    0    2107
    2    1   56  236    3    0    1    1    3    0    3654
    2    1   57  237  413    0   26    3    3    1     783
    2    1   58  238  212    1   14    2    2    1    2237
    2    1   59  239   78    0    5    1    1    1     705
    2    1   60  240  455    0   29    3    3    1     583
    2    1   61  241   45    0    3    1    1    1     721
    2    1   62  242  404    0   26    3    2    0    1357
    2    1   63  243  123    0    8    1    1    1    3097
    2    1   64  244  429    0   27    3    3    1     771
    2    1   65  245  189    0   12    2    1    0     946
    2    1   66  246    2    0    1    1    1    1    4692
    2    1   67  247  165    0   11    2    1    0    1159
    2    1   68  248  302    0   19    2    3    0     593
    2    1   69  249  440    0   28    3    3    1     690
    2    1   70  250  227    0   15    2    3    0     812
    2    1   71  251  171    0   11    2    1    0     836
    2    1   72  252  220    0   14    2    3    0     746
    2    1   73  253  304    0   19    2    1    0    1463
    2    1   74  254  298    0   19    2    3    0     804
    2    1   75  255  127    0    8    1    1    1    1918
    2    1   76  256  354    0   23    3    3    1    1270
    2    1   77  257  424    1   27    3    3    1     748
    2    1   78  258   68    0    5    1    1    1     652
    2    1   79  259  477    0   30    3    3    1    1231
    2    1   80  260  303    0   19    2    2    1    2358
    2    1   81  261   40    0    3    1    1    1     583
    2    1   82  262   12    0    1    1    1    1     753
    2    1   83  263  194    0   13    2    2    1    1311
    2    1   84  264  154    0   10    1    1    1    1972
    2    1   85  265  374    0   24    3    1    0     898
    2    1   86  266  401    0   26    3    3    1     957
    2    1   87  267  441    0   28    3    3    1    3047
    2    1   88  268  215    0   14    2    3    0    2477
    2    1   89  269  199    0   13    2    3    0    1750
    2    1   90  270  206    0   13    2    3    0     811
    2    1   91  271  112    0    7    1    1    1     617
    2    1   92  272  149    0   10    1    2    0    1215
    2    1   93  273  395    0   25    3    2    0    3364
    2    1   94  274  356    1   23    3    3    1     846
    2    1   95  275  273    0   18    2    3    0    1033
    2    1   96  276  457    0   29    3    3    1     897
    2    1   97  277  230    0   15    2    1    0    2059
    2    1   98  278  436    0   28    3    1    0     742
    2    1   99  279  279    0   18    2    3    0     664
    2    1  100  280   66    1    5    1    1    1     618
    2    1  101  281  398    0   25    3    3    1     684
    2    1  102  282  352    0   22    3    1    0    1010
    2    1  103  283  159    0   10    1    1    1     656
    2    1  104  284  348    0   22    3    1    0    1185
    2    1  105  285  391    0   25    3    3    1     895
    2    1  106  286  216    1   14    2    1    0     905
    2    1  107  287  197    0   13    2    2    1    1898
    2    1  108  288  242    0   16    2    2    1    1596
    2    1  109  289  400    0   25    3    3    1     737
    2    1  110  290  142    0    9    1    1    1     602
    2    1  111  291  306    0   20    2    3    0     621
    2    1  112  292   22    0    2    1    3    0    1901
    2    1  113  293  174    0   11    2    1    0    2816
    2    1  114  294  397    0   25    3    3    1     654
    2    1  115  295  432    0   27    3    3    1     667
    2    1  116  296  350    0   22    3    1    0     962
    2    1  117  297  257    0   17    2    1    0     785
    2    1  118  298  462    0   29    3    3    1     618
    2    1  119  299  293    0   19    2    1    0     761
    2    1  120  300  108    0    7    1    1    1     909
    2    1  121  301  443    0   28    3    3    1    2341
    2    1  122  302  417    0   27    3    1    0    1896
    2    1  123  303  271    1   17    2    3    0    3039
    2    1  124  304  340    1   22    3    1    0     767
    2    1  125  305   10    0    1    1    2    0     889
    2    1  126  306  308    0   20    2    3    0     948
    2    1  127  307  364    0   23    3    1    0     675
    2    1  128  308  386    0   25    3    1    0    2871
    2    1  129  309  365    0   23    3    3    1     785
    2    1  130  310  209    0   14    2    1    0     855
    2    1  131  311  177    0   12    2    3    0    2700
    2    1  132  312  337    0   22    3    1    0     801
    2    1  133  313  195    0   13    2    3    0     781
    2    1  134  314  255    0   16    2    3    0    1807
    2    1  135  315  313    0   20    2    3    0    1750
    2    1  136  316  392    0   25    3    1    0    2297
    2    1  137  317  335    0   21    3    2    0    1078
    2    1  138  318  431    0   27    3    3    1    1530
    2    1  139  319  450    0   29    3    3    1    2010
    2    1  140  320  122    0    8    1    1    1     664
    2    1  141  321  141    0    9    1    1    1    2037
    2    1  142  322  110    0    7    1    1    1     804
    2    1  143  323  375    0   24    3    1    0     802
    2    1  144  324   11    0    1    1    3    0    1373
    2    1  145  325  381    0   24    3    2    0    2401
    2    1  146  326  300    0   19    2    1    0     928
    2    1  147  327  295    0   19    2    1    0    2649
    2    1  148  328  410    0   26    3    3    1     848
    2    1  149  329    7    0    1    1    3    0    1755
    2    1  150  330  472    0   30    3    3    1    1059
    2    1  151  331  113    0    8    1    3    0    1615
    2    1  152  332  447    0   28    3    1    0     847
    2    1  153  333  278    0   18    2    3    0    1463
    2    1  154  334  254    0   16    2    3    0     830
    2    1  155  335   47    0    3    1    1    1    1309
    2    1  156  336  118    0    8    1    1    1     959
    2    1  157  337   35    1    3    1    1    1    5080
    2    1  158  338  137    0    9    1    1    1     661
    2    1  159  339   52    1    4    1    1    1    1131
    2    1  160  340   82    0    6    1    3    0     889
    2    1  161  341  478    0   30    3    3    1     970
    2    1  162  342   89    0    6    1    3    0     882
    2    1  163  343  100    0    7    1    1    1     660
    2    1  164  344  250    1   16    2    2    1     579
    2    1  165  345  465    1   30    3    3    1     656
    2    1  166  346  144    0    9    1    1    1     739
    2    1  167  347  176    0   11    2    1    0    2058
    2    1  168  348  188    0   12    2    3    0     745
    2    1  169  349  438    0   28    3    1    0     714
    2    1  170  350  466    0   30    3    2    0    2413
    2    1  171  351  102    0    7    1    3    0    1638
    2    1  172  352  314    0   20    2    3    0     813
    2    1  173  353  253    0   16    2    1    0    1186
    2    1  174  354   51    0    4    1    2    0    1337
    2    1  175  355  175    0   11    2    3    0    1063
    2    1  176  356  349    0   22    3    2    0    3080
    2    1  177  357   53    1    4    1    1    1    1086
    2    1  178  358  210    0   14    2    3    0    1153
    2    1  179  359  263    0   17    2    3    0     761
    2    1  180  360   37    1    3    1    3    0    4038
    2    1  181  361  305    0   20    2    3    0     707
    2    1  182  362  248    0   16    2    1    0    2310
    2    1  183  363  379    0   24    3    2    0    3350
    2    1  184  364   74    0    5    1    1    1    3312
    2    1  185  365    6    1    1    1    3    0    1987
    2    1  186  366  222    0   14    2    3    0    6133
    2    1  187  367  453    0   29    3    2    0     954
    2    1  188  368  336    0   21    3    2    0    1359
    2    1  189  369  307    0   20    2    3    0     703
    2    1  190  370  460    0   29    3    3    1    1671
    2    1  191  371  225    0   15    2    1    0     675
    2    1  192  372  389    0   25    3    3    1     855
    2    1  193  373   73    0    5    1    1    1    1542
    2    1  194  374  236    0   15    2    3    0     948
    2    1  195  375  131    0    9    1    1    1     797
    2    1  196  376   84    0    6    1    3    0     989
    2    1  197  377  320    0   20    2    3    0     825
    2    1  198  378   95    0    6    1    3    0     767
    2    1  199  379   98    0    7    1    1    1    1382
    2    1  200  380  286    0   18    2    2    1    1157
    2    1  201  381  369    0   24    3    1    0     755
    2    1  202  382   57    0    4    1    1    1    1376
    2    1  203  383  240    1   15    2    3    0    5388
    2    1  204  384  283    0   18    2    3    0    1080
    2    1  205  385  245    1   16    2    3    0    1673
    2    1  206  386   38    1    3    1    3    0    1341
    2    1  207  387  463    0   29    3    3    1    3300
    2    1  208  388  476    1   30    3    3    1    1180
    2    1  209  389  470    0   30    3    3    1    1198
    2    1  210  390  388    0   25    3    3    1     891
    2    1  211  391  224    0   14    2    2    1    2565
    2    1  212  392  238    0   15    2    2    1    1511
    2    1  213  393  228    0   15    2    3    0     827
    2    1  214  394  290    1   19    2    1    0     972
    2    1  215  395  157    0   10    1    1    1    1580
    2    1  216  396  187    0   12    2    3    0    2918
    2    1  217  397  289    1   19    2    2    1    1230
    2    1  218  398  445    0   28    3    1    0     810
    2    1  219  399  191    0   12    2    1    0    1144
    2    1  220  400  402    0   26    3    1    0    1073
    2    1  221  401  430    0   27    3    1    0    1133
    2    1  222  402  258    0   17    2    3    0    1118
    2    1  223  403  185    0   12    2    2    1    1884
    2    1  224  404  310    0   20    2    2    1    2799
    2    1  225  405  407    0   26    3    3    1     873
    2    1  226  406  319    0   20    2    3    0    1165
    2    1  227  407  247    0   16    2    3    0    2495
    2    1  228  408  444    0   28    3    1    0    1805
    2    1  229  409  464    0   29    3    3    1    1296
    2    1  230  410   91    0    6    1    3    0     744
    2    1  231  411  204    0   13    2    2    1    2402
    2    1  232  412   58    1    4    1    1    1    2732
    2    1  233  413  367    0   23    3    1    0     923
    2    1  234  414  394    0   25    3    2    0    2660
    2    1  235  415  115    0    8    1    1    1     849
    2    1  236  416  323    0   21    3    2    0    3719
    2    1  237  417  347    0   22    3    1    0    1456
    2    1  238  418  449    0   29    3    3    1     963
    2    1  239  419    5    0    1    1    3    0    1871
    2    1  240  420  268    0   17    2    3    0    6350
    2    1  241  421   16    1    1    1    3    0     924
    2    1  242  422  155    0   10    1    3    0    1098
    2    1  243  423   24    0    2    1    2    0    1517
    2    1  244  424  341    0   22    3    1    0     814
    2    1  245  425   64    0    4    1    3    0    3391
    2    1  246  426   77    0    5    1    1    1     758
    2    1  247  427  315    0   20    2    3    0     779
    2    1  248  428  385    0   25    3    3    1    1537
    2    1  249  429  474    0   30    3    3    1    4268
    2    1  250  430  117    1    8    1    2    0    3593
    2    1  251  431   90    0    6    1    3    0     780
    2    1  252  432  205    0   13    2    2    1    2063
    2    1  253  433  371    0   24    3    2    0    4087
    2    1  254  434  120    1    8    1    1    1    3168
    2    1  255  435  316    0   20    2    3    0    2508
    2    1  256  436   60    0    4    1    2    0    1102
    2    1  257  437   62    0    4    1    3    0    7171
    2    1  258  438  126    0    8    1    3    0    2333
    2    1  259  439  468    0   30    3    3    1     959
    2    1  260  440  260    0   17    2    3    0    4558
    2    1  261  441  351    0   22    3    1    0    2367
    2    1  262  442  101    0    7    1    1    1    1574
    2    1  263  443   33    1    3    1    1    1    1492
    2    1  264  444  138    0    9    1    3    0    1990
    2    1  265  445  284    0   18    2    3    0    2292
    2    1  266  446  158    0   10    1    2    0    5863
    2    1  267  447  249    0   16    2    2    1    3815
    2    1  268  448    9    0    1    1    3    0    1603
    2    1  269  449  435    0   28    3    1    0     612
    2    1  270  450  207    0   13    2    3    0    1398
    2    1  271  451   97    0    7    1    1    1     632
    2    1  272  452  145    0   10    1    1    1     615
    2    1  273  453  281    0   18    2    3    0     985
    2    1  274  454  346    0   22    3    2    0    2470
    2    1  275  455   26    0    2    1    3    0    1901
    2    1  276  456  164    1   11    2    3    0    1930
    2    1  277  457   41    0    3    1    2    0    1645
    2    1  278  458  114    0    8    1    1    1    6095
    2    1  279  459  259    0   17    2    3    0    4516
    2    1  280  460   83    0    6    1    1    1    1264
    2    1  281  461  425    0   27    3    3    1    1210
    2    1  282  462  133    0    9    1    1    1     691
    2    1  283  463   61    0    4    1    2    0    1507
    2    1  284  464   59    0    4    1    3    0    3454
    2    1  285  465  454    0   29    3    3    1    1910
    2    1  286  466  143    0    9    1    1    1     641
    2    1  287  467   42    0    3    1    2    0    1216
    2    1  288  468  151    0   10    1    3    0    1186
    2    1  289  469   17    0    2    1    3    0    2155
    2    1  290  470  119    0    8    1    2    0    1546
    2    1  291  471   71    1    5    1    1    1     857
    2    1  292  472  280    1   18    2    3    0     713
    2    1  293  473  153    0   10    1    3    0    2496
    2    1  294  474  312    0   20    2    3    0     757
    2    1  295  475   18    0    2    1    3    0    1555
    2    1  296  476  370    0   24    3    2    0    1755
    2    1  297  477  393    0   25    3    3    1    1198
    2    1  298  478  264    0   17    2    2    1    1763
    2    1  299  479  363    0   23    3    2    0    2020
    2    1  300  480  434    0   28    3    1    0    1790
