    1    1    1    1   80    1    5    1    2    0   95091
    1    1    2    2  272    1   17    2    3    0    4482
    1    1    3    3  271    1   17    2    3    0    2260
    1    1    4    4  289    1   19    2    3    0    2174
    1    1    5    5   49    1    4    1    3    0    1548
    1    1    6    6   33    1    3    1    2    0    4835
    1    1    7    7  406    1   26    3    1    0    4741
    1    1    8    8   37    1    3    1    2    0    5564
    1    1    9    9  269    1   17    2    3    0    2978
    1    1   10   10   71    1    5    1    1    1    6783
    1    1   11   11  359    1   23    3    3    1    3716
    1    1   12   12  266    1   17    2    2    1    1764
    1    1   13   13  380    1   24    3    2    0    5570
    1    1   14   14  471    1   30    3    3    1    2104
    1    1   15   15  245    1   16    2    3    0    4904
    1    1   16   16    6    1    1    1    1    1    1865
    1    1   17   17   38    1    3    1    1    1    2962
    1    1   18   18  356    1   23    3    3    1   10529
    1    1   19   19  201    1   13    2    2    1    2863
    1    1   20   20  424    1   27    3    2    0    4897
    1    1   21   21   66    1    5    1    1    1    1586
    1    1   22   22    4    1    1    1    3    0    4551
    1    1   23   23  326    1   21    3    2    0    4678
    1    1   24   24  182    1   12    2    2    1    6319
    1    1   25   25  448    1   28    3    3    1    3447
    1    1   26   26  120    1    8    1    1    1    2928
    1    1   27   27  409    1   26    3    3    1    2272
    1    1   28   28  387    1   25    3    3    1    2330
    1    1   29   29   35    1    3    1    1    1    1553
    1    1   30   30  473    1   30    3    3    1    4408
    1    1   31   31  216    1   14    2    2    1    2028
    1    1   32   32  164    1   11    2    2    1    5119
    1    1   33   33  340    1   22    3    3    1    4216
    1    1   34   34  252    1   16    2    2    1    8628
    1    1   35   35   56    1    4    1    1    1    3342
    1    1   36   36  121    1    8    1    1    1    2013
    1    1   37   37  217    1   14    2    2    1    4481
    1    1   38   38   16    1    1    1    1    1    1475
    1    1   39   39  290    1   19    2    1    0    2285
    1    1   40   40   52    1    4    1    1    1    1559
    1    1   41   41  408    1   26    3    3    1    2317
    1    1   42   42  479    1   30    3    3    1    1413
    1    1   43   43  267    1   17    2    2    1   24689
    1    1   44   44   58    1    4    1    2    0    3403
    1    1   45   45  360    1   23    3    3    1    3175
    1    1   46   46  411    1   26    3    3    1    1053
    1    1   47   47   15    1    1    1    1    1    1416
    1    1   48   48  396    1   25    3    3    1    2579
    1    1   49   49  465    1   30    3    3    1    6559
    1    1   50   50  353    1   23    3    2    0    3758
    1    1   51   51  250    1   16    2    1    0    2413
    1    1   52   52  117    1    8    1    1    1    2496
    1    1   53   53  219    1   14    2    2    1    8033
    1    1   54   54   53    1    4    1    1    1    4932
    1    1   55   55  212    1   14    2    2    1    5475
    1    1   56   56  276    1   18    2    3    0    1549
    1    1   57   57  476    1   30    3    3    1    2067
    1    1   58   58  240    1   15    2    2    1    3524
    1    1   59   59  280    1   18    2    3    0    2572
    1    1   60   60   36    1    3    1    1    1    1242
    1    2    1   61  479    1   30    3    3    1    2173
    1    2    2   62   66    1    5    1    1    1    1916
    1    2    3   63  360    1   23    3    3    1    8532
    1    2    4   64  424    1   27    3    3    1    1650
    1    2    5   65  340    1   22    3    3    1    1493
    1    2    6   66   35    1    3    1    1    1    1567
    1    2    7   67  409    1   26    3    3    1    1285
    1    2    8   68   16    1    1    1    1    1    1222
    1    2    9   69   56    1    4    1    2    0    3594
    1    2   10   70   36    1    3    1    1    1     927
    1    2   11   71  387    1   25    3    3    1    1791
    1    2   12   72  267    1   17    2    2    1    3132
    1    2   13   73  476    1   30    3    3    1    1060
    1    2   14   74   38    1    3    1    1    1     782
    1    2   15   75   53    1    4    1    1    1    1075
    1    2   16   76  411    1   26    3    2    0    3902
    1    2   17   77  289    1   19    2    3    0    4422
    1    2   18   78   52    1    4    1    1    1    1226
    1    2   19   79  240    1   15    2    2    1    2814
    1    2   20   80  326    1   21    3    1    0    8642
    1    2   21   81  121    1    8    1    1    1    1261
    1    2   22   82   37    1    3    1    1    1     944
    1    2   23   83  448    1   28    3    3    1    1279
    1    2   24   84   49    1    4    1    1    1    1330
    1    2   25   85  406    1   26    3    3    1    1664
    1    2   26   86  182    1   12    2    3    0    4066
    1    2   27   87   80    1    5    1    1    1     739
    1    2   28   88  217    1   14    2    2    1    3531
    1    2   29   89   58    1    4    1    1    1    4019
    1    2   30   90   15    1    1    1    1    1     791
    1    2   31   91  252    1   16    2    2    1    1820
    1    2   32   92  245    1   16    2    2    1    1352
    1    2   33   93  356    1   23    3    3    1    2087
    1    2   34   94  272    1   17    2    3    0    2056
    1    2   35   95  266    1   17    2    3    0    2603
    1    2   36   96  250    1   16    2    2    1     599
    1    2   37   97  120    1    8    1    1    1     948
    1    2   38   98   33    1    3    1    1    1     931
    1    2   39   99  216    1   14    2    2    1    1122
    1    2   40  100  276    1   18    2    3    0    3179
    1    2   41  101    6    1    1    1    1    1    1216
    1    2   42  102  471    1   30    3    3    1    1875
    1    2   43  103  380    1   24    3    2    0    6494
    1    2   44  104  465    1   30    3    3    1    3280
    1    2   45  105  290    1   19    2    1    0     770
    1    2   46  106  269    1   17    2    2    1    5095
    1    2   47  107  473    1   30    3    2    0    1728
    1    2   48  108  117    1    8    1    1    1    1120
    1    2   49  109    4    1    1    1    2    0    2231
    1    2   50  110  164    1   11    2    1    0    1507
    1    2   51  111   71    1    5    1    1    1    1020
    1    2   52  112  408    1   26    3    3    1    1384
    1    2   53  113  359    1   23    3    3    1     933
    1    2   54  114  212    1   14    2    3    0    7236
    1    2   55  115  201    1   13    2    2    1     935
    1    2   56  116  396    1   25    3    3    1    1607
    1    2   57  117  353    1   23    3    3    1    1692
    1    2   58  118  271    1   17    2    2    1    3309
    1    2   59  119  280    1   18    2    3    0    1102
    1    2   60  120  219    1   14    2    2    1    1638
    1    3    1  121  424    1   27    3    3    1    1290
    1    3    2  122  252    1   16    2    2    1    2155
    1    3    3  123  182    1   12    2    2    1    2506
    1    3    4  124  326    1   21    3    3    1    2011
    1    3    5  125  380    1   24    3    3    1    2398
    1    3    6  126  219    1   14    2    1    0    3924
    1    3    7  127  269    1   17    2    2    1     955
    1    3    8  128  353    1   23    3    3    1    1370
    1    3    9  129  406    1   26    3    3    1    4855
    1    3   10  130  201    1   13    2    2    1    3739
    1    3   11  131   56    1    4    1    1    1    2010
    1    3   12  132  359    1   23    3    3    1     829
    1    3   13  133  250    1   16    2    2    1    1137
    1    3   14  134  409    1   26    3    3    1    1129
    1    3   15  135   58    1    4    1    1    1    1937
    1    3   16  136  272    1   17    2    2    1    1912
    1    3   17  137  340    1   22    3    3    1    1680
    1    3   18  138  396    1   25    3    3    1     865
    1    3   19  139  465    1   30    3    3    1    1091
    1    3   20  140  121    1    8    1    1    1    1037
    1    3   21  141   15    1    1    1    1    1     952
    1    3   22  142   71    1    5    1    1    1     759
    1    3   23  143  216    1   14    2    2    1    1469
    1    3   24  144  448    1   28    3    3    1     887
    1    3   25  145  212    1   14    2    2    1    1849
    1    3   26  146  280    1   18    2    2    1    1299
    1    3   27  147  245    1   16    2    2    1     917
    1    3   28  148   33    1    3    1    1    1     756
    1    3   29  149    4    1    1    1    1    1    1051
    1    3   30  150  411    1   26    3    2    0    2182
    1    3   31  151   53    1    4    1    1    1    1315
    1    3   32  152   36    1    3    1    1    1     692
    1    3   33  153  471    1   30    3    3    1     749
    1    3   34  154  267    1   17    2    2    1    1460
    1    3   35  155   80    1    5    1    1    1    1327
    1    3   36  156   37    1    3    1    1    1     640
    1    3   37  157  356    1   23    3    3    1     698
    1    3   38  158   49    1    4    1    1    1     644
    1    3   39  159  117    1    8    1    1    1     815
    1    3   40  160  408    1   26    3    3    1    4851
    1    3   41  161  479    1   30    3    3    1     982
    1    3   42  162   16    1    1    1    1    1    1315
    1    3   43  163  473    1   30    3    3    1    3973
    1    3   44  164  289    1   19    2    2    1    3115
    1    3   45  165  164    1   11    2    2    1    2755
    1    3   46  166   52    1    4    1    1    1     907
    1    3   47  167  120    1    8    1    1    1    1626
    1    3   48  168   66    1    5    1    1    1     542
    1    3   49  169  266    1   17    2    2    1    1630
    1    3   50  170  217    1   14    2    2    1    1137
    1    3   51  171  271    1   17    2    2    1     824
    1    3   52  172  387    1   25    3    3    1    1884
    1    3   53  173  290    1   19    2    2    1    1318
    1    3   54  174   38    1    3    1    1    1     646
    1    3   55  175    6    1    1    1    1    1     785
    1    3   56  176   35    1    3    1    1    1     630
    1    3   57  177  276    1   18    2    3    0    2657
    1    3   58  178  476    1   30    3    3    1     828
    1    3   59  179  240    1   15    2    2    1    2351
    1    3   60  180  360    1   23    3    3    1    1846
    2    1    1  181  308    0   20    2    3    0    7446
    2    1    2  182  206    0   13    2    2    1    2528
    2    1    3  183  153    0   10    1    1    1    1019
    2    1    4  184  453    0   29    3    3    1    1092
    2    1    5  185  331    0   21    3    3    1    3111
    2    1    6  186  324    0   21    3    2    0    2043
    2    1    7  187   55    0    4    1    1    1     970
    2    1    8  188  250    1   16    2    2    1    1156
    2    1    9  189   35    1    3    1    1    1     663
    2    1   10  190  425    0   27    3    3    1     988
    2    1   11  191  225    0   15    2    3    0    1141
    2    1   12  192   61    0    4    1    1    1    2984
    2    1   13  193   83    0    6    1    3    0     929
    2    1   14  194  365    0   23    3    3    1    1261
    2    1   15  195  138    0    9    1    1    1    1467
    2    1   16  196  155    0   10    1    2    0    2016
    2    1   17  197  306    0   20    2    2    1    1744
    2    1   18  198   29    0    2    1    2    0    1853
    2    1   19  199  256    0   16    2    2    1    1010
    2    1   20  200   11    0    1    1    1    1    1067
    2    1   21  201  103    0    7    1    1    1     833
    2    1   22  202  173    0   11    2    1    0    2416
    2    1   23  203  332    0   21    3    3    1    1727
    2    1   24  204  396    1   25    3    3    1     778
    2    1   25  205   39    0    3    1    1    1     764
    2    1   26  206   74    0    5    1    1    1     877
    2    1   27  207   86    0    6    1    2    0    1020
    2    1   28  208   71    1    5    1    1    1     771
    2    1   29  209  408    1   26    3    3    1    3940
    2    1   30  210  243    0   16    2    2    1    1240
    2    1   31  211  438    0   28    3    1    0     791
    2    1   32  212   98    0    7    1    2    0    1208
    2    1   33  213  106    0    7    1    2    0    5751
    2    1   34  214  304    0   19    2    3    0    5745
    2    1   35  215   58    1    4    1    1    1    1228
    2    1   36  216  354    0   23    3    3    1    1180
    2    1   37  217  181    0   12    2    3    0     733
    2    1   38  218  265    0   17    2    3    0    4576
    2    1   39  219  258    0   17    2    3    0     858
    2    1   40  220   18    0    2    1    3    0     936
    2    1   41  221   94    0    6    1    3    0     931
    2    1   42  222  362    0   23    3    3    1    1791
    2    1   43  223  469    0   30    3    3    1    1543
    2    1   44  224  381    0   24    3    1    0    1068
    2    1   45  225  303    0   19    2    2    1    1761
    2    1   46  226  480    0   30    3    3    1    1930
    2    1   47  227  464    0   29    3    1    0    3052
    2    1   48  228  341    0   22    3    1    0    1122
    2    1   49  229  339    0   22    3    1    0     838
    2    1   50  230  219    1   14    2    2    1    7829
    2    1   51  231  293    0   19    2    3    0    1376
    2    1   52  232  190    0   12    2    3    0    1418
    2    1   53  233  283    0   18    2    1    0    1714
    2    1   54  234  400    0   25    3    1    0     860
    2    1   55  235  421    0   27    3    3    1    1531
    2    1   56  236  452    0   29    3    3    1    1773
    2    1   57  237  309    0   20    2    3    0     806
    2    1   58  238  291    0   19    2    1    0    1400
    2    1   59  239    5    0    1    1    1    1     784
    2    1   60  240  358    0   23    3    1    0    2625
    2    1   61  241  162    0   11    2    2    1    1913
    2    1   62  242  429    0   27    3    3    1     940
    2    1   63  243  215    0   14    2    3    0    2439
    2    1   64  244   62    0    4    1    1    1    1463
    2    1   65  245  239    0   15    2    2    1     620
    2    1   66  246   91    0    6    1    3    0     835
    2    1   67  247  129    0    9    1    1    1     914
    2    1   68  248   73    0    5    1    1    1    2158
    2    1   69  249   46    0    3    1    1    1     824
    2    1   70  250  187    0   12    2    2    1    1896
    2    1   71  251   80    1    5    1    1    1     732
    2    1   72  252  113    0    8    1    1    1    1518
    2    1   73  253   63    0    4    1    2    0    3554
    2    1   74  254  413    0   26    3    3    1     965
    2    1   75  255  444    0   28    3    3    1    1087
    2    1   76  256  207    0   13    2    2    1    2612
    2    1   77  257   65    0    5    1    1    1     763
    2    1   78  258   95    0    6    1    3    0     653
    2    1   79  259  130    0    9    1    1    1    1989
    2    1   80  260  445    0   28    3    3    1     693
    2    1   81  261    9    0    1    1    2    0    2826
    2    1   82  262  340    1   22    3    3    1     666
    2    1   83  263   66    1    5    1    1    1     912
    2    1   84  264  184    0   12    2    3    0     795
    2    1   85  265   70    0    5    1    1    1     699
    2    1   86  266  136    0    9    1    1    1    1248
    2    1   87  267  473    1   30    3    3    1    1213
    2    1   88  268  107    0    7    1    2    0    2446
    2    1   89  269  246    0   16    2    2    1     683
    2    1   90  270  289    1   19    2    2    1     673
    2    1   91  271   92    0    6    1    3    0    1143
    2    1   92  272   26    0    2    1    3    0    1994
    2    1   93  273  435    0   28    3    1    0     554
    2    1   94  274  217    1   14    2    2    1     806
    2    1   95  275  158    0   10    1    3    0     998
    2    1   96  276  344    0   22    3    2    0    2431
    2    1   97  277  411    1   26    3    2    0    2254
    2    1   98  278  142    0    9    1    1    1    1444
    2    1   99  279  112    0    7    1    2    0    1291
    2    1  100  280  402    0   26    3    1    0    2856
    2    1  101  281  442    0   28    3    3    1    2198
    2    1  102  282  186    0   12    2    2    1    2846
    2    1  103  283  134    0    9    1    1    1    1916
    2    1  104  284  382    0   24    3    1    0     847
    2    1  105  285  436    0   28    3    3    1     813
    2    1  106  286  359    1   23    3    3    1    1069
    2    1  107  287  422    0   27    3    3    1     755
    2    1  108  288  427    0   27    3    3    1     758
    2    1  109  289  335    0   21    3    3    1     728
    2    1  110  290   30    0    2    1    2    0    2620
    2    1  111  291  267    1   17    2    2    1     867
    2    1  112  292  407    0   26    3    2    0    2114
    2    1  113  293  125    0    8    1    1    1     765
    2    1  114  294  416    0   26    3    2    0    1984
    2    1  115  295  175    0   11    2    2    1     880
    2    1  116  296  140    0    9    1    2    0    1502
    2    1  117  297  123    0    8    1    1    1    1426
    2    1  118  298   88    0    6    1    3    0    1178
    2    1  119  299   43    0    3    1    1    1     650
    2    1  120  300  310    0   20    2    2    1    2016
    2    1  121  301  147    0   10    1    2    0     768
    2    1  122  302  337    0   22    3    2    0    2451
    2    1  123  303  450    0   29    3    2    0     737
    2    1  124  304  163    0   11    2    2    1    3428
    2    1  125  305  178    0   12    2    3    0     715
    2    1  126  306  355    0   23    3    3    1     607
    2    1  127  307  415    0   26    3    3    1    3016
    2    1  128  308  391    0   25    3    3    1     752
    2    1  129  309  192    0   12    2    3    0    1826
    2    1  130  310  420    0   27    3    3    1    2842
    2    1  131  311  456    0   29    3    3    1    1177
    2    1  132  312  301    0   19    2    2    1    1883
    2    1  133  313  356    1   23    3    3    1    1200
    2    1  134  314  168    0   11    2    3    0    2880
    2    1  135  315  195    0   13    2    2    1     845
    2    1  136  316   81    0    6    1    3    0     875
    2    1  137  317  346    0   22    3    1    0    2154
    2    1  138  318  210    0   14    2    3    0    2371
    2    1  139  319  430    0   27    3    3    1    6692
    2    1  140  320  211    0   14    2    3    0    2345
    2    1  141  321  468    0   30    3    3    1    1868
    2    1  142  322  394    0   25    3    2    0    1938
    2    1  143  323  470    0   30    3    2    0     805
    2    1  144  324  327    0   21    3    3    1    2180
    2    1  145  325  262    0   17    2    2    1    1005
    2    1  146  326  139    0    9    1    1    1    2790
    2    1  147  327  423    0   27    3    3    1     854
    2    1  148  328   84    0    6    1    3    0    1717
    2    1  149  329  133    0    9    1    1    1     721
    2    1  150  330  397    0   25    3    2    0    2038
    2    1  151  331  126    0    8    1    1    1     772
    2    1  152  332  272    1   17    2    2    1    1206
    2    1  153  333  379    0   24    3    1    0    1334
    2    1  154  334  369    0   24    3    1    0     754
    2    1  155  335  446    0   28    3    3    1    1125
    2    1  156  336  326    1   21    3    3    1    1240
    2    1  157  337   40    0    3    1    1    1     614
    2    1  158  338  383    0   24    3    1    0     751
    2    1  159  339  288    0   18    2    2    1    2081
    2    1  160  340  149    0   10    1    2    0    1038
    2    1  161  341  114    0    8    1    1    1     678
    2    1  162  342  208    0   13    2    2    1    1387
    2    1  163  343  253    0   16    2    2    1    1061
    2    1  164  344  279    0   18    2    3    0    1099
    2    1  165  345  237    0   15    2    2    1     814
    2    1  166  346  374    0   24    3    2    0    1471
    2    1  167  347  275    0   18    2    1    0     676
    2    1  168  348  385    0   25    3    3    1     649
    2    1  169  349    7    0    1    1    1    1     592
    2    1  170  350  361    0   23    3    3    1    1000
    2    1  171  351   24    0    2    1    3    0    1184
    2    1  172  352  264    0   17    2    2    1     770
    2    1  173  353  152    0   10    1    3    0     691
    2    1  174  354  434    0   28    3    3    1    1721
    2    1  175  355  282    0   18    2    2    1    1813
    2    1  176  356  145    0   10    1    1    1    1228
    2    1  177  357  271    1   17    2    2    1    2219
    2    1  178  358  311    0   20    2    3    0     819
    2    1  179  359  475    0   30    3    2    0     995
    2    1  180  360  224    0   14    2    2    1    1451
    2    1  181  361  321    0   21    3    2    0     977
    2    1  182  362  180    0   12    2    3    0     747
    2    1  183  363  388    0   25    3    2    0    3357
    2    1  184  364   16    1    1    1    1    1     823
    2    1  185  365  222    0   14    2    3    0    1320
    2    1  186  366  236    0   15    2    2    1     804
    2    1  187  367  363    0   23    3    3    1    1157
    2    1  188  368  297    0   19    2    1    0    1718
    2    1  189  369  449    0   29    3    2    0     802
    2    1  190  370  121    1    8    1    1    1    1475
    2    1  191  371  198    0   13    2    2    1    1209
    2    1  192  372  128    0    8    1    1    1    1258
    2    1  193  373  295    0   19    2    1    0     889
    2    1  194  374  252    1   16    2    2    1     805
    2    1  195  375  226    0   15    2    3    0    1061
    2    1  196  376  418    0   27    3    3    1     796
    2    1  197  377   38    1    3    1    1    1     828
    2    1  198  378  330    0   21    3    3    1    2508
    2    1  199  379  191    0   12    2    3    0     584
    2    1  200  380  120    1    8    1    1    1     721
    2    1  201  381   27    0    2    1    1    1     997
    2    1  202  382  119    0    8    1    1    1     637
    2    1  203  383  171    0   11    2    1    0    1621
    2    1  204  384  212    1   14    2    3    0    2884
    2    1  205  385  364    0   23    3    3    1     833
    2    1  206  386   22    0    2    1    3    0     704
    2    1  207  387  328    0   21    3    3    1     741
    2    1  208  388  443    0   28    3    3    1     793
    2    1  209  389  268    0   17    2    2    1    1225
    2    1  210  390  182    1   12    2    2    1     921
    2    1  211  391  117    1    8    1    1    1     708
    2    1  212  392  174    0   11    2    1    0     649
    2    1  213  393  269    1   17    2    2    1     991
    2    1  214  394   14    0    1    1    1    1     921
    2    1  215  395   68    0    5    1    1    1     612
    2    1  216  396  458    0   29    3    1    0     972
    2    1  217  397   57    0    4    1    3    0    1109
    2    1  218  398  102    0    7    1    2    0    1801
    2    1  219  399   78    0    5    1    1    1     786
    2    1  220  400  313    0   20    2    3    0     915
    2    1  221  401  479    1   30    3    3    1     735
    2    1  222  402  465    1   30    3    3    1    1219
    2    1  223  403  372    0   24    3    2    0     659
    2    1  224  404  183    0   12    2    3    0     761
    2    1  225  405   47    0    3    1    1    1     619
    2    1  226  406  384    0   24    3    2    0     803
    2    1  227  407  110    0    7    1    2    0     836
    2    1  228  408    8    0    1    1    2    0    3203
    2    1  229  409  439    0   28    3    3    1    1908
    2    1  230  410  360    1   23    3    3    1     568
    2    1  231  411   20    0    2    1    3    0    3490
    2    1  232  412  172    0   11    2    2    1     919
    2    1  233  413  159    0   10    1    2    0     898
    2    1  234  414  166    0   11    2    3    0    1886
    2    1  235  415  281    0   18    2    3    0    2180
    2    1  236  416  426    0   27    3    3    1     702
    2    1  237  417  188    0   12    2    3    0     690
    2    1  238  418  221    0   14    2    3    0     647
    2    1  239  419   99    0    7    1    2    0    2557
    2    1  240  420  193    0   13    2    2    1    1271
    2    1  241  421  179    0   12    2    2    1    1589
    2    1  242  422  285    0   18    2    2    1    3495
    2    1  243  423  461    0   29    3    2    0    1003
    2    1  244  424  323    0   21    3    2    0    1107
    2    1  245  425  202    0   13    2    2    1     744
    2    1  246  426  300    0   19    2    2    1     538
    2    1  247  427  203    0   13    2    2    1     614
    2    1  248  428  294    0   19    2    1    0    1150
    2    1  249  429  214    0   14    2    3    0     816
    2    1  250  430   34    0    3    1    1    1     657
    2    1  251  431  432    0   27    3    3    1     663
    2    1  252  432   69    0    5    1    1    1    1293
    2    1  253  433  478    0   30    3    3    1     907
    2    1  254  434   49    1    4    1    2    0    1271
    2    1  255  435  232    0   15    2    2    1     629
    2    1  256  436  366    0   23    3    3    1    1053
    2    1  257  437  455    0   29    3    2    0     612
    2    1  258  438   15    1    1    1    1    1     700
    2    1  259  439   12    0    1    1    1    1    1632
    2    1  260  440  148    0   10    1    3    0    2430
    2    1  261  441  263    0   17    2    2    1     526
    2    1  262  442  392    0   25    3    2    0    1450
    2    1  263  443  242    0   16    2    2    1    1057
    2    1  264  444  241    0   16    2    2    1     984
    2    1  265  445  284    0   18    2    2    1    1265
    2    1  266  446   72    0    5    1    1    1    2031
    2    1  267  447   21    0    2    1    2    0    1454
    2    1  268  448  270    0   17    2    2    1    1108
    2    1  269  449   54    0    4    1    2    0    3737
    2    1  270  450  274    0   18    2    2    1     869
    2    1  271  451  251    0   16    2    2    1     801
    2    1  272  452  451    0   29    3    3    1    2147
    2    1  273  453   79    0    5    1    1    1     748
    2    1  274  454  322    0   21    3    3    1     894
    2    1  275  455  156    0   10    1    1    1    1068
    2    1  276  456  338    0   22    3    1    0     609
    2    1  277  457  280    1   18    2    2    1    1465
    2    1  278  458  220    0   14    2    3    0    1199
    2    1  279  459  261    0   17    2    3    0     656
    2    1  280  460  167    0   11    2    1    0     631
    2    1  281  461  428    0   27    3    3    1     846
    2    1  282  462  312    0   20    2    3    0     924
    2    1  283  463   59    0    4    1    2    0    2489
    2    1  284  464  368    0   23    3    2    0    1302
    2    1  285  465  218    0   14    2    2    1     850
    2    1  286  466   10    0    1    1    1    1    1232
    2    1  287  467  144    0    9    1    1    1    1135
    2    1  288  468    1    0    1    1    1    1    2354
    2    1  289  469  185    0   12    2    3    0     741
    2    1  290  470  257    0   17    2    1    0     808
    2    1  291  471  164    1   11    2    2    1    4136
    2    1  292  472   13    0    1    1    1    1    1587
    2    1  293  473  124    0    8    1    1    1     661
    2    1  294  474  377    0   24    3    1    0    1035
    2    1  295  475  417    0   27    3    3    1    1041
    2    1  296  476  315    0   20    2    3    0     713
    2    1  297  477  387    1   25    3    3    1     828
    2    1  298  478  401    0   26    3    3    1    1068
    2    1  299  479  441    0   28    3    3    1     913
    2    1  300  480  287    0   18    2    2    1    1212
