    1    1    1    1  473    1   30    3    3    1   11365
    1    1    2    2   66    1    5    1    1    1    7191
    1    1    3    3  276    1   18    2    2    1    4931
    1    1    4    4  360    1   23    3    3    1    5211
    1    1    5    5  290    1   19    2    1    0    4184
    1    1    6    6  269    1   17    2    3    0    4037
    1    1    7    7  409    1   26    3    3    1    4278
    1    1    8    8  289    1   19    2    2    1    2550
    1    1    9    9   16    1    1    1    1    1    3040
    1    1   10   10  353    1   23    3    2    0    3598
    1    1   11   11  245    1   16    2    2    1    2972
    1    1   12   12  120    1    8    1    1    1    2986
    1    1   13   13   53    1    4    1    1    1    1128
    1    1   14   14   80    1    5    1    1    1    2702
    1    1   15   15  387    1   25    3    3    1    3116
    1    1   16   16  479    1   30    3    2    0    2880
    1    1   17   17    6    1    1    1    1    1    1815
    1    1   18   18   58    1    4    1    1    1    3442
    1    1   19   19   36    1    3    1    1    1    4704
    1    1   20   20  271    1   17    2    3    0    2505
    1    1   21   21  280    1   18    2    2    1    2289
    1    1   22   22  272    1   17    2    3    0    1753
    1    1   23   23  411    1   26    3    2    0    2971
    1    1   24   24   56    1    4    1    1    1    1390
    1    1   25   25  448    1   28    3    1    0    2038
    1    1   26   26  406    1   26    3    3    1    3391
    1    1   27   27   52    1    4    1    1    1    4069
    1    1   28   28  201    1   13    2    2    1    1818
    1    1   29   29  212    1   14    2    3    0    1693
    1    1   30   30    4    1    1    1    1    1    2278
    1    1   31   31  471    1   30    3    3    1    1692
    1    1   32   32  266    1   17    2    3    0    6298
    1    1   33   33  476    1   30    3    2    0    1525
    1    1   34   34  465    1   30    3    2    0    1315
    1    1   35   35   35    1    3    1    1    1     734
    1    1   36   36  396    1   25    3    2    0    1990
    1    1   37   37   15    1    1    1    1    1     865
    1    1   38   38  424    1   27    3    1    0    3557
    1    1   39   39   38    1    3    1    1    1     874
    1    1   40   40  408    1   26    3    2    0    4223
    1    1   41   41   37    1    3    1    1    1    2429
    1    1   42   42  326    1   21    3    1    0    5411
    1    1   43   43  252    1   16    2    2    1    1215
    1    1   44   44  250    1   16    2    1    0    1863
    1    1   45   45  164    1   11    2    2    1    2338
    1    1   46   46  182    1   12    2    2    1    1464
    1    1   47   47  240    1   15    2    2    1    2009
    1    1   48   48   33    1    3    1    1    1    1250
    1    1   49   49  267    1   17    2    3    0    2437
    1    1   50   50  121    1    8    1    1    1    1338
    1    1   51   51   71    1    5    1    1    1     922
    1    1   52   52  359    1   23    3    3    1    2698
    1    1   53   53  356    1   23    3    3    1    1480
    1    1   54   54   49    1    4    1    1    1     867
    1    1   55   55  380    1   24    3    3    1    1687
    1    1   56   56  217    1   14    2    2    1    1681
    1    1   57   57  216    1   14    2    1    0    2969
    1    1   58   58  340    1   22    3    1    0    3723
    1    1   59   59  219    1   14    2    1    0    5340
    1    1   60   60  117    1    8    1    1    1    2150
    1    2    1   61  117    1    8    1    1    1    3781
    1    2    2   62  267    1   17    2    2    1    3927
    1    2    3   63  252    1   16    2    2    1     931
    1    2    4   64  424    1   27    3    3    1    4343
    1    2    5   65  216    1   14    2    2    1    2736
    1    2    6   66   80    1    5    1    3    0    2563
    1    2    7   67  479    1   30    3    2    0    1178
    1    2    8   68  164    1   11    2    2    1    4148
    1    2    9   69  448    1   28    3    3    1    1658
    1    2   10   70  245    1   16    2    2    1    2998
    1    2   11   71  269    1   17    2    2    1    1267
    1    2   12   72  212    1   14    2    2    1    4387
    1    2   13   73  201    1   13    2    2    1    1111
    1    2   14   74  121    1    8    1    3    0    8040
    1    2   15   75   56    1    4    1    1    1    2894
    1    2   16   76  396    1   25    3    3    1    2558
    1    2   17   77  217    1   14    2    2    1    3302
    1    2   18   78  250    1   16    2    2    1    1200
    1    2   19   79  272    1   17    2    2    1    4872
    1    2   20   80  266    1   17    2    2    1    1063
    1    2   21   81  120    1    8    1    3    0    2115
    1    2   22   82   37    1    3    1    1    1    2135
    1    2   23   83   16    1    1    1    1    1    1929
    1    2   24   84  408    1   26    3    2    0    3429
    1    2   25   85   35    1    3    1    1    1     988
    1    2   26   86    4    1    1    1    3    0    2219
    1    2   27   87  219    1   14    2    2    1    1049
    1    2   28   88   53    1    4    1    2    0    2761
    1    2   29   89  340    1   22    3    2    0    6545
    1    2   30   90   49    1    4    1    1    1    1407
    1    2   31   91  409    1   26    3    3    1    1783
    1    2   32   92  353    1   23    3    2    0    1850
    1    2   33   93  360    1   23    3    2    0    2772
    1    2   34   94  356    1   23    3    3    1    3075
    1    2   35   95   71    1    5    1    1    1    1247
    1    2   36   96  182    1   12    2    2    1    1267
    1    2   37   97  406    1   26    3    2    0    4168
    1    2   38   98  387    1   25    3    3    1    2936
    1    2   39   99   36    1    3    1    1    1    1062
    1    2   40  100  290    1   19    2    1    0    5157
    1    2   41  101  471    1   30    3    3    1    2221
    1    2   42  102   66    1    5    1    1    1     823
    1    2   43  103  289    1   19    2    2    1    1248
    1    2   44  104    6    1    1    1    1    1     875
    1    2   45  105   15    1    1    1    1    1    2949
    1    2   46  106  380    1   24    3    2    0    1366
    1    2   47  107  240    1   15    2    2    1    5608
    1    2   48  108  473    1   30    3    2    0    2906
    1    2   49  109  271    1   17    2    2    1    1628
    1    2   50  110   33    1    3    1    1    1    1519
    1    2   51  111  476    1   30    3    3    1    4844
    1    2   52  112   58    1    4    1    1    1    1187
    1    2   53  113  280    1   18    2    2    1    1675
    1    2   54  114   38    1    3    1    1    1    1174
    1    2   55  115  359    1   23    3    3    1    1315
    1    2   56  116  276    1   18    2    2    1    1793
    1    2   57  117   52    1    4    1    1    1    1124
    1    2   58  118  465    1   30    3    2    0    1248
    1    2   59  119  326    1   21    3    3    1    4273
    1    2   60  120  411    1   26    3    2    0    4927
    1    3    1  121   38    1    3    1    1    1     973
    1    3    2  122  182    1   12    2    2    1     718
    1    3    3  123  289    1   19    2    2    1    1884
    1    3    4  124   66    1    5    1    1    1    1820
    1    3    5  125   71    1    5    1    1    1     880
    1    3    6  126  271    1   17    2    2    1     901
    1    3    7  127    6    1    1    1    1    1     958
    1    3    8  128  217    1   14    2    3    0    6526
    1    3    9  129  473    1   30    3    3    1    1382
    1    3   10  130  290    1   19    2    2    1    3207
    1    3   11  131  212    1   14    2    3    0    1162
    1    3   12  132  387    1   25    3    3    1    1415
    1    3   13  133   56    1    4    1    1    1    1074
    1    3   14  134  272    1   17    2    2    1    3342
    1    3   15  135  240    1   15    2    2    1    2429
    1    3   16  136  120    1    8    1    1    1     890
    1    3   17  137  353    1   23    3    3    1    1076
    1    3   18  138  411    1   26    3    3    1    2722
    1    3   19  139   16    1    1    1    1    1     840
    1    3   20  140  164    1   11    2    1    0    2333
    1    3   21  141  250    1   16    2    2    1    2057
    1    3   22  142  266    1   17    2    2    1    1884
    1    3   23  143  252    1   16    2    2    1     917
    1    3   24  144   37    1    3    1    1    1     823
    1    3   25  145    4    1    1    1    3    0    3038
    1    3   26  146  396    1   25    3    2    0    2086
    1    3   27  147   49    1    4    1    1    1     866
    1    3   28  148  409    1   26    3    3    1    3085
    1    3   29  149   33    1    3    1    1    1     833
    1    3   30  150   15    1    1    1    2    0    1870
    1    3   31  151   58    1    4    1    1    1    1295
    1    3   32  152  121    1    8    1    1    1    1842
    1    3   33  153  276    1   18    2    2    1    2342
    1    3   34  154  201    1   13    2    2    1    1039
    1    3   35  155  245    1   16    2    2    1    1541
    1    3   36  156  479    1   30    3    2    0    1794
    1    3   37  157  219    1   14    2    2    1    2391
    1    3   38  158  267    1   17    2    2    1     832
    1    3   39  159  360    1   23    3    3    1    3686
    1    3   40  160  359    1   23    3    3    1     933
    1    3   41  161  424    1   27    3    3    1    1782
    1    3   42  162   52    1    4    1    1    1    1219
    1    3   43  163  340    1   22    3    1    0    3615
    1    3   44  164  326    1   21    3    1    0    1874
    1    3   45  165  476    1   30    3    3    1    2126
    1    3   46  166  448    1   28    3    1    0    1635
    1    3   47  167  471    1   30    3    3    1    1498
    1    3   48  168  380    1   24    3    3    1    1923
    1    3   49  169  269    1   17    2    2    1    1028
    1    3   50  170   53    1    4    1    1    1    1083
    1    3   51  171  117    1    8    1    1    1    1169
    1    3   52  172   36    1    3    1    1    1    2361
    1    3   53  173  465    1   30    3    3    1    2199
    1    3   54  174  406    1   26    3    3    1    3430
    1    3   55  175  408    1   26    3    3    1    2926
    1    3   56  176   80    1    5    1    1    1     992
    1    3   57  177  356    1   23    3    3    1    1890
    1    3   58  178  216    1   14    2    2    1    5145
    1    3   59  179   35    1    3    1    1    1     767
    1    3   60  180  280    1   18    2    2    1    1947
    2    1    1  181   54    0    4    1    1    1    9349
    2    1    2  182   66    1    5    1    1    1    1424
    2    1    3  183  150    0   10    1    2    0    1197
    2    1    4  184  405    0   26    3    3    1    1372
    2    1    5  185  340    1   22    3    3    1    1920
    2    1    6  186  144    0    9    1    3    0    1413
    2    1    7  187  464    0   29    3    1    0    1055
    2    1    8  188  126    0    8    1    1    1    1456
    2    1    9  189   91    0    6    1    2    0    1282
    2    1   10  190  356    1   23    3    3    1     831
    2    1   11  191  375    0   24    3    3    1     908
    2    1   12  192   50    0    4    1    1    1     990
    2    1   13  193  200    0   13    2    2    1     694
    2    1   14  194  305    0   20    2    2    1    1411
    2    1   15  195  379    0   24    3    3    1     911
    2    1   16  196  395    0   25    3    2    0    1575
    2    1   17  197  143    0    9    1    3    0    1598
    2    1   18  198  190    0   12    2    1    0    1882
    2    1   19  199  234    0   15    2    1    0    2351
    2    1   20  200  221    0   14    2    2    1     936
    2    1   21  201  333    0   21    3    2    0     900
    2    1   22  202  436    0   28    3    1    0    3156
    2    1   23  203   38    1    3    1    1    1     756
    2    1   24  204  222    0   14    2    2    1    1997
    2    1   25  205    8    0    1    1    1    1    1342
    2    1   26  206  224    0   14    2    2    1    1730
    2    1   27  207  185    0   12    2    3    0    1420
    2    1   28  208  122    0    8    1    1    1     900
    2    1   29  209    3    0    1    1    2    0     982
    2    1   30  210  400    0   25    3    3    1    1197
    2    1   31  211   43    0    3    1    1    1     779
    2    1   32  212  179    0   12    2    3    0    1152
    2    1   33  213  167    0   11    2    1    0    1303
    2    1   34  214  139    0    9    1    3    0    1163
    2    1   35  215  269    1   17    2    2    1     717
    2    1   36  216  362    0   23    3    3    1     867
    2    1   37  217  472    0   30    3    3    1    1203
    2    1   38  218  430    0   27    3    3    1     973
    2    1   39  219  342    0   22    3    3    1    1899
    2    1   40  220  394    0   25    3    2    0    1172
    2    1   41  221  119    0    8    1    1    1     777
    2    1   42  222  120    1    8    1    1    1     710
    2    1   43  223   60    0    4    1    2    0    1833
    2    1   44  224  196    0   13    2    2    1     828
    2    1   45  225  462    0   29    3    3    1     848
    2    1   46  226  151    0   10    1    2    0     944
    2    1   47  227   51    0    4    1    1    1    1229
    2    1   48  228  434    0   28    3    3    1    1289
    2    1   49  229  192    0   12    2    3    0     916
    2    1   50  230  198    0   13    2    2    1     708
    2    1   51  231  239    0   15    2    2    1     730
    2    1   52  232  455    0   29    3    2    0     798
    2    1   53  233   39    0    3    1    1    1    1267
    2    1   54  234  385    0   25    3    3    1    1341
    2    1   55  235  423    0   27    3    2    0    1122
    2    1   56  236   68    0    5    1    1    1     496
    2    1   57  237  216    1   14    2    2    1     740
    2    1   58  238  457    0   29    3    2    0     920
    2    1   59  239  350    0   22    3    3    1    1139
    2    1   60  240  201    1   13    2    2    1     518
    2    1   61  241  325    0   21    3    2    0    1580
    2    1   62  242  249    0   16    2    2    1     799
    2    1   63  243    4    1    1    1    1    1    1104
    2    1   64  244  323    0   21    3    2    0    1080
    2    1   65  245   61    0    4    1    2    0    2162
    2    1   66  246  463    0   29    3    3    1     723
    2    1   67  247  426    0   27    3    2    0    1424
    2    1   68  248  432    0   27    3    3    1     888
    2    1   69  249   75    0    5    1    1    1     871
    2    1   70  250  173    0   11    2    1    0    1906
    2    1   71  251  373    0   24    3    3    1    1403
    2    1   72  252  351    0   22    3    3    1     998
    2    1   73  253  188    0   12    2    3    0     962
    2    1   74  254  420    0   27    3    3    1    1933
    2    1   75  255   85    0    6    1    2    0    1554
    2    1   76  256  132    0    9    1    1    1    1319
    2    1   77  257  267    1   17    2    2    1     857
    2    1   78  258   35    1    3    1    1    1     769
    2    1   79  259  353    1   23    3    3    1     871
    2    1   80  260  341    0   22    3    3    1     826
    2    1   81  261  286    0   18    2    2    1    1176
    2    1   82  262  111    0    7    1    2    0     880
    2    1   83  263  359    1   23    3    3    1     750
    2    1   84  264  360    1   23    3    3    1     786
    2    1   85  265   97    0    7    1    1    1    1622
    2    1   86  266  273    0   18    2    2    1     985
    2    1   87  267   21    0    2    1    2    0    1468
    2    1   88  268  475    0   30    3    2    0    1003
    2    1   89  269  480    0   30    3    2    0    1449
    2    1   90  270   10    0    1    1    1    1    1748
    2    1   91  271   13    0    1    1    1    1     872
    2    1   92  272  219    1   14    2    2    1     919
    2    1   93  273   81    0    6    1    3    0     837
    2    1   94  274  312    0   20    2    2    1    1048
    2    1   95  275   93    0    6    1    3    0     864
    2    1   96  276  422    0   27    3    2    0     971
    2    1   97  277  408    1   26    3    2    0    1202
    2    1   98  278  181    0   12    2    3    0     976
    2    1   99  279  180    0   12    2    3    0     874
    2    1  100  280  352    0   22    3    3    1    1817
    2    1  101  281   82    0    6    1    3    0     832
    2    1  102  282  127    0    8    1    1    1     705
    2    1  103  283  215    0   14    2    3    0    1165
    2    1  104  284   90    0    6    1    3    0    1179
    2    1  105  285  468    0   30    3    2    0     899
    2    1  106  286  441    0   28    3    3    1    1030
    2    1  107  287  303    0   19    2    1    0     970
    2    1  108  288  110    0    7    1    1    1    1220
    2    1  109  289  288    0   18    2    1    0     710
    2    1  110  290  168    0   11    2    1    0    1231
    2    1  111  291  474    0   30    3    2    0     814
    2    1  112  292  369    0   24    3    1    0    1003
    2    1  113  293   20    0    2    1    2    0     803
    2    1  114  294  406    1   26    3    2    0    1373
    2    1  115  295  214    0   14    2    2    1    1129
    2    1  116  296  314    0   20    2    2    1     740
    2    1  117  297  410    0   26    3    3    1    1474
    2    1  118  298  183    0   12    2    3    0     796
    2    1  119  299  186    0   12    2    3    0     631
    2    1  120  300  177    0   12    2    3    0    1928
    2    1  121  301  226    0   15    2    2    1    1499
    2    1  122  302  448    1   28    3    1    0     769
    2    1  123  303  207    0   13    2    2    1     794
    2    1  124  304  313    0   20    2    2    1     726
    2    1  125  305  391    0   25    3    2    0    1239
    2    1  126  306  213    0   14    2    2    1    1389
    2    1  127  307  384    0   24    3    1    0     807
    2    1  128  308  298    0   19    2    2    1     796
    2    1  129  309  283    0   18    2    2    1     921
    2    1  130  310  413    0   26    3    3    1     905
    2    1  131  311  272    1   17    2    2    1     772
    2    1  132  312  149    0   10    1    2    0    1448
    2    1  133  313  476    1   30    3    2    0     769
    2    1  134  314  217    1   14    2    2    1    1152
    2    1  135  315  307    0   20    2    2    1     698
    2    1  136  316  290    1   19    2    1    0    1460
    2    1  137  317  297    0   19    2    1    0     753
    2    1  138  318  287    0   18    2    1    0    2185
    2    1  139  319  417    0   27    3    3    1    1785
    2    1  140  320  242    0   16    2    2    1     873
    2    1  141  321  184    0   12    2    3    0     757
    2    1  142  322    7    0    1    1    1    1     770
    2    1  143  323  357    0   23    3    3    1     926
    2    1  144  324  421    0   27    3    3    1    1264
    2    1  145  325  326    1   21    3    3    1     679
    2    1  146  326  114    0    8    1    1    1    1071
    2    1  147  327   41    0    3    1    1    1     678
    2    1  148  328   32    0    2    1    3    0    1324
    2    1  149  329  329    0   21    3    3    1     879
    2    1  150  330  345    0   22    3    1    0    1841
    2    1  151  331  365    0   23    3    3    1    1005
    2    1  152  332  331    0   21    3    3    1     872
    2    1  153  333  477    0   30    3    2    0     647
    2    1  154  334  237    0   15    2    2    1    1314
    2    1  155  335  156    0   10    1    1    1     675
    2    1  156  336  291    0   19    2    2    1    1305
    2    1  157  337  133    0    9    1    3    0    1094
    2    1  158  338  378    0   24    3    1    0    1136
    2    1  159  339  175    0   11    2    2    1     762
    2    1  160  340  203    0   13    2    2    1     711
    2    1  161  341  354    0   23    3    2    0    1751
    2    1  162  342  103    0    7    1    3    0    1498
    2    1  163  343  453    0   29    3    2    0    1344
    2    1  164  344  129    0    9    1    1    1    1215
    2    1  165  345  165    0   11    2    1    0     623
    2    1  166  346  279    0   18    2    2    1    1193
    2    1  167  347    5    0    1    1    1    1    1077
    2    1  168  348  261    0   17    2    2    1     664
    2    1  169  349  178    0   12    2    3    0     927
    2    1  170  350  377    0   24    3    1    0    1656
    2    1  171  351  336    0   21    3    3    1     848
    2    1  172  352  376    0   24    3    1    0     777
    2    1  173  353   47    0    3    1    1    1     704
    2    1  174  354  348    0   22    3    3    1    1517
    2    1  175  355  204    0   13    2    2    1     611
    2    1  176  356  308    0   20    2    2    1     693
    2    1  177  357  450    0   29    3    2    0     696
    2    1  178  358   25    0    2    1    2    0    1311
    2    1  179  359  437    0   28    3    2    0    1288
    2    1  180  360  174    0   11    2    1    0     855
    2    1  181  361   22    0    2    1    2    0     813
    2    1  182  362  163    0   11    2    2    1    1441
    2    1  183  363   34    0    3    1    1    1     757
    2    1  184  364  330    0   21    3    3    1    1144
    2    1  185  365  212    1   14    2    2    1     887
    2    1  186  366  148    0   10    1    2    0    1472
    2    1  187  367  435    0   28    3    1    0    1239
    2    1  188  368   16    1    1    1    1    1     707
    2    1  189  369   98    0    7    1    1    1    1402
    2    1  190  370   15    1    1    1    1    1     740
    2    1  191  371  195    0   13    2    2    1     657
    2    1  192  372  418    0   27    3    2    0    2684
    2    1  193  373  424    1   27    3    3    1     811
    2    1  194  374  159    0   10    1    1    1     874
    2    1  195  375  366    0   23    3    3    1    1074
    2    1  196  376  106    0    7    1    2    0     763
    2    1  197  377   19    0    2    1    1    1     661
    2    1  198  378  389    0   25    3    2    0    1405
    2    1  199  379  254    0   16    2    2    1     846
    2    1  200  380   84    0    6    1    3    0    1145
    2    1  201  381  289    1   19    2    2    1     784
    2    1  202  382   33    1    3    1    1    1     846
    2    1  203  383   63    0    4    1    1    1    1030
    2    1  204  384  446    0   28    3    1    0    1150
    2    1  205  385  164    1   11    2    2    1    1008
    2    1  206  386  327    0   21    3    3    1     796
    2    1  207  387   65    0    5    1    1    1    1053
    2    1  208  388  131    0    9    1    3    0    1075
    2    1  209  389   45    0    3    1    1    1     737
    2    1  210  390  349    0   22    3    1    0    1413
    2    1  211  391  118    0    8    1    1    1     984
    2    1  212  392  102    0    7    1    2    0    2489
    2    1  213  393  193    0   13    2    2    1     646
    2    1  214  394  227    0   15    2    2    1    1859
    2    1  215  395   77    0    5    1    1    1     697
    2    1  216  396  275    0   18    2    1    0     639
    2    1  217  397  250    1   16    2    2    1     759
    2    1  218  398  398    0   25    3    2    0    1327
    2    1  219  399   79    0    5    1    1    1     666
    2    1  220  400  153    0   10    1    1    1     844
    2    1  221  401  225    0   15    2    1    0    1668
    2    1  222  402  240    1   15    2    2    1     724
    2    1  223  403  232    0   15    2    1    0    1576
    2    1  224  404  355    0   23    3    3    1    1036
    2    1  225  405   48    0    3    1    1    1     660
    2    1  226  406  471    1   30    3    3    1    1360
    2    1  227  407  479    1   30    3    2    0     761
    2    1  228  408  388    0   25    3    2    0    1463
    2    1  229  409  320    0   20    2    2    1     678
    2    1  230  410  108    0    7    1    1    1     891
    2    1  231  411  247    0   16    2    2    1     866
    2    1  232  412  347    0   22    3    1    0     864
    2    1  233  413  452    0   29    3    3    1    1640
    2    1  234  414  317    0   20    2    2    1     910
    2    1  235  415  172    0   11    2    1    0     658
    2    1  236  416  451    0   29    3    2    0     847
    2    1  237  417  112    0    7    1    1    1     755
    2    1  238  418  364    0   23    3    1    0    1444
    2    1  239  419  393    0   25    3    2    0     844
    2    1  240  420   95    0    6    1    3    0    1116
    2    1  241  421  105    0    7    1    1    1    1416
    2    1  242  422  128    0    8    1    1    1    1065
    2    1  243  423  136    0    9    1    3    0     886
    2    1  244  424  425    0   27    3    3    1    1271
    2    1  245  425   49    1    4    1    1    1    1352
    2    1  246  426   40    0    3    1    1    1    1439
    2    1  247  427  274    0   18    2    2    1     777
    2    1  248  428  147    0   10    1    2    0     747
    2    1  249  429  210    0   14    2    2    1    1075
    2    1  250  430  321    0   21    3    3    1     950
    2    1  251  431  277    0   18    2    1    0    1732
    2    1  252  432  458    0   29    3    3    1    1250
    2    1  253  433  243    0   16    2    2    1     803
    2    1  254  434  397    0   25    3    2    0    1368
    2    1  255  435  100    0    7    1    1    1     652
    2    1  256  436  338    0   22    3    1    0     842
    2    1  257  437  294    0   19    2    1    0     809
    2    1  258  438  427    0   27    3    3    1    2065
    2    1  259  439  255    0   16    2    2    1     690
    2    1  260  440  383    0   24    3    1    0     776
    2    1  261  441   69    0    5    1    1    1    1142
    2    1  262  442  170    0   11    2    1    0     605
    2    1  263  443   92    0    6    1    3    0     773
    2    1  264  444   89    0    6    1    3    0     748
    2    1  265  445  304    0   19    2    1    0    1021
    2    1  266  446  461    0   29    3    3    1    1649
    2    1  267  447   87    0    6    1    2    0    1369
    2    1  268  448  245    1   16    2    2    1     743
    2    1  269  449  386    0   25    3    2    0    1930
    2    1  270  450   42    0    3    1    1    1     975
    2    1  271  451  268    0   17    2    1    0    1653
    2    1  272  452  208    0   13    2    2    1     667
    2    1  273  453  281    0   18    2    2    1    1779
    2    1  274  454  478    0   30    3    2    0    1425
    2    1  275  455  380    1   24    3    2    0    1239
    2    1  276  456  414    0   26    3    3    1     778
    2    1  277  457  311    0   20    2    2    1    1733
    2    1  278  458  390    0   25    3    2    0    1147
    2    1  279  459  138    0    9    1    1    1     681
    2    1  280  460  125    0    8    1    1    1     819
    2    1  281  461  264    0   17    2    3    0    1791
    2    1  282  462  409    1   26    3    3    1    1469
    2    1  283  463  152    0   10    1    2    0    1048
    2    1  284  464  442    0   28    3    1    0    1279
    2    1  285  465  262    0   17    2    2    1    1025
    2    1  286  466   56    1    4    1    1    1    1452
    2    1  287  467  367    0   23    3    2    0     883
    2    1  288  468  121    1    8    1    1    1     815
    2    1  289  469  315    0   20    2    2    1    1957
    2    1  290  470  299    0   19    2    1    0     839
    2    1  291  471  337    0   22    3    1    0     736
    2    1  292  472   44    0    3    1    1    1     752
    2    1  293  473  460    0   29    3    3    1    1115
    2    1  294  474  316    0   20    2    2    1     750
    2    1  295  475  166    0   11    2    1    0    1021
    2    1  296  476  231    0   15    2    2    1     952
    2    1  297  477   78    0    5    1    1    1     775
    2    1  298  478  220    0   14    2    2    1    1112
    2    1  299  479  202    0   13    2    2    1     842
    2    1  300  480  160    0   10    1    1    1    1631
