    1    1    1    1  269    1   17    2    3    0    8898
    1    1    2    2  272    1   17    2    2    1    4377
    1    1    3    3   35    1    3    1    1    1    7695
    1    1    4    4   71    1    5    1    1    1    1872
    1    1    5    5  356    1   23    3    3    1    3768
    1    1    6    6  267    1   17    2    2    1    7799
    1    1    7    7  408    1   26    3    3    1    2164
    1    1    8    8    4    1    1    1    2    0    3184
    1    1    9    9  271    1   17    2    2    1    3671
    1    1   10   10  465    1   30    3    3    1    3529
    1    1   11   11  217    1   14    2    2    1    5664
    1    1   12   12  216    1   14    2    3    0    3777
    1    1   13   13   80    1    5    1    1    1    2447
    1    1   14   14  326    1   21    3    2    0    5154
    1    1   15   15  396    1   25    3    3    1    2105
    1    1   16   16  448    1   28    3    1    0    3161
    1    1   17   17  117    1    8    1    1    1    3248
    1    1   18   18    6    1    1    1    1    1    1426
    1    1   19   19  380    1   24    3    3    1    3005
    1    1   20   20  164    1   11    2    1    0    3162
    1    1   21   21  340    1   22    3    1    0    2192
    1    1   22   22  409    1   26    3    3    1    1885
    1    1   23   23  289    1   19    2    3    0    1719
    1    1   24   24  252    1   16    2    2    1    2534
    1    1   25   25  411    1   26    3    2    0    3429
    1    1   26   26  182    1   12    2    1    0    2880
    1    1   27   27  219    1   14    2    2    1    4689
    1    1   28   28  280    1   18    2    2    1    5322
    1    1   29   29  353    1   23    3    3    1    3915
    1    1   30   30  406    1   26    3    3    1    2258
    1    1   31   31   38    1    3    1    1    1    1900
    1    1   32   32   16    1    1    1    1    1    1348
    1    1   33   33   33    1    3    1    1    1    1331
    1    1   34   34   52    1    4    1    1    1     898
    1    1   35   35  473    1   30    3    2    0    2755
    1    1   36   36  266    1   17    2    3    0    2905
    1    1   37   37   56    1    4    1    1    1    2074
    1    1   38   38   49    1    4    1    1    1    1932
    1    1   39   39  479    1   30    3    2    0    2355
    1    1   40   40  212    1   14    2    2    1    3802
    1    1   41   41  245    1   16    2    3    0    3286
    1    1   42   42   37    1    3    1    1    1    2358
    1    1   43   43  121    1    8    1    1    1    2221
    1    1   44   44  276    1   18    2    2    1    2537
    1    1   45   45  240    1   15    2    2    1    1416
    1    1   46   46  250    1   16    2    2    1    3524
    1    1   47   47   53    1    4    1    1    1    1581
    1    1   48   48   15    1    1    1    1    1    2530
    1    1   49   49  290    1   19    2    1    0     993
    1    1   50   50  201    1   13    2    2    1    2015
    1    1   51   51   58    1    4    1    3    0    2626
    1    1   52   52  387    1   25    3    2    0    1902
    1    1   53   53  360    1   23    3    1    0    3222
    1    1   54   54  476    1   30    3    3    1    2795
    1    1   55   55  359    1   23    3    2    0    2896
    1    1   56   56   66    1    5    1    1    1    1392
    1    1   57   57  424    1   27    3    2    0    2862
    1    1   58   58  471    1   30    3    3    1    2095
    1    1   59   59  120    1    8    1    1    1    1472
    1    1   60   60   36    1    3    1    1    1    1674
    1    2    1   61  289    1   19    2    3    0    3756
    1    2    2   62   58    1    4    1    1    1    2203
    1    2    3   63  121    1    8    1    1    1    2681
    1    2    4   64   71    1    5    1    1    1    1745
    1    2    5   65  340    1   22    3    2    0    2432
    1    2    6   66  290    1   19    2    1    0    2149
    1    2    7   67   80    1    5    1    1    1    1363
    1    2    8   68  164    1   11    2    2    1    3282
    1    2    9   69   52    1    4    1    1    1    1842
    1    2   10   70  411    1   26    3    3    1    2303
    1    2   11   71  182    1   12    2    1    0    2503
    1    2   12   72  271    1   17    2    2    1    2088
    1    2   13   73  476    1   30    3    3    1    1770
    1    2   14   74   66    1    5    1    1    1    1415
    1    2   15   75  219    1   14    2    2    1    1875
    1    2   16   76  380    1   24    3    3    1    2093
    1    2   17   77  448    1   28    3    2    0    3599
    1    2   18   78  387    1   25    3    3    1    3012
    1    2   19   79  201    1   13    2    3    0    2912
    1    2   20   80  473    1   30    3    3    1    2703
    1    2   21   81  326    1   21    3    2    0    2504
    1    2   22   82   37    1    3    1    1    1    1257
    1    2   23   83  406    1   26    3    3    1    2251
    1    2   24   84  216    1   14    2    2    1    1509
    1    2   25   85  245    1   16    2    2    1    1824
    1    2   26   86  396    1   25    3    3    1    1819
    1    2   27   87  360    1   23    3    3    1    4071
    1    2   28   88  465    1   30    3    3    1    1737
    1    2   29   89  408    1   26    3    3    1    2553
    1    2   30   90    4    1    1    1    1    1    2007
    1    2   31   91   16    1    1    1    1    1    1644
    1    2   32   92  267    1   17    2    2    1    3359
    1    2   33   93   38    1    3    1    1    1    1181
    1    2   34   94   49    1    4    1    2    0    2307
    1    2   35   95   53    1    4    1    1    1    3387
    1    2   36   96  359    1   23    3    3    1    2344
    1    2   37   97  471    1   30    3    3    1    2271
    1    2   38   98  120    1    8    1    1    1    2297
    1    2   39   99  217    1   14    2    2    1    2771
    1    2   40  100  240    1   15    2    2    1    2744
    1    2   41  101  353    1   23    3    3    1    3151
    1    2   42  102    6    1    1    1    1    1    1926
    1    2   43  103  280    1   18    2    2    1    1917
    1    2   44  104  424    1   27    3    3    1    4277
    1    2   45  105  276    1   18    2    2    1    2271
    1    2   46  106  117    1    8    1    1    1    1417
    1    2   47  107  269    1   17    2    2    1    1861
    1    2   48  108  409    1   26    3    3    1    1775
    1    2   49  109  272    1   17    2    2    1    2461
    1    2   50  110   15    1    1    1    1    1    2239
    1    2   51  111  250    1   16    2    2    1    6170
    1    2   52  112   35    1    3    1    2    0    2617
    1    2   53  113  266    1   17    2    3    0    6181
    1    2   54  114  212    1   14    2    3    0    1490
    1    2   55  115  479    1   30    3    2    0    2411
    1    2   56  116   56    1    4    1    2    0    2544
    1    2   57  117  356    1   23    3    3    1    2622
    1    2   58  118   36    1    3    1    1    1    1322
    1    2   59  119  252    1   16    2    2    1    2170
    1    2   60  120   33    1    3    1    1    1    1096
    1    3    1  121  271    1   17    2    2    1    1361
    1    3    2  122  408    1   26    3    3    1    1375
    1    3    3  123  411    1   26    3    3    1    3276
    1    3    4  124  276    1   18    2    2    1    2718
    1    3    5  125  356    1   23    3    3    1    1334
    1    3    6  126  272    1   17    2    2    1    2759
    1    3    7  127  409    1   26    3    3    1    2094
    1    3    8  128  219    1   14    2    2    1    1791
    1    3    9  129  476    1   30    3    3    1    1532
    1    3   10  130   49    1    4    1    1    1    1203
    1    3   11  131  396    1   25    3    3    1    1976
    1    3   12  132   36    1    3    1    1    1    1294
    1    3   13  133  216    1   14    2    2    1    1039
    1    3   14  134   52    1    4    1    1    1    1818
    1    3   15  135  290    1   19    2    2    1    2055
    1    3   16  136  326    1   21    3    2    0    1513
    1    3   17  137  353    1   23    3    3    1    2641
    1    3   18  138  117    1    8    1    2    0    1805
    1    3   19  139  387    1   25    3    2    0    2457
    1    3   20  140   80    1    5    1    1    1    2220
    1    3   21  141  424    1   27    3    3    1    1592
    1    3   22  142  201    1   13    2    2    1    1661
    1    3   23  143  120    1    8    1    1    1    1487
    1    3   24  144  359    1   23    3    3    1    2585
    1    3   25  145  182    1   12    2    2    1    3254
    1    3   26  146  267    1   17    2    2    1    2585
    1    3   27  147  266    1   17    2    3    0    2678
    1    3   28  148   38    1    3    1    1    1    1968
    1    3   29  149   71    1    5    1    1    1    1382
    1    3   30  150   37    1    3    1    1    1    3107
    1    3   31  151  280    1   18    2    3    0    2203
    1    3   32  152  473    1   30    3    3    1    1544
    1    3   33  153  448    1   28    3    3    1    4671
    1    3   34  154  121    1    8    1    1    1    1096
    1    3   35  155   66    1    5    1    1    1    1138
    1    3   36  156   53    1    4    1    2    0    2185
    1    3   37  157  289    1   19    2    2    1    1686
    1    3   38  158  360    1   23    3    3    1     696
    1    3   39  159  164    1   11    2    1    0    2337
    1    3   40  160   15    1    1    1    1    1     904
    1    3   41  161  340    1   22    3    3    1    2009
    1    3   42  162    6    1    1    1    1    1    1133
    1    3   43  163  252    1   16    2    2    1    1381
    1    3   44  164  406    1   26    3    3    1    1554
    1    3   45  165    4    1    1    1    1    1    1321
    1    3   46  166  217    1   14    2    2    1    1545
    1    3   47  167   33    1    3    1    1    1     863
    1    3   48  168  245    1   16    2    2    1    1281
    1    3   49  169  240    1   15    2    3    0    1747
    1    3   50  170  479    1   30    3    3    1    2242
    1    3   51  171  380    1   24    3    3    1    1501
    1    3   52  172  465    1   30    3    3    1     821
    1    3   53  173   35    1    3    1    1    1    1098
    1    3   54  174   56    1    4    1    1    1    1970
    1    3   55  175  269    1   17    2    2    1    1960
    1    3   56  176  250    1   16    2    2    1    1167
    1    3   57  177  212    1   14    2    3    0     804
    1    3   58  178   16    1    1    1    1    1    1065
    1    3   59  179   58    1    4    1    1    1    2275
    1    3   60  180  471    1   30    3    3    1    4157
    2    1    1  181  197    0   13    2    1    0    2498
    2    1    2  182  306    0   20    2    3    0    3005
    2    1    3  183  423    0   27    3    2    0    2359
    2    1    4  184  166    0   11    2    1    0    1545
    2    1    5  185   51    0    4    1    1    1    1227
    2    1    6  186  149    0   10    1    2    0    2138
    2    1    7  187   83    0    6    1    3    0    3190
    2    1    8  188   41    0    3    1    1    1     823
    2    1    9  189  208    0   13    2    2    1    1511
    2    1   10  190   35    1    3    1    1    1     700
    2    1   11  191  390    0   25    3    3    1    1552
    2    1   12  192  220    0   14    2    2    1    1235
    2    1   13  193  195    0   13    2    2    1    1155
    2    1   14  194  377    0   24    3    1    0    1765
    2    1   15  195  286    0   18    2    3    0    2158
    2    1   16  196   19    0    2    1    1    1    1528
    2    1   17  197  138    0    9    1    1    1     940
    2    1   18  198  162    0   11    2    2    1    3287
    2    1   19  199  421    0   27    3    2    0    1508
    2    1   20  200  119    0    8    1    1    1     825
    2    1   21  201  368    0   23    3    3    1     986
    2    1   22  202   75    0    5    1    1    1     754
    2    1   23  203  455    0   29    3    2    0    1941
    2    1   24  204    2    0    1    1    1    1    1144
    2    1   25  205  331    0   21    3    3    1    2459
    2    1   26  206  212    1   14    2    2    1    1417
    2    1   27  207  192    0   12    2    3    0     689
    2    1   28  208  290    1   19    2    2    1    1959
    2    1   29  209  186    0   12    2    2    1    1337
    2    1   30  210  450    0   29    3    3    1    1140
    2    1   31  211  337    0   22    3    3    1    1720
    2    1   32  212  404    0   26    3    3    1    1268
    2    1   33  213  126    0    8    1    2    0     721
    2    1   34  214  235    0   15    2    1    0    2885
    2    1   35  215  322    0   21    3    3    1     818
    2    1   36  216  171    0   11    2    1    0     977
    2    1   37  217  236    0   15    2    2    1    2459
    2    1   38  218  335    0   21    3    3    1     778
    2    1   39  219  262    0   17    2    3    0     795
    2    1   40  220  213    0   14    2    3    0    1356
    2    1   41  221  439    0   28    3    3    1    1094
    2    1   42  222  411    1   26    3    3    1    1579
    2    1   43  223   44    0    3    1    1    1     653
    2    1   44  224  433    0   28    3    3    1     900
    2    1   45  225  187    0   12    2    3    0     687
    2    1   46  226  158    0   10    1    2    0     964
    2    1   47  227  393    0   25    3    2    0     702
    2    1   48  228  362    0   23    3    3    1    1107
    2    1   49  229   23    0    2    1    1    1     774
    2    1   50  230  285    0   18    2    1    0    1369
    2    1   51  231  444    0   28    3    3    1     834
    2    1   52  232   16    1    1    1    1    1     914
    2    1   53  233  376    0   24    3    1    0    1453
    2    1   54  234   70    0    5    1    1    1     660
    2    1   55  235  297    0   19    2    1    0    1962
    2    1   56  236  348    0   22    3    1    0     668
    2    1   57  237  206    0   13    2    2    1    1426
    2    1   58  238  472    0   30    3    3    1    2170
    2    1   59  239   30    0    2    1    3    0     836
    2    1   60  240   42    0    3    1    1    1    1971
    2    1   61  241  435    0   28    3    1    0    1141
    2    1   62  242   90    0    6    1    3    0     905
    2    1   63  243  196    0   13    2    2    1     837
    2    1   64  244  313    0   20    2    3    0    1413
    2    1   65  245  443    0   28    3    2    0    2861
    2    1   66  246  219    1   14    2    2    1    2154
    2    1   67  247  477    0   30    3    3    1    1108
    2    1   68  248   60    0    4    1    1    1    1386
    2    1   69  249   50    0    4    1    3    0    2194
    2    1   70  250  385    0   25    3    3    1     794
    2    1   71  251  202    0   13    2    1    0     858
    2    1   72  252   28    0    2    1    1    1     778
    2    1   73  253  155    0   10    1    3    0    1434
    2    1   74  254  436    0   28    3    3    1     978
    2    1   75  255  352    0   22    3    3    1     828
    2    1   76  256   38    1    3    1    1    1     826
    2    1   77  257  473    1   30    3    2    0    1385
    2    1   78  258  451    0   29    3    2    0    2771
    2    1   79  259   39    0    3    1    1    1     742
    2    1   80  260   45    0    3    1    1    1     713
    2    1   81  261  142    0    9    1    1    1     973
    2    1   82  262  175    0   11    2    2    1     935
    2    1   83  263  363    0   23    3    3    1    1171
    2    1   84  264  182    1   12    2    3    0    2181
    2    1   85  265   74    0    5    1    1    1     414
    2    1   86  266  300    0   19    2    2    1     510
    2    1   87  267  143    0    9    1    2    0     889
    2    1   88  268  270    0   17    2    3    0     710
    2    1   89  269   56    1    4    1    1    1     811
    2    1   90  270   91    0    6    1    3    0     729
    2    1   91  271  448    1   28    3    3    1    1086
    2    1   92  272  173    0   11    2    2    1     659
    2    1   93  273  115    0    8    1    1    1    1114
    2    1   94  274  267    1   17    2    2    1     766
    2    1   95  275  293    0   19    2    2    1     816
    2    1   96  276   25    0    2    1    3    0     688
    2    1   97  277  130    0    9    1    1    1     741
    2    1   98  278  422    0   27    3    3    1     681
    2    1   99  279  269    1   17    2    3    0    2798
    2    1  100  280  320    0   20    2    2    1    1551
    2    1  101  281  446    0   28    3    3    1     752
    2    1  102  282  420    0   27    3    3    1     628
    2    1  103  283  366    0   23    3    3    1     587
    2    1  104  284  410    0   26    3    3    1    1204
    2    1  105  285  460    0   29    3    3    1    1366
    2    1  106  286  391    0   25    3    3    1     623
    2    1  107  287  260    0   17    2    2    1    1670
    2    1  108  288  425    0   27    3    3    1    1251
    2    1  109  289  273    0   18    2    2    1    2866
    2    1  110  290  414    0   26    3    3    1    1391
    2    1  111  291  151    0   10    1    3    0     680
    2    1  112  292   76    0    5    1    1    1     750
    2    1  113  293  302    0   19    2    2    1    1264
    2    1  114  294  277    0   18    2    3    0     686
    2    1  115  295   47    0    3    1    1    1     500
    2    1  116  296  373    0   24    3    1    0     753
    2    1  117  297  109    0    7    1    2    0    1331
    2    1  118  298  110    0    7    1    3    0    1038
    2    1  119  299  429    0   27    3    3    1     838
    2    1  120  300  301    0   19    2    2    1    1669
    2    1  121  301  216    1   14    2    2    1    2131
    2    1  122  302   43    0    3    1    1    1     815
    2    1  123  303  307    0   20    2    3    0    1214
    2    1  124  304  278    0   18    2    3    0     862
    2    1  125  305  231    0   15    2    1    0     846
    2    1  126  306   61    0    4    1    1    1    1243
    2    1  127  307  129    0    9    1    1    1     474
    2    1  128  308   79    0    5    1    1    1     712
    2    1  129  309   54    0    4    1    2    0    1019
    2    1  130  310  367    0   23    3    3    1     740
    2    1  131  311  364    0   23    3    1    0     678
    2    1  132  312  326    1   21    3    3    1     925
    2    1  133  313  397    0   25    3    3    1     617
    2    1  134  314  395    0   25    3    1    0     832
    2    1  135  315  342    0   22    3    3    1    1008
    2    1  136  316  287    0   18    2    2    1    2089
    2    1  137  317  409    1   26    3    2    0     774
    2    1  138  318  295    0   19    2    1    0    1943
    2    1  139  319  207    0   13    2    3    0     971
    2    1  140  320  201    1   13    2    1    0     693
    2    1  141  321  401    0   26    3    2    0     186
    2    1  142  322  398    0   25    3    3    1       8
    2    1  143  323  224    0   14    2    2    1    3661
    2    1  144  324  341    0   22    3    3    1    1882
    2    1  145  325  388    0   25    3    2    0    2432
    2    1  146  326   73    0    5    1    1    1     943
    2    1  147  327  203    0   13    2    3    0     698
    2    1  148  328  120    1    8    1    1    1     848
    2    1  149  329  125    0    8    1    2    0     622
    2    1  150  330  417    0   27    3    3    1     998
    2    1  151  331  305    0   20    2    3    0    2687
    2    1  152  332  214    0   14    2    3    0    1940
    2    1  153  333  101    0    7    1    1    1     791
    2    1  154  334  245    1   16    2    3    0    2200
    2    1  155  335  232    0   15    2    3    0    1104
    2    1  156  336   68    0    5    1    1    1     805
    2    1  157  337  190    0   12    2    3    0    2230
    2    1  158  338  259    0   17    2    3    0    1405
    2    1  159  339   80    1    5    1    3    0     629
    2    1  160  340  405    0   26    3    3    1    1261
    2    1  161  341  238    0   15    2    2    1    1514
    2    1  162  342  469    0   30    3    3    1     623
    2    1  163  343  144    0    9    1    2    0    1063
    2    1  164  344   17    0    2    1    2    0    1085
    2    1  165  345  165    0   11    2    1    0     738
    2    1  166  346  327    0   21    3    3    1     756
    2    1  167  347  384    0   24    3    1    0    1224
    2    1  168  348  323    0   21    3    3    1     776
    2    1  169  349  359    1   23    3    3    1    1274
    2    1  170  350  258    0   17    2    3    0     904
    2    1  171  351  106    0    7    1    3    0    1076
    2    1  172  352  148    0   10    1    2    0    1163
    2    1  173  353   49    1    4    1    1    1     605
    2    1  174  354  334    0   21    3    3    1     758
    2    1  175  355  261    0   17    2    3    0    1401
    2    1  176  356  369    0   24    3    1    0     801
    2    1  177  357  452    0   29    3    2    0    1138
    2    1  178  358  123    0    8    1    1    1     869
    2    1  179  359   94    0    6    1    3    0     692
    2    1  180  360    3    0    1    1    2    0    1769
    2    1  181  361   36    1    3    1    1    1     626
    2    1  182  362  468    0   30    3    3    1    1114
    2    1  183  363   66    1    5    1    1    1     767
    2    1  184  364  282    0   18    2    2    1    1440
    2    1  185  365  140    0    9    1    2    0    1048
    2    1  186  366  218    0   14    2    2    1    1806
    2    1  187  367  392    0   25    3    3    1    1766
    2    1  188  368  183    0   12    2    3    0    1410
    2    1  189  369  288    0   18    2    1    0    1993
    2    1  190  370  139    0    9    1    2    0    1162
    2    1  191  371   24    0    2    1    3    0     715
    2    1  192  372  205    0   13    2    1    0    1199
    2    1  193  373  426    0   27    3    3    1     847
    2    1  194  374  466    0   30    3    2    0    1663
    2    1  195  375    6    1    1    1    1    1     636
    2    1  196  376  453    0   29    3    3    1    1012
    2    1  197  377  457    0   29    3    3    1     972
    2    1  198  378  111    0    7    1    3    0     854
    2    1  199  379  321    0   21    3    3    1     709
    2    1  200  380  379    0   24    3    1    0    1402
    2    1  201  381  141    0    9    1    3    0    2530
    2    1  202  382  304    0   19    2    3    0    1133
    2    1  203  383  461    0   29    3    2    0    1232
    2    1  204  384  253    0   16    2    1    0    2080
    2    1  205  385  241    0   16    2    2    1    2045
    2    1  206  386  133    0    9    1    2    0    3787
    2    1  207  387  427    0   27    3    3    1     979
    2    1  208  388  465    1   30    3    3    1    2062
    2    1  209  389  474    0   30    3    3    1     971
    2    1  210  390  103    0    7    1    1    1     805
    2    1  211  391  108    0    7    1    1    1    1174
    2    1  212  392  154    0   10    1    1    1     616
    2    1  213  393  199    0   13    2    2    1     976
    2    1  214  394  370    0   24    3    2    0    1273
    2    1  215  395  254    0   16    2    1    0    1992
    2    1  216  396  412    0   26    3    3    1     648
    2    1  217  397   89    0    6    1    3    0     559
    2    1  218  398  396    1   25    3    2    0    1402
    2    1  219  399   72    0    5    1    1    1     754
    2    1  220  400  105    0    7    1    3    0     837
    2    1  221  401  291    0   19    2    3    0     612
    2    1  222  402  251    0   16    2    1    0    4683
    2    1  223  403  344    0   22    3    2    0    1872
    2    1  224  404   52    1    4    1    1    1     934
    2    1  225  405   62    0    4    1    2    0    1762
    2    1  226  406  383    0   24    3    1    0    1004
    2    1  227  407  353    1   23    3    3    1    1860
    2    1  228  408   92    0    6    1    3    0     698
    2    1  229  409  350    0   22    3    1    0    3311
    2    1  230  410  185    0   12    2    3    0     570
    2    1  231  411  374    0   24    3    2    0    2405
    2    1  232  412  399    0   25    3    3    1     693
    2    1  233  413   85    0    6    1    3    0     666
    2    1  234  414  462    0   29    3    3    1    2784
    2    1  235  415  428    0   27    3    3    1     738
    2    1  236  416   55    0    4    1    2    0     821
    2    1  237  417  127    0    8    1    1    1     422
    2    1  238  418  257    0   17    2    3    0     998
    2    1  239  419  328    0   21    3    3    1     766
    2    1  240  420  204    0   13    2    1    0    1553
    2    1  241  421  274    0   18    2    3    0     884
    2    1  242  422   21    0    2    1    2    0     577
    2    1  243  423   58    1    4    1    3    0     699
    2    1  244  424  178    0   12    2    3    0     768
    2    1  245  425  181    0   12    2    2    1    1314
    2    1  246  426  299    0   19    2    2    1    1870
    2    1  247  427  134    0    9    1    3    0     883
    2    1  248  428  471    1   30    3    2    0    3168
    2    1  249  429  194    0   13    2    1    0     594
    2    1  250  430  244    0   16    2    1    0     379
    2    1  251  431  265    0   17    2    1    0       0
    2    1  252  432  371    0   24    3    1    0    1633
    2    1  253  433  242    0   16    2    2    1    1856
    2    1  254  434  424    1   27    3    3    1    1031
    2    1  255  435  121    1    8    1    1    1    1248
    2    1  256  436  279    0   18    2    3    0    1198
    2    1  257  437  128    0    8    1    1    1    1198
    2    1  258  438  312    0   20    2    3    0     558
    2    1  259  439   48    0    3    1    1    1     441
    2    1  260  440   69    0    5    1    1    1     952
    2    1  261  441  107    0    7    1    3    0     866
    2    1  262  442  280    1   18    2    1    0     752
    2    1  263  443   13    0    1    1    2    0     401
    2    1  264  444  347    0   22    3    1    0     994
    2    1  265  445   84    0    6    1    3    0     667
    2    1  266  446  163    0   11    2    1    0     672
    2    1  267  447  349    0   22    3    2    0     839
    2    1  268  448  247    0   16    2    2    1    1463
    2    1  269  449  447    0   28    3    3    1    1180
    2    1  270  450  475    0   30    3    2    0    1549
    2    1  271  451   63    0    4    1    1    1     463
    2    1  272  452  150    0   10    1    3    0     429
    2    1  273  453   34    0    3    1    1    1     333
    2    1  274  454  316    0   20    2    3    0     928
    2    1  275  455  217    1   14    2    2    1     939
    2    1  276  456  281    0   18    2    3    0     998
    2    1  277  457  416    0   26    3    3    1     848
    2    1  278  458  225    0   15    2    1    0    1519
    2    1  279  459  137    0    9    1    3    0    1667
    2    1  280  460   27    0    2    1    2    0     640
    2    1  281  461   99    0    7    1    1    1    1016
    2    1  282  462  440    0   28    3    3    1    1567
    2    1  283  463  255    0   16    2    3    0     673
    2    1  284  464  402    0   26    3    3    1     600
    2    1  285  465  136    0    9    1    2    0     512
    2    1  286  466  157    0   10    1    2    0     845
    2    1  287  467  193    0   13    2    2    1     714
    2    1  288  468  246    0   16    2    2    1     478
    2    1  289  469  114    0    8    1    1    1     732
    2    1  290  470  180    0   12    2    3    0     895
    2    1  291  471  188    0   12    2    3    0     651
    2    1  292  472  145    0   10    1    2    0    1011
    2    1  293  473  345    0   22    3    3    1     555
    2    1  294  474  437    0   28    3    2    0     918
    2    1  295  475  389    0   25    3    3    1     834
    2    1  296  476  161    0   11    2    3    0    1521
    2    1  297  477  318    0   20    2    2    1     917
    2    1  298  478  215    0   14    2    3    0     609
    2    1  299  479  116    0    8    1    1    1     714
    2    1  300  480   22    0    2    1    3    0     798
