    1    1    1    1   16    1    1    1    2    0    4174
    1    1    2    2  201    1   13    2    2    1    2898
    1    1    3    3  212    1   14    2    3    0    1362
    1    1    4    4  276    1   18    2    2    1    2031
    1    1    5    5   49    1    4    1    1    1    1299
    1    1    6    6  406    1   26    3    3    1    1524
    1    1    7    7  353    1   23    3    2    0     987
    1    1    8    8  380    1   24    3    2    0    1704
    1    1    9    9  356    1   23    3    3    1    1017
    1    1   10   10  216    1   14    2    2    1    2885
    1    1   11   11  326    1   21    3    2    0    1063
    1    1   12   12   37    1    3    1    1    1     992
    1    1   13   13  272    1   17    2    2    1    2589
    1    1   14   14    4    1    1    1    1    1    1451
    1    1   15   15   36    1    3    1    1    1     805
    1    1   16   16  359    1   23    3    3    1     683
    1    1   17   17  424    1   27    3    2    0     708
    1    1   18   18   66    1    5    1    1    1     749
    1    1   19   19  411    1   26    3    3    1    2339
    1    1   20   20  117    1    8    1    1    1     827
    1    1   21   21  269    1   17    2    2    1     990
    1    1   22   22  280    1   18    2    3    0    1468
    1    1   23   23  409    1   26    3    3    1     614
    1    1   24   24   35    1    3    1    1    1     642
    1    1   25   25   58    1    4    1    1    1    2990
    1    1   26   26  120    1    8    1    1    1    1451
    1    1   27   27   56    1    4    1    1    1    1701
    1    1   28   28  448    1   28    3    2    0    2166
    1    1   29   29  271    1   17    2    2    1     980
    1    1   30   30  473    1   30    3    3    1    1329
    1    1   31   31  217    1   14    2    3    0    1520
    1    1   32   32   33    1    3    1    1    1     761
    1    1   33   33   52    1    4    1    1    1     912
    1    1   34   34   15    1    1    1    2    0    1568
    1    1   35   35  219    1   14    2    2    1     838
    1    1   36   36  396    1   25    3    3    1     889
    1    1   37   37  340    1   22    3    3    1    1163
    1    1   38   38  360    1   23    3    3    1     864
    1    1   39   39   71    1    5    1    1    1     611
    1    1   40   40  250    1   16    2    2    1     831
    1    1   41   41  289    1   19    2    2    1    1123
    1    1   42   42  252    1   16    2    2    1    1003
    1    1   43   43  164    1   11    2    1    0    1143
    1    1   44   44  479    1   30    3    3    1     927
    1    1   45   45  121    1    8    1    2    0    2319
    1    1   46   46  408    1   26    3    3    1     791
    1    1   47   47   53    1    4    1    1    1    4429
    1    1   48   48  245    1   16    2    3    0    2161
    1    1   49   49  240    1   15    2    2    1    1423
    1    1   50   50   80    1    5    1    1    1    1068
    1    1   51   51  266    1   17    2    2    1     805
    1    1   52   52  290    1   19    2    1    0    1337
    1    1   53   53    6    1    1    1    1    1     761
    1    1   54   54  387    1   25    3    3    1    1823
    1    1   55   55  182    1   12    2    2    1     540
    1    1   56   56  476    1   30    3    3    1     747
    1    1   57   57  267    1   17    2    2    1     721
    1    1   58   58  465    1   30    3    3    1     810
    1    1   59   59  471    1   30    3    3    1     558
    1    1   60   60   38    1    3    1    1    1     878
    1    2    1   61  217    1   14    2    2    1     832
    1    2    2   62  360    1   23    3    3    1    1699
    1    2    3   63  476    1   30    3    3    1     820
    1    2    4   64  120    1    8    1    1    1     744
    1    2    5   65  164    1   11    2    2    1    1519
    1    2    6   66  240    1   15    2    2    1    1623
    1    2    7   67  252    1   16    2    3    0    1419
    1    2    8   68  250    1   16    2    2    1    1143
    1    2    9   69   53    1    4    1    1    1    1390
    1    2   10   70  406    1   26    3    3    1     924
    1    2   11   71  245    1   16    2    3    0    1691
    1    2   12   72   38    1    3    1    1    1     733
    1    2   13   73  473    1   30    3    2    0     724
    1    2   14   74  267    1   17    2    2    1    1420
    1    2   15   75  408    1   26    3    3    1    1160
    1    2   16   76  380    1   24    3    3    1    2095
    1    2   17   77  272    1   17    2    2    1     576
    1    2   18   78   71    1    5    1    1    1     622
    1    2   19   79  326    1   21    3    2    0    3946
    1    2   20   80  121    1    8    1    2    0     977
    1    2   21   81  387    1   25    3    2    0    1567
    1    2   22   82  411    1   26    3    3    1     661
    1    2   23   83   66    1    5    1    1    1     688
    1    2   24   84  409    1   26    3    3    1     696
    1    2   25   85  289    1   19    2    2    1     801
    1    2   26   86   16    1    1    1    1    1    3718
    1    2   27   87  465    1   30    3    3    1    2966
    1    2   28   88   33    1    3    1    1    1    1268
    1    2   29   89   80    1    5    1    1    1     887
    1    2   30   90  353    1   23    3    3    1     904
    1    2   31   91  280    1   18    2    3    0    2696
    1    2   32   92   36    1    3    1    1    1     689
    1    2   33   93  219    1   14    2    2    1    1066
    1    2   34   94  396    1   25    3    2    0    1060
    1    2   35   95   56    1    4    1    1    1    1823
    1    2   36   96  212    1   14    2    3    0    2395
    1    2   37   97  448    1   28    3    1    0     880
    1    2   38   98  182    1   12    2    2    1     850
    1    2   39   99  216    1   14    2    2    1    1221
    1    2   40  100   58    1    4    1    1    1     889
    1    2   41  101  117    1    8    1    1    1     779
    1    2   42  102   49    1    4    1    1    1     688
    1    2   43  103  471    1   30    3    3    1     972
    1    2   44  104  424    1   27    3    3    1     568
    1    2   45  105  276    1   18    2    2    1     983
    1    2   46  106  201    1   13    2    2    1    1220
    1    2   47  107   15    1    1    1    1    1     728
    1    2   48  108  359    1   23    3    3    1     592
    1    2   49  109  290    1   19    2    1    0     588
    1    2   50  110  269    1   17    2    2    1     602
    1    2   51  111  266    1   17    2    2    1     662
    1    2   52  112   35    1    3    1    1    1    2113
    1    2   53  113  356    1   23    3    3    1    1169
    1    2   54  114  479    1   30    3    2    0     856
    1    2   55  115  271    1   17    2    2    1     602
    1    2   56  116   52    1    4    1    1    1     823
    1    2   57  117  340    1   22    3    1    0     826
    1    2   58  118    4    1    1    1    2    0    1854
    1    2   59  119    6    1    1    1    1    1     761
    1    2   60  120   37    1    3    1    3    0    2096
    1    3    1  121    4    1    1    1    1    1    1393
    1    3    2  122  411    1   26    3    3    1    1870
    1    3    3  123  217    1   14    2    2    1    1000
    1    3    4  124   36    1    3    1    1    1     869
    1    3    5  125  276    1   18    2    2    1    1463
    1    3    6  126   38    1    3    1    1    1     961
    1    3    7  127  271    1   17    2    2    1     704
    1    3    8  128  164    1   11    2    1    0    1577
    1    3    9  129  387    1   25    3    2    0    1103
    1    3   10  130  272    1   17    2    2    1     759
    1    3   11  131  120    1    8    1    1    1    1038
    1    3   12  132   33    1    3    1    1    1    1386
    1    3   13  133  359    1   23    3    3    1     999
    1    3   14  134  479    1   30    3    3    1    5684
    1    3   15  135  409    1   26    3    3    1     933
    1    3   16  136   80    1    5    1    1    1    1732
    1    3   17  137  424    1   27    3    3    1    1668
    1    3   18  138  360    1   23    3    3    1    1958
    1    3   19  139  117    1    8    1    1    1     829
    1    3   20  140  280    1   18    2    3    0    1137
    1    3   21  141  212    1   14    2    3    0    1768
    1    3   22  142  396    1   25    3    3    1     550
    1    3   23  143   16    1    1    1    1    1     933
    1    3   24  144   15    1    1    1    1    1    2852
    1    3   25  145  408    1   26    3    3    1    2151
    1    3   26  146  219    1   14    2    2    1    4534
    1    3   27  147  380    1   24    3    2    0    1909
    1    3   28  148  266    1   17    2    2    1    1309
    1    3   29  149  121    1    8    1    1    1    1214
    1    3   30  150  216    1   14    2    2    1    1281
    1    3   31  151   37    1    3    1    1    1     820
    1    3   32  152  476    1   30    3    2    0    1848
    1    3   33  153   53    1    4    1    1    1    1090
    1    3   34  154  252    1   16    2    2    1    1500
    1    3   35  155  250    1   16    2    1    0    1333
    1    3   36  156  406    1   26    3    2    0    1459
    1    3   37  157   35    1    3    1    1    1     670
    1    3   38  158  290    1   19    2    2    1    1544
    1    3   39  159  289    1   19    2    2    1     735
    1    3   40  160  356    1   23    3    3    1     759
    1    3   41  161  471    1   30    3    3    1     588
    1    3   42  162  182    1   12    2    2    1     795
    1    3   43  163  267    1   17    2    2    1     831
    1    3   44  164  240    1   15    2    2    1    1363
    1    3   45  165   52    1    4    1    1    1    1873
    1    3   46  166   49    1    4    1    1    1    1179
    1    3   47  167  340    1   22    3    3    1    2305
    1    3   48  168   71    1    5    1    1    1     745
    1    3   49  169   56    1    4    1    1    1    1601
    1    3   50  170    6    1    1    1    1    1     789
    1    3   51  171  353    1   23    3    3    1    1067
    1    3   52  172  269    1   17    2    2    1     821
    1    3   53  173  448    1   28    3    1    0     808
    1    3   54  174  465    1   30    3    3    1     781
    1    3   55  175   66    1    5    1    1    1     787
    1    3   56  176  326    1   21    3    1    0    2728
    1    3   57  177  245    1   16    2    2    1    1664
    1    3   58  178  201    1   13    2    2    1     851
    1    3   59  179  473    1   30    3    2    0    1350
    1    3   60  180   58    1    4    1    1    1     931
    2    1    1  181  103    0    7    1    1    1    4083
    2    1    2  182  458    0   29    3    2    0    4848
    2    1    3  183  284    0   18    2    3    0    1839
    2    1    4  184  106    0    7    1    1    1    1046
    2    1    5  185  125    0    8    1    1    1     637
    2    1    6  186   80    1    5    1    1    1    2228
    2    1    7  187  386    0   25    3    2    0    2636
    2    1    8  188  308    0   20    2    2    1     787
    2    1    9  189  425    0   27    3    3    1    1173
    2    1   10  190   84    0    6    1    3    0     887
    2    1   11  191  208    0   13    2    3    0    7477
    2    1   12  192  193    0   13    2    2    1    1615
    2    1   13  193  392    0   25    3    3    1    1262
    2    1   14  194  234    0   15    2    1    0     845
    2    1   15  195  162    0   11    2    1    0    1388
    2    1   16  196   20    0    2    1    3    0    1494
    2    1   17  197  227    0   15    2    3    0    1082
    2    1   18  198  255    0   16    2    2    1    1009
    2    1   19  199  363    0   23    3    3    1    1178
    2    1   20  200  423    0   27    3    3    1     956
    2    1   21  201  439    0   28    3    1    0     998
    2    1   22  202  387    1   25    3    2    0    1519
    2    1   23  203  100    0    7    1    1    1     707
    2    1   24  204  372    0   24    3    1    0    1368
    2    1   25  205  211    0   14    2    3    0    1762
    2    1   26  206  222    0   14    2    3    0    1084
    2    1   27  207  470    0   30    3    3    1    2465
    2    1   28  208   52    1    4    1    1    1     735
    2    1   29  209  462    0   29    3    3    1     867
    2    1   30  210  420    0   27    3    1    0     833
    2    1   31  211  133    0    9    1    2    0    1633
    2    1   32  212  316    0   20    2    2    1    3537
    2    1   33  213   55    0    4    1    1    1    1060
    2    1   34  214  353    1   23    3    3    1    1003
    2    1   35  215   94    0    6    1    3    0    1092
    2    1   36  216  292    0   19    2    1    0     856
    2    1   37  217  219    1   14    2    2    1    3528
    2    1   38  218  477    0   30    3    3    1    1115
    2    1   39  219  260    0   17    2    2    1    1472
    2    1   40  220    3    0    1    1    3    0    2022
    2    1   41  221  200    0   13    2    2    1    1173
    2    1   42  222   34    0    3    1    1    1    1288
    2    1   43  223  293    0   19    2    2    1    1493
    2    1   44  224  311    0   20    2    3    0     906
    2    1   45  225  212    1   14    2    3    0    1767
    2    1   46  226  475    0   30    3    2    0    1201
    2    1   47  227   73    0    5    1    1    1     689
    2    1   48  228  431    0   27    3    2    0    1976
    2    1   49  229  374    0   24    3    1    0    1466
    2    1   50  230  327    0   21    3    2    0    3343
    2    1   51  231  336    0   21    3    2    0    2875
    2    1   52  232  173    0   11    2    3    0    4041
    2    1   53  233  221    0   14    2    2    1    1113
    2    1   54  234  268    0   17    2    2    1    1470
    2    1   55  235  368    0   23    3    2    0    1235
    2    1   56  236   68    0    5    1    1    1    1251
    2    1   57  237  225    0   15    2    1    0    1440
    2    1   58  238  450    0   29    3    2    0    3209
    2    1   59  239    5    0    1    1    1    1    1210
    2    1   60  240  257    0   17    2    1    0    1243
    2    1   61  241  288    0   18    2    2    1    2313
    2    1   62  242   96    0    6    1    3    0     942
    2    1   63  243  239    0   15    2    1    0    2602
    2    1   64  244  247    0   16    2    2    1    1091
    2    1   65  245  369    0   24    3    1    0    1976
    2    1   66  246  471    1   30    3    3    1    3849
    2    1   67  247   54    0    4    1    1    1    1360
    2    1   68  248  250    1   16    2    2    1    1243
    2    1   69  249  468    0   30    3    3    1    1146
    2    1   70  250  259    0   17    2    2    1    1084
    2    1   71  251  343    0   22    3    1    0    1202
    2    1   72  252  270    0   17    2    2    1     627
    2    1   73  253  217    1   14    2    2    1     970
    2    1   74  254  198    0   13    2    3    0    2037
    2    1   75  255  185    0   12    2    3    0    2068
    2    1   76  256  457    0   29    3    3    1    5202
    2    1   77  257  154    0   10    1    1    1    1267
    2    1   78  258  333    0   21    3    1    0    1393
    2    1   79  259  233    0   15    2    1    0     891
    2    1   80  260  399    0   25    3    2    0    3065
    2    1   81  261  328    0   21    3    2    0    1342
    2    1   82  262  240    1   15    2    2    1    2506
    2    1   83  263  466    0   30    3    2    0    1030
    2    1   84  264  400    0   25    3    3    1     878
    2    1   85  265   43    0    3    1    1    1     620
    2    1   86  266  248    0   16    2    1    0     772
    2    1   87  267  410    0   26    3    3    1     694
    2    1   88  268  364    0   23    3    2    0    1579
    2    1   89  269  119    0    8    1    1    1     639
    2    1   90  270  325    0   21    3    2    0     997
    2    1   91  271  206    0   13    2    1    0     942
    2    1   92  272  317    0   20    2    2    1     827
    2    1   93  273   60    0    4    1    1    1     554
    2    1   94  274  349    0   22    3    2    0    1365
    2    1   95  275  232    0   15    2    1    0     639
    2    1   96  276  174    0   11    2    1    0     614
    2    1   97  277  201    1   13    2    2    1    1310
    2    1   98  278  424    1   27    3    3    1     875
    2    1   99  279  223    0   14    2    3    0     616
    2    1  100  280    1    0    1    1    3    0    3745
    2    1  101  281  263    0   17    2    2    1     957
    2    1  102  282  272    1   17    2    2    1    1543
    2    1  103  283  101    0    7    1    2    0    3595
    2    1  104  284  224    0   14    2    2    1    1484
    2    1  105  285  342    0   22    3    1    0     962
    2    1  106  286  402    0   26    3    2    0    1613
    2    1  107  287  315    0   20    2    2    1     716
    2    1  108  288   40    0    3    1    1    1     737
    2    1  109  289  441    0   28    3    1    0     612
    2    1  110  290  228    0   15    2    1    0     636
    2    1  111  291  231    0   15    2    2    1     932
    2    1  112  292  418    0   27    3    3    1    1327
    2    1  113  293   15    1    1    1    1    1     860
    2    1  114  294  411    1   26    3    2    0    2635
    2    1  115  295  131    0    9    1    3    0    4258
    2    1  116  296   35    1    3    1    1    1     617
    2    1  117  297  105    0    7    1    1    1     960
    2    1  118  298  280    1   18    2    3    0    2427
    2    1  119  299  209    0   14    2    3    0    1451
    2    1  120  300   50    0    4    1    3    0    1426
    2    1  121  301  283    0   18    2    2    1    5034
    2    1  122  302  435    0   28    3    1    0     866
    2    1  123  303   66    1    5    1    1    1     864
    2    1  124  304  130    0    9    1    2    0    2494
    2    1  125  305  104    0    7    1    1    1     987
    2    1  126  306  312    0   20    2    3    0    1347
    2    1  127  307  382    0   24    3    1    0     975
    2    1  128  308  164    1   11    2    2    1    1129
    2    1  129  309   79    0    5    1    1    1     668
    2    1  130  310  156    0   10    1    2    0    2467
    2    1  131  311  390    0   25    3    3    1    1153
    2    1  132  312  378    0   24    3    2    0    1299
    2    1  133  313   14    0    1    1    1    1     992
    2    1  134  314   22    0    2    1    3    0     762
    2    1  135  315  129    0    9    1    3    0    1548
    2    1  136  316   88    0    6    1    3    0     815
    2    1  137  317   23    0    2    1    3    0    1663
    2    1  138  318   77    0    5    1    1    1    1404
    2    1  139  319   91    0    6    1    3    0     901
    2    1  140  320  354    0   23    3    3    1     754
    2    1  141  321   46    0    3    1    1    1    2421
    2    1  142  322  306    0   20    2    2    1    1271
    2    1  143  323  447    0   28    3    1    0     676
    2    1  144  324  111    0    7    1    2    0    3818
    2    1  145  325   28    0    2    1    1    1    6834
    2    1  146  326  476    1   30    3    2    0     754
    2    1  147  327   97    0    7    1    1    1     724
    2    1  148  328   90    0    6    1    2    0    1336
    2    1  149  329  135    0    9    1    2    0    1412
    2    1  150  330   81    0    6    1    3    0     557
    2    1  151  331  332    0   21    3    2    0    1000
    2    1  152  332  151    0   10    1    2    0    2528
    2    1  153  333  351    0   22    3    1    0    2348
    2    1  154  334  295    0   19    2    1    0     654
    2    1  155  335   99    0    7    1    1    1    1414
    2    1  156  336  194    0   13    2    2    1     814
    2    1  157  337  187    0   12    2    2    1     701
    2    1  158  338  446    0   28    3    1    0     722
    2    1  159  339  109    0    7    1    3    0    2693
    2    1  160  340  108    0    7    1    2    0    1724
    2    1  161  341   45    0    3    1    1    1     728
    2    1  162  342  158    0   10    1    3    0     923
    2    1  163  343  421    0   27    3    2    0    4006
    2    1  164  344  230    0   15    2    1    0    3656
    2    1  165  345  361    0   23    3    3    1     951
    2    1  166  346  161    0   11    2    1    0    1314
    2    1  167  347   89    0    6    1    3    0    1021
    2    1  168  348   49    1    4    1    1    1    1094
    2    1  169  349  414    0   26    3    3    1    2347
    2    1  170  350  254    0   16    2    2    1    3181
    2    1  171  351  385    0   25    3    3    1    1006
    2    1  172  352  220    0   14    2    3    0     679
    2    1  173  353  452    0   29    3    3    1    1148
    2    1  174  354  237    0   15    2    1    0    1231
    2    1  175  355  271    1   17    2    2    1     687
    2    1  176  356  397    0   25    3    2    0    1220
    2    1  177  357  148    0   10    1    3    0     883
    2    1  178  358   53    1    4    1    1    1     833
    2    1  179  359   85    0    6    1    3    0    1073
    2    1  180  360  192    0   12    2    1    0    3094
    2    1  181  361  320    0   20    2    2    1    1676
    2    1  182  362  226    0   15    2    1    0    2314
    2    1  183  363   57    0    4    1    1    1    1182
    2    1  184  364  113    0    8    1    3    0    2160
    2    1  185  365   93    0    6    1    3    0    1642
    2    1  186  366  415    0   26    3    3    1    2362
    2    1  187  367  285    0   18    2    2    1    1548
    2    1  188  368  149    0   10    1    2    0    5055
    2    1  189  369  267    1   17    2    2    1    2054
    2    1  190  370  396    1   25    3    2    0    6229
    2    1  191  371  403    0   26    3    2    0    1164
    2    1  192  372  443    0   28    3    2    0    2655
    2    1  193  373  302    0   19    2    2    1     853
    2    1  194  374   11    0    1    1    2    0    1491
    2    1  195  375  323    0   21    3    2    0     809
    2    1  196  376  170    0   11    2    3    0    1434
    2    1  197  377   59    0    4    1    2    0     801
    2    1  198  378  112    0    7    1    1    1     722
    2    1  199  379  121    1    8    1    1    1    2310
    2    1  200  380  334    0   21    3    2    0     810
    2    1  201  381  286    0   18    2    1    0     828
    2    1  202  382  330    0   21    3    1    0     716
    2    1  203  383  216    1   14    2    1    0    1712
    2    1  204  384  166    0   11    2    1    0    1100
    2    1  205  385  428    0   27    3    3    1    1441
    2    1  206  386  252    1   16    2    2    1    1560
    2    1  207  387  281    0   18    2    1    0     875
    2    1  208  388   67    0    5    1    1    1     697
    2    1  209  389  265    0   17    2    2    1     846
    2    1  210  390  394    0   25    3    3    1    1373
    2    1  211  391    9    0    1    1    1    1    3079
    2    1  212  392   21    0    2    1    2    0     749
    2    1  213  393  117    1    8    1    1    1    1088
    2    1  214  394  290    1   19    2    2    1     997
    2    1  215  395   12    0    1    1    1    1     910
    2    1  216  396  384    0   24    3    1    0     602
    2    1  217  397  398    0   25    3    3    1    1669
    2    1  218  398   82    0    6    1    3    0    1250
    2    1  219  399  357    0   23    3    2    0    2017
    2    1  220  400  407    0   26    3    2    0     880
    2    1  221  401  118    0    8    1    1    1     718
    2    1  222  402  172    0   11    2    1    0     722
    2    1  223  403  123    0    8    1    1    1     885
    2    1  224  404   72    0    5    1    1    1     579
    2    1  225  405    4    1    1    1    1    1    2846
    2    1  226  406  242    0   16    2    2    1    1422
    2    1  227  407   29    0    2    1    3    0    1430
    2    1  228  408  422    0   27    3    3    1    1342
    2    1  229  409  294    0   19    2    1    0     889
    2    1  230  410  359    1   23    3    3    1     582
    2    1  231  411  438    0   28    3    1    0     575
    2    1  232  412   64    0    4    1    2    0    1002
    2    1  233  413  179    0   12    2    1    0     755
    2    1  234  414  326    1   21    3    3    1    2885
    2    1  235  415  413    0   26    3    3    1     626
    2    1  236  416  150    0   10    1    2    0    1162
    2    1  237  417  456    0   29    3    3    1     764
    2    1  238  418  218    0   14    2    2    1    1182
    2    1  239  419  338    0   22    3    1    0    4288
    2    1  240  420  195    0   13    2    2    1    2052
    2    1  241  421  279    0   18    2    3    0    1364
    2    1  242  422  472    0   30    3    3    1    1518
    2    1  243  423  196    0   13    2    2    1    1377
    2    1  244  424  146    0   10    1    1    1     987
    2    1  245  425  444    0   28    3    3    1    1254
    2    1  246  426   65    0    5    1    1    1     980
    2    1  247  427  251    0   16    2    3    0    1260
    2    1  248  428  245    1   16    2    3    0     699
    2    1  249  429  238    0   15    2    3    0    3888
    2    1  250  430  155    0   10    1    3    0    1046
    2    1  251  431  479    1   30    3    3    1    1117
    2    1  252  432  186    0   12    2    2    1    1521
    2    1  253  433  350    0   22    3    2    0    1045
    2    1  254  434   38    1    3    1    1    1     844
    2    1  255  435  427    0   27    3    2    0     875
    2    1  256  436  169    0   11    2    1    0    1754
    2    1  257  437  454    0   29    3    3    1    1412
    2    1  258  438  318    0   20    2    2    1     782
    2    1  259  439  264    0   17    2    2    1    1022
    2    1  260  440  289    1   19    2    2    1     695
    2    1  261  441   25    0    2    1    3    0    1052
    2    1  262  442  329    0   21    3    3    1     930
    2    1  263  443  304    0   19    2    2    1    1118
    2    1  264  444  249    0   16    2    1    0    1106
    2    1  265  445  432    0   27    3    3    1    1143
    2    1  266  446  448    1   28    3    1    0     650
    2    1  267  447  408    1   26    3    3    1    2082
    2    1  268  448  137    0    9    1    2    0    1950
    2    1  269  449  310    0   20    2    2    1     801
    2    1  270  450  305    0   20    2    3    0    1939
    2    1  271  451    8    0    1    1    3    0    1014
    2    1  272  452   95    0    6    1    3    0     638
    2    1  273  453  445    0   28    3    1    0     852
    2    1  274  454  175    0   11    2    3    0    1683
    2    1  275  455  246    0   16    2    3    0     721
    2    1  276  456  370    0   24    3    1    0    1045
    2    1  277  457  406    1   26    3    3    1     670
    2    1  278  458  116    0    8    1    1    1    2371
    2    1  279  459  139    0    9    1    3    0     916
    2    1  280  460   39    0    3    1    1    1     753
    2    1  281  461  345    0   22    3    3    1    1811
    2    1  282  462  303    0   19    2    2    1    1131
    2    1  283  463   69    0    5    1    1    1    1631
    2    1  284  464  356    1   23    3    3    1     639
    2    1  285  465   70    0    5    1    1    1     918
    2    1  286  466  324    0   21    3    3    1     690
    2    1  287  467  152    0   10    1    3    0     583
    2    1  288  468  371    0   24    3    1    0    1536
    2    1  289  469  114    0    8    1    1    1     628
    2    1  290  470  469    0   30    3    3    1     812
    2    1  291  471  275    0   18    2    1    0    1821
    2    1  292  472   42    0    3    1    1    1     805
    2    1  293  473  215    0   14    2    2    1    1637
    2    1  294  474  352    0   22    3    1    0    1077
    2    1  295  475   41    0    3    1    1    1     762
    2    1  296  476  229    0   15    2    1    0     670
    2    1  297  477   31    0    2    1    3    0    2260
    2    1  298  478  261    0   17    2    2    1    1066
    2    1  299  479    2    0    1    1    1    1    2017
    2    1  300  480  388    0   25    3    3    1    1088
