    1    1    1    1   37    1    3    1    1    1    3740
    1    1    2    2  387    1   25    3    2    0    1930
    1    1    3    3  411    1   26    3    3    1    2142
    1    1    4    4   52    1    4    1    1    1    1492
    1    1    5    5  408    1   26    3    3    1    2802
    1    1    6    6   16    1    1    1    2    0    1339
    1    1    7    7   71    1    5    1    1    1    1897
    1    1    8    8   38    1    3    1    1    1    1612
    1    1    9    9  409    1   26    3    3    1     646
    1    1   10   10  424    1   27    3    2    0    1329
    1    1   11   11  216    1   14    2    2    1    1239
    1    1   12   12  289    1   19    2    2    1    1116
    1    1   13   13  356    1   23    3    3    1     836
    1    1   14   14  465    1   30    3    3    1     826
    1    1   15   15   80    1    5    1    1    1     670
    1    1   16   16   53    1    4    1    1    1     876
    1    1   17   17  280    1   18    2    2    1     690
    1    1   18   18  267    1   17    2    1    0     844
    1    1   19   19  476    1   30    3    3    1    1116
    1    1   20   20  276    1   18    2    2    1    1078
    1    1   21   21  182    1   12    2    1    0     845
    1    1   22   22   56    1    4    1    3    0    1066
    1    1   23   23  121    1    8    1    2    0    1191
    1    1   24   24  353    1   23    3    3    1    1058
    1    1   25   25  269    1   17    2    2    1    1929
    1    1   26   26  245    1   16    2    2    1    1050
    1    1   27   27  396    1   25    3    3    1     803
    1    1   28   28  164    1   11    2    1    0     493
    1    1   29   29   58    1    4    1    1    1    1921
    1    1   30   30  473    1   30    3    2    0     683
    1    1   31   31   49    1    4    1    1    1     767
    1    1   32   32   35    1    3    1    1    1    1125
    1    1   33   33  479    1   30    3    2    0    1017
    1    1   34   34  240    1   15    2    2    1     804
    1    1   35   35  219    1   14    2    2    1    5539
    1    1   36   36  201    1   13    2    3    0     780
    1    1   37   37  380    1   24    3    1    0    1175
    1    1   38   38  212    1   14    2    3    0    1469
    1    1   39   39  359    1   23    3    2    0    1501
    1    1   40   40  290    1   19    2    1    0     729
    1    1   41   41  252    1   16    2    2    1     782
    1    1   42   42  266    1   17    2    3    0     906
    1    1   43   43  448    1   28    3    1    0    1017
    1    1   44   44    6    1    1    1    1    1     769
    1    1   45   45   33    1    3    1    3    0     957
    1    1   46   46  272    1   17    2    2    1    1538
    1    1   47   47  271    1   17    2    2    1     964
    1    1   48   48  471    1   30    3    3    1     807
    1    1   49   49  340    1   22    3    3    1    1321
    1    1   50   50  360    1   23    3    2    0    1485
    1    1   51   51    4    1    1    1    1    1    1028
    1    1   52   52  326    1   21    3    3    1    1859
    1    1   53   53  250    1   16    2    2    1    1905
    1    1   54   54  406    1   26    3    3    1    1151
    1    1   55   55   36    1    3    1    1    1    1144
    1    1   56   56   15    1    1    1    1    1    2493
    1    1   57   57  120    1    8    1    1    1    1770
    1    1   58   58  217    1   14    2    2    1    1543
    1    1   59   59  117    1    8    1    1    1    1683
    1    1   60   60   66    1    5    1    3    0    1954
    1    2    1   61  245    1   16    2    2    1    1486
    1    2    2   62  280    1   18    2    2    1    1761
    1    2    3   63    6    1    1    1    1    1     966
    1    2    4   64  387    1   25    3    3    1     785
    1    2    5   65  380    1   24    3    3    1    1520
    1    2    6   66  406    1   26    3    3    1    1557
    1    2    7   67  409    1   26    3    3    1    1376
    1    2    8   68  360    1   23    3    3    1    1500
    1    2    9   69  276    1   18    2    3    0    1196
    1    2   10   70  219    1   14    2    2    1    1426
    1    2   11   71   56    1    4    1    1    1     798
    1    2   12   72  120    1    8    1    1    1     848
    1    2   13   73  250    1   16    2    2    1     838
    1    2   14   74  289    1   19    2    2    1    1137
    1    2   15   75   53    1    4    1    1    1     729
    1    2   16   76  117    1    8    1    1    1     991
    1    2   17   77  217    1   14    2    2    1     796
    1    2   18   78  164    1   11    2    2    1    1086
    1    2   19   79   15    1    1    1    1    1     861
    1    2   20   80  424    1   27    3    3    1     933
    1    2   21   81   52    1    4    1    1    1     832
    1    2   22   82  359    1   23    3    3    1    1543
    1    2   23   83  267    1   17    2    1    0     694
    1    2   24   84  353    1   23    3    3    1     868
    1    2   25   85  271    1   17    2    2    1    1090
    1    2   26   86  396    1   25    3    3    1     973
    1    2   27   87  326    1   21    3    1    0     921
    1    2   28   88  356    1   23    3    3    1     831
    1    2   29   89  340    1   22    3    3    1    1461
    1    2   30   90  471    1   30    3    3    1     706
    1    2   31   91   36    1    3    1    1    1     840
    1    2   32   92   16    1    1    1    1    1     780
    1    2   33   93  272    1   17    2    2    1    1009
    1    2   34   94  269    1   17    2    2    1     630
    1    2   35   95  411    1   26    3    3    1     878
    1    2   36   96   33    1    3    1    1    1     684
    1    2   37   97  448    1   28    3    1    0     988
    1    2   38   98    4    1    1    1    1    1    1500
    1    2   39   99  182    1   12    2    2    1     824
    1    2   40  100   49    1    4    1    1    1     815
    1    2   41  101  212    1   14    2    3    0    1365
    1    2   42  102  290    1   19    2    1    0     975
    1    2   43  103  473    1   30    3    3    1    1018
    1    2   44  104  266    1   17    2    2    1    1071
    1    2   45  105   71    1    5    1    1    1     699
    1    2   46  106   38    1    3    1    1    1    1431
    1    2   47  107  479    1   30    3    2    0     717
    1    2   48  108  465    1   30    3    2    0     665
    1    2   49  109  408    1   26    3    3    1    1741
    1    2   50  110  476    1   30    3    3    1     818
    1    2   51  111  216    1   14    2    1    0     696
    1    2   52  112   80    1    5    1    1    1     690
    1    2   53  113  121    1    8    1    1    1     712
    1    2   54  114   66    1    5    1    1    1     723
    1    2   55  115  240    1   15    2    3    0    1796
    1    2   56  116  201    1   13    2    2    1     715
    1    2   57  117   35    1    3    1    1    1     919
    1    2   58  118   58    1    4    1    1    1    1031
    1    2   59  119   37    1    3    1    1    1     820
    1    2   60  120  252    1   16    2    2    1     582
    1    3    1  121  245    1   16    2    2    1    1146
    1    3    2  122   71    1    5    1    1    1     647
    1    3    3  123   53    1    4    1    1    1     932
    1    3    4  124  217    1   14    2    2    1     843
    1    3    5  125  360    1   23    3    3    1     742
    1    3    6  126   33    1    3    1    1    1     677
    1    3    7  127  471    1   30    3    3    1     950
    1    3    8  128   56    1    4    1    1    1     616
    1    3    9  129  290    1   19    2    2    1    2460
    1    3   10  130  120    1    8    1    1    1     700
    1    3   11  131  182    1   12    2    2    1     601
    1    3   12  132  201    1   13    2    2    1     575
    1    3   13  133  266    1   17    2    2    1     856
    1    3   14  134  121    1    8    1    1    1     797
    1    3   15  135  117    1    8    1    2    0     765
    1    3   16  136  280    1   18    2    2    1    1061
    1    3   17  137  276    1   18    2    2    1     987
    1    3   18  138  409    1   26    3    3    1     744
    1    3   19  139  326    1   21    3    3    1    1431
    1    3   20  140  396    1   25    3    3    1    1656
    1    3   21  141  272    1   17    2    2    1    1338
    1    3   22  142  408    1   26    3    2    0    1090
    1    3   23  143  269    1   17    2    2    1    1496
    1    3   24  144   52    1    4    1    1    1    1010
    1    3   25  145   66    1    5    1    1    1    1213
    1    3   26  146  359    1   23    3    3    1    1280
    1    3   27  147  380    1   24    3    3    1    2105
    1    3   28  148  387    1   25    3    2    0    1912
    1    3   29  149  289    1   19    2    2    1    1367
    1    3   30  150  252    1   16    2    2    1    1217
    1    3   31  151  411    1   26    3    3    1    1415
    1    3   32  152  250    1   16    2    2    1    1341
    1    3   33  153  356    1   23    3    2    0    1386
    1    3   34  154   49    1    4    1    1    1    1737
    1    3   35  155  448    1   28    3    3    1    1929
    1    3   36  156  219    1   14    2    2    1    1359
    1    3   37  157   16    1    1    1    1    1    1378
    1    3   38  158   80    1    5    1    1    1    1751
    1    3   39  159   37    1    3    1    1    1    1724
    1    3   40  160  212    1   14    2    2    1    1832
    1    3   41  161  476    1   30    3    3    1    1440
    1    3   42  162  353    1   23    3    2    0    1495
    1    3   43  163  406    1   26    3    3    1    2328
    1    3   44  164   58    1    4    1    1    1    1271
    1    3   45  165   35    1    3    1    1    1    1149
    1    3   46  166  479    1   30    3    2    0    1159
    1    3   47  167    6    1    1    1    1    1    2595
    1    3   48  168  164    1   11    2    2    1    2284
    1    3   49  169  216    1   14    2    2    1    1409
    1    3   50  170  271    1   17    2    2    1    1387
    1    3   51  171  267    1   17    2    2    1     999
    1    3   52  172  465    1   30    3    3    1    2649
    1    3   53  173   36    1    3    1    1    1    1478
    1    3   54  174   38    1    3    1    1    1    1134
    1    3   55  175    4    1    1    1    1    1    2091
    1    3   56  176  473    1   30    3    3    1    1789
    1    3   57  177   15    1    1    1    1    1    1288
    1    3   58  178  240    1   15    2    2    1    2022
    1    3   59  179  424    1   27    3    2    0    1812
    1    3   60  180  340    1   22    3    3    1    2132
    2    1    1  181  230    0   15    2    2    1    3021
    2    1    2  182   40    0    3    1    1    1     731
    2    1    3  183  174    0   11    2    1    0     746
    2    1    4  184  259    0   17    2    3    0    1558
    2    1    5  185  315    0   20    2    3    0    2761
    2    1    6  186  123    0    8    1    1    1     685
    2    1    7  187  408    1   26    3    3    1    1617
    2    1    8  188   20    0    2    1    1    1    1139
    2    1    9  189  313    0   20    2    2    1     960
    2    1   10  190  224    0   14    2    3    0    2007
    2    1   11  191   68    0    5    1    1    1     579
    2    1   12  192   52    1    4    1    1    1     743
    2    1   13  193  116    0    8    1    1    1     630
    2    1   14  194  248    0   16    2    2    1     775
    2    1   15  195  302    0   19    2    2    1     825
    2    1   16  196  472    0   30    3    3    1     786
    2    1   17  197   89    0    6    1    3    0    1135
    2    1   18  198  226    0   15    2    3    0    2564
    2    1   19  199  350    0   22    3    2    0    1685
    2    1   20  200  125    0    8    1    1    1    1702
    2    1   21  201  266    1   17    2    2    1    1127
    2    1   22  202  267    1   17    2    1    0    1551
    2    1   23  203  204    0   13    2    2    1    1093
    2    1   24  204  122    0    8    1    1    1     747
    2    1   25  205  132    0    9    1    1    1    2878
    2    1   26  206  105    0    7    1    1    1     923
    2    1   27  207  340    1   22    3    3    1     696
    2    1   28  208  371    0   24    3    1    0    1215
    2    1   29  209  135    0    9    1    1    1     691
    2    1   30  210  325    0   21    3    3    1    1513
    2    1   31  211  216    1   14    2    2    1     957
    2    1   32  212  379    0   24    3    3    1     803
    2    1   33  213  145    0   10    1    1    1    1992
    2    1   34  214    8    0    1    1    3    0    3308
    2    1   35  215    5    0    1    1    3    0    2715
    2    1   36  216  373    0   24    3    3    1     803
    2    1   37  217  360    1   23    3    3    1     819
    2    1   38  218  130    0    9    1    1    1     774
    2    1   39  219  330    0   21    3    3    1    2790
    2    1   40  220  289    1   19    2    2    1    1580
    2    1   41  221  474    0   30    3    3    1    1281
    2    1   42  222  421    0   27    3    1    0    1270
    2    1   43  223   13    0    1    1    1    1    1179
    2    1   44  224  118    0    8    1    1    1     810
    2    1   45  225   83    0    6    1    3    0    1059
    2    1   46  226  221    0   14    2    2    1    1179
    2    1   47  227  388    0   25    3    3    1    1576
    2    1   48  228  240    1   15    2    2    1    1090
    2    1   49  229  394    0   25    3    3    1    2681
    2    1   50  230  355    0   23    3    3    1    1111
    2    1   51  231  265    0   17    2    2    1    1608
    2    1   52  232  213    0   14    2    3    0    2486
    2    1   53  233  351    0   22    3    3    1     967
    2    1   54  234   51    0    4    1    1    1    1067
    2    1   55  235  468    0   30    3    3    1     798
    2    1   56  236  181    0   12    2    3    0    1231
    2    1   57  237  448    1   28    3    3    1     910
    2    1   58  238  133    0    9    1    1    1     806
    2    1   59  239  268    0   17    2    2    1     803
    2    1   60  240  357    0   23    3    3    1     818
    2    1   61  241  477    0   30    3    3    1     976
    2    1   62  242  400    0   25    3    3    1    1471
    2    1   63  243  220    0   14    2    2    1    1075
    2    1   64  244  154    0   10    1    1    1     695
    2    1   65  245  262    0   17    2    2    1     784
    2    1   66  246  436    0   28    3    3    1    2018
    2    1   67  247  252    1   16    2    2    1    1324
    2    1   68  248  103    0    7    1    3    0     845
    2    1   69  249  228    0   15    2    2    1     804
    2    1   70  250   10    0    1    1    3    0    2413
    2    1   71  251  358    0   23    3    3    1    2107
    2    1   72  252  260    0   17    2    2    1     947
    2    1   73  253  194    0   13    2    2    1    1072
    2    1   74  254  319    0   20    2    3    0     945
    2    1   75  255  385    0   25    3    3    1    1040
    2    1   76  256  297    0   19    2    1    0    1183
    2    1   77  257  155    0   10    1    3    0     821
    2    1   78  258   34    0    3    1    1    1     818
    2    1   79  259  169    0   11    2    1    0     886
    2    1   80  260  109    0    7    1    3    0     918
    2    1   81  261  140    0    9    1    3    0    2361
    2    1   82  262  359    1   23    3    3    1     790
    2    1   83  263  367    0   23    3    2    0    2219
    2    1   84  264  153    0   10    1    1    1     839
    2    1   85  265   29    0    2    1    3    0    1283
    2    1   86  266  108    0    7    1    3    0    2277
    2    1   87  267  198    0   13    2    2    1     504
    2    1   88  268  444    0   28    3    3    1     822
    2    1   89  269  280    1   18    2    2    1     811
    2    1   90  270  288    0   18    2    3    0     976
    2    1   91  271  452    0   29    3    3    1     806
    2    1   92  272  247    0   16    2    2    1     740
    2    1   93  273  450    0   29    3    3    1     674
    2    1   94  274   30    0    2    1    1    1    1018
    2    1   95  275  409    1   26    3    2    0     748
    2    1   96  276   82    0    6    1    3    0     868
    2    1   97  277  329    0   21    3    3    1     693
    2    1   98  278  134    0    9    1    1    1     811
    2    1   99  279  390    0   25    3    3    1    1362
    2    1  100  280  334    0   21    3    3    1    1152
    2    1  101  281  164    1   11    2    2    1     923
    2    1  102  282  185    0   12    2    3    0     737
    2    1  103  283  209    0   14    2    3    0    2553
    2    1  104  284  455    0   29    3    2    0     770
    2    1  105  285  389    0   25    3    2    0     856
    2    1  106  286  242    0   16    2    2    1    1572
    2    1  107  287   23    0    2    1    1    1    1396
    2    1  108  288  129    0    9    1    1    1    1294
    2    1  109  289   71    1    5    1    1    1     656
    2    1  110  290  454    0   29    3    2    0     946
    2    1  111  291   67    0    5    1    3    0    1425
    2    1  112  292  137    0    9    1    1    1     941
    2    1  113  293  399    0   25    3    3    1    2376
    2    1  114  294  191    0   12    2    3    0    1408
    2    1  115  295  364    0   23    3    2    0    1669
    2    1  116  296   15    1    1    1    1    1    1204
    2    1  117  297  402    0   26    3    2    0     860
    2    1  118  298  225    0   15    2    3    0    1353
    2    1  119  299   86    0    6    1    2    0    2131
    2    1  120  300  269    1   17    2    2    1     803
    2    1  121  301  131    0    9    1    1    1    1426
    2    1  122  302  420    0   27    3    2    0    4303
    2    1  123  303  207    0   13    2    2    1    1726
    2    1  124  304  471    1   30    3    3    1    1317
    2    1  125  305  149    0   10    1    1    1    1126
    2    1  126  306   76    0    5    1    1    1     769
    2    1  127  307   73    0    5    1    1    1     700
    2    1  128  308  405    0   26    3    3    1    1102
    2    1  129  309  188    0   12    2    3    0    2266
    2    1  130  310   41    0    3    1    1    1     668
    2    1  131  311    1    0    1    1    1    1     676
    2    1  132  312  393    0   25    3    2    0    3468
    2    1  133  313  431    0   27    3    2    0     986
    2    1  134  314   19    0    2    1    1    1    1307
    2    1  135  315  168    0   11    2    3    0    1663
    2    1  136  316  189    0   12    2    3    0    1439
    2    1  137  317   33    1    3    1    1    1    1855
    2    1  138  318  206    0   13    2    2    1     989
    2    1  139  319  126    0    8    1    1    1    1322
    2    1  140  320  237    0   15    2    2    1    1185
    2    1  141  321   50    0    4    1    3    0    2292
    2    1  142  322  283    0   18    2    3    0    1917
    2    1  143  323  415    0   26    3    3    1    1660
    2    1  144  324   56    1    4    1    1    1    1460
    2    1  145  325  177    0   12    2    3    0     705
    2    1  146  326  120    1    8    1    1    1    1009
    2    1  147  327  363    0   23    3    3    1    1050
    2    1  148  328   39    0    3    1    1    1     932
    2    1  149  329  458    0   29    3    3    1     705
    2    1  150  330  341    0   22    3    3    1    1066
    2    1  151  331   54    0    4    1    2    0    1499
    2    1  152  332  166    0   11    2    3    0    1894
    2    1  153  333   88    0    6    1    3    0     670
    2    1  154  334  473    1   30    3    3    1     773
    2    1  155  335  449    0   29    3    2    0     933
    2    1  156  336  376    0   24    3    3    1     823
    2    1  157  337    6    1    1    1    1    1    1156
    2    1  158  338  136    0    9    1    1    1    1242
    2    1  159  339  233    0   15    2    3    0     990
    2    1  160  340   58    1    4    1    1    1    2625
    2    1  161  341   24    0    2    1    3    0     628
    2    1  162  342  381    0   24    3    3    1     777
    2    1  163  343  362    0   23    3    3    1    1833
    2    1  164  344  227    0   15    2    2    1     230
    2    1  165  345  346    0   22    3    3    1    2166
    2    1  166  346   27    0    2    1    1    1    2736
    2    1  167  347  101    0    7    1    3    0    2351
    2    1  168  348  316    0   20    2    2    1    1290
    2    1  169  349  264    0   17    2    2    1     885
    2    1  170  350  214    0   14    2    3    0    1798
    2    1  171  351  479    1   30    3    3    1    1183
    2    1  172  352  451    0   29    3    2    0    1010
    2    1  173  353   87    0    6    1    2    0     920
    2    1  174  354  270    0   17    2    2    1     607
    2    1  175  355  201    1   13    2    2    1     544
    2    1  176  356  158    0   10    1    3    0    1812
    2    1  177  357  173    0   11    2    1    0    2162
    2    1  178  358  212    1   14    2    2    1    1813
    2    1  179  359  246    0   16    2    2    1     736
    2    1  180  360  217    1   14    2    2    1     655
    2    1  181  361  299    0   19    2    3    0    1247
    2    1  182  362  244    0   16    2    2    1     717
    2    1  183  363  152    0   10    1    3    0    1574
    2    1  184  364   21    0    2    1    3    0     952
    2    1  185  365  305    0   20    2    3    0    1794
    2    1  186  366  234    0   15    2    3    0    1175
    2    1  187  367   97    0    7    1    1    1    2785
    2    1  188  368   84    0    6    1    3    0    1043
    2    1  189  369    3    0    1    1    3    0    1424
    2    1  190  370  279    0   18    2    2    1     917
    2    1  191  371   75    0    5    1    1    1    1395
    2    1  192  372  382    0   24    3    2    0     992
    2    1  193  373  128    0    8    1    2    0     847
    2    1  194  374  286    0   18    2    2    1     951
    2    1  195  375  337    0   22    3    3    1     975
    2    1  196  376  411    1   26    3    2    0     931
    2    1  197  377  410    0   26    3    3    1    1599
    2    1  198  378  232    0   15    2    3    0    1106
    2    1  199  379  435    0   28    3    3    1    2886
    2    1  200  380  301    0   19    2    2    1    1082
    2    1  201  381  310    0   20    2    3    0     720
    2    1  202  382  308    0   20    2    2    1     569
    2    1  203  383  403    0   26    3    2    0    1423
    2    1  204  384  274    0   18    2    2    1     616
    2    1  205  385  426    0   27    3    3    1     980
    2    1  206  386  231    0   15    2    2    1     656
    2    1  207  387  304    0   19    2    3    0     836
    2    1  208  388  398    0   25    3    3    1    1322
    2    1  209  389  372    0   24    3    3    1     963
    2    1  210  390  336    0   21    3    3    1     942
    2    1  211  391  115    0    8    1    1    1    1676
    2    1  212  392  157    0   10    1    1    1    4792
    2    1  213  393  167    0   11    2    1    0     838
    2    1  214  394  156    0   10    1    1    1     654
    2    1  215  395  391    0   25    3    2    0    2376
    2    1  216  396  416    0   26    3    3    1    1368
    2    1  217  397   72    0    5    1    1    1     569
    2    1  218  398  236    0   15    2    2    1     598
    2    1  219  399  457    0   29    3    2    0     938
    2    1  220  400   16    1    1    1    1    1     653
    2    1  221  401  171    0   11    2    1    0    2729
    2    1  222  402   65    0    5    1    1    1     838
    2    1  223  403  465    1   30    3    2    0    1113
    2    1  224  404  196    0   13    2    2    1     850
    2    1  225  405  160    0   10    1    1    1     977
    2    1  226  406  361    0   23    3    3    1     773
    2    1  227  407   74    0    5    1    1    1     877
    2    1  228  408  208    0   13    2    2    1     704
    2    1  229  409   48    0    3    1    1    1     646
    2    1  230  410  309    0   20    2    3    0    1003
    2    1  231  411  425    0   27    3    3    1     933
    2    1  232  412  172    0   11    2    1    0     671
    2    1  233  413  311    0   20    2    3    0    1479
    2    1  234  414   36    1    3    1    1    1    4960
    2    1  235  415  281    0   18    2    3    0    2211
    2    1  236  416  294    0   19    2    3    0    3641
    2    1  237  417  127    0    8    1    1    1     965
    2    1  238  418  253    0   16    2    2    1     788
    2    1  239  419  163    0   11    2    3    0     854
    2    1  240  420  461    0   29    3    2    0     668
    2    1  241  421  422    0   27    3    3    1     612
    2    1  242  422   49    1    4    1    1    1    1066
    2    1  243  423  223    0   14    2    3    0     596
    2    1  244  424   26    0    2    1    2    0     541
    2    1  245  425  175    0   11    2    3    0     973
    2    1  246  426  442    0   28    3    3    1     611
    2    1  247  427  292    0   19    2    1    0    1184
    2    1  248  428  392    0   25    3    1    0     955
    2    1  249  429  298    0   19    2    1    0    1217
    2    1  250  430  478    0   30    3    3    1    1168
    2    1  251  431  306    0   20    2    2    1     827
    2    1  252  432   98    0    7    1    1    1     691
    2    1  253  433   80    1    5    1    1    1     601
    2    1  254  434   32    0    2    1    3    0     628
    2    1  255  435  287    0   18    2    3    0    2572
    2    1  256  436  161    0   11    2    1    0    1464
    2    1  257  437  418    0   27    3    2    0    1896
    2    1  258  438   17    0    2    1    3    0    2787
    2    1  259  439   22    0    2    1    3    0     666
    2    1  260  440  114    0    8    1    1    1     640
    2    1  261  441  343    0   22    3    3    1    1142
    2    1  262  442  466    0   30    3    2    0    1794
    2    1  263  443  369    0   24    3    1    0     905
    2    1  264  444  257    0   17    2    1    0    1688
    2    1  265  445  397    0   25    3    3    1     775
    2    1  266  446  338    0   22    3    3    1    2099
    2    1  267  447   53    1    4    1    1    1    3081
    2    1  268  448   42    0    3    1    1    1     689
    2    1  269  449  380    1   24    3    3    1     951
    2    1  270  450  249    0   16    2    2    1     744
    2    1  271  451  200    0   13    2    2    1     728
    2    1  272  452   99    0    7    1    3    0    1890
    2    1  273  453  441    0   28    3    3    1     670
    2    1  274  454   12    0    1    1    1    1    1117
    2    1  275  455   96    0    6    1    3    0     650
    2    1  276  456  273    0   18    2    2    1    1114
    2    1  277  457  199    0   13    2    2    1     944
    2    1  278  458   14    0    1    1    3    0     716
    2    1  279  459  107    0    7    1    3    0     770
    2    1  280  460  100    0    7    1    1    1     588
    2    1  281  461  285    0   18    2    3    0    1537
    2    1  282  462   77    0    5    1    1    1     787
    2    1  283  463  368    0   23    3    3    1    3340
    2    1  284  464  205    0   13    2    2    1     759
    2    1  285  465  256    0   16    2    2    1    1222
    2    1  286  466  347    0   22    3    3    1     765
    2    1  287  467  186    0   12    2    3    0     890
    2    1  288  468  440    0   28    3    3    1    1080
    2    1  289  469  110    0    7    1    2    0    1971
    2    1  290  470  276    1   18    2    3    0    1217
    2    1  291  471  296    0   19    2    2    1    1047
    2    1  292  472  121    1    8    1    1    1    1169
    2    1  293  473  106    0    7    1    2    0     952
    2    1  294  474  193    0   13    2    2    1     714
    2    1  295  475  476    1   30    3    3    1     645
    2    1  296  476  345    0   22    3    3    1    1044
    2    1  297  477   63    0    4    1    1    1    1020
    2    1  298  478  434    0   28    3    3    1     648
    2    1  299  479   81    0    6    1    3    0     892
    2    1  300  480    9    0    1    1    1    1    1659
