    1    1    1    1   52    1    4    1    2    0    4554
    1    1    2    2  252    1   16    2    3    0    3367
    1    1    3    3  387    1   25    3    3    1    2308
    1    1    4    4   80    1    5    1    1    1    1381
    1    1    5    5  411    1   26    3    3    1    1655
    1    1    6    6  266    1   17    2    2    1    1628
    1    1    7    7  201    1   13    2    2    1    1848
    1    1    8    8   16    1    1    1    1    1    1618
    1    1    9    9  267    1   17    2    2    1    3332
    1    1   10   10  471    1   30    3    3    1    1432
    1    1   11   11   71    1    5    1    1    1    2180
    1    1   12   12  276    1   18    2    2    1    3608
    1    1   13   13  476    1   30    3    3    1    1579
    1    1   14   14  353    1   23    3    1    0    2834
    1    1   15   15  479    1   30    3    3    1    1588
    1    1   16   16   53    1    4    1    1    1    1334
    1    1   17   17  271    1   17    2    2    1     963
    1    1   18   18  473    1   30    3    3    1    2858
    1    1   19   19  448    1   28    3    1    0    3146
    1    1   20   20  182    1   12    2    2    1    1246
    1    1   21   21  212    1   14    2    3    0    1737
    1    1   22   22  120    1    8    1    1    1    1192
    1    1   23   23  424    1   27    3    1    0    3320
    1    1   24   24   58    1    4    1    1    1    1254
    1    1   25   25   38    1    3    1    1    1    1192
    1    1   26   26  356    1   23    3    2    0    2438
    1    1   27   27  408    1   26    3    3    1    1408
    1    1   28   28  219    1   14    2    1    0     742
    1    1   29   29  289    1   19    2    2    1    1081
    1    1   30   30   66    1    5    1    1    1     706
    1    1   31   31  245    1   16    2    3    0     821
    1    1   32   32  250    1   16    2    2    1     604
    1    1   33   33   37    1    3    1    1    1     732
    1    1   34   34   15    1    1    1    1    1    1427
    1    1   35   35    6    1    1    1    1    1     648
    1    1   36   36  272    1   17    2    2    1    1065
    1    1   37   37  380    1   24    3    3    1     983
    1    1   38   38  117    1    8    1    1    1    1417
    1    1   39   39  240    1   15    2    3    0     788
    1    1   40   40  409    1   26    3    3    1     703
    1    1   41   41  269    1   17    2    2    1     542
    1    1   42   42   56    1    4    1    1    1    1009
    1    1   43   43  280    1   18    2    2    1     531
    1    1   44   44   33    1    3    1    1    1     450
    1    1   45   45  465    1   30    3    2    0     838
    1    1   46   46  406    1   26    3    3    1     769
    1    1   47   47  326    1   21    3    1    0    1423
    1    1   48   48   49    1    4    1    1    1     749
    1    1   49   49   36    1    3    1    1    1     524
    1    1   50   50  360    1   23    3    3    1     940
    1    1   51   51  121    1    8    1    1    1     525
    1    1   52   52    4    1    1    1    1    1     699
    1    1   53   53  359    1   23    3    3    1     618
    1    1   54   54  396    1   25    3    3    1     664
    1    1   55   55  217    1   14    2    3    0       0
    1    1   56   56  290    1   19    2    1    0     790
    1    1   57   57  340    1   22    3    3    1    1166
    1    1   58   58  216    1   14    2    1    0    1034
    1    1   59   59  164    1   11    2    3    0     560
    1    1   60   60   35    1    3    1    1    1     556
    1    2    1   61  271    1   17    2    2    1    1058
    1    2    2   62   33    1    3    1    1    1     565
    1    2    3   63   37    1    3    1    1    1     599
    1    2    4   64  276    1   18    2    3    0     818
    1    2    5   65  240    1   15    2    3    0     810
    1    2    6   66  219    1   14    2    2    1     506
    1    2    7   67   80    1    5    1    1    1     519
    1    2    8   68  387    1   25    3    2    0     706
    1    2    9   69  340    1   22    3    3    1     697
    1    2   10   70   53    1    4    1    1    1     522
    1    2   11   71   15    1    1    1    1    1     905
    1    2   12   72  396    1   25    3    3    1     544
    1    2   13   73  473    1   30    3    3    1     578
    1    2   14   74  290    1   19    2    1    0     794
    1    2   15   75  408    1   26    3    3    1     754
    1    2   16   76   38    1    3    1    1    1     609
    1    2   17   77  245    1   16    2    2    1     452
    1    2   18   78  280    1   18    2    3    0     728
    1    2   19   79   49    1    4    1    1    1     915
    1    2   20   80   66    1    5    1    1    1     573
    1    2   21   81   71    1    5    1    1    1     868
    1    2   22   82  121    1    8    1    1    1     617
    1    2   23   83  409    1   26    3    3    1     598
    1    2   24   84  448    1   28    3    1    0     578
    1    2   25   85  360    1   23    3    2    0     680
    1    2   26   86   35    1    3    1    1    1     610
    1    2   27   87   16    1    1    1    1    1     681
    1    2   28   88  267    1   17    2    2    1     859
    1    2   29   89  471    1   30    3    3    1     540
    1    2   30   90  411    1   26    3    3    1     471
    1    2   31   91  353    1   23    3    2    0     568
    1    2   32   92  120    1    8    1    1    1     758
    1    2   33   93  164    1   11    2    2    1     484
    1    2   34   94  201    1   13    2    2    1     539
    1    2   35   95  476    1   30    3    3    1     556
    1    2   36   96  250    1   16    2    1    0     521
    1    2   37   97  406    1   26    3    3    1     689
    1    2   38   98  465    1   30    3    3    1     625
    1    2   39   99  269    1   17    2    2    1     498
    1    2   40  100   56    1    4    1    1    1     795
    1    2   41  101    4    1    1    1    1    1     937
    1    2   42  102   58    1    4    1    1    1     799
    1    2   43  103  479    1   30    3    2    0     647
    1    2   44  104  117    1    8    1    1    1     519
    1    2   45  105   52    1    4    1    2    0     893
    1    2   46  106  272    1   17    2    3    0    1465
    1    2   47  107   36    1    3    1    1    1     551
    1    2   48  108  182    1   12    2    2    1     530
    1    2   49  109  289    1   19    2    3    0    1083
    1    2   50  110  380    1   24    3    3    1     625
    1    2   51  111  326    1   21    3    2    0     521
    1    2   52  112  212    1   14    2    3    0     835
    1    2   53  113  252    1   16    2    2    1    2047
    1    2   54  114  359    1   23    3    3    1     705
    1    2   55  115    6    1    1    1    1    1     658
    1    2   56  116  217    1   14    2    2    1    1441
    1    2   57  117  356    1   23    3    3    1    1873
    1    2   58  118  266    1   17    2    2    1     659
    1    2   59  119  216    1   14    2    1    0    1567
    1    2   60  120  424    1   27    3    2    0    1705
    1    3    1  121  353    1   23    3    3    1     969
    1    3    2  122  356    1   23    3    3    1    2506
    1    3    3  123  387    1   25    3    2    0    1806
    1    3    4  124  266    1   17    2    2    1    1233
    1    3    5  125   80    1    5    1    1    1     652
    1    3    6  126  465    1   30    3    2    0     985
    1    3    7  127  216    1   14    2    2    1    2100
    1    3    8  128   37    1    3    1    1    1     645
    1    3    9  129  280    1   18    2    2    1     923
    1    3   10  130  219    1   14    2    3    0    1053
    1    3   11  131  396    1   25    3    3    1     929
    1    3   12  132  120    1    8    1    1    1     664
    1    3   13  133  267    1   17    2    2    1     754
    1    3   14  134  473    1   30    3    3    1     807
    1    3   15  135  164    1   11    2    2    1    1339
    1    3   16  136  269    1   17    2    2    1    1026
    1    3   17  137  380    1   24    3    3    1    1107
    1    3   18  138   36    1    3    1    1    1     772
    1    3   19  139  182    1   12    2    2    1     553
    1    3   20  140  448    1   28    3    3    1     914
    1    3   21  141  424    1   27    3    3    1     512
    1    3   22  142   33    1    3    1    1    1    1033
    1    3   23  143   38    1    3    1    1    1    1404
    1    3   24  144  340    1   22    3    3    1    1380
    1    3   25  145  276    1   18    2    3    0    1244
    1    3   26  146   58    1    4    1    1    1     557
    1    3   27  147    4    1    1    1    1    1     885
    1    3   28  148  326    1   21    3    2    0    1444
    1    3   29  149  272    1   17    2    2    1     957
    1    3   30  150  359    1   23    3    3    1    1014
    1    3   31  151  406    1   26    3    3    1    1071
    1    3   32  152   35    1    3    1    1    1     699
    1    3   33  153  290    1   19    2    1    0    1017
    1    3   34  154  212    1   14    2    3    0    1330
    1    3   35  155  240    1   15    2    3    0    1142
    1    3   36  156  117    1    8    1    1    1    1364
    1    3   37  157    6    1    1    1    1    1     690
    1    3   38  158  479    1   30    3    3    1     905
    1    3   39  159  360    1   23    3    3    1     795
    1    3   40  160  411    1   26    3    3    1     633
    1    3   41  161  289    1   19    2    2    1     748
    1    3   42  162   66    1    5    1    1    1     639
    1    3   43  163   49    1    4    1    1    1     969
    1    3   44  164  217    1   14    2    2    1     781
    1    3   45  165  252    1   16    2    2    1     589
    1    3   46  166  201    1   13    2    2    1     610
    1    3   47  167  476    1   30    3    3    1     646
    1    3   48  168  409    1   26    3    3    1     593
    1    3   49  169  471    1   30    3    3    1     793
    1    3   50  170   56    1    4    1    1    1    1044
    1    3   51  171  250    1   16    2    2    1    2181
    1    3   52  172   52    1    4    1    1    1     735
    1    3   53  173  408    1   26    3    3    1    1103
    1    3   54  174   53    1    4    1    1    1    1006
    1    3   55  175   71    1    5    1    1    1     714
    1    3   56  176  121    1    8    1    1    1     895
    1    3   57  177  271    1   17    2    2    1     756
    1    3   58  178   15    1    1    1    1    1    2065
    1    3   59  179   16    1    1    1    1    1     704
    1    3   60  180  245    1   16    2    2    1    1247
    2    1    1  181  400    0   25    3    3    1    1123
    2    1    2  182  341    0   22    3    1    0     693
    2    1    3  183  458    0   29    3    3    1     590
    2    1    4  184  348    0   22    3    1    0     591
    2    1    5  185  412    0   26    3    3    1    1035
    2    1    6  186  316    0   20    2    2    1    1161
    2    1    7  187  157    0   10    1    1    1     592
    2    1    8  188  252    1   16    2    2    1     586
    2    1    9  189  323    0   21    3    2    0     755
    2    1   10  190  186    0   12    2    2    1    1210
    2    1   11  191  477    0   30    3    3    1     612
    2    1   12  192  324    0   21    3    2    0     724
    2    1   13  193  156    0   10    1    1    1     427
    2    1   14  194  434    0   28    3    2    0    1368
    2    1   15  195  297    0   19    2    1    0    1165
    2    1   16  196  445    0   28    3    3    1     805
    2    1   17  197   90    0    6    1    2    0    1683
    2    1   18  198  467    0   30    3    3    1     601
    2    1   19  199  355    0   23    3    3    1     556
    2    1   20  200  282    0   18    2    2    1    2471
    2    1   21  201   12    0    1    1    1    1     584
    2    1   22  202  431    0   27    3    2    0     656
    2    1   23  203  438    0   28    3    2    0    1712
    2    1   24  204  465    1   30    3    3    1     697
    2    1   25  205  119    0    8    1    1    1     582
    2    1   26  206   83    0    6    1    1    1    2090
    2    1   27  207  457    0   29    3    3    1     614
    2    1   28  208  160    0   10    1    3    0    1627
    2    1   29  209  240    1   15    2    2    1    1460
    2    1   30  210  145    0   10    1    1    1     868
    2    1   31  211   55    0    4    1    1    1     681
    2    1   32  212  464    0   29    3    3    1     663
    2    1   33  213   71    1    5    1    1    1     613
    2    1   34  214   80    1    5    1    1    1    2533
    2    1   35  215  180    0   12    2    1    0    1522
    2    1   36  216  200    0   13    2    2    1     788
    2    1   37  217  476    1   30    3    3    1     664
    2    1   38  218  112    0    7    1    2    0    1834
    2    1   39  219  260    0   17    2    2    1    1078
    2    1   40  220   95    0    6    1    1    1     804
    2    1   41  221    2    0    1    1    1    1     557
    2    1   42  222   79    0    5    1    1    1     522
    2    1   43  223   36    1    3    1    1    1     500
    2    1   44  224  216    1   14    2    2    1    2282
    2    1   45  225  454    0   29    3    2    0     626
    2    1   46  226  110    0    7    1    1    1     985
    2    1   47  227  207    0   13    2    3    0     536
    2    1   48  228   84    0    6    1    1    1     663
    2    1   49  229  367    0   23    3    2    0     820
    2    1   50  230  111    0    7    1    2    0     977
    2    1   51  231   92    0    6    1    1    1     818
    2    1   52  232  295    0   19    2    1    0     609
    2    1   53  233   18    0    2    1    3    0     583
    2    1   54  234  170    0   11    2    1    0     774
    2    1   55  235   59    0    4    1    3    0    2072
    2    1   56  236  221    0   14    2    2    1     948
    2    1   57  237  405    0   26    3    3    1    1162
    2    1   58  238  265    0   17    2    2    1    1942
    2    1   59  239  183    0   12    2    1    0     637
    2    1   60  240  336    0   21    3    1    0     635
    2    1   61  241  360    1   23    3    3    1     749
    2    1   62  242  373    0   24    3    1    0     857
    2    1   63  243  149    0   10    1    3    0    1373
    2    1   64  244  474    0   30    3    3    1     801
    2    1   65  245  314    0   20    2    2    1     802
    2    1   66  246  421    0   27    3    2    0    1054
    2    1   67  247  279    0   18    2    2    1    1635
    2    1   68  248   39    0    3    1    1    1     595
    2    1   69  249  305    0   20    2    3    0    1605
    2    1   70  250   34    0    3    1    1    1     584
    2    1   71  251  359    1   23    3    3    1    3741
    2    1   72  252  136    0    9    1    3    0    2377
    2    1   73  253   56    1    4    1    3    0    1396
    2    1   74  254    9    0    1    1    1    1     763
    2    1   75  255  271    1   17    2    2    1     499
    2    1   76  256   15    1    1    1    1    1     704
    2    1   77  257  139    0    9    1    1    1    1704
    2    1   78  258   57    0    4    1    1    1    1424
    2    1   79  259  387    1   25    3    2    0    1581
    2    1   80  260  151    0   10    1    2    0     555
    2    1   81  261  162    0   11    2    3    0    2752
    2    1   82  262  302    0   19    2    2    1     540
    2    1   83  263  220    0   14    2    2    1     867
    2    1   84  264  344    0   22    3    1    0    1149
    2    1   85  265  101    0    7    1    1    1     706
    2    1   86  266  140    0    9    1    3    0    1672
    2    1   87  267  146    0   10    1    1    1     551
    2    1   88  268  165    0   11    2    1    0     572
    2    1   89  269  448    1   28    3    3    1     814
    2    1   90  270  459    0   29    3    3    1    1043
    2    1   91  271   26    0    2    1    2    0    1661
    2    1   92  272  328    0   21    3    1    0     458
    2    1   93  273  307    0   20    2    3    0     707
    2    1   94  274  199    0   13    2    2    1     598
    2    1   95  275  382    0   24    3    1    0    3106
    2    1   96  276   49    1    4    1    2    0    1248
    2    1   97  277  109    0    7    1    1    1     654
    2    1   98  278  310    0   20    2    2    1     592
    2    1   99  279  432    0   27    3    3    1     639
    2    1  100  280   77    0    5    1    1    1     712
    2    1  101  281  284    0   18    2    2    1     663
    2    1  102  282    7    0    1    1    1    1     500
    2    1  103  283  245    1   16    2    2    1     671
    2    1  104  284  272    1   17    2    2    1     753
    2    1  105  285  399    0   25    3    3    1    1340
    2    1  106  286  423    0   27    3    3    1     625
    2    1  107  287  317    0   20    2    2    1     702
    2    1  108  288  232    0   15    2    1    0    1314
    2    1  109  289  472    0   30    3    3    1     763
    2    1  110  290  433    0   28    3    2    0     748
    2    1  111  291   32    0    2    1    1    1    1114
    2    1  112  292  311    0   20    2    3    0     943
    2    1  113  293  366    0   23    3    3    1     676
    2    1  114  294  471    1   30    3    3    1     667
    2    1  115  295  468    0   30    3    3    1     493
    2    1  116  296  463    0   29    3    3    1     595
    2    1  117  297  281    0   18    2    1    0     996
    2    1  118  298  407    0   26    3    2    0     860
    2    1  119  299  358    0   23    3    3    1    1049
    2    1  120  300   35    1    3    1    1    1     587
    2    1  121  301  380    1   24    3    3    1    1525
    2    1  122  302  143    0    9    1    1    1    1590
    2    1  123  303  204    0   13    2    2    1     618
    2    1  124  304  187    0   12    2    2    1     541
    2    1  125  305  202    0   13    2    2    1     523
    2    1  126  306  352    0   22    3    2    0     896
    2    1  127  307  413    0   26    3    3    1     627
    2    1  128  308  127    0    8    1    1    1     821
    2    1  129  309  289    1   19    2    2    1     722
    2    1  130  310   46    0    3    1    1    1     566
    2    1  131  311  185    0   12    2    1    0    1078
    2    1  132  312  177    0   12    2    1    0     642
    2    1  133  313  256    0   16    2    2    1     604
    2    1  134  314  168    0   11    2    1    0     542
    2    1  135  315  435    0   28    3    3    1    1641
    2    1  136  316  388    0   25    3    3    1     699
    2    1  137  317  238    0   15    2    3    0    1682
    2    1  138  318   29    0    2    1    1    1     855
    2    1  139  319  318    0   20    2    3    0    2287
    2    1  140  320  345    0   22    3    1    0    1142
    2    1  141  321  293    0   19    2    2    1     590
    2    1  142  322  326    1   21    3    3    1    1582
    2    1  143  323  184    0   12    2    1    0     796
    2    1  144  324   98    0    7    1    1    1     633
    2    1  145  325  129    0    9    1    1    1     863
    2    1  146  326    6    1    1    1    1    1     774
    2    1  147  327   87    0    6    1    2    0     924
    2    1  148  328  158    0   10    1    1    1     685
    2    1  149  329  346    0   22    3    1    0     509
    2    1  150  330   74    0    5    1    1    1     443
    2    1  151  331  225    0   15    2    1    0     355
    2    1  152  332  255    0   16    2    2    1     679
    2    1  153  333   45    0    3    1    1    1     604
    2    1  154  334  231    0   15    2    2    1     603
    2    1  155  335  262    0   17    2    2    1    1162
    2    1  156  336  342    0   22    3    2    0     950
    2    1  157  337  339    0   22    3    1    0     598
    2    1  158  338  361    0   23    3    3    1     805
    2    1  159  339  363    0   23    3    1    0     864
    2    1  160  340  134    0    9    1    1    1    1841
    2    1  161  341  334    0   21    3    1    0     605
    2    1  162  342  406    1   26    3    3    1     763
    2    1  163  343  372    0   24    3    1    0    1266
    2    1  164  344   66    1    5    1    1    1     922
    2    1  165  345  106    0    7    1    2    0    1519
    2    1  166  346  228    0   15    2    3    0     760
    2    1  167  347  369    0   24    3    3    1    1053
    2    1  168  348  108    0    7    1    1    1     821
    2    1  169  349   30    0    2    1    3    0     870
    2    1  170  350   88    0    6    1    1    1     647
    2    1  171  351  444    0   28    3    3    1     722
    2    1  172  352  456    0   29    3    3    1     679
    2    1  173  353   47    0    3    1    1    1     605
    2    1  174  354   11    0    1    1    1    1    1184
    2    1  175  355   85    0    6    1    1    1     627
    2    1  176  356  264    0   17    2    2    1     607
    2    1  177  357  371    0   24    3    1    0     898
    2    1  178  358  141    0    9    1    3    0    1237
    2    1  179  359  294    0   19    2    1    0     977
    2    1  180  360  270    0   17    2    2    1     660
    2    1  181  361  453    0   29    3    2    0    1609
    2    1  182  362   69    0    5    1    1    1    1371
    2    1  183  363  353    1   23    3    2    0     710
    2    1  184  364  340    1   22    3    1    0     801
    2    1  185  365  424    1   27    3    3    1    1415
    2    1  186  366  402    0   26    3    2    0    1189
    2    1  187  367  137    0    9    1    1    1     806
    2    1  188  368  116    0    8    1    1    1     751
    2    1  189  369  219    1   14    2    1    0     930
    2    1  190  370  138    0    9    1    1    1     636
    2    1  191  371  277    0   18    2    3    0    1758
    2    1  192  372   61    0    4    1    2    0    1989
    2    1  193  373   60    0    4    1    2    0    1726
    2    1  194  374  211    0   14    2    2    1     997
    2    1  195  375   89    0    6    1    1    1     647
    2    1  196  376  437    0   28    3    3    1     778
    2    1  197  377  278    0   18    2    2    1     907
    2    1  198  378  250    1   16    2    2    1     681
    2    1  199  379  478    0   30    3    3    1     733
    2    1  200  380  335    0   21    3    2    0    1474
    2    1  201  381  357    0   23    3    3    1     837
    2    1  202  382  257    0   17    2    1    0     919
    2    1  203  383  300    0   19    2    1    0    1195
    2    1  204  384  167    0   11    2    1    0    1004
    2    1  205  385   38    1    3    1    1    1     588
    2    1  206  386  397    0   25    3    3    1     635
    2    1  207  387  451    0   29    3    2    0     605
    2    1  208  388  123    0    8    1    1    1     549
    2    1  209  389  392    0   25    3    1    0     963
    2    1  210  390   70    0    5    1    2    0     449
    2    1  211  391  446    0   28    3    3    1     671
    2    1  212  392  247    0   16    2    2    1     627
    2    1  213  393  182    1   12    2    2    1     916
    2    1  214  394   68    0    5    1    1    1     806
    2    1  215  395  338    0   22    3    1    0     949
    2    1  216  396  131    0    9    1    1    1     930
    2    1  217  397   53    1    4    1    2    0    2125
    2    1  218  398   93    0    6    1    1    1     679
    2    1  219  399  246    0   16    2    2    1     632
    2    1  220  400   65    0    5    1    1    1     655
    2    1  221  401  266    1   17    2    2    1     527
    2    1  222  402  235    0   15    2    3    0     737
    2    1  223  403  192    0   12    2    1    0     679
    2    1  224  404  480    0   30    3    3    1     860
    2    1  225  405  248    0   16    2    2    1     417
    2    1  226  406  325    0   21    3    3    1    1285
    2    1  227  407  403    0   26    3    3    1     873
    2    1  228  408  226    0   15    2    3    0     811
    2    1  229  409  409    1   26    3    3    1     698
    2    1  230  410  130    0    9    1    1    1     719
    2    1  231  411  462    0   29    3    3    1     592
    2    1  232  412  117    1    8    1    1    1     613
    2    1  233  413   37    1    3    1    1    1     548
    2    1  234  414  426    0   27    3    1    0     629
    2    1  235  415  191    0   12    2    1    0    1443
    2    1  236  416   17    0    2    1    3    0     902
    2    1  237  417  155    0   10    1    3    0     697
    2    1  238  418  374    0   24    3    2    0     731
    2    1  239  419   41    0    3    1    1    1     705
    2    1  240  420   24    0    2    1    3    0     813
    2    1  241  421   63    0    4    1    1    1     636
    2    1  242  422  176    0   11    2    1    0    1044
    2    1  243  423  390    0   25    3    3    1     816
    2    1  244  424  178    0   12    2    1    0     763
    2    1  245  425   97    0    7    1    1    1     592
    2    1  246  426   76    0    5    1    1    1     514
    2    1  247  427   23    0    2    1    1    1     753
    2    1  248  428  144    0    9    1    1    1    1020
    2    1  249  429   51    0    4    1    1    1     608
    2    1  250  430  419    0   27    3    3    1     764
    2    1  251  431   44    0    3    1    1    1    1036
    2    1  252  432  253    0   16    2    2    1     578
    2    1  253  433  291    0   19    2    1    0    2113
    2    1  254  434  206    0   13    2    2    1     634
    2    1  255  435   27    0    2    1    1    1     672
    2    1  256  436    4    1    1    1    1    1     651
    2    1  257  437  194    0   13    2    2    1     667
    2    1  258  438   73    0    5    1    1    1     832
    2    1  259  439  114    0    8    1    1    1     639
    2    1  260  440  173    0   11    2    3    0    1053
    2    1  261  441  408    1   26    3    3    1     784
    2    1  262  442  122    0    8    1    1    1     666
    2    1  263  443  259    0   17    2    2    1    2346
    2    1  264  444  386    0   25    3    3    1    1486
    2    1  265  445  190    0   12    2    1    0    1465
    2    1  266  446  452    0   29    3    3    1     683
    2    1  267  447  280    1   18    2    3    0     663
    2    1  268  448  337    0   22    3    2    0    1046
    2    1  269  449  124    0    8    1    1    1     778
    2    1  270  450  466    0   30    3    3    1    1118
    2    1  271  451  148    0   10    1    3    0     576
    2    1  272  452   13    0    1    1    1    1     837
    2    1  273  453  470    0   30    3    2    0     552
    2    1  274  454  427    0   27    3    3    1     673
    2    1  275  455  214    0   14    2    3    0     709
    2    1  276  456  315    0   20    2    3    0     644
    2    1  277  457  447    0   28    3    2    0     795
    2    1  278  458  308    0   20    2    2    1     906
    2    1  279  459  460    0   29    3    2    0    1617
    2    1  280  460  164    1   11    2    2    1    1164
    2    1  281  461  383    0   24    3    1    0     613
    2    1  282  462  224    0   14    2    2    1    1470
    2    1  283  463  420    0   27    3    2    0    1300
    2    1  284  464  254    0   16    2    2    1    1021
    2    1  285  465  290    1   19    2    1    0    4512
    2    1  286  466  330    0   21    3    1    0    1258
    2    1  287  467  469    0   30    3    2    0    1072
    2    1  288  468  217    1   14    2    2    1     862
    2    1  289  469  263    0   17    2    2    1    1620
    2    1  290  470   19    0    2    1    1    1     564
    2    1  291  471  439    0   28    3    3    1     594
    2    1  292  472  288    0   18    2    3    0    1975
    2    1  293  473  286    0   18    2    3    0    2305
    2    1  294  474   91    0    6    1    1    1     697
    2    1  295  475  283    0   18    2    3    0    1168
    2    1  296  476  132    0    9    1    1    1     695
    2    1  297  477   52    1    4    1    1    1     922
    2    1  298  478  379    0   24    3    1    0     842
    2    1  299  479   96    0    6    1    1    1     755
    2    1  300  480  233    0   15    2    3    0    2368
