    1    1    1    1  355    1   23    3    2    0    7724
    1    1    2    2  446    1   28    3    1    0    4349
    1    1    3    3  229    1   15    2    2    1    3156
    1    1    4    4  186    1   12    2    1    0    2219
    1    1    5    5  306    1   20    2    2    1    2193
    1    1    6    6  297    1   19    2    3    0    2964
    1    1    7    7  293    1   19    2    2    1    4514
    1    1    8    8  170    1   11    2    1    0    2586
    1    1    9    9  146    1   10    1    3    0    5212
    1    1   10   10  308    1   20    2    2    1    4103
    1    1   11   11  413    1   26    3    2    0    2867
    1    1   12   12  115    1    8    1    1    1    3147
    1    1   13   13   55    1    4    1    1    1    2591
    1    1   14   14  106    1    7    1    2    0    2683
    1    1   15   15  465    1   30    3    2    0    2197
    1    1   16   16  241    1   16    2    2    1    1963
    1    1   17   17  455    1   29    3    3    1    2108
    1    1   18   18  376    1   24    3    1    0    2459
    1    1   19   19   16    1    1    1    3    0    2934
    1    1   20   20   85    1    6    1    2    0    4110
    1    1   21   21  330    1   21    3    2    0    3593
    1    1   22   22  279    1   18    2    2    1    3221
    1    1   23   23  471    1   30    3    2    0    2469
    1    1   24   24    7    1    1    1    1    1    1543
    1    1   25   25  397    1   25    3    3    1    4130
    1    1   26   26  339    1   22    3    1    0    1808
    1    1   27   27  250    1   16    2    2    1    1996
    1    1   28   28   40    1    3    1    1    1    1463
    1    1   29   29  125    1    8    1    1    1    1848
    1    1   30   30  148    1   10    1    3    0    2110
    1    1   31   31  278    1   18    2    2    1    3400
    1    1   32   32   72    1    5    1    1    1    1545
    1    1   33   33  190    1   12    2    2    1    3573
    1    1   34   34  420    1   27    3    3    1    4244
    1    1   35   35   17    1    2    1    3    0    1913
    1    1   36   36  267    1   17    2    2    1    1498
    1    1   37   37  381    1   24    3    1    0    1903
    1    1   38   38  111    1    7    1    2    0    1594
    1    1   39   39  423    1   27    3    2    0    3433
    1    1   40   40  203    1   13    2    2    1    1226
    1    1   41   41  135    1    9    1    1    1    1264
    1    1   42   42  443    1   28    3    2    0    2553
    1    1   43   43  195    1   13    2    1    0    3517
    1    1   44   44   73    1    5    1    1    1    1672
    1    1   45   45   31    1    2    1    1    1    1706
    1    1   46   46  395    1   25    3    1    0    1460
    1    1   47   47  337    1   22    3    1    0    7817
    1    1   48   48  215    1   14    2    2    1    3730
    1    1   49   49  238    1   15    2    3    0     979
    1    1   50   50  327    1   21    3    2    0    1088
    1    1   51   51  272    1   17    2    3    0    2345
    1    1   52   52  163    1   11    2    1    0    2210
    1    1   53   53  456    1   29    3    3    1     993
    1    1   54   54  359    1   23    3    3    1    1084
    1    1   55   55   96    1    6    1    2    0    1514
    1    1   56   56   34    1    3    1    1    1     862
    1    1   57   57  136    1    9    1    1    1     654
    1    1   58   58  224    1   14    2    2    1    1409
    1    1   59   59   62    1    4    1    2    0    1339
    1    1   60   60  405    1   26    3    3    1    2152
    1    2    1   61  446    1   28    3    3    1    2706
    1    2    2   62  148    1   10    1    1    1    1234
    1    2    3   63   31    1    2    1    1    1    1399
    1    2    4   64  420    1   27    3    3    1    1166
    1    2    5   65  267    1   17    2    2    1     886
    1    2    6   66  456    1   29    3    3    1    1027
    1    2    7   67  308    1   20    2    2    1     931
    1    2    8   68  423    1   27    3    3    1    3857
    1    2    9   69   62    1    4    1    1    1    1220
    1    2   10   70   40    1    3    1    1    1    1103
    1    2   11   71  395    1   25    3    1    0     995
    1    2   12   72  279    1   18    2    2    1    2772
    1    2   13   73  241    1   16    2    2    1     968
    1    2   14   74  115    1    8    1    1    1     947
    1    2   15   75  111    1    7    1    1    1    2102
    1    2   16   76  376    1   24    3    1    0    1118
    1    2   17   77    7    1    1    1    1    1    1164
    1    2   18   78  397    1   25    3    2    0    1522
    1    2   19   79  443    1   28    3    3    1    1204
    1    2   20   80   16    1    1    1    1    1     993
    1    2   21   81  339    1   22    3    3    1    2168
    1    2   22   82  136    1    9    1    1    1     966
    1    2   23   83   72    1    5    1    1    1    1866
    1    2   24   84  238    1   15    2    2    1    1823
    1    2   25   85  170    1   11    2    1    0     963
    1    2   26   86  297    1   19    2    2    1    1901
    1    2   27   87  250    1   16    2    2    1    1214
    1    2   28   88  381    1   24    3    3    1    2191
    1    2   29   89  190    1   12    2    2    1    2393
    1    2   30   90  413    1   26    3    3    1    1142
    1    2   31   91  330    1   21    3    2    0    5215
    1    2   32   92  278    1   18    2    2    1    1266
    1    2   33   93  405    1   26    3    3    1     992
    1    2   34   94   17    1    2    1    3    0    3454
    1    2   35   95  337    1   22    3    1    0    2294
    1    2   36   96  135    1    9    1    1    1    1087
    1    2   37   97  465    1   30    3    2    0    2460
    1    2   38   98  224    1   14    2    3    0    2964
    1    2   39   99  306    1   20    2    2    1    1080
    1    2   40  100  293    1   19    2    2    1    2489
    1    2   41  101  359    1   23    3    3    1    2019
    1    2   42  102  203    1   13    2    2    1     853
    1    2   43  103  229    1   15    2    3    0    1099
    1    2   44  104  471    1   30    3    2    0    3840
    1    2   45  105  455    1   29    3    3    1    2163
    1    2   46  106  106    1    7    1    2    0    3168
    1    2   47  107   96    1    6    1    1    1    3887
    1    2   48  108  327    1   21    3    2    0    1911
    1    2   49  109  125    1    8    1    1    1    1539
    1    2   50  110  215    1   14    2    1    0    1616
    1    2   51  111  186    1   12    2    2    1    2596
    1    2   52  112  195    1   13    2    2    1    1478
    1    2   53  113  163    1   11    2    2    1    6135
    1    2   54  114   73    1    5    1    1    1    1936
    1    2   55  115  355    1   23    3    2    0    5588
    1    2   56  116  272    1   17    2    2    1    2473
    1    2   57  117  146    1   10    1    1    1    1269
    1    2   58  118   55    1    4    1    1    1     974
    1    2   59  119   34    1    3    1    1    1     958
    1    2   60  120   85    1    6    1    2    0    1802
    1    3    1  121  455    1   29    3    3    1    2098
    1    3    2  122  420    1   27    3    3    1    1369
    1    3    3  123   72    1    5    1    1    1    3473
    1    3    4  124  306    1   20    2    2    1    1187
    1    3    5  125   34    1    3    1    1    1    1567
    1    3    6  126  190    1   12    2    3    0    4668
    1    3    7  127  465    1   30    3    2    0    1628
    1    3    8  128  337    1   22    3    3    1    4522
    1    3    9  129  397    1   25    3    2    0    3244
    1    3   10  130   62    1    4    1    1    1    2801
    1    3   11  131  267    1   17    2    2    1    1143
    1    3   12  132   31    1    2    1    1    1    1556
    1    3   13  133  115    1    8    1    1    1    1263
    1    3   14  134   96    1    6    1    1    1    3706
    1    3   15  135  224    1   14    2    2    1    3200
    1    3   16  136  136    1    9    1    1    1    1112
    1    3   17  137  471    1   30    3    2    0    4637
    1    3   18  138  278    1   18    2    2    1    1472
    1    3   19  139  381    1   24    3    3    1    2097
    1    3   20  140  339    1   22    3    3    1    2672
    1    3   21  141  241    1   16    2    2    1    1313
    1    3   22  142  215    1   14    2    2    1    7016
    1    3   23  143   85    1    6    1    1    1    1237
    1    3   24  144  293    1   19    2    2    1    1139
    1    3   25  145  170    1   11    2    1    0     983
    1    3   26  146  106    1    7    1    1    1    3234
    1    3   27  147  279    1   18    2    3    0    2721
    1    3   28  148  330    1   21    3    3    1    2866
    1    3   29  149  163    1   11    2    2    1    2787
    1    3   30  150  395    1   25    3    1    0    1222
    1    3   31  151  135    1    9    1    1    1     884
    1    3   32  152  186    1   12    2    2    1    1801
    1    3   33  153  203    1   13    2    2    1    1006
    1    3   34  154  405    1   26    3    3    1     970
    1    3   35  155  111    1    7    1    1    1    2438
    1    3   36  156  272    1   17    2    2    1    2011
    1    3   37  157  456    1   29    3    3    1    2107
    1    3   38  158   73    1    5    1    1    1    1363
    1    3   39  159  423    1   27    3    2    0    2034
    1    3   40  160  250    1   16    2    2    1    1341
    1    3   41  161  229    1   15    2    2    1    2165
    1    3   42  162  297    1   19    2    2    1    1564
    1    3   43  163  238    1   15    2    3    0    5142
    1    3   44  164  308    1   20    2    2    1    2394
    1    3   45  165  443    1   28    3    3    1    1766
    1    3   46  166  359    1   23    3    3    1    1811
    1    3   47  167   16    1    1    1    1    1    2802
    1    3   48  168  146    1   10    1    1    1     978
    1    3   49  169    7    1    1    1    1    1    1661
    1    3   50  170  376    1   24    3    3    1    1769
    1    3   51  171  355    1   23    3    2    0    4416
    1    3   52  172   40    1    3    1    1    1    1002
    1    3   53  173  125    1    8    1    1    1    1635
    1    3   54  174  148    1   10    1    3    0    1157
    1    3   55  175  446    1   28    3    3    1    2374
    1    3   56  176  195    1   13    2    2    1   13094
    1    3   57  177  413    1   26    3    3    1    1598
    1    3   58  178   17    1    2    1    1    1    1485
    1    3   59  179   55    1    4    1    1    1    2157
    1    3   60  180  327    1   21    3    2    0    3251
    2    1    1  181   48    0    3    1    1    1    5331
    2    1    2  182  260    0   17    2    2    1    2950
    2    1    3  183   28    0    2    1    1    1     945
    2    1    4  184  411    0   26    3    3    1    2590
    2    1    5  185  139    0    9    1    1    1     965
    2    1    6  186  321    0   21    3    3    1    1765
    2    1    7  187  388    0   25    3    3    1    2431
    2    1    8  188  471    1   30    3    2    0    1256
    2    1    9  189  330    1   21    3    3    1    3426
    2    1   10  190   44    0    3    1    1    1     878
    2    1   11  191   83    0    6    1    2    0    2929
    2    1   12  192  161    0   11    2    1    0    1160
    2    1   13  193  100    0    7    1    1    1    7699
    2    1   14  194  105    0    7    1    1    1    3364
    2    1   15  195  302    0   19    2    2    1    2199
    2    1   16  196  354    0   23    3    2    0    1011
    2    1   17  197    2    0    1    1    1    1    1767
    2    1   18  198  123    0    8    1    1    1     757
    2    1   19  199  125    1    8    1    1    1     656
    2    1   20  200  364    0   23    3    2    0    1130
    2    1   21  201  286    0   18    2    2    1    2272
    2    1   22  202  206    0   13    2    2    1     766
    2    1   23  203  177    0   12    2    2    1     824
    2    1   24  204  276    0   18    2    3    0    1479
    2    1   25  205  134    0    9    1    1    1    2371
    2    1   26  206  143    0    9    1    1    1     806
    2    1   27  207  292    0   19    2    3    0    3049
    2    1   28  208  465    1   30    3    2    0     862
    2    1   29  209  394    0   25    3    3    1    1923
    2    1   30  210   24    0    2    1    2    0    2448
    2    1   31  211  219    0   14    2    2    1    3348
    2    1   32  212  195    1   13    2    2    1     975
    2    1   33  213  225    0   15    2    1    0    2856
    2    1   34  214  420    1   27    3    3    1    1118
    2    1   35  215  431    0   27    3    2    0    1112
    2    1   36  216  142    0    9    1    1    1     872
    2    1   37  217  265    0   17    2    2    1    1411
    2    1   38  218  119    0    8    1    1    1     979
    2    1   39  219  381    1   24    3    3    1     912
    2    1   40  220  106    1    7    1    1    1     905
    2    1   41  221  412    0   26    3    3    1    2546
    2    1   42  222  216    0   14    2    2    1    2121
    2    1   43  223  297    1   19    2    2    1    2276
    2    1   44  224   37    0    3    1    1    1    2384
    2    1   45  225  441    0   28    3    3    1    1696
    2    1   46  226  228    0   15    2    3    0    1453
    2    1   47  227  399    0   25    3    2    0    1732
    2    1   48  228    6    0    1    1    1    1    2060
    2    1   49  229  165    0   11    2    2    1    2133
    2    1   50  230  114    0    8    1    1    1    1039
    2    1   51  231  390    0   25    3    2    0    2649
    2    1   52  232   90    0    6    1    2    0    1134
    2    1   53  233   79    0    5    1    1    1     882
    2    1   54  234  396    0   25    3    3    1     950
    2    1   55  235  155    0   10    1    2    0    1100
    2    1   56  236   57    0    4    1    3    0    1991
    2    1   57  237   63    0    4    1    3    0    4082
    2    1   58  238  255    0   16    2    2    1    1029
    2    1   59  239  397    1   25    3    2    0     935
    2    1   60  240   69    0    5    1    1    1    1704
    2    1   61  241  452    0   29    3    3    1    1056
    2    1   62  242  363    0   23    3    2    0    1111
    2    1   63  243  346    0   22    3    1    0    1281
    2    1   64  244  113    0    8    1    1    1    1173
    2    1   65  245  189    0   12    2    2    1    1025
    2    1   66  246  385    0   25    3    3    1    2698
    2    1   67  247  437    0   28    3    3    1    3287
    2    1   68  248  127    0    8    1    1    1     865
    2    1   69  249  303    0   19    2    2    1    1857
    2    1   70  250  320    0   20    2    2    1     763
    2    1   71  251  279    1   18    2    2    1    1418
    2    1   72  252  108    0    7    1    2    0    5050
    2    1   73  253  222    0   14    2    2    1    2181
    2    1   74  254  426    0   27    3    3    1     815
    2    1   75  255    3    0    1    1    3    0    1564
    2    1   76  256  259    0   17    2    2    1    1241
    2    1   77  257   84    0    6    1    2    0     898
    2    1   78  258  193    0   13    2    2    1    1167
    2    1   79  259  252    0   16    2    2    1     840
    2    1   80  260  214    0   14    2    3    0    1874
    2    1   81  261  425    0   27    3    2    0    1825
    2    1   82  262  341    0   22    3    1    0    1218
    2    1   83  263  475    0   30    3    2    0    1403
    2    1   84  264  408    0   26    3    3    1    1911
    2    1   85  265  200    0   13    2    2    1    2172
    2    1   86  266  340    0   22    3    1    0    1798
    2    1   87  267  428    0   27    3    3    1    4707
    2    1   88  268  148    1   10    1    1    1    1221
    2    1   89  269  393    0   25    3    3    1    3030
    2    1   90  270  236    0   15    2    2    1    1123
    2    1   91  271  371    0   24    3    1    0     831
    2    1   92  272  478    0   30    3    2    0    2819
    2    1   93  273  356    0   23    3    3    1    1329
    2    1   94  274  296    0   19    2    3    0    3183
    2    1   95  275  313    0   20    2    2    1    1585
    2    1   96  276  444    0   28    3    3    1    1180
    2    1   97  277  121    0    8    1    1    1    1442
    2    1   98  278  178    0   12    2    2    1    1141
    2    1   99  279  314    0   20    2    2    1     977
    2    1  100  280   45    0    3    1    1    1    1105
    2    1  101  281  232    0   15    2    1    0     964
    2    1  102  282  291    0   19    2    2    1    2521
    2    1  103  283  272    1   17    2    3    0    2525
    2    1  104  284  210    0   14    2    3    0    2983
    2    1  105  285  348    0   22    3    1    0     785
    2    1  106  286   18    0    2    1    2    0    3579
    2    1  107  287  268    0   17    2    2    1    1358
    2    1  108  288  227    0   15    2    3    0    2045
    2    1  109  289  310    0   20    2    2    1     894
    2    1  110  290  152    0   10    1    3    0     750
    2    1  111  291  273    0   18    2    1    0    3354
    2    1  112  292  438    0   28    3    1    0    1039
    2    1  113  293  167    0   11    2    1    0    1076
    2    1  114  294  243    0   16    2    2    1    1253
    2    1  115  295   23    0    2    1    1    1     835
    2    1  116  296  120    0    8    1    1    1    2094
    2    1  117  297  290    0   19    2    2    1    1310
    2    1  118  298    7    1    1    1    1    1     485
    2    1  119  299  360    0   23    3    1    0    4053
    2    1  120  300  112    0    7    1    1    1    1468
    2    1  121  301  220    0   14    2    2    1    1031
    2    1  122  302  242    0   16    2    2    1    3767
    2    1  123  303   62    1    4    1    1    1    1561
    2    1  124  304  162    0   11    2    3    0    1626
    2    1  125  305  349    0   22    3    1    0    1036
    2    1  126  306  124    0    8    1    1    1    1031
    2    1  127  307  334    0   21    3    3    1    1236
    2    1  128  308  147    0   10    1    2    0     861
    2    1  129  309  377    0   24    3    1    0     789
    2    1  130  310   27    0    2    1    1    1     806
    2    1  131  311  445    0   28    3    3    1    4812
    2    1  132  312  126    0    8    1    3    0    3565
    2    1  133  313  104    0    7    1    2    0    5437
    2    1  134  314  192    0   12    2    2    1    1611
    2    1  135  315  258    0   17    2    2    1    1419
    2    1  136  316    1    0    1    1    1    1    1800
    2    1  137  317  115    1    8    1    1    1     946
    2    1  138  318  305    0   20    2    2    1    1374
    2    1  139  319  374    0   24    3    3    1    1175
    2    1  140  320  329    0   21    3    3    1    1515
    2    1  141  321  221    0   14    2    2    1    1234
    2    1  142  322  477    0   30    3    1    0    2085
    2    1  143  323  212    0   14    2    3    0    1906
    2    1  144  324   26    0    2    1    1    1    4574
    2    1  145  325  424    0   27    3    2    0    1544
    2    1  146  326   58    0    4    1    2    0    4378
    2    1  147  327  404    0   26    3    2    0    3020
    2    1  148  328   15    0    1    1    1    1    1113
    2    1  149  329    4    0    1    1    3    0    1628
    2    1  150  330  307    0   20    2    2    1     998
    2    1  151  331  175    0   11    2    2    1     886
    2    1  152  332  246    0   16    2    2    1    1429
    2    1  153  333  299    0   19    2    3    0    3368
    2    1  154  334  263    0   17    2    2    1    1144
    2    1  155  335  102    0    7    1    1    1    2632
    2    1  156  336  298    0   19    2    1    0    1845
    2    1  157  337  182    0   12    2    2    1     875
    2    1  158  338   86    0    6    1    2    0    2918
    2    1  159  339   73    1    5    1    1    1    1220
    2    1  160  340  362    0   23    3    2    0    3843
    2    1  161  341  262    0   17    2    3    0    3168
    2    1  162  342  169    0   11    2    2    1    4523
    2    1  163  343  283    0   18    2    3    0    1338
    2    1  164  344  467    0   30    3    3    1    1390
    2    1  165  345  446    1   28    3    3    1    1101
    2    1  166  346  419    0   27    3    2    0     885
    2    1  167  347   67    0    5    1    1    1    3064
    2    1  168  348   22    0    2    1    2    0    1347
    2    1  169  349  218    0   14    2    2    1     822
    2    1  170  350  366    0   23    3    2    0     979
    2    1  171  351  400    0   25    3    3    1     958
    2    1  172  352  138    0    9    1    1    1     775
    2    1  173  353  261    0   17    2    2    1     807
    2    1  174  354   30    0    2    1    1    1     833
    2    1  175  355  285    0   18    2    3    0    2654
    2    1  176  356   70    0    5    1    1    1    1540
    2    1  177  357  256    0   16    2    2    1    1045
    2    1  178  358  331    0   21    3    3    1    1277
    2    1  179  359   55    1    4    1    3    0    1930
    2    1  180  360  337    1   22    3    3    1    1413
    2    1  181  361  241    1   16    2    2    1     887
    2    1  182  362  319    0   20    2    2    1    2621
    2    1  183  363  433    0   28    3    2    0    1553
    2    1  184  364  392    0   25    3    1    0     876
    2    1  185  365  355    1   23    3    2    0    1809
    2    1  186  366  417    0   27    3    3    1    3426
    2    1  187  367   71    0    5    1    1    1     925
    2    1  188  368  418    0   27    3    2    0    1035
    2    1  189  369  280    0   18    2    2    1    1705
    2    1  190  370  405    1   26    3    3    1     992
    2    1  191  371  191    0   12    2    2    1    2206
    2    1  192  372  336    0   21    3    2    0    1282
    2    1  193  373  223    0   14    2    2    1    3593
    2    1  194  374  358    0   23    3    3    1    2327
    2    1  195  375  343    0   22    3    1    0    1344
    2    1  196  376  459    0   29    3    1    0    3196
    2    1  197  377  294    0   19    2    1    0    2763
    2    1  198  378  391    0   25    3    3    1    3406
    2    1  199  379  168    0   11    2    2    1    1604
    2    1  200  380  287    0   18    2    2    1    5398
    2    1  201  381  466    0   30    3    2    0    1225
    2    1  202  382    5    0    1    1    1    1    3902
    2    1  203  383  238    1   15    2    3    0    3569
    2    1  204  384   47    0    3    1    1    1    3040
    2    1  205  385  414    0   26    3    2    0    2023
    2    1  206  386  311    0   20    2    2    1    1603
    2    1  207  387  372    0   24    3    3    1    4059
    2    1  208  388  209    0   14    2    2    1    1616
    2    1  209  389  288    0   18    2    2    1    2468
    2    1  210  390  415    0   26    3    3    1    1028
    2    1  211  391   16    1    1    1    1    1    1030
    2    1  212  392  351    0   22    3    1    0    2082
    2    1  213  393  370    0   24    3    1    0    2462
    2    1  214  394   96    1    6    1    1    1    1470
    2    1  215  395  247    0   16    2    2    1    1270
    2    1  216  396   46    0    3    1    1    1    5483
    2    1  217  397   92    0    6    1    2    0    2706
    2    1  218  398  383    0   24    3    3    1    1565
    2    1  219  399  409    0   26    3    3    1    1943
    2    1  220  400  315    0   20    2    2    1     914
    2    1  221  401  274    0   18    2    2    1    1034
    2    1  222  402  133    0    9    1    1    1     846
    2    1  223  403  434    0   28    3    1    0    1839
    2    1  224  404  181    0   12    2    3    0    1437
    2    1  225  405  413    1   26    3    3    1    1411
    2    1  226  406  163    1   11    2    2    1    2019
    2    1  227  407  157    0   10    1    1    1     938
    2    1  228  408  369    0   24    3    3    1    2003
    2    1  229  409  470    0   30    3    2    0    2071
    2    1  230  410  439    0   28    3    3    1    1222
    2    1  231  411  107    0    7    1    1    1    3047
    2    1  232  412  180    0   12    2    2    1    1872
    2    1  233  413  322    0   21    3    2    0     812
    2    1  234  414  282    0   18    2    3    0    4111
    2    1  235  415  457    0   29    3    3    1    1208
    2    1  236  416  402    0   26    3    3    1    2628
    2    1  237  417  270    0   17    2    2    1     890
    2    1  238  418  308    1   20    2    2    1    4941
    2    1  239  419  325    0   21    3    3    1    4750
    2    1  240  420   25    0    2    1    2    0    3236
    2    1  241  421  448    0   28    3    3    1    2350
    2    1  242  422   36    0    3    1    1    1    1156
    2    1  243  423  190    1   12    2    2    1    1066
    2    1  244  424  407    0   26    3    3    1    2049
    2    1  245  425   72    1    5    1    1    1     887
    2    1  246  426  328    0   21    3    3    1    2854
    2    1  247  427  447    0   28    3    3    1    1400
    2    1  248  428   40    1    3    1    1    1     874
    2    1  249  429  251    0   16    2    2    1    1238
    2    1  250  430  450    0   29    3    2    0    2735
    2    1  251  431  278    1   18    2    2    1    1434
    2    1  252  432  257    0   17    2    1    0    2632
    2    1  253  433  449    0   29    3    2    0    2176
    2    1  254  434   42    0    3    1    2    0    4748
    2    1  255  435  342    0   22    3    1    0    3035
    2    1  256  436  318    0   20    2    2    1    1202
    2    1  257  437  233    0   15    2    3    0    2830
    2    1  258  438   19    0    2    1    1    1    1864
    2    1  259  439   11    0    1    1    3    0    2937
    2    1  260  440  185    0   12    2    2    1    1168
    2    1  261  441   43    0    3    1    1    1    1484
    2    1  262  442   80    0    5    1    1    1    2761
    2    1  263  443  435    0   28    3    3    1    1009
    2    1  264  444  207    0   13    2    2    1     967
    2    1  265  445  398    0   25    3    3    1    3007
    2    1  266  446  301    0   19    2    2    1    2835
    2    1  267  447  254    0   16    2    2    1    1148
    2    1  268  448   98    0    7    1    2    0    2875
    2    1  269  449   85    1    6    1    1    1    1183
    2    1  270  450  269    0   17    2    2    1    1241
    2    1  271  451  153    0   10    1    1    1     965
    2    1  272  452   77    0    5    1    1    1    3618
    2    1  273  453  350    0   22    3    3    1    6165
    2    1  274  454  244    0   16    2    2    1    2207
    2    1  275  455  158    0   10    1    1    1    2600
    2    1  276  456   76    0    5    1    1    1    1153
    2    1  277  457  352    0   22    3    3    1    1828
    2    1  278  458   65    0    5    1    1    1     953
    2    1  279  459   31    1    2    1    1    1     697
    2    1  280  460   14    0    1    1    1    1    1126
    2    1  281  461  235    0   15    2    3    0    2426
    2    1  282  462  401    0   26    3    3    1    3920
    2    1  283  463  132    0    9    1    1    1     854
    2    1  284  464  201    0   13    2    2    1     747
    2    1  285  465  118    0    8    1    1    1    6478
    2    1  286  466   51    0    4    1    1    1    1022
    2    1  287  467  188    0   12    2    2    1    1621
    2    1  288  468  237    0   15    2    2    1    2503
    2    1  289  469  386    0   25    3    2    0    3314
    2    1  290  470  463    0   29    3    1    0     966
    2    1  291  471   66    0    5    1    1    1     908
    2    1  292  472   38    0    3    1    1    1    1320
    2    1  293  473  332    0   21    3    2    0    2388
    2    1  294  474  137    0    9    1    1    1     850
    2    1  295  475  469    0   30    3    2    0     959
    2    1  296  476  156    0   10    1    1    1    1995
    2    1  297  477   95    0    6    1    2    0    2651
    2    1  298  478  211    0   14    2    3    0    2430
    2    1  299  479   97    0    7    1    1    1    4594
    2    1  300  480  380    0   24    3    2    0    5139
