    1    1    1    1   56    1    4    1    1    1    2654
    1    1    2    2  406    1   26    3    3    1    2168
    1    1    3    3  326    1   21    3    1    0    2225
    1    1    4    4  396    1   25    3    3    1    2092
    1    1    5    5   38    1    3    1    2    0    2126
    1    1    6    6  164    1   11    2    2    1    1971
    1    1    7    7  479    1   30    3    3    1    1289
    1    1    8    8   16    1    1    1    1    1    1238
    1    1    9    9   66    1    5    1    1    1    1579
    1    1   10   10  182    1   12    2    2    1    2688
    1    1   11   11   53    1    4    1    1    1    1377
    1    1   12   12    6    1    1    1    1    1    4867
    1    1   13   13  219    1   14    2    2    1    2112
    1    1   14   14  289    1   19    2    3    0    1508
    1    1   15   15  245    1   16    2    3    0    1336
    1    1   16   16  465    1   30    3    3    1     859
    1    1   17   17   37    1    3    1    1    1     952
    1    1   18   18  252    1   16    2    2    1    1105
    1    1   19   19  387    1   25    3    2    0    1238
    1    1   20   20  272    1   17    2    3    0    1228
    1    1   21   21  267    1   17    2    3    0    2022
    1    1   22   22  356    1   23    3    1    0    4831
    1    1   23   23   15    1    1    1    1    1     998
    1    1   24   24  476    1   30    3    2    0    6395
    1    1   25   25  216    1   14    2    1    0      60
    1    1   26   26  353    1   23    3    1    0       0
    1    1   27   27  380    1   24    3    2    0    2352
    1    1   28   28  269    1   17    2    3    0    1264
    1    1   29   29  360    1   23    3    2    0    1933
    1    1   30   30  424    1   27    3    3    1      19
    1    1   31   31   36    1    3    1    1    1     841
    1    1   32   32   80    1    5    1    2    0     834
    1    1   33   33  121    1    8    1    1    1     932
    1    1   34   34    4    1    1    1    1    1     866
    1    1   35   35   71    1    5    1    1    1     386
    1    1   36   36  359    1   23    3    3    1    4236
    1    1   37   37  411    1   26    3    2    0    1603
    1    1   38   38  340    1   22    3    2    0    1101
    1    1   39   39   49    1    4    1    1    1    1030
    1    1   40   40  448    1   28    3    3    1    2458
    1    1   41   41  217    1   14    2    2    1    8339
    1    1   42   42  409    1   26    3    3    1     879
    1    1   43   43  120    1    8    1    1    1    2442
    1    1   44   44  471    1   30    3    3    1    1459
    1    1   45   45  280    1   18    2    3    0     791
    1    1   46   46  266    1   17    2    3    0    1037
    1    1   47   47  212    1   14    2    3    0    1379
    1    1   48   48   33    1    3    1    1    1    1580
    1    1   49   49  250    1   16    2    1    0    2765
    1    1   50   50  290    1   19    2    3    0    1178
    1    1   51   51  240    1   15    2    2    1       0
    1    1   52   52  276    1   18    2    3    0    1209
    1    1   53   53  117    1    8    1    3    0     153
    1    1   54   54  408    1   26    3    3    1   42115
    1    1   55   55  473    1   30    3    2    0    2069
    1    1   56   56   52    1    4    1    3    0     984
    1    1   57   57   58    1    4    1    1    1    1030
    1    1   58   58  271    1   17    2    3    0    4185
    1    1   59   59  201    1   13    2    3    0    1868
    1    1   60   60   35    1    3    1    2    0    2857
    1    2    1   61  182    1   12    2    2    1     961
    1    2    2   62   53    1    4    1    1    1     867
    1    2    3   63   33    1    3    1    1    1     919
    1    2    4   64  266    1   17    2    3    0    1119
    1    2    5   65  290    1   19    2    1    0     694
    1    2    6   66  120    1    8    1    1    1    9543
    1    2    7   67  406    1   26    3    3    1   12001
    1    2    8   68  465    1   30    3    2    0     943
    1    2    9   69  396    1   25    3    2    0     972
    1    2   10   70  267    1   17    2    1    0    1835
    1    2   11   71  424    1   27    3    2    0    1323
    1    2   12   72   49    1    4    1    1    1     983
    1    2   13   73  476    1   30    3    2    0    2446
    1    2   14   74  271    1   17    2    2    1    1609
    1    2   15   75  360    1   23    3    3    1    1269
    1    2   16   76   37    1    3    1    3    0    1232
    1    2   17   77   16    1    1    1    1    1    1026
    1    2   18   78  448    1   28    3    3    1    2664
    1    2   19   79  217    1   14    2    2    1    1313
    1    2   20   80  240    1   15    2    3    0     752
    1    2   21   81  471    1   30    3    2    0   10808
    1    2   22   82  250    1   16    2    1    0    1538
    1    2   23   83  272    1   17    2    3    0    2372
    1    2   24   84  276    1   18    2    2    1     608
    1    2   25   85  473    1   30    3    2    0     958
    1    2   26   86  387    1   25    3    1    0     333
    1    2   27   87  280    1   18    2    2    1     339
    1    2   28   88  380    1   24    3    1    0      10
    1    2   29   89  121    1    8    1    1    1     942
    1    2   30   90   36    1    3    1    1    1     716
    1    2   31   91  408    1   26    3    3    1    4306
    1    2   32   92  269    1   17    2    3    0    1120
    1    2   33   93  212    1   14    2    2    1    2887
    1    2   34   94  356    1   23    3    2    0   41399
    1    2   35   95   35    1    3    1    1    1     778
    1    2   36   96  245    1   16    2    3    0    1435
    1    2   37   97    4    1    1    1    1    1    2246
    1    2   38   98   80    1    5    1    1    1    1964
    1    2   39   99   58    1    4    1    3    0    1214
    1    2   40  100  409    1   26    3    2    0    1361
    1    2   41  101   71    1    5    1    1    1    5071
    1    2   42  102  201    1   13    2    2    1   17300
    1    2   43  103  340    1   22    3    3    1    2173
    1    2   44  104   38    1    3    1    1    1    2966
    1    2   45  105  359    1   23    3    3    1    1817
    1    2   46  106   56    1    4    1    1    1    1142
    1    2   47  107  216    1   14    2    2    1    2888
    1    2   48  108  219    1   14    2    1    0    2713
    1    2   49  109    6    1    1    1    1    1     703
    1    2   50  110  353    1   23    3    3    1     876
    1    2   51  111   52    1    4    1    1    1     536
    1    2   52  112  326    1   21    3    2    0     623
    1    2   53  113  117    1    8    1    2    0     900
    1    2   54  114  252    1   16    2    2    1     757
    1    2   55  115  164    1   11    2    1    0    1221
    1    2   56  116   66    1    5    1    1    1     664
    1    2   57  117  411    1   26    3    3    1    1410
    1    2   58  118   15    1    1    1    1    1     788
    1    2   59  119  479    1   30    3    3    1    1288
    1    2   60  120  289    1   19    2    3    0     898
    1    3    1  121  424    1   27    3    3    1    1169
    1    3    2  122  250    1   16    2    2    1    2205
    1    3    3  123  276    1   18    2    1    0     997
    1    3    4  124   53    1    4    1    1    1     645
    1    3    5  125  120    1    8    1    1    1     643
    1    3    6  126  380    1   24    3    2    0    1790
    1    3    7  127  267    1   17    2    3    0    1189
    1    3    8  128  356    1   23    3    3    1    1398
    1    3    9  129  245    1   16    2    3    0    1263
    1    3   10  130  465    1   30    3    3    1    1947
    1    3   11  131  411    1   26    3    3    1    1934
    1    3   12  132  471    1   30    3    2    0     952
    1    3   13  133  326    1   21    3    1    0    1777
    1    3   14  134  353    1   23    3    2    0    6294
    1    3   15  135   33    1    3    1    1    1    6168
    1    3   16  136   36    1    3    1    3    0    1869
    1    3   17  137  216    1   14    2    3    0     581
    1    3   18  138  271    1   17    2    3    0    1045
    1    3   19  139  219    1   14    2    1    0     811
    1    3   20  140    4    1    1    1    1    1     682
    1    3   21  141  121    1    8    1    1    1     703
    1    3   22  142   58    1    4    1    1    1     763
    1    3   23  143  409    1   26    3    3    1    1206
    1    3   24  144   15    1    1    1    1    1    1354
    1    3   25  145   80    1    5    1    1    1    1199
    1    3   26  146  387    1   25    3    3    1     773
    1    3   27  147  212    1   14    2    3    0    1495
    1    3   28  148  406    1   26    3    3    1    9930
    1    3   29  149  448    1   28    3    3    1    1390
    1    3   30  150  473    1   30    3    2    0   33020
    1    3   31  151  266    1   17    2    3    0    4049
    1    3   32  152   52    1    4    1    1    1    1380
    1    3   33  153   16    1    1    1    1    1    2654
    1    3   34  154   49    1    4    1    1    1    1445
    1    3   35  155  201    1   13    2    2    1    7850
    1    3   36  156    6    1    1    1    1    1    2480
    1    3   37  157  340    1   22    3    2    0    1187
    1    3   38  158  164    1   11    2    3    0    3678
    1    3   39  159  360    1   23    3    3    1   17874
    1    3   40  160  479    1   30    3    3    1    1861
    1    3   41  161   38    1    3    1    1    1     601
    1    3   42  162   56    1    4    1    1    1     990
    1    3   43  163  117    1    8    1    2    0     877
    1    3   44  164  269    1   17    2    2    1     741
    1    3   45  165  272    1   17    2    3    0    1110
    1    3   46  166  359    1   23    3    3    1     792
    1    3   47  167   71    1    5    1    1    1     946
    1    3   48  168  289    1   19    2    2    1     972
    1    3   49  169   35    1    3    1    1    1     676
    1    3   50  170   37    1    3    1    1    1     593
    1    3   51  171  280    1   18    2    3    0    1634
    1    3   52  172  217    1   14    2    2    1     843
    1    3   53  173  476    1   30    3    3    1    1258
    1    3   54  174  408    1   26    3    2    0     972
    1    3   55  175  182    1   12    2    2    1     730
    1    3   56  176  290    1   19    2    3    0     918
    1    3   57  177   66    1    5    1    1    1     632
    1    3   58  178  252    1   16    2    3    0     852
    1    3   59  179  240    1   15    2    3    0    1210
    1    3   60  180  396    1   25    3    3    1    1458
    2    1    1  181  238    0   15    2    1    0    3543
    2    1    2  182  431    0   27    3    2    0    3576
    2    1    3  183  118    0    8    1    1    1     851
    2    1    4  184  226    0   15    2    1    0    1926
    2    1    5  185  114    0    8    1    1    1     677
    2    1    6  186  203    0   13    2    3    0     688
    2    1    7  187  433    0   28    3    2    0    2043
    2    1    8  188  152    0   10    1    2    0     725
    2    1    9  189  466    0   30    3    2    0     822
    2    1   10  190  102    0    7    1    1    1    1132
    2    1   11  191  455    0   29    3    3    1     525
    2    1   12  192  229    0   15    2    3    0     236
    2    1   13  193  249    0   16    2    1    0    1007
    2    1   14  194  175    0   11    2    3    0    2537
    2    1   15  195  304    0   19    2    3    0     235
    2    1   16  196  454    0   29    3    3    1    1946
    2    1   17  197   30    0    2    1    2    0     864
    2    1   18  198  248    0   16    2    3    0     898
    2    1   19  199  276    1   18    2    1    0     785
    2    1   20  200  202    0   13    2    1    0     845
    2    1   21  201  159    0   10    1    1    1     548
    2    1   22  202  231    0   15    2    1    0     741
    2    1   23  203  350    0   22    3    2    0     594
    2    1   24  204   36    1    3    1    1    1     522
    2    1   25  205   67    0    5    1    1    1    1084
    2    1   26  206  337    0   22    3    2    0    1146
    2    1   27  207  417    0   27    3    1    0    1087
    2    1   28  208  213    0   14    2    2    1     478
    2    1   29  209  389    0   25    3    3    1     794
    2    1   30  210  284    0   18    2    3    0     996
    2    1   31  211  327    0   21    3    1    0     930
    2    1   32  212  117    1    8    1    1    1     601
    2    1   33  213  228    0   15    2    2    1     991
    2    1   34  214  309    0   20    2    3    0     782
    2    1   35  215  429    0   27    3    2    0     995
    2    1   36  216  161    0   11    2    3    0    2113
    2    1   37  217  200    0   13    2    1    0    2376
    2    1   38  218  299    0   19    2    1    0     657
    2    1   39  219  456    0   29    3    2    0     739
    2    1   40  220  189    0   12    2    2    1     847
    2    1   41  221  250    1   16    2    2    1    2011
    2    1   42  222  371    0   24    3    1    0     637
    2    1   43  223    3    0    1    1    1    1     571
    2    1   44  224   54    0    4    1    1    1     522
    2    1   45  225  143    0    9    1    3    0     725
    2    1   46  226  185    0   12    2    2    1   27817
    2    1   47  227   71    1    5    1    1    1     531
    2    1   48  228  108    0    7    1    2    0     826
    2    1   49  229   92    0    6    1    2    0     725
    2    1   50  230   99    0    7    1    2    0    1256
    2    1   51  231  367    0   23    3    3    1     677
    2    1   52  232  325    0   21    3    3    1    1034
    2    1   53  233  220    0   14    2    3    0    1000
    2    1   54  234  171    0   11    2    1    0     674
    2    1   55  235  101    0    7    1    1    1     962
    2    1   56  236   78    0    5    1    1    1     597
    2    1   57  237  295    0   19    2    1    0     772
    2    1   58  238  390    0   25    3    1    0    1068
    2    1   59  239  473    1   30    3    1    0   22224
    2    1   60  240  153    0   10    1    1    1    1149
    2    1   61  241  392    0   25    3    2    0    1295
    2    1   62  242  352    0   22    3    1    0     838
    2    1   63  243  316    0   20    2    3    0     340
    2    1   64  244  413    0   26    3    1    0     229
    2    1   65  245  446    0   28    3    2    0     887
    2    1   66  246   66    1    5    1    1    1    1224
    2    1   67  247  471    1   30    3    2    0     827
    2    1   68  248  405    0   26    3    2    0    1679
    2    1   69  249  217    1   14    2    1    0     808
    2    1   70  250   53    1    4    1    1    1    1966
    2    1   71  251  119    0    8    1    1    1    1398
    2    1   72  252   31    0    2    1    2    0    1360
    2    1   73  253   76    0    5    1    1    1     869
    2    1   74  254   56    1    4    1    1    1     526
    2    1   75  255  437    0   28    3    2    0    2519
    2    1   76  256   80    1    5    1    1    1     636
    2    1   77  257  172    0   11    2    1    0     583
    2    1   78  258  408    1   26    3    3    1     859
    2    1   79  259  351    0   22    3    1    0    1161
    2    1   80  260  420    0   27    3    1    0     727
    2    1   81  261   68    0    5    1    1    1     615
    2    1   82  262  334    0   21    3    1    0    3443
    2    1   83  263  147    0   10    1    2    0     565
    2    1   84  264  418    0   27    3    1    0     504
    2    1   85  265  258    0   17    2    3    0       0
    2    1   86  266  176    0   11    2    1    0     641
    2    1   87  267  130    0    9    1    2    0    1185
    2    1   88  268  289    1   19    2    2    1    1665
    2    1   89  269   45    0    3    1    1    1     572
    2    1   90  270  410    0   26    3    3    1     475
    2    1   91  271  278    0   18    2    2    1    3538
    2    1   92  272  393    0   25    3    1    0     482
    2    1   93  273  245    1   16    2    3    0     639
    2    1   94  274  215    0   14    2    1    0     359
    2    1   95  275  109    0    7    1    3    0     291
    2    1   96  276  168    0   11    2    2    1     252
    2    1   97  277  263    0   17    2    1    0     225
    2    1   98  278  211    0   14    2    2    1     251
    2    1   99  279  310    0   20    2    3    0     300
    2    1  100  280  465    1   30    3    1    0     213
    2    1  101  281   43    0    3    1    1    1     604
    2    1  102  282  244    0   16    2    2    1     964
    2    1  103  283  290    1   19    2    1    0     948
    2    1  104  284  129    0    9    1    1    1     521
    2    1  105  285  273    0   18    2    3    0    1138
    2    1  106  286  344    0   22    3    1    0     585
    2    1  107  287  254    0   16    2    2    1     727
    2    1  108  288  388    0   25    3    3    1     890
    2    1  109  289  195    0   13    2    2    1    1414
    2    1  110  290  311    0   20    2    3    0    1474
    2    1  111  291   72    0    5    1    1    1    2349
    2    1  112  292  399    0   25    3    3    1    2706
    2    1  113  293  363    0   23    3    2    0    2297
    2    1  114  294  382    0   24    3    2    0    1253
    2    1  115  295  126    0    8    1    2    0   12971
    2    1  116  296  224    0   14    2    1    0    1571
    2    1  117  297  145    0   10    1    3    0    3862
    2    1  118  298   86    0    6    1    2    0   19168
    2    1  119  299   65    0    5    1    1    1     695
    2    1  120  300   73    0    5    1    1    1    1389
    2    1  121  301  132    0    9    1    1    1     766
    2    1  122  302  206    0   13    2    2    1    1021
    2    1  123  303  329    0   21    3    2    0    1417
    2    1  124  304  235    0   15    2    2    1    6771
    2    1  125  305   74    0    5    1    1    1    2133
    2    1  126  306   60    0    4    1    1    1    6857
    2    1  127  307  469    0   30    3    2    0     829
    2    1  128  308  286    0   18    2    2    1    1982
    2    1  129  309  146    0   10    1    1    1     873
    2    1  130  310  151    0   10    1    2    0    1698
    2    1  131  311   35    1    3    1    1    1   26121
    2    1  132  312  163    0   11    2    2    1    1237
    2    1  133  313  358    0   23    3    2    0    1023
    2    1  134  314  198    0   13    2    3    0    3745
    2    1  135  315  477    0   30    3    3    1     455
    2    1  136  316  308    0   20    2    3    0     478
    2    1  137  317  453    0   29    3    3    1     644
    2    1  138  318  364    0   23    3    2    0    1256
    2    1  139  319  452    0   29    3    3    1     522
    2    1  140  320  177    0   12    2    2    1     586
    2    1  141  321   20    0    2    1    2    0    3235
    2    1  142  322  317    0   20    2    3    0     723
    2    1  143  323  374    0   24    3    1    0     716
    2    1  144  324  236    0   15    2    1    0    1153
    2    1  145  325   42    0    3    1    1    1     493
    2    1  146  326  201    1   13    2    2    1     690
    2    1  147  327  208    0   13    2    2    1     594
    2    1  148  328  355    0   23    3    3    1     506
    2    1  149  329  470    0   30    3    3    1     439
    2    1  150  330   21    0    2    1    2    0     629
    2    1  151  331   75    0    5    1    1    1     357
    2    1  152  332    4    1    1    1    1    1     588
    2    1  153  333  240    1   15    2    2    1     560
    2    1  154  334  451    0   29    3    3    1     233
    2    1  155  335  162    0   11    2    3    0     522
    2    1  156  336   23    0    2    1    3    0     277
    2    1  157  337  460    0   29    3    3    1     193
    2    1  158  338  421    0   27    3    3    1     337
    2    1  159  339  373    0   24    3    3    1     256
    2    1  160  340  264    0   17    2    2    1     275
    2    1  161  341   40    0    3    1    3    0     234
    2    1  162  342  348    0   22    3    2    0      33
    2    1  163  343  297    0   19    2    2    1     429
    2    1  164  344  292    0   19    2    3    0     553
    2    1  165  345  257    0   17    2    3    0     355
    2    1  166  346  378    0   24    3    3    1     528
    2    1  167  347  472    0   30    3    3    1     429
    2    1  168  348  282    0   18    2    2    1     789
    2    1  169  349  156    0   10    1    1    1     450
    2    1  170  350  281    0   18    2    2    1     461
    2    1  171  351  324    0   21    3    3    1     620
    2    1  172  352   61    0    4    1    1    1    1241
    2    1  173  353  155    0   10    1    3    0    1125
    2    1  174  354  274    0   18    2    2    1     750
    2    1  175  355  221    0   14    2    2    1     695
    2    1  176  356  127    0    8    1    1    1    3590
    2    1  177  357   22    0    2    1    3    0     873
    2    1  178  358  426    0   27    3    2    0    4050
    2    1  179  359  391    0   25    3    3    1    1321
    2    1  180  360  326    1   21    3    2    0     661
    2    1  181  361   85    0    6    1    1    1    1268
    2    1  182  362  106    0    7    1    2    0    1309
    2    1  183  363  218    0   14    2    3    0     779
    2    1  184  364  141    0    9    1    2    0    1316
    2    1  185  365  237    0   15    2    3    0     732
    2    1  186  366  402    0   26    3    2    0    4702
    2    1  187  367  164    1   11    2    1    0     599
    2    1  188  368  277    0   18    2    3    0     489
    2    1  189  369  361    0   23    3    2    0     472
    2    1  190  370  414    0   26    3    2    0     473
    2    1  191  371  214    0   14    2    2    1     488
    2    1  192  372   28    0    2    1    3    0    1057
    2    1  193  373  356    1   23    3    2    0    2981
    2    1  194  374  463    0   29    3    2    0     980
    2    1  195  375   96    0    6    1    2    0     821
    2    1  196  376  435    0   28    3    2    0    7025
    2    1  197  377  275    0   18    2    1    0    4057
    2    1  198  378   97    0    7    1    2    0    7425
    2    1  199  379  442    0   28    3    3    1    2065
    2    1  200  380  332    0   21    3    3    1     739
    2    1  201  381   10    0    1    1    1    1    1654
    2    1  202  382  207    0   13    2    2    1     697
    2    1  203  383  425    0   27    3    2    0    1314
    2    1  204  384  432    0   27    3    3    1     616
    2    1  205  385   87    0    6    1    2    0     828
    2    1  206  386  322    0   21    3    3    1    1599
    2    1  207  387  331    0   21    3    3    1    1577
    2    1  208  388    1    0    1    1    1    1     999
    2    1  209  389   32    0    2    1    3    0    1806
    2    1  210  390    5    0    1    1    1    1     747
    2    1  211  391  194    0   13    2    2    1    1851
    2    1  212  392   50    0    4    1    3    0    2559
    2    1  213  393  416    0   26    3    1    0   11211
    2    1  214  394  359    1   23    3    2    0     787
    2    1  215  395  300    0   19    2    2    1    9008
    2    1  216  396  223    0   14    2    3    0    4929
    2    1  217  397  360    1   23    3    1    0     296
    2    1  218  398  450    0   29    3    3    1     727
    2    1  219  399  343    0   22    3    1    0     689
    2    1  220  400   44    0    3    1    1    1     533
    2    1  221  401  174    0   11    2    3    0     700
    2    1  222  402   70    0    5    1    1    1     571
    2    1  223  403  279    0   18    2    2    1     870
    2    1  224  404  125    0    8    1    3    0    2451
    2    1  225  405  139    0    9    1    3    0    1281
    2    1  226  406  188    0   12    2    2    1     793
    2    1  227  407  294    0   19    2    1    0    1101
    2    1  228  408  144    0    9    1    2    0    1693
    2    1  229  409  212    1   14    2    3    0    1743
    2    1  230  410  219    1   14    2    1    0    1291
    2    1  231  411  415    0   26    3    2    0     867
    2    1  232  412  424    1   27    3    3    1     768
    2    1  233  413   39    0    3    1    1    1     634
    2    1  234  414  209    0   14    2    1    0    1604
    2    1  235  415  458    0   29    3    2    0     829
    2    1  236  416  306    0   20    2    1    0     889
    2    1  237  417  449    0   29    3    2    0   10544
    2    1  238  418  135    0    9    1    3    0     910
    2    1  239  419  406    1   26    3    3    1     676
    2    1  240  420  166    0   11    2    1    0     392
    2    1  241  421  403    0   26    3    2    0    1653
    2    1  242  422  401    0   26    3    2    0    3133
    2    1  243  423  121    1    8    1    1    1    1441
    2    1  244  424   14    0    1    1    1    1    2262
    2    1  245  425  232    0   15    2    2    1    1144
    2    1  246  426    2    0    1    1    1    1     678
    2    1  247  427  320    0   20    2    3    0    2686
    2    1  248  428  396    1   25    3    2    0     890
    2    1  249  429  347    0   22    3    1    0     717
    2    1  250  430   48    0    3    1    1    1     553
    2    1  251  431  227    0   15    2    3    0    1356
    2    1  252  432  467    0   30    3    2    0     764
    2    1  253  433  280    1   18    2    3    0    1243
    2    1  254  434  225    0   15    2    1    0    1606
    2    1  255  435  196    0   13    2    3    0    1578
    2    1  256  436  328    0   21    3    2    0     768
    2    1  257  437  468    0   30    3    3    1    1007
    2    1  258  438  461    0   29    3    2    0    1327
    2    1  259  439  133    0    9    1    3    0    5606
    2    1  260  440  124    0    8    1    1    1     639
    2    1  261  441  335    0   21    3    1    0   16132
    2    1  262  442  110    0    7    1    1    1    2567
    2    1  263  443  386    0   25    3    2    0     783
    2    1  264  444   69    0    5    1    2    0     623
    2    1  265  445   17    0    2    1    3    0     761
    2    1  266  446  305    0   20    2    2    1     583
    2    1  267  447  430    0   27    3    3    1    1220
    2    1  268  448  205    0   13    2    1    0     698
    2    1  269  449  376    0   24    3    1    0     580
    2    1  270  450  260    0   17    2    1    0     487
    2    1  271  451  216    1   14    2    2    1     569
    2    1  272  452  479    1   30    3    3    1     991
    2    1  273  453  368    0   23    3    1    0     663
    2    1  274  454  419    0   27    3    3    1     948
    2    1  275  455  192    0   12    2    2    1     231
    2    1  276  456  447    0   28    3    2    0     672
    2    1  277  457  443    0   28    3    2    0     668
    2    1  278  458   57    0    4    1    3    0    1526
    2    1  279  459  241    0   16    2    2    1     645
    2    1  280  460  345    0   22    3    2    0     649
    2    1  281  461  283    0   18    2    3    0    1118
    2    1  282  462  409    1   26    3    2    0    5658
    2    1  283  463   52    1    4    1    1    1     560
    2    1  284  464  222    0   14    2    3    0    1356
    2    1  285  465   88    0    6    1    2    0     562
    2    1  286  466  256    0   16    2    3    0    1144
    2    1  287  467  193    0   13    2    2    1     610
    2    1  288  468  137    0    9    1    2    0     905
    2    1  289  469   19    0    2    1    1    1     640
    2    1  290  470   95    0    6    1    2    0     638
    2    1  291  471   16    1    1    1    1    1     498
    2    1  292  472  154    0   10    1    1    1     947
    2    1  293  473  407    0   26    3    3    1     656
    2    1  294  474  158    0   10    1    1    1     587
    2    1  295  475  457    0   29    3    3    1     613
    2    1  296  476  411    1   26    3    2    0    2291
    2    1  297  477   11    0    1    1    1    1     520
    2    1  298  478   49    1    4    1    1    1     572
    2    1  299  479  199    0   13    2    3    0    1852
    2    1  300  480   82    0    6    1    2    0     724
