    1    1    1    1   72    1    5    1    2    0    5081
    1    1    2    2  455    1   29    3    2    0    2812
    1    1    3    3  135    1    9    1    1    1    2219
    1    1    4    4  306    1   20    2    2    1    4113
    1    1    5    5  125    1    8    1    2    0    3813
    1    1    6    6  115    1    8    1    2    0    2663
    1    1    7    7   34    1    3    1    1    1    1506
    1    1    8    8  148    1   10    1    3    0    2401
    1    1    9    9   17    1    2    1    1    1    1761
    1    1   10   10   96    1    6    1    3    0    2488
    1    1   11   11  293    1   19    2    1    0    1650
    1    1   12   12  405    1   26    3    2    0    2193
    1    1   13   13  229    1   15    2    3    0    3500
    1    1   14   14   73    1    5    1    3    0    4308
    1    1   15   15  203    1   13    2    1    0    2472
    1    1   16   16  297    1   19    2    2    1    1758
    1    1   17   17  224    1   14    2    2    1    1146
    1    1   18   18  238    1   15    2    3    0    2073
    1    1   19   19  337    1   22    3    1    0    2593
    1    1   20   20  279    1   18    2    3    0    1952
    1    1   21   21   16    1    1    1    1    1     835
    1    1   22   22  327    1   21    3    1    0    3418
    1    1   23   23  195    1   13    2    1    0    1787
    1    1   24   24  413    1   26    3    2    0    2473
    1    1   25   25  330    1   21    3    3    1    1911
    1    1   26   26  170    1   11    2    1    0     829
    1    1   27   27   40    1    3    1    1    1    2344
    1    1   28   28  443    1   28    3    3    1    1138
    1    1   29   29   62    1    4    1    3    0    1826
    1    1   30   30  272    1   17    2    2    1    2645
    1    1   31   31  308    1   20    2    2    1     986
    1    1   32   32  136    1    9    1    1    1     836
    1    1   33   33  146    1   10    1    1    1    1191
    1    1   34   34  278    1   18    2    3    0    1733
    1    1   35   35  241    1   16    2    1    0    2461
    1    1   36   36  355    1   23    3    2    0    3466
    1    1   37   37  186    1   12    2    1    0     875
    1    1   38   38  423    1   27    3    1    0    3107
    1    1   39   39  215    1   14    2    1    0     940
    1    1   40   40  471    1   30    3    3    1    2334
    1    1   41   41    7    1    1    1    1    1     806
    1    1   42   42  446    1   28    3    1    0    1607
    1    1   43   43  267    1   17    2    1    0    3622
    1    1   44   44  376    1   24    3    1    0    3178
    1    1   45   45  381    1   24    3    1    0    3429
    1    1   46   46  106    1    7    1    3    0    1328
    1    1   47   47  395    1   25    3    1    0     522
    1    1   48   48  339    1   22    3    1    0     724
    1    1   49   49  397    1   25    3    2    0    1254
    1    1   50   50  111    1    7    1    3    0    1116
    1    1   51   51  420    1   27    3    2    0    2262
    1    1   52   52   31    1    2    1    1    1    1122
    1    1   53   53   55    1    4    1    1    1     663
    1    1   54   54  250    1   16    2    2    1    1177
    1    1   55   55  359    1   23    3    3    1    3089
    1    1   56   56  190    1   12    2    1    0    2935
    1    1   57   57  465    1   30    3    3    1    1035
    1    1   58   58   85    1    6    1    1    1     977
    1    1   59   59  456    1   29    3    2    0    1991
    1    1   60   60  163    1   11    2    1    0    5314
    1    2    1   61  272    1   17    2    1    0    2211
    1    2    2   62  306    1   20    2    2    1    3415
    1    2    3   63  413    1   26    3    2    0    1021
    1    2    4   64  297    1   19    2    1    0     962
    1    2    5   65    7    1    1    1    1    1     920
    1    2    6   66  446    1   28    3    3    1    2173
    1    2    7   67   17    1    2    1    3    0    1173
    1    2    8   68  455    1   29    3    3    1    1266
    1    2    9   69  195    1   13    2    1    0     940
    1    2   10   70  337    1   22    3    1    0    3453
    1    2   11   71  279    1   18    2    3    0    1124
    1    2   12   72  146    1   10    1    1    1     935
    1    2   13   73  339    1   22    3    2    0     964
    1    2   14   74   72    1    5    1    1    1    1056
    1    2   15   75  443    1   28    3    1    0     813
    1    2   16   76  203    1   13    2    2    1    1582
    1    2   17   77  471    1   30    3    2    0    3068
    1    2   18   78  229    1   15    2    3    0    2391
    1    2   19   79  186    1   12    2    2    1    3318
    1    2   20   80  423    1   27    3    1    0    1365
    1    2   21   81  330    1   21    3    1    0    1992
    1    2   22   82   34    1    3    1    1    1     833
    1    2   23   83  267    1   17    2    3    0    1004
    1    2   24   84   62    1    4    1    1    1     908
    1    2   25   85  224    1   14    2    1    0     783
    1    2   26   86  405    1   26    3    1    0    1844
    1    2   27   87  327    1   21    3    1    0       0
    1    2   28   88  293    1   19    2    1    0     929
    1    2   29   89  241    1   16    2    1    0     961
    1    2   30   90  215    1   14    2    1    0     867
    1    2   31   91   55    1    4    1    1    1     808
    1    2   32   92  397    1   25    3    3    1    1967
    1    2   33   93  170    1   11    2    1    0    1045
    1    2   34   94  456    1   29    3    3    1   11285
    1    2   35   95   85    1    6    1    3    0    3139
    1    2   36   96  106    1    7    1    1    1    1298
    1    2   37   97  163    1   11    2    2    1     979
    1    2   38   98   31    1    2    1    1    1     831
    1    2   39   99  148    1   10    1    1    1    1094
    1    2   40  100  420    1   27    3    3    1    2717
    1    2   41  101  465    1   30    3    2    0     891
    1    2   42  102   40    1    3    1    1    1     826
    1    2   43  103  381    1   24    3    1    0    2534
    1    2   44  104  135    1    9    1    1    1     903
    1    2   45  105  136    1    9    1    1    1    8849
    1    2   46  106  278    1   18    2    3    0    2069
    1    2   47  107  376    1   24    3    1    0    1276
    1    2   48  108  115    1    8    1    3    0    1884
    1    2   49  109  111    1    7    1    2    0    1449
    1    2   50  110  125    1    8    1    3    0    1955
    1    2   51  111  308    1   20    2    3    0    1605
    1    2   52  112  250    1   16    2    2    1    1799
    1    2   53  113  238    1   15    2    3    0    1317
    1    2   54  114  395    1   25    3    3    1    3322
    1    2   55  115  355    1   23    3    2    0    1186
    1    2   56  116   16    1    1    1    1    1    1071
    1    2   57  117  359    1   23    3    1    0    2537
    1    2   58  118   96    1    6    1    3    0    1095
    1    2   59  119  190    1   12    2    2    1    1894
    1    2   60  120   73    1    5    1    3    0    1245
    1    3    1  121   31    1    2    1    2    0    1429
    1    3    2  122  190    1   12    2    3    0     908
    1    3    3  123  306    1   20    2    2    1    1676
    1    3    4  124  279    1   18    2    2    1    1383
    1    3    5  125  327    1   21    3    3    1    2217
    1    3    6  126  146    1   10    1    1    1     853
    1    3    7  127  170    1   11    2    1    0    1832
    1    3    8  128    7    1    1    1    1    1    1272
    1    3    9  129  330    1   21    3    2    0    4967
    1    3   10  130  125    1    8    1    3    0    3750
    1    3   11  131  115    1    8    1    2    0    2086
    1    3   12  132   16    1    1    1    1    1    2761
    1    3   13  133  423    1   27    3    3    1    4138
    1    3   14  134  446    1   28    3    1    0    1273
    1    3   15  135  111    1    7    1    1    1    2236
    1    3   16  136  278    1   18    2    3    0    1383
    1    3   17  137   85    1    6    1    1    1    2755
    1    3   18  138  229    1   15    2    3    0    4019
    1    3   19  139  238    1   15    2    3    0    1095
    1    3   20  140  381    1   24    3    1    0    2929
    1    3   21  141  241    1   16    2    3    0    7121
    1    3   22  142  456    1   29    3    3    1    1563
    1    3   23  143  355    1   23    3    2    0    1794
    1    3   24  144  135    1    9    1    1    1    1079
    1    3   25  145   55    1    4    1    1    1    5237
    1    3   26  146  297    1   19    2    1    0    1582
    1    3   27  147  250    1   16    2    3    0     871
    1    3   28  148  215    1   14    2    2    1     975
    1    3   29  149  224    1   14    2    1    0     765
    1    3   30  150  195    1   13    2    1    0     770
    1    3   31  151  359    1   23    3    3    1    1081
    1    3   32  152  443    1   28    3    3    1    1961
    1    3   33  153  339    1   22    3    2    0    1780
    1    3   34  154  337    1   22    3    3    1    1622
    1    3   35  155   62    1    4    1    2    0     975
    1    3   36  156  272    1   17    2    3    0    1343
    1    3   37  157   72    1    5    1    1    1     771
    1    3   38  158  413    1   26    3    3    1    4342
    1    3   39  159  376    1   24    3    2    0    2692
    1    3   40  160  163    1   11    2    1    0    1889
    1    3   41  161  203    1   13    2    1    0     941
    1    3   42  162  136    1    9    1    1    1     874
    1    3   43  163  420    1   27    3    3    1    3405
    1    3   44  164  395    1   25    3    2    0   12603
    1    3   45  165  106    1    7    1    2    0    2863
    1    3   46  166  465    1   30    3    2    0     768
    1    3   47  167   34    1    3    1    1    1    1843
    1    3   48  168  405    1   26    3    3    1    4403
    1    3   49  169  293    1   19    2    2    1    2941
    1    3   50  170  186    1   12    2    2    1    4312
    1    3   51  171  308    1   20    2    2    1    5066
    1    3   52  172   73    1    5    1    3    0    3578
    1    3   53  173  267    1   17    2    3    0     888
    1    3   54  174   17    1    2    1    3    0    1381
    1    3   55  175   96    1    6    1    3    0     866
    1    3   56  176  471    1   30    3    2    0   16202
    1    3   57  177  148    1   10    1    1    1    4006
    1    3   58  178   40    1    3    1    1    1    1697
    1    3   59  179  397    1   25    3    2    0    1414
    1    3   60  180  455    1   29    3    2    0    2156
    2    1    1  181  360    0   23    3    3    1    1931
    2    1    2  182  162    0   11    2    2    1    1022
    2    1    3  183  452    0   29    3    3    1    4166
    2    1    4  184   47    0    3    1    1    1    2088
    2    1    5  185  341    0   22    3    2    0    3574
    2    1    6  186  425    0   27    3    2    0    7884
    2    1    7  187  461    0   29    3    1    0     700
    2    1    8  188  393    0   25    3    2    0    1704
    2    1    9  189  261    0   17    2    2    1    1051
    2    1   10  190   84    0    6    1    1    1     895
    2    1   11  191  333    0   21    3    1    0     670
    2    1   12  192  426    0   27    3    3    1     547
    2    1   13  193  238    1   15    2    2    1     892
    2    1   14  194  338    0   22    3    1    0    1459
    2    1   15  195  330    1   21    3    1    0     776
    2    1   16  196  406    0   26    3    3    1     975
    2    1   17  197  244    0   16    2    1    0     976
    2    1   18  198  181    0   12    2    1    0     820
    2    1   19  199  351    0   22    3    3    1    1256
    2    1   20  200  423    1   27    3    3    1     829
    2    1   21  201  110    0    7    1    3    0     902
    2    1   22  202  219    0   14    2    1    0     693
    2    1   23  203   82    0    6    1    2    0    1675
    2    1   24  204  410    0   26    3    2    0    3174
    2    1   25  205  381    1   24    3    3    1    2524
    2    1   26  206  164    0   11    2    1    0    1080
    2    1   27  207  474    0   30    3    2    0     594
    2    1   28  208   54    0    4    1    3    0     313
    2    1   29  209  460    0   29    3    3    1     766
    2    1   30  210  420    1   27    3    3    1    1126
    2    1   31  211  397    1   25    3    2    0    1007
    2    1   32  212  197    0   13    2    1    0     670
    2    1   33  213  441    0   28    3    1    0    1142
    2    1   34  214  156    0   10    1    2    0    2162
    2    1   35  215  327    1   21    3    1    0    3038
    2    1   36  216   23    0    2    1    1    1    1106
    2    1   37  217  146    1   10    1    1    1     459
    2    1   38  218  112    0    7    1    1    1    1134
    2    1   39  219  117    0    8    1    2    0    1136
    2    1   40  220  171    0   11    2    3    0    3137
    2    1   41  221   81    0    6    1    2    0    1500
    2    1   42  222  101    0    7    1    1    1     449
    2    1   43  223  329    0   21    3    1    0     630
    2    1   44  224  340    0   22    3    2    0     831
    2    1   45  225  398    0   25    3    1    0    1841
    2    1   46  226  166    0   11    2    1    0     827
    2    1   47  227  176    0   11    2    1    0     893
    2    1   48  228   76    0    5    1    1    1    1364
    2    1   49  229   51    0    4    1    1    1    1342
    2    1   50  230  173    0   11    2    2    1    1286
    2    1   51  231  332    0   21    3    3    1    3633
    2    1   52  232  199    0   13    2    1    0    1713
    2    1   53  233  180    0   12    2    3    0    2639
    2    1   54  234  324    0   21    3    2    0    1156
    2    1   55  235   12    0    1    1    1    1    1148
    2    1   56  236  469    0   30    3    2    0    1267
    2    1   57  237   67    0    5    1    1    1    2014
    2    1   58  238  308    1   20    2    3    0    1176
    2    1   59  239  257    0   17    2    2    1    1093
    2    1   60  240   89    0    6    1    2    0    1711
    2    1   61  241  362    0   23    3    3    1    1122
    2    1   62  242  151    0   10    1    2    0    1461
    2    1   63  243   27    0    2    1    1    1     842
    2    1   64  244   24    0    2    1    3    0    1885
    2    1   65  245  348    0   22    3    1    0     729
    2    1   66  246  148    1   10    1    1    1    3302
    2    1   67  247  155    0   10    1    3    0    1015
    2    1   68  248  415    0   26    3    2    0     788
    2    1   69  249  220    0   14    2    2    1     596
    2    1   70  250   15    0    1    1    1    1     658
    2    1   71  251  232    0   15    2    3    0    1542
    2    1   72  252   33    0    3    1    2    0    2322
    2    1   73  253  439    0   28    3    1    0    1521
    2    1   74  254  403    0   26    3    3    1    1700
    2    1   75  255  188    0   12    2    2    1     738
    2    1   76  256  169    0   11    2    1    0    1490
    2    1   77  257  221    0   14    2    2    1    1054
    2    1   78  258  256    0   16    2    3    0    1895
    2    1   79  259  267    1   17    2    1    0    2128
    2    1   80  260  402    0   26    3    1    0    1037
    2    1   81  261  347    0   22    3    1    0    1176
    2    1   82  262  305    0   20    2    3    0     795
    2    1   83  263  154    0   10    1    2    0     803
    2    1   84  264   85    1    6    1    1    1    1627
    2    1   85  265  203    1   13    2    1    0     730
    2    1   86  266  150    0   10    1    2    0       0
    2    1   87  267  268    0   17    2    3    0     353
    2    1   88  268  161    0   11    2    2    1    1161
    2    1   89  269  450    0   29    3    2    0    1586
    2    1   90  270  343    0   22    3    3    1     927
    2    1   91  271  476    0   30    3    1    0    1023
    2    1   92  272  133    0    9    1    2    0     438
    2    1   93  273  185    0   12    2    1    0     733
    2    1   94  274  196    0   13    2    2    1     707
    2    1   95  275   59    0    4    1    1    1    2009
    2    1   96  276  367    0   23    3    2    0    2634
    2    1   97  277  132    0    9    1    1    1    1045
    2    1   98  278  239    0   15    2    1    0     425
    2    1   99  279  163    1   11    2    2    1    1199
    2    1  100  280  184    0   12    2    2    1     927
    2    1  101  281  266    0   17    2    2    1    1996
    2    1  102  282   66    0    5    1    1    1    1803
    2    1  103  283  477    0   30    3    2    0    1589
    2    1  104  284   55    1    4    1    1    1    1261
    2    1  105  285  224    1   14    2    1    0     955
    2    1  106  286  361    0   23    3    2    0    1666
    2    1  107  287    4    0    1    1    3    0    1190
    2    1  108  288  153    0   10    1    1    1     947
    2    1  109  289   50    0    4    1    1    1     967
    2    1  110  290  247    0   16    2    2    1     572
    2    1  111  291    3    0    1    1    3    0    4642
    2    1  112  292  118    0    8    1    2    0     783
    2    1  113  293  433    0   28    3    3    1    1510
    2    1  114  294  407    0   26    3    2    0    7599
    2    1  115  295  416    0   26    3    2    0    6901
    2    1  116  296  202    0   13    2    1    0    1107
    2    1  117  297  229    1   15    2    3    0     941
    2    1  118  298  213    0   14    2    2    1    1269
    2    1  119  299  138    0    9    1    1    1     828
    2    1  120  300  394    0   25    3    2    0    1193
    2    1  121  301   21    0    2    1    1    1    3540
    2    1  122  302   11    0    1    1    2    0    2064
    2    1  123  303  218    0   14    2    2    1    1635
    2    1  124  304  385    0   25    3    3    1    2059
    2    1  125  305  358    0   23    3    1    0     897
    2    1  126  306  270    0   17    2    1    0     675
    2    1  127  307  276    0   18    2    2    1    5204
    2    1  128  308  275    0   18    2    2    1    1032
    2    1  129  309   17    1    2    1    3    0     684
    2    1  130  310  189    0   12    2    3    0     699
    2    1  131  311  378    0   24    3    2    0    1581
    2    1  132  312  281    0   18    2    2    1    3541
    2    1  133  313  466    0   30    3    2    0    2282
    2    1  134  314   30    0    2    1    1    1    2544
    2    1  135  315   52    0    4    1    1    1     893
    2    1  136  316  145    0   10    1    3    0    1336
    2    1  137  317  250    1   16    2    2    1    1032
    2    1  138  318  288    0   18    2    1    0    1060
    2    1  139  319  419    0   27    3    2    0    1217
    2    1  140  320  323    0   21    3    2    0    3756
    2    1  141  321  139    0    9    1    1    1     827
    2    1  142  322   72    1    5    1    1    1    1496
    2    1  143  323  310    0   20    2    2    1    1903
    2    1  144  324  282    0   18    2    3    0     867
    2    1  145  325  384    0   24    3    1    0    1063
    2    1  146  326  478    0   30    3    2    0    1584
    2    1  147  327  373    0   24    3    1    0    1024
    2    1  148  328  442    0   28    3    2    0    1759
    2    1  149  329  286    0   18    2    1    0     692
    2    1  150  330  372    0   24    3    1    0     990
    2    1  151  331  456    1   29    3    3    1    1833
    2    1  152  332  339    1   22    3    2    0    1223
    2    1  153  333  448    0   28    3    2    0    1812
    2    1  154  334  316    0   20    2    3    0    2054
    2    1  155  335  336    0   21    3    1    0    1469
    2    1  156  336  446    1   28    3    1    0    2422
    2    1  157  337  222    0   14    2    2    1    2149
    2    1  158  338  399    0   25    3    2    0    5144
    2    1  159  339  119    0    8    1    3    0    3148
    2    1  160  340  352    0   22    3    2    0     667
    2    1  161  341  183    0   12    2    2    1    1706
    2    1  162  342  405    1   26    3    2    0    6021
    2    1  163  343  216    0   14    2    1    0    1782
    2    1  164  344  264    0   17    2    2    1    3968
    2    1  165  345  174    0   11    2    1    0    1721
    2    1  166  346  201    0   13    2    2    1    3597
    2    1  167  347  319    0   20    2    2    1    2220
    2    1  168  348  127    0    8    1    1    1    1261
    2    1  169  349  255    0   16    2    3    0    5362
    2    1  170  350  377    0   24    3    2    0     731
    2    1  171  351  165    0   11    2    1    0    6862
    2    1  172  352  289    0   19    2    2    1     705
    2    1  173  353    9    0    1    1    3    0    1479
    2    1  174  354  471    1   30    3    2    0    1104
    2    1  175  355  354    0   23    3    3    1    2762
    2    1  176  356  463    0   29    3    2    0    3421
    2    1  177  357  214    0   14    2    2    1    2772
    2    1  178  358    5    0    1    1    1    1    4714
    2    1  179  359  438    0   28    3    1    0    1934
    2    1  180  360  129    0    9    1    1    1    2001
    2    1  181  361  345    0   22    3    3    1     744
    2    1  182  362  123    0    8    1    2    0    1606
    2    1  183  363  134    0    9    1    1    1    1766
    2    1  184  364  457    0   29    3    2    0    2019
    2    1  185  365  140    0    9    1    2    0    1546
    2    1  186  366  315    0   20    2    2    1    2064
    2    1  187  367  418    0   27    3    1    0    1683
    2    1  188  368   99    0    7    1    1    1     910
    2    1  189  369  337    1   22    3    1    0    2579
    2    1  190  370   16    1    1    1    1    1     749
    2    1  191  371  395    1   25    3    2    0    1600
    2    1  192  372  295    0   19    2    1    0    1004
    2    1  193  373  120    0    8    1    2    0    1027
    2    1  194  374  195    1   13    2    1    0    1264
    2    1  195  375  328    0   21    3    3    1     930
    2    1  196  376  353    0   23    3    2    0    1018
    2    1  197  377  291    0   19    2    1    0    4019
    2    1  198  378  455    1   29    3    2    0    1283
    2    1  199  379  273    0   18    2    2    1    1112
    2    1  200  380  100    0    7    1    1    1     822
    2    1  201  381  159    0   10    1    2    0    1002
    2    1  202  382    8    0    1    1    2    0    3545
    2    1  203  383  192    0   12    2    1    0     811
    2    1  204  384  356    0   23    3    1    0     994
    2    1  205  385  375    0   24    3    1    0     578
    2    1  206  386  237    0   15    2    2    1    1120
    2    1  207  387  124    0    8    1    1    1    1550
    2    1  208  388  331    0   21    3    1    0    1228
    2    1  209  389  467    0   30    3    2    0    1130
    2    1  210  390  269    0   17    2    1    0     744
    2    1  211  391  106    1    7    1    1    1     862
    2    1  212  392   18    0    2    1    3    0     233
    2    1  213  393  262    0   17    2    3    0     917
    2    1  214  394   57    0    4    1    1    1    1633
    2    1  215  395  265    0   17    2    3    0    1080
    2    1  216  396  144    0    9    1    2    0    1627
    2    1  217  397  259    0   17    2    2    1     781
    2    1  218  398  388    0   25    3    1    0     795
    2    1  219  399  451    0   29    3    2    0    1607
    2    1  220  400   38    0    3    1    1    1     899
    2    1  221  401  284    0   18    2    2    1     838
    2    1  222  402  459    0   29    3    2    0    1437
    2    1  223  403  458    0   29    3    2    0     955
    2    1  224  404  149    0   10    1    3    0    2006
    2    1  225  405  465    1   30    3    3    1    1663
    2    1  226  406  417    0   27    3    1    0     878
    2    1  227  407  480    0   30    3    2    0     783
    2    1  228  408  236    0   15    2    2    1    1948
    2    1  229  409  296    0   19    2    3    0    1077
    2    1  230  410  473    0   30    3    3    1    1195
    2    1  231  411   13    0    1    1    1    1    1094
    2    1  232  412  434    0   28    3    2    0     934
    2    1  233  413   26    0    2    1    3    0     992
    2    1  234  414  115    1    8    1    1    1     759
    2    1  235  415   78    0    5    1    1    1     815
    2    1  236  416   58    0    4    1    1    1     977
    2    1  237  417   79    0    5    1    1    1     684
    2    1  238  418  228    0   15    2    3    0    1187
    2    1  239  419  432    0   27    3    2    0     934
    2    1  240  420  326    0   21    3    1    0    1378
    2    1  241  421   65    0    5    1    1    1     621
    2    1  242  422   56    0    4    1    1    1     666
    2    1  243  423  443    1   28    3    3    1     866
    2    1  244  424   63    0    4    1    1    1     832
    2    1  245  425   39    0    3    1    1    1     928
    2    1  246  426   25    0    2    1    2    0     923
    2    1  247  427  421    0   27    3    1    0    1169
    2    1  248  428  226    0   15    2    3    0    1057
    2    1  249  429  208    0   13    2    2    1    1250
    2    1  250  430  209    0   14    2    3    0     870
    2    1  251  431   88    0    6    1    1    1    1682
    2    1  252  432  449    0   29    3    2    0    1299
    2    1  253  433   41    0    3    1    1    1    1094
    2    1  254  434   45    0    3    1    1    1    1453
    2    1  255  435  379    0   24    3    1    0     761
    2    1  256  436    6    0    1    1    1    1     671
    2    1  257  437  424    0   27    3    3    1    1102
    2    1  258  438  297    1   19    2    1    0     915
    2    1  259  439  430    0   27    3    2    0    1170
    2    1  260  440  359    1   23    3    2    0     838
    2    1  261  441  272    1   17    2    1    0     635
    2    1  262  442  404    0   26    3    3    1     795
    2    1  263  443  160    0   10    1    2    0    2024
    2    1  264  444  390    0   25    3    2    0    1640
    2    1  265  445  175    0   11    2    2    1    1066
    2    1  266  446  368    0   23    3    1    0    1016
    2    1  267  447  249    0   16    2    1    0     702
    2    1  268  448  344    0   22    3    1    0     814
    2    1  269  449  453    0   29    3    2    0    1760
    2    1  270  450  445    0   28    3    3    1    1391
    2    1  271  451  280    0   18    2    3    0    1787
    2    1  272  452  436    0   28    3    2    0    4323
    2    1  273  453  350    0   22    3    1    0    1221
    2    1  274  454  271    0   17    2    2    1    1628
    2    1  275  455  317    0   20    2    3    0    1188
    2    1  276  456  278    1   18    2    3    0     873
    2    1  277  457   73    1    5    1    2    0    1240
    2    1  278  458  111    1    7    1    1    1    1340
    2    1  279  459  225    0   15    2    1    0    1851
    2    1  280  460  104    0    7    1    1    1    1359
    2    1  281  461  290    0   19    2    1    0     865
    2    1  282  462  298    0   19    2    1    0     802
    2    1  283  463   96    1    6    1    3    0    1308
    2    1  284  464   44    0    3    1    1    1     935
    2    1  285  465  131    0    9    1    1    1    5530
    2    1  286  466   32    0    2    1    2    0    2511
    2    1  287  467  147    0   10    1    3    0    1278
    2    1  288  468  409    0   26    3    3    1    1900
    2    1  289  469  105    0    7    1    2    0    1883
    2    1  290  470  198    0   13    2    1    0    1284
    2    1  291  471  227    0   15    2    3    0    1435
    2    1  292  472  182    0   12    2    3    0    1972
    2    1  293  473  468    0   30    3    2    0    1848
    2    1  294  474  313    0   20    2    2    1    1397
    2    1  295  475   43    0    3    1    1    1    1047
    2    1  296  476  233    0   15    2    3    0    1545
    2    1  297  477   40    1    3    1    1    1    1257
    2    1  298  478  116    0    8    1    2    0    1478
    2    1  299  479  207    0   13    2    2    1    1655
    2    1  300  480    1    0    1    1    1    1    3537
