    1    1    1    1   58    1    4    1    1    1    3560
    1    1    2    2  164    1   11    2    3    0    2203
    1    1    3    3  182    1   12    2    3    0    3512
    1    1    4    4   35    1    3    1    3    0    5823
    1    1    5    5  272    1   17    2    3    0    8396
    1    1    6    6   66    1    5    1    2    0    2240
    1    1    7    7   33    1    3    1    1    1    2188
    1    1    8    8  280    1   18    2    3    0    2362
    1    1    9    9   52    1    4    1    1    1    3328
    1    1   10   10  476    1   30    3    3    1    1776
    1    1   11   11  380    1   24    3    2    0    1215
    1    1   12   12  479    1   30    3    3    1    1426
    1    1   13   13   80    1    5    1    2    0    2398
    1    1   14   14  424    1   27    3    2    0    3235
    1    1   15   15  340    1   22    3    2    0    2694
    1    1   16   16  267    1   17    2    3    0   13024
    1    1   17   17  290    1   19    2    3    0     940
    1    1   18   18   36    1    3    1    3    0    1370
    1    1   19   19  217    1   14    2    1    0    2056
    1    1   20   20  360    1   23    3    1    0    4922
    1    1   21   21  356    1   23    3    1    0    2858
    1    1   22   22   53    1    4    1    3    0     940
    1    1   23   23  120    1    8    1    3    0    2219
    1    1   24   24  269    1   17    2    2    1    1927
    1    1   25   25  326    1   21    3    3    1    2112
    1    1   26   26  219    1   14    2    1    0    5856
    1    1   27   27  201    1   13    2    2    1    1194
    1    1   28   28  411    1   26    3    3    1    1231
    1    1   29   29  359    1   23    3    3    1     899
    1    1   30   30  408    1   26    3    3    1    1683
    1    1   31   31  240    1   15    2    2    1    2900
    1    1   32   32  289    1   19    2    2    1     885
    1    1   33   33  271    1   17    2    2    1    4310
    1    1   34   34  465    1   30    3    3    1    1343
    1    1   35   35  353    1   23    3    3    1    2303
    1    1   36   36  250    1   16    2    2    1    1480
    1    1   37   37  266    1   17    2    2    1    1808
    1    1   38   38  409    1   26    3    3    1    1517
    1    1   39   39   56    1    4    1    1    1    1013
    1    1   40   40  117    1    8    1    1    1    1521
    1    1   41   41  276    1   18    2    2    1    6809
    1    1   42   42  448    1   28    3    1    0    1102
    1    1   43   43  387    1   25    3    2    0    4838
    1    1   44   44   15    1    1    1    1    1    1161
    1    1   45   45   49    1    4    1    1    1    1631
    1    1   46   46  406    1   26    3    3    1     834
    1    1   47   47  473    1   30    3    3    1    4358
    1    1   48   48   71    1    5    1    1    1     731
    1    1   49   49    4    1    1    1    2    0    4691
    1    1   50   50  252    1   16    2    2    1     828
    1    1   51   51   38    1    3    1    1    1     848
    1    1   52   52    6    1    1    1    1    1     882
    1    1   53   53  245    1   16    2    2    1    1332
    1    1   54   54   37    1    3    1    1    1     836
    1    1   55   55   16    1    1    1    1    1     775
    1    1   56   56  212    1   14    2    2    1    3084
    1    1   57   57  216    1   14    2    1    0    4870
    1    1   58   58  121    1    8    1    1    1    1159
    1    1   59   59  471    1   30    3    3    1     927
    1    1   60   60  396    1   25    3    3    1     783
    1    2    1   61  290    1   19    2    1    0    2452
    1    2    2   62   66    1    5    1    1    1     695
    1    2    3   63  269    1   17    2    2    1    1023
    1    2    4   64  250    1   16    2    2    1    1916
    1    2    5   65  217    1   14    2    2    1    3668
    1    2    6   66   37    1    3    1    1    1     822
    1    2    7   67  356    1   23    3    3    1     682
    1    2    8   68  387    1   25    3    2    0    1171
    1    2    9   69  245    1   16    2    2    1     777
    1    2   10   70  201    1   13    2    2    1    1184
    1    2   11   71  476    1   30    3    3    1     773
    1    2   12   72  471    1   30    3    3    1     716
    1    2   13   73  271    1   17    2    2    1    1827
    1    2   14   74  117    1    8    1    1    1    1792
    1    2   15   75   49    1    4    1    2    0   16845
    1    2   16   76    4    1    1    1    1    1    1104
    1    2   17   77   36    1    3    1    1    1     761
    1    2   18   78  411    1   26    3    3    1     671
    1    2   19   79  479    1   30    3    3    1     842
    1    2   20   80  409    1   26    3    3    1     717
    1    2   21   81  252    1   16    2    2    1    1413
    1    2   22   82  216    1   14    2    1    0   28945
    1    2   23   83  473    1   30    3    3    1     897
    1    2   24   84  408    1   26    3    3    1     690
    1    2   25   85  424    1   27    3    3    1    2267
    1    2   26   86  276    1   18    2    2    1    2565
    1    2   27   87   58    1    4    1    1    1     867
    1    2   28   88  396    1   25    3    3    1     692
    1    2   29   89  465    1   30    3    3    1     670
    1    2   30   90  353    1   23    3    3    1     776
    1    2   31   91  340    1   22    3    2    0    2830
    1    2   32   92  380    1   24    3    3    1     850
    1    2   33   93  212    1   14    2    3    0     628
    1    2   34   94   35    1    3    1    1    1     784
    1    2   35   95  182    1   12    2    2    1     838
    1    2   36   96   71    1    5    1    1    1     857
    1    2   37   97   80    1    5    1    1    1    1723
    1    2   38   98  272    1   17    2    2    1    1420
    1    2   39   99  240    1   15    2    2    1    1943
    1    2   40  100   15    1    1    1    1    1     735
    1    2   41  101  406    1   26    3    3    1    1319
    1    2   42  102   38    1    3    1    1    1     951
    1    2   43  103  267    1   17    2    2    1    1045
    1    2   44  104   33    1    3    1    1    1     657
    1    2   45  105  448    1   28    3    1    0     891
    1    2   46  106  359    1   23    3    3    1     717
    1    2   47  107   53    1    4    1    1    1     901
    1    2   48  108  289    1   19    2    2    1    1078
    1    2   49  109   52    1    4    1    1    1     879
    1    2   50  110  164    1   11    2    2    1     705
    1    2   51  111  120    1    8    1    1    1     778
    1    2   52  112  266    1   17    2    2    1    1888
    1    2   53  113   16    1    1    1    1    1    2138
    1    2   54  114  121    1    8    1    1    1    1881
    1    2   55  115   56    1    4    1    1    1    1922
    1    2   56  116  326    1   21    3    1    0    2922
    1    2   57  117  280    1   18    2    2    1    1098
    1    2   58  118  360    1   23    3    3    1     787
    1    2   59  119  219    1   14    2    1    0     985
    1    2   60  120    6    1    1    1    1    1     661
    1    3    1  121  276    1   18    2    2    1    1344
    1    3    2  122  353    1   23    3    3    1    1280
    1    3    3  123  476    1   30    3    3    1     593
    1    3    4  124  217    1   14    2    2    1    2431
    1    3    5  125  473    1   30    3    3    1     738
    1    3    6  126  219    1   14    2    2    1    2249
    1    3    7  127  387    1   25    3    2    0    6179
    1    3    8  128   66    1    5    1    1    1     721
    1    3    9  129  252    1   16    2    2    1     746
    1    3   10  130  245    1   16    2    2    1     673
    1    3   11  131  164    1   11    2    2    1     954
    1    3   12  132   58    1    4    1    1    1     794
    1    3   13  133  290    1   19    2    1    0   21745
    1    3   14  134   38    1    3    1    1    1     671
    1    3   15  135  267    1   17    2    2    1     617
    1    3   16  136  269    1   17    2    2    1     677
    1    3   17  137  406    1   26    3    3    1     784
    1    3   18  138   53    1    4    1    1    1     724
    1    3   19  139  216    1   14    2    2    1    1053
    1    3   20  140   16    1    1    1    1    1    3366
    1    3   21  141  408    1   26    3    3    1     645
    1    3   22  142  465    1   30    3    3    1     608
    1    3   23  143    6    1    1    1    1    1     797
    1    3   24  144  120    1    8    1    1    1    1074
    1    3   25  145  448    1   28    3    3    1    1148
    1    3   26  146  289    1   19    2    2    1    1091
    1    3   27  147  117    1    8    1    1    1    1452
    1    3   28  148  411    1   26    3    3    1    1191
    1    3   29  149   36    1    3    1    1    1     796
    1    3   30  150   35    1    3    1    1    1     674
    1    3   31  151  326    1   21    3    2    0    1339
    1    3   32  152  360    1   23    3    3    1     666
    1    3   33  153  212    1   14    2    3    0    1301
    1    3   34  154  409    1   26    3    3    1     661
    1    3   35  155  380    1   24    3    3    1     879
    1    3   36  156   15    1    1    1    1    1    1202
    1    3   37  157  240    1   15    2    3    0     598
    1    3   38  158  271    1   17    2    2    1     995
    1    3   39  159  121    1    8    1    1    1     864
    1    3   40  160   52    1    4    1    1    1     754
    1    3   41  161   37    1    3    1    1    1     633
    1    3   42  162  359    1   23    3    3    1     756
    1    3   43  163  280    1   18    2    2    1     907
    1    3   44  164   56    1    4    1    1    1     748
    1    3   45  165  479    1   30    3    3    1     707
    1    3   46  166  201    1   13    2    2    1     667
    1    3   47  167  340    1   22    3    3    1    2597
    1    3   48  168  182    1   12    2    2    1     626
    1    3   49  169  424    1   27    3    3    1    2190
    1    3   50  170   80    1    5    1    1    1    1211
    1    3   51  171    4    1    1    1    1    1    2304
    1    3   52  172  250    1   16    2    2    1     777
    1    3   53  173   33    1    3    1    1    1     687
    1    3   54  174   71    1    5    1    1    1     761
    1    3   55  175   49    1    4    1    1    1    1199
    1    3   56  176  471    1   30    3    3    1     675
    1    3   57  177  356    1   23    3    3    1     893
    1    3   58  178  266    1   17    2    2    1     798
    1    3   59  179  396    1   25    3    3    1     626
    1    3   60  180  272    1   17    2    2    1    1440
    2    1    1  181  227    0   15    2    3    0    4398
    2    1    2  182  389    0   25    3    2    0    9551
    2    1    3  183  120    1    8    1    1    1     630
    2    1    4  184  459    0   29    3    3    1     701
    2    1    5  185  187    0   12    2    2    1    1329
    2    1    6  186  283    0   18    2    3    0    2461
    2    1    7  187  279    0   18    2    3    0     699
    2    1    8  188  333    0   21    3    1    0    1888
    2    1    9  189   69    0    5    1    2    0     821
    2    1   10  190   34    0    3    1    1    1     597
    2    1   11  191  418    0   27    3    3    1    1054
    2    1   12  192  425    0   27    3    3    1     612
    2    1   13  193  274    0   18    2    2    1    1069
    2    1   14  194  372    0   24    3    1    0     723
    2    1   15  195  346    0   22    3    1    0    2296
    2    1   16  196  223    0   14    2    3    0     956
    2    1   17  197  207    0   13    2    2    1     791
    2    1   18  198  194    0   13    2    2    1     872
    2    1   19  199  343    0   22    3    3    1    2695
    2    1   20  200   72    0    5    1    1    1     619
    2    1   21  201  284    0   18    2    2    1     531
    2    1   22  202  451    0   29    3    3    1    2174
    2    1   23  203  365    0   23    3    3    1     938
    2    1   24  204   14    0    1    1    1    1    1077
    2    1   25  205  399    0   25    3    3    1     812
    2    1   26  206  302    0   19    2    2    1    1564
    2    1   27  207  371    0   24    3    1    0    1518
    2    1   28  208  455    0   29    3    2    0     979
    2    1   29  209   43    0    3    1    1    1     589
    2    1   30  210  419    0   27    3    2    0    1125
    2    1   31  211   83    0    6    1    1    1     889
    2    1   32  212  162    0   11    2    3    0    2264
    2    1   33  213  114    0    8    1    1    1    1005
    2    1   34  214  208    0   13    2    2    1     726
    2    1   35  215  427    0   27    3    3    1    2650
    2    1   36  216  269    1   17    2    2    1    1024
    2    1   37  217   25    0    2    1    3    0    1944
    2    1   38  218  104    0    7    1    3    0    7004
    2    1   39  219   81    0    6    1    2    0    3640
    2    1   40  220  173    0   11    2    3    0    3784
    2    1   41  221  453    0   29    3    2    0    4097
    2    1   42  222  278    0   18    2    2    1    4621
    2    1   43  223  286    0   18    2    3    0    5094
    2    1   44  224  239    0   15    2    2    1    5019
    2    1   45  225  318    0   20    2    3    0   14369
    2    1   46  226  373    0   24    3    1    0    1079
    2    1   47  227  161    0   11    2    2    1    3005
    2    1   48  228  378    0   24    3    2    0    2390
    2    1   49  229  110    0    7    1    1    1    1416
    2    1   50  230  106    0    7    1    3    0    1790
    2    1   51  231  222    0   14    2    3    0     729
    2    1   52  232  476    1   30    3    3    1     557
    2    1   53  233   31    0    2    1    3    0     616
    2    1   54  234   73    0    5    1    2    0     607
    2    1   55  235  198    0   13    2    2    1     664
    2    1   56  236  243    0   16    2    2    1     494
    2    1   57  237  390    0   25    3    3    1     619
    2    1   58  238  179    0   12    2    2    1    1380
    2    1   59  239  163    0   11    2    2    1    4141
    2    1   60  240  311    0   20    2    3    0     745
    2    1   61  241   60    0    4    1    3    0    2029
    2    1   62  242   11    0    1    1    1    1    3788
    2    1   63  243  325    0   21    3    3    1    5621
    2    1   64  244  206    0   13    2    2    1     725
    2    1   65  245   85    0    6    1    1    1    2969
    2    1   66  246    6    1    1    1    1    1     642
    2    1   67  247  158    0   10    1    1    1     715
    2    1   68  248  240    1   15    2    2    1     686
    2    1   69  249  252    1   16    2    2    1     564
    2    1   70  250  133    0    9    1    3    0     685
    2    1   71  251   24    0    2    1    3    0     594
    2    1   72  252  437    0   28    3    2    0    5916
    2    1   73  253  474    0   30    3    3    1     671
    2    1   74  254  261    0   17    2    2    1     693
    2    1   75  255  137    0    9    1    1    1    6699
    2    1   76  256  234    0   15    2    3    0    1376
    2    1   77  257  379    0   24    3    3    1    5609
    2    1   78  258  301    0   19    2    2    1     826
    2    1   79  259  375    0   24    3    3    1    1242
    2    1   80  260  115    0    8    1    1    1    2170
    2    1   81  261  292    0   19    2    2    1    1267
    2    1   82  262   65    0    5    1    1    1    1153
    2    1   83  263   99    0    7    1    2    0    2884
    2    1   84  264  188    0   12    2    2    1    2755
    2    1   85  265  441    0   28    3    3    1     853
    2    1   86  266  177    0   12    2    2    1    4228
    2    1   87  267  370    0   24    3    3    1    2140
    2    1   88  268  235    0   15    2    3    0     711
    2    1   89  269  363    0   23    3    1    0    1452
    2    1   90  270  470    0   30    3    2    0     690
    2    1   91  271   54    0    4    1    3    0    1351
    2    1   92  272  316    0   20    2    2    1     626
    2    1   93  273  393    0   25    3    2    0     876
    2    1   94  274  356    1   23    3    3    1     696
    2    1   95  275   63    0    4    1    2    0    5261
    2    1   96  276   17    0    2    1    3    0     573
    2    1   97  277  344    0   22    3    2    0    2806
    2    1   98  278   40    0    3    1    1    1     598
    2    1   99  279  181    0   12    2    1    0     639
    2    1  100  280   55    0    4    1    3    0     999
    2    1  101  281  128    0    8    1    1    1     783
    2    1  102  282  315    0   20    2    2    1     576
    2    1  103  283  412    0   26    3    3    1    1674
    2    1  104  284  447    0   28    3    3    1     698
    2    1  105  285  359    1   23    3    3    1     638
    2    1  106  286  299    0   19    2    2    1    2628
    2    1  107  287  464    0   29    3    3    1    2172
    2    1  108  288  189    0   12    2    1    0     806
    2    1  109  289   78    0    5    1    1    1     678
    2    1  110  290  297    0   19    2    2    1    5660
    2    1  111  291  231    0   15    2    2    1     859
    2    1  112  292  477    0   30    3    3    1     698
    2    1  113  293  236    0   15    2    2    1     750
    2    1  114  294  361    0   23    3    3    1    1969
    2    1  115  295  150    0   10    1    2    0     692
    2    1  116  296   51    0    4    1    1    1    5800
    2    1  117  297   27    0    2    1    3    0    1729
    2    1  118  298   59    0    4    1    2    0     828
    2    1  119  299  312    0   20    2    3    0     556
    2    1  120  300  426    0   27    3    3    1    1911
    2    1  121  301   49    1    4    1    3    0    6700
    2    1  122  302  233    0   15    2    3    0     608
    2    1  123  303  452    0   29    3    3    1     585
    2    1  124  304  354    0   23    3    3    1     611
    2    1  125  305  408    1   26    3    3    1     539
    2    1  126  306  204    0   13    2    2    1     646
    2    1  127  307   46    0    3    1    1    1    4781
    2    1  128  308   92    0    6    1    1    1     687
    2    1  129  309  439    0   28    3    3    1    1013
    2    1  130  310   30    0    2    1    3    0     957
    2    1  131  311  395    0   25    3    3    1    3687
    2    1  132  312  220    0   14    2    2    1    1509
    2    1  133  313  396    1   25    3    3    1    1961
    2    1  134  314  145    0   10    1    2    0     828
    2    1  135  315  232    0   15    2    3    0    1980
    2    1  136  316   16    1    1    1    2    0    6494
    2    1  137  317  345    0   22    3    1    0     763
    2    1  138  318  306    0   20    2    2    1     862
    2    1  139  319  107    0    7    1    2    0    1996
    2    1  140  320  122    0    8    1    1    1     653
    2    1  141  321  190    0   12    2    2    1    1603
    2    1  142  322  351    0   22    3    2    0    3204
    2    1  143  323  471    1   30    3    3    1     677
    2    1  144  324  229    0   15    2    3    0    7531
    2    1  145  325   98    0    7    1    2    0    2611
    2    1  146  326  421    0   27    3    3    1    7723
    2    1  147  327  103    0    7    1    2    0    2779
    2    1  148  328   18    0    2    1    3    0     813
    2    1  149  329  237    0   15    2    2    1    1868
    2    1  150  330  230    0   15    2    3    0     834
    2    1  151  331   84    0    6    1    3    0     866
    2    1  152  332  324    0   21    3    2    0    1567
    2    1  153  333  132    0    9    1    3    0     833
    2    1  154  334  105    0    7    1    1    1    1248
    2    1  155  335  140    0    9    1    3    0     976
    2    1  156  336  430    0   27    3    3    1     665
    2    1  157  337   62    0    4    1    2    0     735
    2    1  158  338  289    1   19    2    2    1     690
    2    1  159  339  134    0    9    1    2    0    1272
    2    1  160  340  360    1   23    3    3    1     886
    2    1  161  341  448    1   28    3    3    1     595
    2    1  162  342  295    0   19    2    2    1     684
    2    1  163  343  192    0   12    2    1    0    2226
    2    1  164  344  273    0   18    2    3    0    2601
    2    1  165  345  458    0   29    3    3    1     658
    2    1  166  346  435    0   28    3    3    1    9498
    2    1  167  347  219    1   14    2    2    1    1074
    2    1  168  348  290    1   19    2    2    1    3208
    2    1  169  349  369    0   24    3    3    1    3177
    2    1  170  350  405    0   26    3    3    1    1483
    2    1  171  351  123    0    8    1    2    0    2560
    2    1  172  352  304    0   19    2    2    1     651
    2    1  173  353  401    0   26    3    3    1    1201
    2    1  174  354  221    0   14    2    2    1     802
    2    1  175  355  391    0   25    3    3    1     626
    2    1  176  356  329    0   21    3    1    0     714
    2    1  177  357  432    0   27    3    3    1     622
    2    1  178  358  414    0   26    3    3    1     998
    2    1  179  359  126    0    8    1    2    0    1630
    2    1  180  360  307    0   20    2    3    0    1871
    2    1  181  361   68    0    5    1    1    1    1140
    2    1  182  362  205    0   13    2    2    1     648
    2    1  183  363    7    0    1    1    3    0    1614
    2    1  184  364  168    0   11    2    1    0    3166
    2    1  185  365  454    0   29    3    2    0     705
    2    1  186  366   95    0    6    1    1    1     772
    2    1  187  367  253    0   16    2    1    0     967
    2    1  188  368  196    0   13    2    2    1    1008
    2    1  189  369  433    0   28    3    3    1    1130
    2    1  190  370   67    0    5    1    2    0    2029
    2    1  191  371  467    0   30    3    3    1     589
    2    1  192  372  322    0   21    3    1    0     694
    2    1  193  373  272    1   17    2    2    1     715
    2    1  194  374    3    0    1    1    3    0    1839
    2    1  195  375  392    0   25    3    3    1     854
    2    1  196  376  156    0   10    1    3    0    4165
    2    1  197  377  420    0   27    3    3    1     640
    2    1  198  378  479    1   30    3    3    1     742
    2    1  199  379  259    0   17    2    3    0     682
    2    1  200  380  184    0   12    2    1    0     591
    2    1  201  381  191    0   12    2    1    0     568
    2    1  202  382   86    0    6    1    2    0     995
    2    1  203  383  260    0   17    2    2    1    2764
    2    1  204  384  339    0   22    3    2    0    6382
    2    1  205  385  330    0   21    3    1    0     718
    2    1  206  386  352    0   22    3    2    0    4339
    2    1  207  387   10    0    1    1    3    0    1543
    2    1  208  388  258    0   17    2    2    1    1130
    2    1  209  389  116    0    8    1    1    1     781
    2    1  210  390  342    0   22    3    1    0     639
    2    1  211  391  469    0   30    3    3    1     630
    2    1  212  392    4    1    1    1    2    0     685
    2    1  213  393  170    0   11    2    1    0     866
    2    1  214  394   21    0    2    1    3    0     577
    2    1  215  395   89    0    6    1    1    1     617
    2    1  216  396  143    0    9    1    3    0     929
    2    1  217  397  431    0   27    3    2    0     940
    2    1  218  398  313    0   20    2    2    1     984
    2    1  219  399  139    0    9    1    3    0     545
    2    1  220  400  423    0   27    3    3    1    1357
    2    1  221  401   94    0    6    1    1    1    1656
    2    1  222  402  211    0   14    2    2    1     630
    2    1  223  403  201    1   13    2    2    1     558
    2    1  224  404   39    0    3    1    1    1     712
    2    1  225  405  332    0   21    3    2    0     636
    2    1  226  406   45    0    3    1    1    1     707
    2    1  227  407  213    0   14    2    2    1    3384
    2    1  228  408   75    0    5    1    1    1     561
    2    1  229  409  141    0    9    1    3    0     701
    2    1  230  410  270    0   17    2    2    1     594
    2    1  231  411   13    0    1    1    2    0    1659
    2    1  232  412  323    0   21    3    2    0     569
    2    1  233  413   48    0    3    1    1    1     484
    2    1  234  414  340    1   22    3    3    1    1649
    2    1  235  415  472    0   30    3    3    1    1183
    2    1  236  416   66    1    5    1    2    0    8672
    2    1  237  417  142    0    9    1    3    0     746
    2    1  238  418   33    1    3    1    2    0     670
    2    1  239  419   29    0    2    1    3    0     627
    2    1  240  420  288    0   18    2    2    1    1180
    2    1  241  421  268    0   17    2    2    1     750
    2    1  242  422  411    1   26    3    3    1     560
    2    1  243  423  424    1   27    3    3    1     907
    2    1  244  424  384    0   24    3    2    0     920
    2    1  245  425  397    0   25    3    3    1     563
    2    1  246  426  362    0   23    3    3    1     701
    2    1  247  427  473    1   30    3    2    0     546
    2    1  248  428  434    0   28    3    1    0     653
    2    1  249  429  135    0    9    1    3    0    1187
    2    1  250  430  357    0   23    3    3    1    2661
    2    1  251  431  465    1   30    3    3    1     715
    2    1  252  432  374    0   24    3    2    0     880
    2    1  253  433  403    0   26    3    3    1     765
    2    1  254  434   38    1    3    1    2    0    1071
    2    1  255  435  294    0   19    2    2    1     741
    2    1  256  436  146    0   10    1    3    0    1464
    2    1  257  437  415    0   26    3    3    1     735
    2    1  258  438   22    0    2    1    2    0     579
    2    1  259  439  136    0    9    1    3    0     972
    2    1  260  440  461    0   29    3    2    0     678
    2    1  261  441  250    1   16    2    2    1     845
    2    1  262  442  209    0   14    2    2    1    1068
    2    1  263  443  159    0   10    1    2    0     562
    2    1  264  444  468    0   30    3    2    0     557
    2    1  265  445  309    0   20    2    3    0     568
    2    1  266  446  402    0   26    3    2    0     801
    2    1  267  447  303    0   19    2    2    1     658
    2    1  268  448  127    0    8    1    1    1     825
    2    1  269  449   44    0    3    1    1    1    2057
    2    1  270  450  226    0   15    2    3    0     679
    2    1  271  451  263    0   17    2    2    1     477
    2    1  272  452   74    0    5    1    3    0     556
    2    1  273  453  328    0   21    3    1    0     710
    2    1  274  454  212    1   14    2    3    0     794
    2    1  275  455  429    0   27    3    3    1     733
    2    1  276  456  337    0   22    3    3    1    1439
    2    1  277  457  160    0   10    1    2    0     966
    2    1  278  458  291    0   19    2    1    0    1072
    2    1  279  459  331    0   21    3    1    0     629
    2    1  280  460  197    0   13    2    2    1     989
    2    1  281  461  462    0   29    3    3    1     582
    2    1  282  462  300    0   19    2    2    1     609
    2    1  283  463  248    0   16    2    2    1     633
    2    1  284  464  353    1   23    3    3    1     865
    2    1  285  465  436    0   28    3    3    1    1390
    2    1  286  466  130    0    9    1    3    0     920
    2    1  287  467  438    0   28    3    2    0     611
    2    1  288  468  157    0   10    1    2    0     876
    2    1  289  469  169    0   11    2    2    1     827
    2    1  290  470  254    0   16    2    2    1     492
    2    1  291  471  167    0   11    2    2    1     664
    2    1  292  472  460    0   29    3    3    1     591
    2    1  293  473  381    0   24    3    3    1    1655
    2    1  294  474  225    0   15    2    1    0     725
    2    1  295  475  185    0   12    2    3    0     265
    2    1  296  476  256    0   16    2    2    1     639
    2    1  297  477  265    0   17    2    2    1     822
    2    1  298  478  416    0   26    3    3    1     487
    2    1  299  479  119    0    8    1    3    0     484
    2    1  300  480  449    0   29    3    2    0     865
