    1    1    1    1  276    1   18    2    2    1    6393
    1    1    2    2  250    1   16    2    3    0    4953
    1    1    3    3  280    1   18    2    3    0    2843
    1    1    4    4   71    1    5    1    3    0    2471
    1    1    5    5  408    1   26    3    2    0    2342
    1    1    6    6  201    1   13    2    1    0    2252
    1    1    7    7  448    1   28    3    1    0    3279
    1    1    8    8  380    1   24    3    2    0    3929
    1    1    9    9   15    1    1    1    3    0    2386
    1    1   10   10  387    1   25    3    1    0    5887
    1    1   11   11  121    1    8    1    3    0    4130
    1    1   12   12  359    1   23    3    3    1    2761
    1    1   13   13   36    1    3    1    2    0    3619
    1    1   14   14   49    1    4    1    2    0    1877
    1    1   15   15  240    1   15    2    3    0    1728
    1    1   16   16   66    1    5    1    3    0    1549
    1    1   17   17  245    1   16    2    3    0    1315
    1    1   18   18  356    1   23    3    3    1    1346
    1    1   19   19  266    1   17    2    3    0    1399
    1    1   20   20  411    1   26    3    2    0    3664
    1    1   21   21  326    1   21    3    1    0    1908
    1    1   22   22  219    1   14    2    2    1    1853
    1    1   23   23  473    1   30    3    1    0    3399
    1    1   24   24   53    1    4    1    1    1    6916
    1    1   25   25  267    1   17    2    1    0    5768
    1    1   26   26  360    1   23    3    3    1    1567
    1    1   27   27    4    1    1    1    1    1    4084
    1    1   28   28  465    1   30    3    3    1    4808
    1    1   29   29  424    1   27    3    2    0    3598
    1    1   30   30   56    1    4    1    1    1    2157
    1    1   31   31   80    1    5    1    1    1    2457
    1    1   32   32   33    1    3    1    1    1    2509
    1    1   33   33  217    1   14    2    2    1    2168
    1    1   34   34  340    1   22    3    3    1    2006
    1    1   35   35  290    1   19    2    2    1    3954
    1    1   36   36   16    1    1    1    1    1    1910
    1    1   37   37  269    1   17    2    2    1    1570
    1    1   38   38  212    1   14    2    2    1    1568
    1    1   39   39  271    1   17    2    2    1    6729
    1    1   40   40   58    1    4    1    1    1    1057
    1    1   41   41  471    1   30    3    3    1     965
    1    1   42   42   35    1    3    1    1    1    1027
    1    1   43   43  117    1    8    1    1    1    1148
    1    1   44   44  479    1   30    3    2    0    1273
    1    1   45   45  182    1   12    2    2    1    2084
    1    1   46   46  120    1    8    1    1    1    2334
    1    1   47   47   37    1    3    1    2    0    1722
    1    1   48   48  252    1   16    2    2    1    3526
    1    1   49   49  406    1   26    3    3    1    1378
    1    1   50   50  272    1   17    2    2    1    1385
    1    1   51   51  353    1   23    3    3    1    1017
    1    1   52   52   38    1    3    1    1    1    1015
    1    1   53   53  289    1   19    2    2    1    1304
    1    1   54   54  164    1   11    2    1    0    1151
    1    1   55   55  216    1   14    2    2    1    1210
    1    1   56   56  396    1   25    3    3    1     863
    1    1   57   57  476    1   30    3    2    0    3814
    1    1   58   58    6    1    1    1    1    1     967
    1    1   59   59  409    1   26    3    3    1    1080
    1    1   60   60   52    1    4    1    1    1    1448
    1    2    1   61  471    1   30    3    3    1     915
    1    2    2   62  217    1   14    2    2    1    1973
    1    2    3   63  465    1   30    3    3    1    2033
    1    2    4   64  380    1   24    3    2    0    1179
    1    2    5   65   37    1    3    1    1    1    1130
    1    2    6   66  356    1   23    3    2    0    3016
    1    2    7   67   80    1    5    1    1    1     939
    1    2    8   68  473    1   30    3    3    1    2004
    1    2    9   69   58    1    4    1    1    1    2332
    1    2   10   70  387    1   25    3    3    1    1326
    1    2   11   71  424    1   27    3    3    1    1822
    1    2   12   72  219    1   14    2    2    1    1077
    1    2   13   73  182    1   12    2    2    1    1110
    1    2   14   74  280    1   18    2    3    0    3083
    1    2   15   75  396    1   25    3    3    1     857
    1    2   16   76  448    1   28    3    3    1    6676
    1    2   17   77  267    1   17    2    2    1    1628
    1    2   18   78  120    1    8    1    1    1     679
    1    2   19   79  408    1   26    3    3    1     881
    1    2   20   80  353    1   23    3    3    1    1043
    1    2   21   81  216    1   14    2    2    1    1010
    1    2   22   82  252    1   16    2    2    1    1396
    1    2   23   83   52    1    4    1    1    1    1043
    1    2   24   84   49    1    4    1    1    1    1012
    1    2   25   85  245    1   16    2    2    1    2522
    1    2   26   86  289    1   19    2    2    1    2417
    1    2   27   87   15    1    1    1    1    1    1638
    1    2   28   88   38    1    3    1    1    1     967
    1    2   29   89  250    1   16    2    2    1    2296
    1    2   30   90  117    1    8    1    3    0    3124
    1    2   31   91   33    1    3    1    1    1    1099
    1    2   32   92  479    1   30    3    2    0    1417
    1    2   33   93    6    1    1    1    1    1     718
    1    2   34   94  272    1   17    2    2    1    5945
    1    2   35   95  409    1   26    3    3    1    1220
    1    2   36   96  340    1   22    3    3    1     786
    1    2   37   97  164    1   11    2    2    1    1029
    1    2   38   98  290    1   19    2    2    1    2540
    1    2   39   99  269    1   17    2    2    1    2782
    1    2   40  100   66    1    5    1    1    1     725
    1    2   41  101   16    1    1    1    1    1    1096
    1    2   42  102  476    1   30    3    3    1     761
    1    2   43  103   71    1    5    1    1    1    1540
    1    2   44  104    4    1    1    1    1    1     937
    1    2   45  105  411    1   26    3    3    1    1584
    1    2   46  106   56    1    4    1    1    1    1383
    1    2   47  107  326    1   21    3    2    0    1104
    1    2   48  108  121    1    8    1    1    1    3876
    1    2   49  109  266    1   17    2    2    1    1457
    1    2   50  110   53    1    4    1    1    1     824
    1    2   51  111  360    1   23    3    3    1     770
    1    2   52  112  271    1   17    2    2    1    1004
    1    2   53  113   35    1    3    1    1    1     715
    1    2   54  114   36    1    3    1    1    1     921
    1    2   55  115  359    1   23    3    3    1     674
    1    2   56  116  406    1   26    3    3    1     782
    1    2   57  117  276    1   18    2    2    1    2420
    1    2   58  118  240    1   15    2    3    0    1792
    1    2   59  119  201    1   13    2    2    1    1121
    1    2   60  120  212    1   14    2    2    1    1308
    1    3    1  121  396    1   25    3    3    1    2106
    1    3    2  122  250    1   16    2    2    1    1103
    1    3    3  123   38    1    3    1    1    1     855
    1    3    4  124  326    1   21    3    3    1    3542
    1    3    5  125  252    1   16    2    2    1     740
    1    3    6  126  387    1   25    3    3    1    1095
    1    3    7  127   53    1    4    1    1    1     899
    1    3    8  128  406    1   26    3    3    1     697
    1    3    9  129  276    1   18    2    2    1    1224
    1    3   10  130  271    1   17    2    2    1    2245
    1    3   11  131   37    1    3    1    1    1    1322
    1    3   12  132   56    1    4    1    2    0     946
    1    3   13  133   80    1    5    1    1    1     761
    1    3   14  134   35    1    3    1    1    1     898
    1    3   15  135  120    1    8    1    1    1     976
    1    3   16  136  289    1   19    2    2    1    1796
    1    3   17  137  182    1   12    2    2    1     618
    1    3   18  138  219    1   14    2    2    1     907
    1    3   19  139  424    1   27    3    3    1     610
    1    3   20  140  465    1   30    3    3    1     336
    1    3   21  141  479    1   30    3    3    1    2086
    1    3   22  142   15    1    1    1    1    1     843
    1    3   23  143   52    1    4    1    1    1     553
    1    3   24  144  448    1   28    3    3    1     814
    1    3   25  145   36    1    3    1    1    1     705
    1    3   26  146   49    1    4    1    1    1    1143
    1    3   27  147    6    1    1    1    1    1     645
    1    3   28  148  290    1   19    2    1    0    1403
    1    3   29  149   71    1    5    1    1    1     688
    1    3   30  150    4    1    1    1    1    1    1330
    1    3   31  151  212    1   14    2    3    0    3116
    1    3   32  152  216    1   14    2    2    1     911
    1    3   33  153  380    1   24    3    2    0     787
    1    3   34  154  164    1   11    2    2    1    1148
    1    3   35  155  476    1   30    3    3    1     866
    1    3   36  156  473    1   30    3    3    1    1643
    1    3   37  157  245    1   16    2    2    1    1145
    1    3   38  158   16    1    1    1    1    1     860
    1    3   39  159  356    1   23    3    3    1    1492
    1    3   40  160  360    1   23    3    3    1     704
    1    3   41  161  353    1   23    3    3    1     611
    1    3   42  162  266    1   17    2    2    1     868
    1    3   43  163   66    1    5    1    1    1     688
    1    3   44  164  201    1   13    2    2    1    1818
    1    3   45  165  408    1   26    3    3    1     710
    1    3   46  166  340    1   22    3    1    0    2723
    1    3   47  167  267    1   17    2    1    0    1201
    1    3   48  168  280    1   18    2    3    0    1318
    1    3   49  169  217    1   14    2    2    1    2508
    1    3   50  170  240    1   15    2    2    1    1289
    1    3   51  171  359    1   23    3    3    1     834
    1    3   52  172  272    1   17    2    2    1    1170
    1    3   53  173  121    1    8    1    1    1     840
    1    3   54  174  117    1    8    1    1    1     867
    1    3   55  175   58    1    4    1    1    1    1069
    1    3   56  176  471    1   30    3    3    1     665
    1    3   57  177  269    1   17    2    2    1    2025
    1    3   58  178  411    1   26    3    3    1     803
    1    3   59  179   33    1    3    1    1    1     699
    1    3   60  180  409    1   26    3    3    1     657
    2    1    1  181  378    0   24    3    3    1    5145
    2    1    2  182  164    1   11    2    2    1    3683
    2    1    3  183  277    0   18    2    2    1    1674
    2    1    4  184   47    0    3    1    1    1     902
    2    1    5  185  217    1   14    2    2    1     879
    2    1    6  186  443    0   28    3    3    1    1076
    2    1    7  187   19    0    2    1    1    1    1475
    2    1    8  188  172    0   11    2    1    0     668
    2    1    9  189   18    0    2    1    2    0     697
    2    1   10  190  395    0   25    3    1    0    1807
    2    1   11  191  437    0   28    3    3    1     713
    2    1   12  192  468    0   30    3    2    0     688
    2    1   13  193   29    0    2    1    2    0    1179
    2    1   14  194  233    0   15    2    1    0    6450
    2    1   15  195   44    0    3    1    1    1     734
    2    1   16  196  257    0   17    2    1    0    1312
    2    1   17  197  452    0   29    3    3    1     647
    2    1   18  198   88    0    6    1    3    0    2704
    2    1   19  199  368    0   23    3    2    0    2409
    2    1   20  200  176    0   11    2    1    0     782
    2    1   21  201  118    0    8    1    1    1     941
    2    1   22  202  283    0   18    2    3    0     656
    2    1   23  203  337    0   22    3    3    1    2196
    2    1   24  204  397    0   25    3    3    1     704
    2    1   25  205   45    0    3    1    1    1     570
    2    1   26  206  292    0   19    2    1    0    1542
    2    1   27  207  181    0   12    2    3    0    1615
    2    1   28  208   50    0    4    1    2    0     789
    2    1   29  209  420    0   27    3    3    1     828
    2    1   30  210   64    0    4    1    2    0    1515
    2    1   31  211  144    0    9    1    1    1     761
    2    1   32  212  117    1    8    1    1    1     739
    2    1   33  213  273    0   18    2    2    1    1058
    2    1   34  214  125    0    8    1    1    1     938
    2    1   35  215  158    0   10    1    3    0    1062
    2    1   36  216  177    0   12    2    3    0     674
    2    1   37  217  405    0   26    3    3    1    2919
    2    1   38  218  377    0   24    3    1    0    4947
    2    1   39  219  294    0   19    2    1    0     542
    2    1   40  220  290    1   19    2    1    0     624
    2    1   41  221   46    0    3    1    1    1     533
    2    1   42  222  325    0   21    3    3    1     998
    2    1   43  223   40    0    3    1    1    1     605
    2    1   44  224  213    0   14    2    2    1    1933
    2    1   45  225   39    0    3    1    1    1     705
    2    1   46  226  387    1   25    3    2    0    3590
    2    1   47  227  245    1   16    2    2    1     799
    2    1   48  228   10    0    1    1    1    1    1990
    2    1   49  229  113    0    8    1    2    0     813
    2    1   50  230  111    0    7    1    3    0     702
    2    1   51  231  317    0   20    2    2    1    2518
    2    1   52  232  284    0   18    2    3    0     724
    2    1   53  233  187    0   12    2    3    0     925
    2    1   54  234   86    0    6    1    3    0     929
    2    1   55  235  310    0   20    2    2    1    4297
    2    1   56  236  348    0   22    3    3    1     638
    2    1   57  237  258    0   17    2    2    1    1292
    2    1   58  238  313    0   20    2    2    1    3155
    2    1   59  239   96    0    6    1    3    0    5244
    2    1   60  240  270    0   17    2    2    1    1259
    2    1   61  241  352    0   22    3    3    1     718
    2    1   62  242  439    0   28    3    3    1     816
    2    1   63  243  169    0   11    2    1    0     699
    2    1   64  244  219    1   14    2    2    1     408
    2    1   65  245  183    0   12    2    3    0     691
    2    1   66  246  370    0   24    3    1    0     777
    2    1   67  247  102    0    7    1    1    1    1177
    2    1   68  248  399    0   25    3    3    1     849
    2    1   69  249  130    0    9    1    1    1    3214
    2    1   70  250  343    0   22    3    3    1    1242
    2    1   71  251  261    0   17    2    2    1     851
    2    1   72  252  260    0   17    2    2    1     792
    2    1   73  253  278    0   18    2    3    0     630
    2    1   74  254   11    0    1    1    1    1    1739
    2    1   75  255  474    0   30    3    2    0    1232
    2    1   76  256  463    0   29    3    3    1     566
    2    1   77  257  315    0   20    2    2    1    2219
    2    1   78  258    7    0    1    1    1    1     681
    2    1   79  259   89    0    6    1    3    0    1708
    2    1   80  260   99    0    7    1    3    0    4102
    2    1   81  261  242    0   16    2    2    1    1358
    2    1   82  262   60    0    4    1    2    0     918
    2    1   83  263  133    0    9    1    1    1     871
    2    1   84  264  396    1   25    3    3    1    1441
    2    1   85  265  401    0   26    3    3    1    2174
    2    1   86  266   16    1    1    1    1    1    1240
    2    1   87  267  108    0    7    1    3    0    5687
    2    1   88  268  446    0   28    3    3    1    1747
    2    1   89  269  369    0   24    3    3    1    4927
    2    1   90  270  464    0   29    3    3    1    1137
    2    1   91  271  301    0   19    2    3    0    1228
    2    1   92  272  145    0   10    1    1    1    4535
    2    1   93  273  462    0   29    3    3    1    1103
    2    1   94  274  359    1   23    3    3    1    1023
    2    1   95  275  104    0    7    1    3    0    2520
    2    1   96  276  355    0   23    3    3    1     521
    2    1   97  277   17    0    2    1    2    0    1723
    2    1   98  278  435    0   28    3    3    1    2174
    2    1   99  279  448    1   28    3    3    1    1412
    2    1  100  280  279    0   18    2    3    0     675
    2    1  101  281  340    1   22    3    3    1     718
    2    1  102  282  322    0   21    3    3    1     704
    2    1  103  283  175    0   11    2    2    1    1306
    2    1  104  284  139    0    9    1    1    1    1824
    2    1  105  285  362    0   23    3    3    1     744
    2    1  106  286  330    0   21    3    3    1    2073
    2    1  107  287   57    0    4    1    2    0     689
    2    1  108  288  116    0    8    1    1    1     892
    2    1  109  289  166    0   11    2    2    1     827
    2    1  110  290  419    0   27    3    3    1    3082
    2    1  111  291  329    0   21    3    3    1    1278
    2    1  112  292  306    0   20    2    2    1    1720
    2    1  113  293  455    0   29    3    3    1    2489
    2    1  114  294  246    0   16    2    3    0    7682
    2    1  115  295  194    0   13    2    1    0    2971
    2    1  116  296  238    0   15    2    3    0    1317
    2    1  117  297  147    0   10    1    3    0    1878
    2    1  118  298  451    0   29    3    3    1    1036
    2    1  119  299  296    0   19    2    3    0    2659
    2    1  120  300   90    0    6    1    3    0    1250
    2    1  121  301  220    0   14    2    2    1    1607
    2    1  122  302  203    0   13    2    2    1    3283
    2    1  123  303  382    0   24    3    1    0    2928
    2    1  124  304   94    0    6    1    3    0    1534
    2    1  125  305  366    0   23    3    3    1    1377
    2    1  126  306  372    0   24    3    1    0    4240
    2    1  127  307  335    0   21    3    2    0    2298
    2    1  128  308  160    0   10    1    1    1    1772
    2    1  129  309  124    0    8    1    1    1     724
    2    1  130  310  365    0   23    3    3    1     654
    2    1  131  311  440    0   28    3    3    1     672
    2    1  132  312  470    0   30    3    3    1     703
    2    1  133  313  269    1   17    2    2    1    1835
    2    1  134  314   35    1    3    1    1    1     666
    2    1  135  315   85    0    6    1    3    0    2840
    2    1  136  316   93    0    6    1    3    0    1055
    2    1  137  317  339    0   22    3    3    1    1540
    2    1  138  318  271    1   17    2    2    1    1533
    2    1  139  319  252    1   16    2    2    1    1397
    2    1  140  320  356    1   23    3    3    1    3824
    2    1  141  321  259    0   17    2    2    1    1766
    2    1  142  322  196    0   13    2    2    1    3964
    2    1  143  323  461    0   29    3    3    1    1173
    2    1  144  324  349    0   22    3    3    1    2090
    2    1  145  325  384    0   24    3    1    0    1538
    2    1  146  326  407    0   26    3    2    0    1409
    2    1  147  327  192    0   12    2    3    0    4063
    2    1  148  328   55    0    4    1    1    1    5756
    2    1  149  329  199    0   13    2    2    1    2879
    2    1  150  330  305    0   20    2    2    1    2986
    2    1  151  331   33    1    3    1    1    1    1006
    2    1  152  332  477    0   30    3    2    0    1007
    2    1  153  333  163    0   11    2    3    0    1568
    2    1  154  334  436    0   28    3    1    0    2017
    2    1  155  335  100    0    7    1    1    1    3590
    2    1  156  336  342    0   22    3    3    1    1104
    2    1  157  337   97    0    7    1    1    1    1334
    2    1  158  338  307    0   20    2    2    1    1934
    2    1  159  339   56    1    4    1    1    1    5132
    2    1  160  340  236    0   15    2    2    1    2105
    2    1  161  341   48    0    3    1    1    1    1923
    2    1  162  342  364    0   23    3    2    0    1095
    2    1  163  343  230    0   15    2    2    1    1212
    2    1  164  344  264    0   17    2    2    1     864
    2    1  165  345  276    1   18    2    3    0    4442
    2    1  166  346  256    0   16    2    2    1    2416
    2    1  167  347  456    0   29    3    3    1     722
    2    1  168  348  282    0   18    2    3    0     869
    2    1  169  349  319    0   20    2    2    1     648
    2    1  170  350  115    0    8    1    1    1     909
    2    1  171  351   66    1    5    1    1    1     616
    2    1  172  352  361    0   23    3    3    1     664
    2    1  173  353   79    0    5    1    1    1     573
    2    1  174  354   91    0    6    1    3    0    1446
    2    1  175  355   24    0    2    1    2    0    1008
    2    1  176  356  398    0   25    3    3    1     758
    2    1  177  357  132    0    9    1    1    1     631
    2    1  178  358  374    0   24    3    1    0     569
    2    1  179  359  327    0   21    3    2    0     527
    2    1  180  360   75    0    5    1    1    1     502
    2    1  181  361   67    0    5    1    3    0    1079
    2    1  182  362   62    0    4    1    3    0    2840
    2    1  183  363  265    0   17    2    2    1    1010
    2    1  184  364  274    0   18    2    3    0    1327
    2    1  185  365   31    0    2    1    2    0     945
    2    1  186  366   37    1    3    1    1    1     597
    2    1  187  367  428    0   27    3    3    1    1080
    2    1  188  368  141    0    9    1    3    0     623
    2    1  189  369  434    0   28    3    1    0    1495
    2    1  190  370  333    0   21    3    2    0    1320
    2    1  191  371  221    0   14    2    2    1     803
    2    1  192  372  107    0    7    1    3    0    1393
    2    1  193  373   73    0    5    1    1    1     695
    2    1  194  374  185    0   12    2    3    0    1380
    2    1  195  375  126    0    8    1    1    1     454
    2    1  196  376  410    0   26    3    2    0     580
    2    1  197  377  363    0   23    3    3    1    2867
    2    1  198  378   78    0    5    1    1    1     593
    2    1  199  379   36    1    3    1    1    1     705
    2    1  200  380  357    0   23    3    3    1     700
    2    1  201  381  253    0   16    2    1    0     777
    2    1  202  382   23    0    2    1    1    1     625
    2    1  203  383   30    0    2    1    3    0    1251
    2    1  204  384  162    0   11    2    2    1    2318
    2    1  205  385   58    1    4    1    2    0    1205
    2    1  206  386   69    0    5    1    3    0     597
    2    1  207  387  300    0   19    2    3    0     490
    2    1  208  388  101    0    7    1    3    0    1302
    2    1  209  389  346    0   22    3    1    0     551
    2    1  210  390  416    0   26    3    3    1     579
    2    1  211  391    3    0    1    1    1    1     673
    2    1  212  392  286    0   18    2    3    0     632
    2    1  213  393  415    0   26    3    1    0     754
    2    1  214  394  394    0   25    3    2    0    1545
    2    1  215  395  408    1   26    3    3    1     735
    2    1  216  396  154    0   10    1    1    1     691
    2    1  217  397  425    0   27    3    3    1    1340
    2    1  218  398    5    0    1    1    3    0    1259
    2    1  219  399  328    0   21    3    2    0    5223
    2    1  220  400  423    0   27    3    3    1    1162
    2    1  221  401  189    0   12    2    3    0    3369
    2    1  222  402  212    1   14    2    2    1    1419
    2    1  223  403  195    0   13    2    2    1    2694
    2    1  224  404  180    0   12    2    3    0    1385
    2    1  225  405  344    0   22    3    3    1    2414
    2    1  226  406   53    1    4    1    1    1    1703
    2    1  227  407  432    0   27    3    3    1    1719
    2    1  228  408  120    1    8    1    1    1     950
    2    1  229  409  280    1   18    2    2    1    1003
    2    1  230  410  143    0    9    1    3    0    1869
    2    1  231  411  110    0    7    1    1    1   12349
    2    1  232  412   63    0    4    1    1    1    2003
    2    1  233  413  173    0   11    2    2    1     725
    2    1  234  414  285    0   18    2    2    1    2112
    2    1  235  415  406    1   26    3    3    1     745
    2    1  236  416  418    0   27    3    3    1     677
    2    1  237  417  123    0    8    1    1    1     832
    2    1  238  418  131    0    9    1    3    0    2276
    2    1  239  419  426    0   27    3    3    1    1025
    2    1  240  420  222    0   14    2    2    1     626
    2    1  241  421  431    0   27    3    3    1     563
    2    1  242  422  332    0   21    3    2    0    2507
    2    1  243  423  202    0   13    2    2    1    1380
    2    1  244  424  247    0   16    2    2    1     633
    2    1  245  425  174    0   11    2    1    0     900
    2    1  246  426  466    0   30    3    2    0     800
    2    1  247  427   28    0    2    1    1    1    1479
    2    1  248  428  109    0    7    1    3    0    2494
    2    1  249  429  458    0   29    3    3    1    2184
    2    1  250  430  159    0   10    1    1    1    1325
    2    1  251  431  480    0   30    3    2    0     749
    2    1  252  432  449    0   29    3    3    1     746
    2    1  253  433  429    0   27    3    3    1     688
    2    1  254  434    9    0    1    1    1    1     838
    2    1  255  435   49    1    4    1    1    1    1361
    2    1  256  436  149    0   10    1    3    0     880
    2    1  257  437  170    0   11    2    1    0     696
    2    1  258  438   22    0    2    1    2    0     436
    2    1  259  439  156    0   10    1    3    0     799
    2    1  260  440   14    0    1    1    1    1     639
    2    1  261  441   80    1    5    1    1    1     521
    2    1  262  442  137    0    9    1    1    1    1376
    2    1  263  443  168    0   11    2    1    0    2047
    2    1  264  444  136    0    9    1    1    1     415
    2    1  265  445  441    0   28    3    3    1     945
    2    1  266  446  379    0   24    3    1    0    2598
    2    1  267  447   76    0    5    1    1    1     672
    2    1  268  448  388    0   25    3    3    1    1358
    2    1  269  449   42    0    3    1    1    1    2971
    2    1  270  450    1    0    1    1    1    1    1741
    2    1  271  451  390    0   25    3    2    0    2983
    2    1  272  452  472    0   30    3    3    1     944
    2    1  273  453  476    1   30    3    3    1     604
    2    1  274  454   38    1    3    1    1    1    1108
    2    1  275  455  275    0   18    2    1    0    2112
    2    1  276  456  293    0   19    2    2    1    1084
    2    1  277  457  323    0   21    3    2    0    3562
    2    1  278  458  347    0   22    3    3    1    1961
    2    1  279  459  367    0   23    3    3    1     743
    2    1  280  460  478    0   30    3    2    0    1029
    2    1  281  461   59    0    4    1    1    1    2176
    2    1  282  462  460    0   29    3    3    1    1253
    2    1  283  463  153    0   10    1    1    1    2661
    2    1  284  464  281    0   18    2    2    1    1596
    2    1  285  465  197    0   13    2    1    0     749
    2    1  286  466    4    1    1    1    1    1     899
    2    1  287  467  165    0   11    2    1    0     583
    2    1  288  468  224    0   14    2    2    1    1347
    2    1  289  469   82    0    6    1    3    0    1872
    2    1  290  470  341    0   22    3    3    1    2473
    2    1  291  471  249    0   16    2    2    1    1558
    2    1  292  472  243    0   16    2    2    1     678
    2    1  293  473   95    0    6    1    3    0     812
    2    1  294  474  209    0   14    2    2    1    1975
    2    1  295  475  404    0   26    3    2    0    1005
    2    1  296  476  188    0   12    2    3    0     655
    2    1  297  477   71    1    5    1    1    1     631
    2    1  298  478  232    0   15    2    3    0     543
    2    1  299  479   51    0    4    1    1    1    2422
    2    1  300  480   27    0    2    1    1    1     802
