    1    1    1    1  164    1   11    2    1    0    8351
    1    1    2    2  212    1   14    2    2    1    3098
    1    1    3    3  476    1   30    3    1    0    5714
    1    1    4    4   56    1    4    1    2    0    2845
    1    1    5    5  266    1   17    2    3    0    4450
    1    1    6    6  121    1    8    1    1    1    5547
    1    1    7    7  387    1   25    3    1    0    5447
    1    1    8    8   66    1    5    1    2    0    4039
    1    1    9    9  219    1   14    2    2    1    4236
    1    1   10   10    4    1    1    1    1    1    6365
    1    1   11   11  217    1   14    2    2    1    6193
    1    1   12   12  290    1   19    2    3    0    6767
    1    1   13   13  117    1    8    1    2    0    9084
    1    1   14   14  252    1   16    2    3    0    2532
    1    1   15   15  269    1   17    2    2    1    2791
    1    1   16   16  479    1   30    3    3    1    7010
    1    1   17   17  272    1   17    2    2    1    3553
    1    1   18   18  216    1   14    2    1    0    3740
    1    1   19   19  276    1   18    2    1    0    4389
    1    1   20   20   36    1    3    1    2    0    6445
    1    1   21   21   53    1    4    1    2    0    2714
    1    1   22   22  245    1   16    2    2    1    3305
    1    1   23   23  326    1   21    3    1    0    3406
    1    1   24   24  356    1   23    3    2    0    4002
    1    1   25   25   33    1    3    1    1    1    1457
    1    1   26   26  424    1   27    3    2    0    2167
    1    1   27   27  240    1   15    2    1    0    2299
    1    1   28   28  406    1   26    3    2    0   11271
    1    1   29   29   15    1    1    1    1    1    1396
    1    1   30   30  201    1   13    2    2    1    2325
    1    1   31   31  359    1   23    3    3    1    3773
    1    1   32   32  360    1   23    3    1    0    5450
    1    1   33   33   37    1    3    1    1    1    1314
    1    1   34   34   80    1    5    1    2    0    1584
    1    1   35   35  411    1   26    3    3    1    2311
    1    1   36   36   49    1    4    1    1    1    1351
    1    1   37   37  340    1   22    3    2    0    4006
    1    1   38   38  409    1   26    3    2    0    2201
    1    1   39   39  120    1    8    1    1    1    1111
    1    1   40   40  448    1   28    3    1    0    4241
    1    1   41   41  353    1   23    3    2    0    5005
    1    1   42   42  396    1   25    3    2    0    4202
    1    1   43   43  182    1   12    2    2    1    2024
    1    1   44   44  250    1   16    2    1    0    1107
    1    1   45   45  289    1   19    2    3    0    6399
    1    1   46   46    6    1    1    1    1    1    1202
    1    1   47   47   52    1    4    1    1    1    2003
    1    1   48   48   16    1    1    1    1    1    1684
    1    1   49   49  267    1   17    2    2    1    1868
    1    1   50   50  408    1   26    3    3    1    3521
    1    1   51   51  280    1   18    2    2    1    4652
    1    1   52   52  271    1   17    2    1    0    5305
    1    1   53   53  465    1   30    3    3    1    1671
    1    1   54   54   35    1    3    1    1    1    1274
    1    1   55   55  473    1   30    3    3    1    3732
    1    1   56   56   71    1    5    1    1    1    1104
    1    1   57   57   38    1    3    1    1    1    2675
    1    1   58   58   58    1    4    1    2    0    1723
    1    1   59   59  471    1   30    3    2    0    1890
    1    1   60   60  380    1   24    3    3    1    3512
    1    2    1   61   53    1    4    1    1    1    1389
    1    2    2   62   66    1    5    1    1    1     963
    1    2    3   63  340    1   22    3    3    1    3240
    1    2    4   64  121    1    8    1    1    1    1660
    1    2    5   65  269    1   17    2    2    1    2039
    1    2    6   66  326    1   21    3    3    1    3238
    1    2    7   67  353    1   23    3    3    1    4275
    1    2    8   68  396    1   25    3    3    1    5535
    1    2    9   69  380    1   24    3    2    0    2938
    1    2   10   70  216    1   14    2    2    1    1917
    1    2   11   71  359    1   23    3    3    1    2918
    1    2   12   72  252    1   16    2    2    1    1482
    1    2   13   73  212    1   14    2    3    0    4311
    1    2   14   74  424    1   27    3    3    1    2990
    1    2   15   75  476    1   30    3    3    1    6782
    1    2   16   76  479    1   30    3    3    1    1840
    1    2   17   77  164    1   11    2    1    0    1140
    1    2   18   78   49    1    4    1    1    1    1805
    1    2   19   79   36    1    3    1    1    1     995
    1    2   20   80   52    1    4    1    1    1    1068
    1    2   21   81   38    1    3    1    1    1     942
    1    2   22   82  245    1   16    2    2    1    1601
    1    2   23   83  387    1   25    3    2    0    2871
    1    2   24   84  409    1   26    3    3    1    1494
    1    2   25   85  276    1   18    2    2    1    2155
    1    2   26   86   71    1    5    1    1    1    1041
    1    2   27   87  448    1   28    3    1    0    1068
    1    2   28   88  356    1   23    3    3    1    1427
    1    2   29   89  280    1   18    2    2    1    4830
    1    2   30   90  406    1   26    3    2    0    4516
    1    2   31   91   56    1    4    1    2    0    2928
    1    2   32   92   58    1    4    1    1    1    1197
    1    2   33   93  240    1   15    2    2    1    2254
    1    2   34   94  290    1   19    2    2    1    2919
    1    2   35   95   80    1    5    1    1    1    1281
    1    2   36   96  117    1    8    1    1    1    3872
    1    2   37   97  250    1   16    2    2    1    1684
    1    2   38   98  289    1   19    2    2    1    1386
    1    2   39   99  266    1   17    2    2    1     857
    1    2   40  100   35    1    3    1    1    1    1172
    1    2   41  101  272    1   17    2    2    1    4639
    1    2   42  102  267    1   17    2    2    1    1242
    1    2   43  103  219    1   14    2    3    0    2871
    1    2   44  104   37    1    3    1    1    1    1298
    1    2   45  105  217    1   14    2    2    1    2913
    1    2   46  106    6    1    1    1    1    1    1934
    1    2   47  107   16    1    1    1    1    1    1164
    1    2   48  108  360    1   23    3    3    1    1453
    1    2   49  109  411    1   26    3    3    1    1381
    1    2   50  110  473    1   30    3    3    1    2280
    1    2   51  111  271    1   17    2    2    1    2260
    1    2   52  112    4    1    1    1    1    1    1049
    1    2   53  113  465    1   30    3    3    1    1352
    1    2   54  114  408    1   26    3    3    1    3553
    1    2   55  115  201    1   13    2    2    1     934
    1    2   56  116   15    1    1    1    1    1     940
    1    2   57  117  120    1    8    1    1    1     947
    1    2   58  118   33    1    3    1    1    1    1262
    1    2   59  119  182    1   12    2    2    1    1041
    1    2   60  120  471    1   30    3    3    1    1201
    1    3    1  121  448    1   28    3    3    1    1319
    1    3    2  122  121    1    8    1    1    1    1207
    1    3    3  123  212    1   14    2    3    0    2538
    1    3    4  124   36    1    3    1    1    1    1093
    1    3    5  125  217    1   14    2    2    1    1045
    1    3    6  126  269    1   17    2    2    1    1250
    1    3    7  127  406    1   26    3    3    1    1313
    1    3    8  128  250    1   16    2    2    1    1882
    1    3    9  129  271    1   17    2    2    1    1231
    1    3   10  130  465    1   30    3    3    1    1485
    1    3   11  131  380    1   24    3    2    0    3401
    1    3   12  132  219    1   14    2    2    1    1797
    1    3   13  133   38    1    3    1    1    1     949
    1    3   14  134   56    1    4    1    1    1    4130
    1    3   15  135  280    1   18    2    2    1    2527
    1    3   16  136  276    1   18    2    3    0    1807
    1    3   17  137  120    1    8    1    1    1    1168
    1    3   18  138   53    1    4    1    1    1     423
    1    3   19  139  201    1   13    2    2    1    1003
    1    3   20  140   35    1    3    1    1    1    1300
    1    3   21  141  267    1   17    2    2    1    1189
    1    3   22  142  340    1   22    3    3    1    1961
    1    3   23  143  164    1   11    2    2    1    3323
    1    3   24  144  424    1   27    3    3    1    1668
    1    3   25  145  326    1   21    3    3    1    2028
    1    3   26  146  471    1   30    3    3    1    1646
    1    3   27  147  182    1   12    2    2    1    1649
    1    3   28  148  387    1   25    3    2    0    4298
    1    3   29  149   49    1    4    1    2    0    1349
    1    3   30  150  356    1   23    3    3    1    1244
    1    3   31  151   37    1    3    1    1    1    1253
    1    3   32  152   71    1    5    1    1    1     984
    1    3   33  153  473    1   30    3    3    1    1444
    1    3   34  154  479    1   30    3    2    0    1216
    1    3   35  155  353    1   23    3    3    1    1322
    1    3   36  156  409    1   26    3    3    1    2030
    1    3   37  157  408    1   26    3    3    1    1485
    1    3   38  158   15    1    1    1    1    1    1610
    1    3   39  159    4    1    1    1    1    1     763
    1    3   40  160  396    1   25    3    3    1    1155
    1    3   41  161  266    1   17    2    2    1    1012
    1    3   42  162  216    1   14    2    2    1    3887
    1    3   43  163  245    1   16    2    2    1    1007
    1    3   44  164  252    1   16    2    2    1     560
    1    3   45  165  360    1   23    3    3    1    1084
    1    3   46  166   58    1    4    1    1    1    1074
    1    3   47  167  290    1   19    2    2    1    2573
    1    3   48  168   80    1    5    1    1    1    1213
    1    3   49  169  289    1   19    2    2    1    1617
    1    3   50  170   33    1    3    1    1    1     921
    1    3   51  171  272    1   17    2    2    1    1146
    1    3   52  172   52    1    4    1    1    1    1345
    1    3   53  173   16    1    1    1    1    1     743
    1    3   54  174  411    1   26    3    3    1    1360
    1    3   55  175   66    1    5    1    1    1    1062
    1    3   56  176  240    1   15    2    2    1    2151
    1    3   57  177    6    1    1    1    1    1    1134
    1    3   58  178  476    1   30    3    3    1    2250
    1    3   59  179  359    1   23    3    3    1     973
    1    3   60  180  117    1    8    1    1    1    1490
    2    1    1  181  376    0   24    3    1    0    2977
    2    1    2  182   67    0    5    1    1    1     984
    2    1    3  183   68    0    5    1    1    1     687
    2    1    4  184  124    0    8    1    1    1     559
    2    1    5  185  282    0   18    2    2    1    5887
    2    1    6  186  364    0   23    3    2    0    1463
    2    1    7  187  266    1   17    2    2    1     709
    2    1    8  188  215    0   14    2    2    1    2765
    2    1    9  189  239    0   15    2    2    1    1097
    2    1   10  190   72    0    5    1    1    1    1089
    2    1   11  191   66    1    5    1    1    1     580
    2    1   12  192  163    0   11    2    2    1    3142
    2    1   13  193  342    0   22    3    2    0    5279
    2    1   14  194  121    1    8    1    1    1    1155
    2    1   15  195  418    0   27    3    2    0    3737
    2    1   16  196  321    0   21    3    2    0    1575
    2    1   17  197  351    0   22    3    1    0    3750
    2    1   18  198  251    0   16    2    2    1    1079
    2    1   19  199  381    0   24    3    1    0    1743
    2    1   20  200  440    0   28    3    3    1    1172
    2    1   21  201  167    0   11    2    1    0    1150
    2    1   22  202  188    0   12    2    2    1   11545
    2    1   23  203  432    0   27    3    3    1    1261
    2    1   24  204  467    0   30    3    3    1    2035
    2    1   25  205  380    1   24    3    2    0    1852
    2    1   26  206  180    0   12    2    3    0    3330
    2    1   27  207   97    0    7    1    1    1    1018
    2    1   28  208  334    0   21    3    2    0    1073
    2    1   29  209  434    0   28    3    1    0    1033
    2    1   30  210   91    0    6    1    3    0    1464
    2    1   31  211  416    0   26    3    3    1    1047
    2    1   32  212  371    0   24    3    1    0    1000
    2    1   33  213  112    0    7    1    2    0    3116
    2    1   34  214  346    0   22    3    1    0     994
    2    1   35  215  410    0   26    3    3    1    1070
    2    1   36  216  279    0   18    2    3    0     973
    2    1   37  217  194    0   13    2    2    1    1284
    2    1   38  218  107    0    7    1    2    0    1589
    2    1   39  219  273    0   18    2    2    1    3406
    2    1   40  220   28    0    2    1    2    0    2909
    2    1   41  221  155    0   10    1    3    0    1101
    2    1   42  222  109    0    7    1    1    1    2203
    2    1   43  223  159    0   10    1    1    1     496
    2    1   44  224  110    0    7    1    1    1    2491
    2    1   45  225   82    0    6    1    3    0    1370
    2    1   46  226   56    1    4    1    1    1    6004
    2    1   47  227   36    1    3    1    1    1     976
    2    1   48  228  212    1   14    2    2    1    1960
    2    1   49  229  476    1   30    3    3    1    1074
    2    1   50  230  379    0   24    3    1    0    1014
    2    1   51  231  441    0   28    3    3    1    1634
    2    1   52  232  290    1   19    2    2    1    1287
    2    1   53  233  154    0   10    1    1    1     950
    2    1   54  234  191    0   12    2    2    1    2922
    2    1   55  235   89    0    6    1    3    0    1297
    2    1   56  236  263    0   17    2    2    1    1317
    2    1   57  237   38    1    3    1    1    1    1064
    2    1   58  238   52    1    4    1    1    1     711
    2    1   59  239  445    0   28    3    2    0    3943
    2    1   60  240  407    0   26    3    3    1    2575
    2    1   61  241  203    0   13    2    2    1    1228
    2    1   62  242  453    0   29    3    2    0     762
    2    1   63  243  277    0   18    2    3    0    2346
    2    1   64  244  446    0   28    3    1    0    2396
    2    1   65  245  209    0   14    2    3    0    1878
    2    1   66  246  265    0   17    2    2    1    1296
    2    1   67  247  102    0    7    1    2    0    3559
    2    1   68  248   61    0    4    1    1    1    1366
    2    1   69  249  137    0    9    1    1    1    2864
    2    1   70  250   49    1    4    1    1    1     540
    2    1   71  251  125    0    8    1    1    1     721
    2    1   72  252  443    0   28    3    3    1    1553
    2    1   73  253  114    0    8    1    1    1    1004
    2    1   74  254    3    0    1    1    2    0    1937
    2    1   75  255  217    1   14    2    2    1    1060
    2    1   76  256  363    0   23    3    3    1    1610
    2    1   77  257  312    0   20    2    3    0     546
    2    1   78  258  211    0   14    2    3    0     930
    2    1   79  259  392    0   25    3    3    1    1363
    2    1   80  260  216    1   14    2    2    1    1846
    2    1   81  261  233    0   15    2    3    0    2438
    2    1   82  262  237    0   15    2    2    1    1053
    2    1   83  263  294    0   19    2    2    1    2796
    2    1   84  264  139    0    9    1    3    0    1590
    2    1   85  265  120    1    8    1    1    1    1222
    2    1   86  266  460    0   29    3    2    0    1712
    2    1   87  267  315    0   20    2    2    1    1515
    2    1   88  268  307    0   20    2    3    0    2656
    2    1   89  269  438    0   28    3    1    0    1163
    2    1   90  270  152    0   10    1    3    0    1076
    2    1   91  271  197    0   13    2    1    0    4829
    2    1   92  272  401    0   26    3    3    1    1241
    2    1   93  273  457    0   29    3    2    0    1077
    2    1   94  274  322    0   21    3    2    0    2176
    2    1   95  275  166    0   11    2    2    1    1470
    2    1   96  276  186    0   12    2    2    1    1421
    2    1   97  277   45    0    3    1    1    1    1288
    2    1   98  278  330    0   21    3    3    1    2256
    2    1   99  279  314    0   20    2    3    0     807
    2    1  100  280  272    1   17    2    2    1    1686
    2    1  101  281  433    0   28    3    3    1    2439
    2    1  102  282  226    0   15    2    3    0     830
    2    1  103  283  345    0   22    3    2    0    3116
    2    1  104  284  350    0   22    3    2    0     891
    2    1  105  285  201    1   13    2    2    1     491
    2    1  106  286  161    0   11    2    1    0    1507
    2    1  107  287  108    0    7    1    1    1    1985
    2    1  108  288  206    0   13    2    2    1     732
    2    1  109  289  165    0   11    2    1    0    1486
    2    1  110  290   77    0    5    1    1    1    1136
    2    1  111  291  146    0   10    1    1    1     838
    2    1  112  292  190    0   12    2    3    0    2521
    2    1  113  293  367    0   23    3    3    1    1198
    2    1  114  294  361    0   23    3    3    1     677
    2    1  115  295   84    0    6    1    3    0     603
    2    1  116  296  243    0   16    2    2    1     869
    2    1  117  297  326    1   21    3    3    1    1975
    2    1  118  298  382    0   24    3    1    0    3463
    2    1  119  299  325    0   21    3    2    0    3035
    2    1  120  300  337    0   22    3    2    0    2943
    2    1  121  301   79    0    5    1    1    1    1479
    2    1  122  302  469    0   30    3    3    1    2222
    2    1  123  303    9    0    1    1    1    1    1569
    2    1  124  304  324    0   21    3    2    0    2263
    2    1  125  305  456    0   29    3    3    1     714
    2    1  126  306  402    0   26    3    3    1    1620
    2    1  127  307    6    1    1    1    1    1     781
    2    1  128  308   11    0    1    1    1    1     688
    2    1  129  309  320    0   20    2    2    1    1482
    2    1  130  310  118    0    8    1    1    1     735
    2    1  131  311  284    0   18    2    2    1    1419
    2    1  132  312   95    0    6    1    3    0     834
    2    1  133  313  218    0   14    2    2    1    3659
    2    1  134  314   60    0    4    1    2    0    1333
    2    1  135  315  142    0    9    1    3    0    2834
    2    1  136  316   48    0    3    1    1    1     620
    2    1  137  317  113    0    8    1    2    0     981
    2    1  138  318  127    0    8    1    1    1     685
    2    1  139  319   92    0    6    1    3    0     783
    2    1  140  320  427    0   27    3    3    1     748
    2    1  141  321  299    0   19    2    2    1    3353
    2    1  142  322  335    0   21    3    2    0    1280
    2    1  143  323  341    0   22    3    1    0    1841
    2    1  144  324  436    0   28    3    2    0    4946
    2    1  145  325  306    0   20    2    2    1     944
    2    1  146  326  193    0   13    2    2    1     556
    2    1  147  327  240    1   15    2    2    1     838
    2    1  148  328  210    0   14    2    3    0     807
    2    1  149  329  430    0   27    3    3    1     757
    2    1  150  330  261    0   17    2    2    1     654
    2    1  151  331  151    0   10    1    2    0     634
    2    1  152  332  305    0   20    2    2    1    1605
    2    1  153  333  397    0   25    3    3    1     793
    2    1  154  334  198    0   13    2    2    1     616
    2    1  155  335   65    0    5    1    1    1     431
    2    1  156  336    8    0    1    1    2    0    2653
    2    1  157  337  459    0   29    3    3    1     563
    2    1  158  338  221    0   14    2    2    1    1127
    2    1  159  339  219    1   14    2    2    1    2675
    2    1  160  340  276    1   18    2    2    1    2393
    2    1  161  341  189    0   12    2    2    1    1722
    2    1  162  342   58    1    4    1    1    1     882
    2    1  163  343  331    0   21    3    3    1     887
    2    1  164  344  328    0   21    3    3    1     493
    2    1  165  345   31    0    2    1    3    0    1902
    2    1  166  346  471    1   30    3    3    1    1254
    2    1  167  347  228    0   15    2    2    1    1791
    2    1  168  348  451    0   29    3    2    0     954
    2    1  169  349   32    0    2    1    3    0    1694
    2    1  170  350  378    0   24    3    1    0    2609
    2    1  171  351  158    0   10    1    1    1    1201
    2    1  172  352  199    0   13    2    2    1     749
    2    1  173  353  458    0   29    3    3    1    1661
    2    1  174  354   33    1    3    1    1    1     551
    2    1  175  355  308    0   20    2    2    1     722
    2    1  176  356   15    1    1    1    1    1     687
    2    1  177  357  222    0   14    2    3    0    2808
    2    1  178  358  133    0    9    1    3    0    1033
    2    1  179  359  352    0   22    3    2    0    3468
    2    1  180  360  396    1   25    3    3    1     901
    2    1  181  361  177    0   12    2    2    1    2989
    2    1  182  362  164    1   11    2    2    1     868
    2    1  183  363  448    1   28    3    3    1    1139
    2    1  184  364  132    0    9    1    3    0    1307
    2    1  185  365  246    0   16    2    2    1     600
    2    1  186  366  253    0   16    2    2    1    1057
    2    1  187  367  442    0   28    3    3    1     830
    2    1  188  368  182    1   12    2    2    1     611
    2    1  189  369  449    0   29    3    2    0     672
    2    1  190  370  393    0   25    3    3    1     923
    2    1  191  371  293    0   19    2    2    1    1367
    2    1  192  372   62    0    4    1    1    1    3499
    2    1  193  373  478    0   30    3    3    1    1425
    2    1  194  374  134    0    9    1    3    0     889
    2    1  195  375  181    0   12    2    3    0     911
    2    1  196  376  373    0   24    3    1    0     789
    2    1  197  377  420    0   27    3    3    1    1189
    2    1  198  378  408    1   26    3    3    1    1778
    2    1  199  379  411    1   26    3    3    1     777
    2    1  200  380  150    0   10    1    2    0     678
    2    1  201  381   40    0    3    1    1    1     613
    2    1  202  382  170    0   11    2    1    0     643
    2    1  203  383   44    0    3    1    1    1     409
    2    1  204  384   54    0    4    1    2    0    1680
    2    1  205  385  141    0    9    1    3    0    4111
    2    1  206  386  431    0   27    3    2    0    1551
    2    1  207  387  289    1   19    2    2    1     769
    2    1  208  388  386    0   25    3    2    0    1700
    2    1  209  389  461    0   29    3    2    0     797
    2    1  210  390   39    0    3    1    1    1     536
    2    1  211  391  104    0    7    1    2    0     833
    2    1  212  392  171    0   11    2    2    1    1647
    2    1  213  393  349    0   22    3    1    0     951
    2    1  214  394  403    0   26    3    3    1     763
    2    1  215  395   24    0    2    1    3    0    1063
    2    1  216  396  405    0   26    3    2    0    5280
    2    1  217  397   21    0    2    1    3    0     982
    2    1  218  398  377    0   24    3    1    0    1166
    2    1  219  399   64    0    4    1    3    0    2022
    2    1  220  400   59    0    4    1    2    0    1002
    2    1  221  401  143    0    9    1    3    0     702
    2    1  222  402  235    0   15    2    3    0    2704
    2    1  223  403   41    0    3    1    1    1     572
    2    1  224  404  472    0   30    3    3    1     910
    2    1  225  405  302    0   19    2    2    1     718
    2    1  226  406  300    0   19    2    1    0     764
    2    1  227  407  422    0   27    3    3    1     925
    2    1  228  408  256    0   16    2    2    1     641
    2    1  229  409  415    0   26    3    3    1    1569
    2    1  230  410  462    0   29    3    2    0    3636
    2    1  231  411  126    0    8    1    1    1     984
    2    1  232  412  356    1   23    3    3    1     888
    2    1  233  413  296    0   19    2    2    1    1022
    2    1  234  414   37    1    3    1    1    1     631
    2    1  235  415  242    0   16    2    2    1    1216
    2    1  236  416  147    0   10    1    2    0     581
    2    1  237  417   74    0    5    1    1    1     655
    2    1  238  418  205    0   13    2    2    1     791
    2    1  239  419  196    0   13    2    2    1     725
    2    1  240  420  271    1   17    2    2    1     710
    2    1  241  421  281    0   18    2    2    1    1590
    2    1  242  422   30    0    2    1    3    0    1383
    2    1  243  423  444    0   28    3    3    1     807
    2    1  244  424  100    0    7    1    1    1     583
    2    1  245  425  455    0   29    3    2    0     790
    2    1  246  426  123    0    8    1    1    1    3148
    2    1  247  427  105    0    7    1    2    0    1708
    2    1  248  428  291    0   19    2    2    1    6436
    2    1  249  429  344    0   22    3    2    0    1349
    2    1  250  430  480    0   30    3    3    1    1876
    2    1  251  431  135    0    9    1    2    0    3124
    2    1  252  432  116    0    8    1    1    1     675
    2    1  253  433  175    0   11    2    2    1     826
    2    1  254  434  184    0   12    2    3    0     788
    2    1  255  435  354    0   23    3    3    1    1957
    2    1  256  436  223    0   14    2    3    0    1365
    2    1  257  437  225    0   15    2    2    1    5361
    2    1  258  438  309    0   20    2    2    1    1628
    2    1  259  439  298    0   19    2    2    1    1119
    2    1  260  440  435    0   28    3    2    0    2205
    2    1  261  441  368    0   23    3    2    0    1665
    2    1  262  442   20    0    2    1    3    0    1270
    2    1  263  443  208    0   13    2    2    1     633
    2    1  264  444   80    1    5    1    1    1    1135
    2    1  265  445   94    0    6    1    3    0     950
    2    1  266  446   69    0    5    1    2    0    3626
    2    1  267  447   63    0    4    1    1    1    1013
    2    1  268  448  264    0   17    2    2    1    1247
    2    1  269  449  214    0   14    2    3    0     564
    2    1  270  450  332    0   21    3    2    0    3299
    2    1  271  451  247    0   16    2    1    0     577
    2    1  272  452  404    0   26    3    3    1    3192
    2    1  273  453  241    0   16    2    2    1     664
    2    1  274  454   13    0    1    1    1    1     943
    2    1  275  455  231    0   15    2    2    1     763
    2    1  276  456  437    0   28    3    2    0    4384
    2    1  277  457  106    0    7    1    2    0     810
    2    1  278  458  224    0   14    2    2    1    1002
    2    1  279  459  136    0    9    1    3    0    1065
    2    1  280  460  157    0   10    1    2    0    2527
    2    1  281  461  101    0    7    1    1    1     893
    2    1  282  462  348    0   22    3    1    0     960
    2    1  283  463  183    0   12    2    2    1     830
    2    1  284  464  370    0   24    3    2    0    1114
    2    1  285  465   47    0    3    1    1    1     620
    2    1  286  466  156    0   10    1    1    1     741
    2    1  287  467  267    1   17    2    2    1     853
    2    1  288  468   78    0    5    1    1    1     732
    2    1  289  469  232    0   15    2    1    0    1392
    2    1  290  470  454    0   29    3    2    0     658
    2    1  291  471   99    0    7    1    2    0    1033
    2    1  292  472  258    0   17    2    2    1     724
    2    1  293  473  138    0    9    1    3    0     757
    2    1  294  474  399    0   25    3    3    1    1290
    2    1  295  475  260    0   17    2    2    1    2233
    2    1  296  476  477    0   30    3    3    1     638
    2    1  297  477  131    0    9    1    3    0     799
    2    1  298  478  425    0   27    3    3    1     789
    2    1  299  479  254    0   16    2    2    1     590
    2    1  300  480  319    0   20    2    3    0    1313
