    1    1    1    1  465    1   30    3    1    0    2726
    1    1    2    2  146    1   10    1    1    1    2384
    1    1    3    3    7    1    1    1    2    0    1429
    1    1    4    4   16    1    1    1    1    1    2096
    1    1    5    5  195    1   13    2    2    1    1857
    1    1    6    6  125    1    8    1    3    0    3484
    1    1    7    7  339    1   22    3    3    1    3061
    1    1    8    8  272    1   17    2    3    0    2718
    1    1    9    9   96    1    6    1    3    0    2248
    1    1   10   10   73    1    5    1    2    0    3297
    1    1   11   11  215    1   14    2    3    0    1859
    1    1   12   12  106    1    7    1    2    0    2463
    1    1   13   13  297    1   19    2    1    0    2881
    1    1   14   14   17    1    2    1    3    0    1698
    1    1   15   15  163    1   11    2    1    0    2818
    1    1   16   16  423    1   27    3    3    1    1670
    1    1   17   17  327    1   21    3    3    1    5625
    1    1   18   18  395    1   25    3    2    0    2253
    1    1   19   19  238    1   15    2    3    0    2343
    1    1   20   20  170    1   11    2    1    0    1903
    1    1   21   21   62    1    4    1    2    0    5192
    1    1   22   22  413    1   26    3    3    1    1997
    1    1   23   23  455    1   29    3    2    0    2562
    1    1   24   24  446    1   28    3    1    0    2369
    1    1   25   25  224    1   14    2    3    0    4102
    1    1   26   26   85    1    6    1    1    1    2038
    1    1   27   27  456    1   29    3    3    1    4665
    1    1   28   28   40    1    3    1    2    0    1938
    1    1   29   29  355    1   23    3    2    0    4024
    1    1   30   30   31    1    2    1    3    0    1644
    1    1   31   31  136    1    9    1    3    0    1952
    1    1   32   32  267    1   17    2    3    0    4086
    1    1   33   33  115    1    8    1    1    1    4296
    1    1   34   34  186    1   12    2    2    1    2642
    1    1   35   35  293    1   19    2    1    0    2477
    1    1   36   36  359    1   23    3    3    1    2430
    1    1   37   37  229    1   15    2    2    1    2258
    1    1   38   38  135    1    9    1    2    0    5420
    1    1   39   39  279    1   18    2    3    0    1464
    1    1   40   40  443    1   28    3    3    1    2034
    1    1   41   41  203    1   13    2    2    1    3717
    1    1   42   42  250    1   16    2    1    0    4804
    1    1   43   43  308    1   20    2    2    1    3817
    1    1   44   44   34    1    3    1    1    1    1285
    1    1   45   45  190    1   12    2    2    1    2118
    1    1   46   46  306    1   20    2    2    1    2134
    1    1   47   47   72    1    5    1    1    1    1285
    1    1   48   48  420    1   27    3    2    0    2215
    1    1   49   49  330    1   21    3    2    0    7283
    1    1   50   50  405    1   26    3    2    0    8564
    1    1   51   51   55    1    4    1    2    0    1378
    1    1   52   52  471    1   30    3    3    1    1824
    1    1   53   53  148    1   10    1    3    0    1420
    1    1   54   54  241    1   16    2    1    0    1848
    1    1   55   55  278    1   18    2    3    0    1296
    1    1   56   56  111    1    7    1    3    0    2417
    1    1   57   57  337    1   22    3    2    0    2598
    1    1   58   58  376    1   24    3    2    0    3122
    1    1   59   59  381    1   24    3    1    0    1273
    1    1   60   60  397    1   25    3    3    1    1292
    1    2    1   61   16    1    1    1    1    1    1309
    1    2    2   62  111    1    7    1    3    0    2925
    1    2    3   63  376    1   24    3    3    1    3757
    1    2    4   64  297    1   19    2    3    0    1325
    1    2    5   65  229    1   15    2    3    0    1212
    1    2    6   66   96    1    6    1    2    0    1889
    1    2    7   67  106    1    7    1    2    0    4057
    1    2    8   68  163    1   11    2    2    1    4813
    1    2    9   69  135    1    9    1    3    0    1522
    1    2   10   70  359    1   23    3    3    1    1706
    1    2   11   71  330    1   21    3    2    0    3162
    1    2   12   72  423    1   27    3    3    1    1153
    1    2   13   73  446    1   28    3    3    1    1304
    1    2   14   74  272    1   17    2    3    0    1256
    1    2   15   75  241    1   16    2    2    1    2091
    1    2   16   76   72    1    5    1    1    1    1420
    1    2   17   77  405    1   26    3    3    1    2280
    1    2   18   78  203    1   13    2    2    1    2658
    1    2   19   79   55    1    4    1    2    0    1596
    1    2   20   80  146    1   10    1    1    1    1153
    1    2   21   81  279    1   18    2    2    1    1848
    1    2   22   82  465    1   30    3    3    1    7954
    1    2   23   83   40    1    3    1    1    1    1113
    1    2   24   84   31    1    2    1    2    0    2001
    1    2   25   85  455    1   29    3    2    0    1574
    1    2   26   86  136    1    9    1    3    0    1884
    1    2   27   87   17    1    2    1    2    0    4470
    1    2   28   88  456    1   29    3    3    1    2439
    1    2   29   89  238    1   15    2    3    0    4187
    1    2   30   90  327    1   21    3    3    1   13848
    1    2   31   91  195    1   13    2    2    1    4195
    1    2   32   92  471    1   30    3    3    1    6976
    1    2   33   93  215    1   14    2    2    1    9726
    1    2   34   94  381    1   24    3    1    0    1711
    1    2   35   95    7    1    1    1    1    1    1343
    1    2   36   96  186    1   12    2    2    1    1726
    1    2   37   97  170    1   11    2    1    0    1566
    1    2   38   98  224    1   14    2    2    1    1779
    1    2   39   99  413    1   26    3    2    0    1825
    1    2   40  100  308    1   20    2    3    0    3326
    1    2   41  101  306    1   20    2    3    0    1679
    1    2   42  102  250    1   16    2    2    1    3841
    1    2   43  103  355    1   23    3    3    1    2764
    1    2   44  104   73    1    5    1    1    1    2162
    1    2   45  105  190    1   12    2    2    1    1408
    1    2   46  106  443    1   28    3    2    0    3389
    1    2   47  107   62    1    4    1    2    0    2666
    1    2   48  108  125    1    8    1    2    0    2900
    1    2   49  109  148    1   10    1    3    0    1989
    1    2   50  110  115    1    8    1    1    1    2025
    1    2   51  111  397    1   25    3    3    1    1998
    1    2   52  112  337    1   22    3    3    1    1715
    1    2   53  113  267    1   17    2    3    0    1635
    1    2   54  114  420    1   27    3    3    1    3830
    1    2   55  115  339    1   22    3    3    1    3762
    1    2   56  116  278    1   18    2    3    0    2465
    1    2   57  117  395    1   25    3    2    0    1922
    1    2   58  118   34    1    3    1    1    1    1435
    1    2   59  119   85    1    6    1    2    0    1942
    1    2   60  120  293    1   19    2    2    1    2045
    1    3    1  121  443    1   28    3    3    1    2064
    1    3    2  122  339    1   22    3    3    1    3859
    1    3    3  123  278    1   18    2    2    1    2173
    1    3    4  124  163    1   11    2    2    1    2027
    1    3    5  125  330    1   21    3    2    0    1184
    1    3    6  126  229    1   15    2    2    1    2133
    1    3    7  127   85    1    6    1    2    0    5940
    1    3    8  128   96    1    6    1    2    0    1388
    1    3    9  129  224    1   14    2    1    0    2297
    1    3   10  130  297    1   19    2    1    0    1314
    1    3   11  131  327    1   21    3    2    0    1586
    1    3   12  132  136    1    9    1    3    0    1511
    1    3   13  133  170    1   11    2    1    0    1328
    1    3   14  134  471    1   30    3    3    1    7343
    1    3   15  135  135    1    9    1    2    0    2927
    1    3   16  136  148    1   10    1    2    0    1855
    1    3   17  137  413    1   26    3    2    0    2490
    1    3   18  138  125    1    8    1    2    0    2476
    1    3   19  139  241    1   16    2    3    0    2541
    1    3   20  140   55    1    4    1    3    0    1597
    1    3   21  141  337    1   22    3    3    1    1314
    1    3   22  142  238    1   15    2    2    1    2081
    1    3   23  143  306    1   20    2    2    1    2323
    1    3   24  144   16    1    1    1    1    1    2411
    1    3   25  145  272    1   17    2    2    1    1951
    1    3   26  146  215    1   14    2    2    1    1350
    1    3   27  147  359    1   23    3    3    1    1509
    1    3   28  148  397    1   25    3    3    1    1566
    1    3   29  149  195    1   13    2    3    0    1476
    1    3   30  150  186    1   12    2    2    1    1503
    1    3   31  151  446    1   28    3    3    1    1319
    1    3   32  152  190    1   12    2    2    1    2183
    1    3   33  153  106    1    7    1    2    0    1958
    1    3   34  154   34    1    3    1    1    1    1596
    1    3   35  155   62    1    4    1    1    1    1617
    1    3   36  156  308    1   20    2    2    1    1988
    1    3   37  157  146    1   10    1    1    1    2203
    1    3   38  158   72    1    5    1    1    1    3128
    1    3   39  159  115    1    8    1    1    1    1631
    1    3   40  160  203    1   13    2    2    1    2563
    1    3   41  161  355    1   23    3    3    1    1345
    1    3   42  162   73    1    5    1    3    0    1729
    1    3   43  163  267    1   17    2    3    0    2016
    1    3   44  164  250    1   16    2    3    0    2052
    1    3   45  165  405    1   26    3    3    1    1191
    1    3   46  166  465    1   30    3    2    0    1932
    1    3   47  167   40    1    3    1    1    1    1476
    1    3   48  168  381    1   24    3    1    0    2510
    1    3   49  169  395    1   25    3    2    0    1551
    1    3   50  170  376    1   24    3    3    1    1605
    1    3   51  171   17    1    2    1    3    0    4346
    1    3   52  172   31    1    2    1    3    0   12449
    1    3   53  173  293    1   19    2    2    1    3860
    1    3   54  174  420    1   27    3    3    1    1727
    1    3   55  175  111    1    7    1    1    1    2462
    1    3   56  176  423    1   27    3    2    0    2785
    1    3   57  177    7    1    1    1    1    1    1207
    1    3   58  178  456    1   29    3    2    0    1915
    1    3   59  179  279    1   18    2    2    1    1571
    1    3   60  180  455    1   29    3    2    0     986
    2    1    1  181   30    0    2    1    2    0    3460
    2    1    2  182  408    0   26    3    2    0    3115
    2    1    3  183  426    0   27    3    2    0    2015
    2    1    4  184  401    0   26    3    3    1    1582
    2    1    5  185  256    0   16    2    1    0    3057
    2    1    6  186   49    0    4    1    1    1    1127
    2    1    7  187  177    0   12    2    2    1    1339
    2    1    8  188   69    0    5    1    1    1    2710
    2    1    9  189  346    0   22    3    1    0    1739
    2    1   10  190  291    0   19    2    2    1    1254
    2    1   11  191  105    0    7    1    3    0    2037
    2    1   12  192  305    0   20    2    2    1    1909
    2    1   13  193  386    0   25    3    3    1    5241
    2    1   14  194  357    0   23    3    3    1    2552
    2    1   15  195  365    0   23    3    3    1    4739
    2    1   16  196  109    0    7    1    1    1    1544
    2    1   17  197  211    0   14    2    2    1    1226
    2    1   18  198   43    0    3    1    1    1    1130
    2    1   19  199  255    0   16    2    1    0    2365
    2    1   20  200  447    0   28    3    3    1    1279
    2    1   21  201  463    0   29    3    3    1    3053
    2    1   22  202  213    0   14    2    2    1    1299
    2    1   23  203   19    0    2    1    3    0    4865
    2    1   24  204  191    0   12    2    2    1    1294
    2    1   25  205  146    1   10    1    1    1    1116
    2    1   26  206  168    0   11    2    2    1    1103
    2    1   27  207    6    0    1    1    1    1    1172
    2    1   28  208  410    0   26    3    2    0    2007
    2    1   29  209  473    0   30    3    3    1    3014
    2    1   30  210    4    0    1    1    1    1    1263
    2    1   31  211  337    1   22    3    3    1    2637
    2    1   32  212  139    0    9    1    3    0    1540
    2    1   33  213   92    0    6    1    2    0    1015
    2    1   34  214   84    0    6    1    2    0    1104
    2    1   35  215  273    0   18    2    3    0    4612
    2    1   36  216  335    0   21    3    2    0    1373
    2    1   37  217  345    0   22    3    2    0    6727
    2    1   38  218   16    1    1    1    1    1    1195
    2    1   39  219  405    1   26    3    3    1    1245
    2    1   40  220  480    0   30    3    3    1    2188
    2    1   41  221  377    0   24    3    1    0    1573
    2    1   42  222  149    0   10    1    3    0    6647
    2    1   43  223  128    0    8    1    1    1    2846
    2    1   44  224   63    0    4    1    1    1    1293
    2    1   45  225  445    0   28    3    1    0    2938
    2    1   46  226   89    0    6    1    2    0    1029
    2    1   47  227  176    0   11    2    1    0    1341
    2    1   48  228  194    0   13    2    1    0    8808
    2    1   49  229   31    1    2    1    3    0    3325
    2    1   50  230  267    1   17    2    3    0    2536
    2    1   51  231  152    0   10    1    2    0    1236
    2    1   52  232  349    0   22    3    3    1    1027
    2    1   53  233  229    1   15    2    2    1    1083
    2    1   54  234  417    0   27    3    3    1    1473
    2    1   55  235   78    0    5    1    1    1    1095
    2    1   56  236  390    0   25    3    3    1    1276
    2    1   57  237   22    0    2    1    2    0     986
    2    1   58  238  439    0   28    3    3    1    1251
    2    1   59  239  409    0   26    3    3    1    1106
    2    1   60  240  241    1   16    2    3    0    1640
    2    1   61  241  257    0   17    2    1    0    1078
    2    1   62  242  158    0   10    1    1    1    1325
    2    1   63  243  268    0   17    2    2    1    1449
    2    1   64  244  330    1   21    3    2    0     927
    2    1   65  245   36    0    3    1    1    1    1019
    2    1   66  246  303    0   19    2    1    0    2021
    2    1   67  247  459    0   29    3    3    1    1332
    2    1   68  248  436    0   28    3    3    1     959
    2    1   69  249  150    0   10    1    2    0    1897
    2    1   70  250  101    0    7    1    1    1    1599
    2    1   71  251  446    1   28    3    3    1     942
    2    1   72  252  151    0   10    1    3    0    1866
    2    1   73  253  456    1   29    3    2    0    1184
    2    1   74  254  420    1   27    3    3    1    1073
    2    1   75  255  285    0   18    2    3    0    1367
    2    1   76  256  179    0   12    2    2    1    1554
    2    1   77  257  380    0   24    3    3    1    1508
    2    1   78  258  399    0   25    3    3    1    1449
    2    1   79  259  237    0   15    2    3    0    1824
    2    1   80  260  263    0   17    2    3    0    2105
    2    1   81  261  394    0   25    3    3    1    1717
    2    1   82  262  396    0   25    3    3    1    1233
    2    1   83  263   96    1    6    1    2    0    1120
    2    1   84  264    2    0    1    1    3    0    2420
    2    1   85  265   48    0    3    1    1    1    1492
    2    1   86  266   29    0    2    1    2    0    1913
    2    1   87  267  319    0   20    2    3    0    1453
    2    1   88  268  103    0    7    1    1    1     931
    2    1   89  269  127    0    8    1    1    1    1119
    2    1   90  270  260    0   17    2    2    1    2243
    2    1   91  271   25    0    2    1    2    0     937
    2    1   92  272  209    0   14    2    2    1     885
    2    1   93  273  271    0   17    2    2    1     722
    2    1   94  274  361    0   23    3    2    0    1399
    2    1   95  275   67    0    5    1    1    1    1056
    2    1   96  276  283    0   18    2    2    1     966
    2    1   97  277  462    0   29    3    2    0    1089
    2    1   98  278  460    0   29    3    3    1    1126
    2    1   99  279   45    0    3    1    1    1    1113
    2    1  100  280   59    0    4    1    3    0    2220
    2    1  101  281  183    0   12    2    2    1    1077
    2    1  102  282   37    0    3    1    1    1     923
    2    1  103  283  122    0    8    1    1    1    2118
    2    1  104  284  476    0   30    3    3    1    2211
    2    1  105  285  369    0   24    3    1    0     907
    2    1  106  286  306    1   20    2    2    1    1369
    2    1  107  287   42    0    3    1    1    1     899
    2    1  108  288  367    0   23    3    3    1    1550
    2    1  109  289  333    0   21    3    2    0     993
    2    1  110  290  232    0   15    2    2    1    2394
    2    1  111  291  440    0   28    3    3    1    1212
    2    1  112  292  374    0   24    3    3    1     796
    2    1  113  293  465    1   30    3    3    1    2013
    2    1  114  294  120    0    8    1    1    1    1021
    2    1  115  295  309    0   20    2    3    0    1638
    2    1  116  296  284    0   18    2    3    0    3141
    2    1  117  297  138    0    9    1    1    1    1128
    2    1  118  298  236    0   15    2    3    0    1548
    2    1  119  299  382    0   24    3    3    1    2110
    2    1  120  300   39    0    3    1    1    1     972
    2    1  121  301   46    0    3    1    1    1    1941
    2    1  122  302  393    0   25    3    3    1    1304
    2    1  123  303  289    0   19    2    3    0    1733
    2    1  124  304  123    0    8    1    1    1     976
    2    1  125  305  126    0    8    1    1    1    1867
    2    1  126  306  280    0   18    2    3    0     769
    2    1  127  307  423    1   27    3    3    1    1347
    2    1  128  308   12    0    1    1    1    1     942
    2    1  129  309  100    0    7    1    1    1    1177
    2    1  130  310  197    0   13    2    1    0     618
    2    1  131  311  314    0   20    2    2    1     753
    2    1  132  312  135    1    9    1    1    1    2564
    2    1  133  313   65    0    5    1    1    1    1215
    2    1  134  314  254    0   16    2    1    0    1008
    2    1  135  315   15    0    1    1    1    1     936
    2    1  136  316  262    0   17    2    2    1     932
    2    1  137  317   53    0    4    1    3    0    1918
    2    1  138  318  112    0    7    1    3    0    1457
    2    1  139  319  239    0   15    2    3    0    1705
    2    1  140  320  324    0   21    3    2    0     934
    2    1  141  321  312    0   20    2    2    1    1377
    2    1  142  322   27    0    2    1    3    0     875
    2    1  143  323   82    0    6    1    2    0     681
    2    1  144  324   34    1    3    1    1    1     830
    2    1  145  325  352    0   22    3    3    1    1597
    2    1  146  326  144    0    9    1    3    0     718
    2    1  147  327   85    1    6    1    2    0    3250
    2    1  148  328  258    0   17    2    3    0    1810
    2    1  149  329  348    0   22    3    1    0    2217
    2    1  150  330   86    0    6    1    2    0    2256
    2    1  151  331  155    0   10    1    3    0    4168
    2    1  152  332  110    0    7    1    2    0     737
    2    1  153  333  375    0   24    3    3    1    1461
    2    1  154  334  387    0   25    3    3    1    1307
    2    1  155  335  242    0   16    2    3    0    1450
    2    1  156  336  244    0   16    2    1    0    1136
    2    1  157  337  389    0   25    3    2    0    1555
    2    1  158  338  455    1   29    3    3    1     950
    2    1  159  339  428    0   27    3    3    1    1233
    2    1  160  340  142    0    9    1    3    0    1696
    2    1  161  341  354    0   23    3    3    1    1150
    2    1  162  342   21    0    2    1    3    0    2481
    2    1  163  343   40    1    3    1    1    1     766
    2    1  164  344  185    0   12    2    2    1     784
    2    1  165  345  154    0   10    1    1    1     914
    2    1  166  346  156    0   10    1    1    1     845
    2    1  167  347  442    0   28    3    3    1    2316
    2    1  168  348  175    0   11    2    3    0    1056
    2    1  169  349  106    1    7    1    3    0    1670
    2    1  170  350  392    0   25    3    3    1    2421
    2    1  171  351  300    0   19    2    2    1    2164
    2    1  172  352  326    0   21    3    2    0     767
    2    1  173  353  381    1   24    3    3    1    1185
    2    1  174  354   17    1    2    1    3    0    2498
    2    1  175  355   52    0    4    1    1    1     910
    2    1  176  356  472    0   30    3    3    1    1659
    2    1  177  357  193    0   13    2    1    0    1193
    2    1  178  358  172    0   11    2    1    0     619
    2    1  179  359  441    0   28    3    3    1     883
    2    1  180  360  397    1   25    3    3    1    1072
    2    1  181  361  133    0    9    1    3    0    1495
    2    1  182  362  307    0   20    2    3    0     716
    2    1  183  363  167    0   11    2    1    0     751
    2    1  184  364  458    0   29    3    3    1    1042
    2    1  185  365  444    0   28    3    3    1    3001
    2    1  186  366  169    0   11    2    1    0     658
    2    1  187  367  235    0   15    2    3    0    2791
    2    1  188  368  219    0   14    2    3    0    1337
    2    1  189  369  173    0   11    2    3    0    1749
    2    1  190  370  320    0   20    2    3    0    1199
    2    1  191  371  275    0   18    2    1    0    1200
    2    1  192  372  474    0   30    3    2    0    1233
    2    1  193  373  294    0   19    2    1    0    1360
    2    1  194  374  304    0   19    2    2    1    3274
    2    1  195  375  159    0   10    1    1    1    1255
    2    1  196  376  362    0   23    3    3    1    1254
    2    1  197  377  166    0   11    2    2    1    2373
    2    1  198  378  315    0   20    2    3    0    1943
    2    1  199  379  118    0    8    1    1    1    2074
    2    1  200  380  295    0   19    2    1    0     952
    2    1  201  381   81    0    6    1    2    0     739
    2    1  202  382  251    0   16    2    1    0     870
    2    1  203  383   41    0    3    1    1    1     676
    2    1  204  384   73    1    5    1    3    0    1707
    2    1  205  385  425    0   27    3    3    1    1638
    2    1  206  386  341    0   22    3    3    1    2438
    2    1  207  387  449    0   29    3    3    1    1973
    2    1  208  388  407    0   26    3    3    1    1831
    2    1  209  389   90    0    6    1    1    1     990
    2    1  210  390  477    0   30    3    3    1    2391
    2    1  211  391  328    0   21    3    2    0     777
    2    1  212  392  383    0   24    3    3    1    1834
    2    1  213  393   56    0    4    1    3    0    1138
    2    1  214  394  171    0   11    2    1    0    1605
    2    1  215  395  206    0   13    2    3    0    2598
    2    1  216  396  373    0   24    3    1    0    1006
    2    1  217  397  165    0   11    2    1    0     743
    2    1  218  398  277    0   18    2    3    0     811
    2    1  219  399   33    0    3    1    1    1     603
    2    1  220  400  296    0   19    2    3    0    1396
    2    1  221  401  287    0   18    2    3    0    1021
    2    1  222  402    8    0    1    1    3    0     869
    2    1  223  403  161    0   11    2    2    1    1138
    2    1  224  404  343    0   22    3    3    1    1109
    2    1  225  405  276    0   18    2    3    0     955
    2    1  226  406  245    0   16    2    3    0    1445
    2    1  227  407  478    0   30    3    3    1    4236
    2    1  228  408  339    1   22    3    3    1    1140
    2    1  229  409   71    0    5    1    1    1    1159
    2    1  230  410  468    0   30    3    3    1    2138
    2    1  231  411  466    0   30    3    3    1    1061
    2    1  232  412   74    0    5    1    1    1    1563
    2    1  233  413  140    0    9    1    3    0    1053
    2    1  234  414  141    0    9    1    3    0    1140
    2    1  235  415   23    0    2    1    3    0    1400
    2    1  236  416  422    0   27    3    3    1    1007
    2    1  237  417   35    0    3    1    1    1     697
    2    1  238  418  231    0   15    2    1    0    1790
    2    1  239  419  286    0   18    2    3    0    1222
    2    1  240  420  238    1   15    2    2    1    2566
    2    1  241  421  253    0   16    2    1    0     897
    2    1  242  422  147    0   10    1    2    0    1453
    2    1  243  423  261    0   17    2    2    1    1587
    2    1  244  424  321    0   21    3    2    0     773
    2    1  245  425   87    0    6    1    2    0    1030
    2    1  246  426  403    0   26    3    3    1     941
    2    1  247  427  225    0   15    2    3    0     890
    2    1  248  428  336    0   21    3    2    0     663
    2    1  249  429  419    0   27    3    3    1    1950
    2    1  250  430  124    0    8    1    1    1     976
    2    1  251  431    5    0    1    1    1    1     938
    2    1  252  432  226    0   15    2    3    0    1349
    2    1  253  433  157    0   10    1    1    1    1265
    2    1  254  434  376    1   24    3    3    1    1166
    2    1  255  435  385    0   25    3    3    1    3137
    2    1  256  436   98    0    7    1    1    1    2084
    2    1  257  437  464    0   29    3    3    1    1073
    2    1  258  438  457    0   29    3    3    1    2055
    2    1  259  439  181    0   12    2    2    1    1029
    2    1  260  440  216    0   14    2    2    1    1118
    2    1  261  441  196    0   13    2    3    0     753
    2    1  262  442   76    0    5    1    1    1     932
    2    1  263  443  413    1   26    3    3    1    1216
    2    1  264  444  210    0   14    2    3    0    3135
    2    1  265  445   60    0    4    1    3    0    1106
    2    1  266  446  265    0   17    2    3    0     871
    2    1  267  447  318    0   20    2    3    0    1381
    2    1  268  448   10    0    1    1    3    0    1007
    2    1  269  449  322    0   21    3    2    0     888
    2    1  270  450  404    0   26    3    2    0     788
    2    1  271  451  301    0   19    2    2    1    1862
    2    1  272  452  252    0   16    2    1    0    1965
    2    1  273  453  402    0   26    3    3    1    1246
    2    1  274  454  317    0   20    2    2    1    1038
    2    1  275  455   38    0    3    1    1    1    1029
    2    1  276  456  292    0   19    2    1    0    3229
    2    1  277  457   99    0    7    1    1    1    1469
    2    1  278  458   13    0    1    1    1    1     867
    2    1  279  459  453    0   29    3    3    1     833
    2    1  280  460  204    0   13    2    1    0    1168
    2    1  281  461   18    0    2    1    3    0     866
    2    1  282  462  174    0   11    2    1    0    1648
    2    1  283  463  203    1   13    2    1    0    1231
    2    1  284  464  189    0   12    2    2    1     718
    2    1  285  465  270    0   17    2    3    0    1763
    2    1  286  466   20    0    2    1    3    0    1676
    2    1  287  467  414    0   26    3    3    1    2426
    2    1  288  468   26    0    2    1    3    0    1147
    2    1  289  469  470    0   30    3    3    1     893
    2    1  290  470  104    0    7    1    1    1    1370
    2    1  291  471  395    1   25    3    3    1     803
    2    1  292  472  411    0   26    3    3    1    1940
    2    1  293  473  370    0   24    3    1    0     839
    2    1  294  474  130    0    9    1    3    0    1478
    2    1  295  475  233    0   15    2    3    0     876
    2    1  296  476  274    0   18    2    3    0    1162
    2    1  297  477  162    0   11    2    3    0    1165
    2    1  298  478  391    0   25    3    3    1     879
    2    1  299  479  243    0   16    2    1    0    1597
    2    1  300  480  437    0   28    3    3    1    3262
