    1    1    1    1  326    1   21    3    1    0    4848
    1    1    2    2    4    1    1    1    2    0    3314
    1    1    3    3  408    1   26    3    3    1    7481
    1    1    4    4  396    1   25    3    2    0    3405
    1    1    5    5  289    1   19    2    2    1    3194
    1    1    6    6  406    1   26    3    3    1    2202
    1    1    7    7  424    1   27    3    1    0    3171
    1    1    8    8  272    1   17    2    2    1    2698
    1    1    9    9   66    1    5    1    1    1    1438
    1    1   10   10  360    1   23    3    3    1    1953
    1    1   11   11  353    1   23    3    3    1     970
    1    1   12   12  269    1   17    2    2    1    2937
    1    1   13   13  280    1   18    2    3    0     838
    1    1   14   14  120    1    8    1    1    1    1787
    1    1   15   15   58    1    4    1    2    0    5519
    1    1   16   16  473    1   30    3    3    1     909
    1    1   17   17  448    1   28    3    1    0    1150
    1    1   18   18  182    1   12    2    2    1    1360
    1    1   19   19  465    1   30    3    3    1     699
    1    1   20   20   53    1    4    1    1    1     901
    1    1   21   21  356    1   23    3    3    1    1190
    1    1   22   22  476    1   30    3    3    1    1086
    1    1   23   23   15    1    1    1    1    1     898
    1    1   24   24  271    1   17    2    3    0    1273
    1    1   25   25  387    1   25    3    2    0    1423
    1    1   26   26  340    1   22    3    3    1    1780
    1    1   27   27   35    1    3    1    1    1     799
    1    1   28   28  240    1   15    2    3    0    1356
    1    1   29   29  479    1   30    3    3    1     835
    1    1   30   30  276    1   18    2    2    1     823
    1    1   31   31   33    1    3    1    1    1     598
    1    1   32   32   56    1    4    1    2    0    3442
    1    1   33   33  267    1   17    2    2    1    1234
    1    1   34   34   36    1    3    1    1    1     943
    1    1   35   35  121    1    8    1    2    0    2511
    1    1   36   36   49    1    4    1    1    1    1529
    1    1   37   37  245    1   16    2    3    0    1811
    1    1   38   38   71    1    5    1    1    1     828
    1    1   39   39  359    1   23    3    3    1     713
    1    1   40   40  409    1   26    3    3    1     860
    1    1   41   41  266    1   17    2    2    1     739
    1    1   42   42  201    1   13    2    1    0    2269
    1    1   43   43  216    1   14    2    2    1    1369
    1    1   44   44   52    1    4    1    1    1    1528
    1    1   45   45    6    1    1    1    2    0    1157
    1    1   46   46  117    1    8    1    2    0    2376
    1    1   47   47   80    1    5    1    1    1    1805
    1    1   48   48  164    1   11    2    1    0    1252
    1    1   49   49  380    1   24    3    3    1    1332
    1    1   50   50  252    1   16    2    1    0    2156
    1    1   51   51  290    1   19    2    2    1    1028
    1    1   52   52   16    1    1    1    2    0    3933
    1    1   53   53   37    1    3    1    1    1    1680
    1    1   54   54  471    1   30    3    3    1     892
    1    1   55   55  212    1   14    2    3    0     713
    1    1   56   56  217    1   14    2    2    1    1798
    1    1   57   57  411    1   26    3    3    1    1235
    1    1   58   58  219    1   14    2    2    1    1282
    1    1   59   59  250    1   16    2    2    1    1416
    1    1   60   60   38    1    3    1    1    1     967
    1    2    1   61  479    1   30    3    3    1     885
    1    2    2   62  396    1   25    3    3    1     811
    1    2    3   63    6    1    1    1    1    1    1094
    1    2    4   64  201    1   13    2    2    1    1356
    1    2    5   65  271    1   17    2    2    1    1988
    1    2    6   66   15    1    1    1    1    1    1566
    1    2    7   67  465    1   30    3    3    1     810
    1    2    8   68  476    1   30    3    3    1     846
    1    2    9   69   37    1    3    1    1    1    1274
    1    2   10   70  387    1   25    3    2    0    2783
    1    2   11   71   66    1    5    1    1    1    1388
    1    2   12   72   56    1    4    1    2    0     992
    1    2   13   73   52    1    4    1    1    1    2444
    1    2   14   74  408    1   26    3    3    1     958
    1    2   15   75  473    1   30    3    3    1     715
    1    2   16   76  380    1   24    3    3    1    1041
    1    2   17   77  360    1   23    3    3    1    1434
    1    2   18   78   36    1    3    1    1    1     814
    1    2   19   79   35    1    3    1    1    1     653
    1    2   20   80  250    1   16    2    2    1    2640
    1    2   21   81  326    1   21    3    3    1    6367
    1    2   22   82  424    1   27    3    2    0    3246
    1    2   23   83  409    1   26    3    3    1     826
    1    2   24   84   33    1    3    1    1    1     926
    1    2   25   85  266    1   17    2    3    0    1317
    1    2   26   86  217    1   14    2    2    1    2275
    1    2   27   87  182    1   12    2    2    1    3491
    1    2   28   88  269    1   17    2    2    1    1975
    1    2   29   89  276    1   18    2    2    1    2452
    1    2   30   90   49    1    4    1    1    1    2140
    1    2   31   91  245    1   16    2    2    1    2571
    1    2   32   92  356    1   23    3    3    1     852
    1    2   33   93   58    1    4    1    1    1    2634
    1    2   34   94  164    1   11    2    1    0    1470
    1    2   35   95  471    1   30    3    3    1     740
    1    2   36   96  272    1   17    2    2    1    1136
    1    2   37   97  448    1   28    3    3    1    2056
    1    2   38   98   80    1    5    1    1    1    1191
    1    2   39   99  411    1   26    3    3    1     800
    1    2   40  100  290    1   19    2    1    0    1011
    1    2   41  101  289    1   19    2    2    1    1262
    1    2   42  102  340    1   22    3    3    1    1196
    1    2   43  103   53    1    4    1    2    0    1416
    1    2   44  104  121    1    8    1    1    1    1688
    1    2   45  105  267    1   17    2    2    1    2543
    1    2   46  106  216    1   14    2    3    0    2668
    1    2   47  107  120    1    8    1    1    1     768
    1    2   48  108    4    1    1    1    3    0    3002
    1    2   49  109  240    1   15    2    3    0    1332
    1    2   50  110  280    1   18    2    2    1     946
    1    2   51  111   16    1    1    1    1    1    1561
    1    2   52  112   71    1    5    1    2    0    1234
    1    2   53  113  219    1   14    2    2    1    1630
    1    2   54  114  406    1   26    3    3    1     828
    1    2   55  115  212    1   14    2    3    0    1008
    1    2   56  116  359    1   23    3    3    1     824
    1    2   57  117   38    1    3    1    1    1    1134
    1    2   58  118  252    1   16    2    2    1    1499
    1    2   59  119  117    1    8    1    1    1    1630
    1    2   60  120  353    1   23    3    3    1    1140
    1    3    1  121   53    1    4    1    2    0    2846
    1    3    2  122  219    1   14    2    3    0     759
    1    3    3  123  409    1   26    3    3    1     573
    1    3    4  124  359    1   23    3    3    1     795
    1    3    5  125   56    1    4    1    1    1    1397
    1    3    6  126  117    1    8    1    1    1    1124
    1    3    7  127   80    1    5    1    1    1     843
    1    3    8  128  250    1   16    2    2    1    1406
    1    3    9  129   16    1    1    1    2    0    4122
    1    3   10  130   33    1    3    1    1    1    1621
    1    3   11  131  380    1   24    3    3    1     855
    1    3   12  132   38    1    3    1    1    1     842
    1    3   13  133  120    1    8    1    1    1    1442
    1    3   14  134  252    1   16    2    2    1    1165
    1    3   15  135    6    1    1    1    1    1    1401
    1    3   16  136   36    1    3    1    1    1     900
    1    3   17  137  473    1   30    3    3    1     859
    1    3   18  138   66    1    5    1    1    1     721
    1    3   19  139   49    1    4    1    2    0    1807
    1    3   20  140   35    1    3    1    1    1     758
    1    3   21  141    4    1    1    1    1    1    1806
    1    3   22  142   71    1    5    1    1    1     857
    1    3   23  143  121    1    8    1    2    0    2709
    1    3   24  144  326    1   21    3    3    1    1466
    1    3   25  145  245    1   16    2    2    1    1204
    1    3   26  146  479    1   30    3    3    1     640
    1    3   27  147  164    1   11    2    2    1    1899
    1    3   28  148  212    1   14    2    3    0    2578
    1    3   29  149  290    1   19    2    2    1    1438
    1    3   30  150  267    1   17    2    2    1     839
    1    3   31  151  240    1   15    2    2    1    5573
    1    3   32  152  471    1   30    3    3    1     813
    1    3   33  153  269    1   17    2    2    1    1499
    1    3   34  154  387    1   25    3    2    0    2389
    1    3   35  155  276    1   18    2    2    1    1438
    1    3   36  156  408    1   26    3    3    1     927
    1    3   37  157  465    1   30    3    3    1     949
    1    3   38  158   15    1    1    1    1    1    2412
    1    3   39  159   37    1    3    1    1    1     904
    1    3   40  160  406    1   26    3    3    1    1521
    1    3   41  161  266    1   17    2    2    1    1051
    1    3   42  162  448    1   28    3    3    1    2160
    1    3   43  163   58    1    4    1    2    0    2277
    1    3   44  164  289    1   19    2    2    1    1152
    1    3   45  165  201    1   13    2    2    1    1200
    1    3   46  166  424    1   27    3    3    1    1025
    1    3   47  167   52    1    4    1    1    1    3231
    1    3   48  168  353    1   23    3    3    1    1002
    1    3   49  169  340    1   22    3    3    1     888
    1    3   50  170  271    1   17    2    2    1     888
    1    3   51  171  217    1   14    2    2    1    1693
    1    3   52  172  476    1   30    3    3    1     759
    1    3   53  173  182    1   12    2    2    1     958
    1    3   54  174  272    1   17    2    2    1    1291
    1    3   55  175  356    1   23    3    3    1     922
    1    3   56  176  280    1   18    2    2    1    1242
    1    3   57  177  360    1   23    3    3    1    1075
    1    3   58  178  411    1   26    3    2    0    1616
    1    3   59  179  216    1   14    2    2    1    1102
    1    3   60  180  396    1   25    3    3    1     931
    2    1    1  181  352    0   22    3    2    0    1644
    2    1    2  182  162    0   11    2    2    1    3384
    2    1    3  183  354    0   23    3    3    1    1024
    2    1    4  184  200    0   13    2    1    0    2678
    2    1    5  185  450    0   29    3    3    1     794
    2    1    6  186  175    0   11    2    2    1    4450
    2    1    7  187  403    0   26    3    3    1    1381
    2    1    8  188  382    0   24    3    2    0    4975
    2    1    9  189  238    0   15    2    3    0    3299
    2    1   10  190   56    1    4    1    1    1    7545
    2    1   11  191  182    1   12    2    2    1    2833
    2    1   12  192  434    0   28    3    1    0    2431
    2    1   13  193   38    1    3    1    1    1     771
    2    1   14  194  305    0   20    2    3    0     694
    2    1   15  195  204    0   13    2    2    1    2245
    2    1   16  196  261    0   17    2    3    0     629
    2    1   17  197  381    0   24    3    1    0    2136
    2    1   18  198  133    0    9    1    2    0    2217
    2    1   19  199  464    0   29    3    3    1    1786
    2    1   20  200   24    0    2    1    2    0    1152
    2    1   21  201  122    0    8    1    1    1    1251
    2    1   22  202  374    0   24    3    1    0    2734
    2    1   23  203  459    0   29    3    3    1     811
    2    1   24  204  231    0   15    2    2    1    1195
    2    1   25  205   61    0    4    1    1    1    2019
    2    1   26  206  157    0   10    1    2    0    2505
    2    1   27  207  224    0   14    2    2    1    1084
    2    1   28  208   93    0    6    1    3    0    1657
    2    1   29  209  250    1   16    2    2    1    1187
    2    1   30  210  377    0   24    3    1    0    5914
    2    1   31  211  290    1   19    2    2    1    1764
    2    1   32  212  145    0   10    1    1    1    1484
    2    1   33  213  270    0   17    2    2    1    1418
    2    1   34  214  438    0   28    3    1    0    1791
    2    1   35  215    3    0    1    1    3    0    2489
    2    1   36  216  143    0    9    1    2    0    1041
    2    1   37  217  183    0   12    2    3    0     986
    2    1   38  218  216    1   14    2    2    1    1851
    2    1   39  219  406    1   26    3    3    1     915
    2    1   40  220  386    0   25    3    2    0    1258
    2    1   41  221  410    0   26    3    3    1     732
    2    1   42  222  388    0   25    3    3    1     788
    2    1   43  223  319    0   20    2    3    0     677
    2    1   44  224  287    0   18    2    1    0    1326
    2    1   45  225  393    0   25    3    3    1     750
    2    1   46  226  256    0   16    2    2    1     736
    2    1   47  227  355    0   23    3    3    1     762
    2    1   48  228   89    0    6    1    3    0     743
    2    1   49  229  361    0   23    3    3    1     848
    2    1   50  230  332    0   21    3    2    0    1460
    2    1   51  231  180    0   12    2    3    0     729
    2    1   52  232  116    0    8    1    2    0    1020
    2    1   53  233  476    1   30    3    3    1     611
    2    1   54  234  184    0   12    2    3    0     786
    2    1   55  235  441    0   28    3    3    1    1985
    2    1   56  236  139    0    9    1    3    0    1237
    2    1   57  237  239    0   15    2    2    1    1252
    2    1   58  238  294    0   19    2    2    1    4688
    2    1   59  239  432    0   27    3    3    1     905
    2    1   60  240  338    0   22    3    1    0    1923
    2    1   61  241   47    0    3    1    1    1    1594
    2    1   62  242  168    0   11    2    3    0     889
    2    1   63  243  166    0   11    2    2    1    1122
    2    1   64  244  357    0   23    3    3    1     716
    2    1   65  245   66    1    5    1    1    1     775
    2    1   66  246  170    0   11    2    2    1    2056
    2    1   67  247    2    0    1    1    2    0    1721
    2    1   68  248  279    0   18    2    3    0     611
    2    1   69  249  126    0    8    1    2    0    1079
    2    1   70  250  395    0   25    3    2    0    1329
    2    1   71  251   86    0    6    1    3    0    1587
    2    1   72  252  392    0   25    3    3    1    1030
    2    1   73  253   43    0    3    1    1    1    1035
    2    1   74  254   64    0    4    1    2    0   10327
    2    1   75  255  320    0   20    2    3    0    1715
    2    1   76  256  423    0   27    3    3    1     686
    2    1   77  257  429    0   27    3    3    1     881
    2    1   78  258  149    0   10    1    2    0    1140
    2    1   79  259  477    0   30    3    3    1     729
    2    1   80  260   15    1    1    1    1    1    1786
    2    1   81  261  199    0   13    2    2    1    1003
    2    1   82  262   91    0    6    1    3    0     976
    2    1   83  263  123    0    8    1    1    1    1723
    2    1   84  264  124    0    8    1    1    1    3082
    2    1   85  265  425    0   27    3    3    1     778
    2    1   86  266  106    0    7    1    2    0    1434
    2    1   87  267  230    0   15    2    2    1    2477
    2    1   88  268  155    0   10    1    3    0     652
    2    1   89  269   75    0    5    1    1    1    1071
    2    1   90  270  171    0   11    2    2    1    3487
    2    1   91  271  167    0   11    2    1    0    1201
    2    1   92  272  398    0   25    3    3    1    1113
    2    1   93  273  276    1   18    2    2    1    1354
    2    1   94  274  220    0   14    2    3    0    1592
    2    1   95  275  131    0    9    1    3    0    1682
    2    1   96  276  295    0   19    2    2    1    2724
    2    1   97  277  412    0   26    3    3    1     706
    2    1   98  278  340    1   22    3    3    1    1813
    2    1   99  279  389    0   25    3    3    1     836
    2    1  100  280  342    0   22    3    2    0    1903
    2    1  101  281  444    0   28    3    3    1    1084
    2    1  102  282   29    0    2    1    2    0    3590
    2    1  103  283  187    0   12    2    3    0    1589
    2    1  104  284  206    0   13    2    2    1     992
    2    1  105  285  366    0   23    3    3    1     734
    2    1  106  286  203    0   13    2    2    1     950
    2    1  107  287   49    1    4    1    2    0    1000
    2    1  108  288   13    0    1    1    2    0    2216
    2    1  109  289   62    0    4    1    2    0    2589
    2    1  110  290  176    0   11    2    1    0    2752
    2    1  111  291   50    0    4    1    2    0    4302
    2    1  112  292  452    0   29    3    3    1     665
    2    1  113  293  384    0   24    3    1    0    1873
    2    1  114  294  257    0   17    2    2    1    3715
    2    1  115  295   65    0    5    1    1    1     911
    2    1  116  296  360    1   23    3    3    1     824
    2    1  117  297  326    1   21    3    3    1     711
    2    1  118  298  164    1   11    2    2    1    1062
    2    1  119  299  115    0    8    1    1    1    1823
    2    1  120  300  408    1   26    3    3    1     936
    2    1  121  301  205    0   13    2    2    1    1896
    2    1  122  302  151    0   10    1    2    0    1516
    2    1  123  303   94    0    6    1    3    0     904
    2    1  124  304  103    0    7    1    1    1    1122
    2    1  125  305   88    0    6    1    3    0     737
    2    1  126  306  201    1   13    2    2    1     744
    2    1  127  307  240    1   15    2    1    0    1504
    2    1  128  308  418    0   27    3    3    1    1078
    2    1  129  309  404    0   26    3    3    1    1103
    2    1  130  310  288    0   18    2    1    0    2157
    2    1  131  311  376    0   24    3    1    0    1363
    2    1  132  312  195    0   13    2    2    1     695
    2    1  133  313   83    0    6    1    3    0    1520
    2    1  134  314  217    1   14    2    2    1    1895
    2    1  135  315  221    0   14    2    2    1    1199
    2    1  136  316  289    1   19    2    2    1    1474
    2    1  137  317  142    0    9    1    3    0    1274
    2    1  138  318  130    0    9    1    2    0    2213
    2    1  139  319  179    0   12    2    3    0     866
    2    1  140  320  242    0   16    2    2    1     799
    2    1  141  321  456    0   29    3    3    1     894
    2    1  142  322  391    0   25    3    3    1    1298
    2    1  143  323  420    0   27    3    3    1    1613
    2    1  144  324  427    0   27    3    3    1     822
    2    1  145  325   33    1    3    1    1    1    1732
    2    1  146  326    1    0    1    1    2    0    2187
    2    1  147  327  443    0   28    3    3    1    4277
    2    1  148  328  219    1   14    2    2    1    1802
    2    1  149  329  161    0   11    2    1    0    3334
    2    1  150  330  335    0   21    3    3    1    2250
    2    1  151  331  128    0    8    1    2    0    1501
    2    1  152  332  430    0   27    3    3    1     868
    2    1  153  333   71    1    5    1    1    1    2135
    2    1  154  334  196    0   13    2    2    1    1201
    2    1  155  335  246    0   16    2    2    1    1560
    2    1  156  336  214    0   14    2    3    0    1507
    2    1  157  337  446    0   28    3    3    1    1027
    2    1  158  338  458    0   29    3    3    1    1337
    2    1  159  339  344    0   22    3    1    0    3443
    2    1  160  340  475    0   30    3    2    0    1352
    2    1  161  341   57    0    4    1    3    0    4004
    2    1  162  342  317    0   20    2    3    0    1642
    2    1  163  343  341    0   22    3    1    0    1837
    2    1  164  344  414    0   26    3    3    1    2491
    2    1  165  345  114    0    8    1    1    1    2110
    2    1  166  346  364    0   23    3    2    0    3173
    2    1  167  347  421    0   27    3    2    0     882
    2    1  168  348  400    0   25    3    3    1     674
    2    1  169  349   87    0    6    1    3    0    2496
    2    1  170  350  125    0    8    1    2    0    3355
    2    1  171  351  327    0   21    3    2    0    1239
    2    1  172  352  447    0   28    3    3    1    1753
    2    1  173  353  323    0   21    3    3    1    1830
    2    1  174  354  474    0   30    3    3    1     682
    2    1  175  355  112    0    7    1    1    1    1611
    2    1  176  356  243    0   16    2    2    1     825
    2    1  177  357  181    0   12    2    3    0    1198
    2    1  178  358   55    0    4    1    2    0    4173
    2    1  179  359  249    0   16    2    1    0    1257
    2    1  180  360  111    0    7    1    1    1    3280
    2    1  181  361  213    0   14    2    2    1    2264
    2    1  182  362   12    0    1    1    1    1    1291
    2    1  183  363  113    0    8    1    2    0    2046
    2    1  184  364   23    0    2    1    3    0    1702
    2    1  185  365  109    0    7    1    2    0    3752
    2    1  186  366  416    0   26    3    3    1    1305
    2    1  187  367  311    0   20    2    2    1    2498
    2    1  188  368  304    0   19    2    2    1    1805
    2    1  189  369  262    0   17    2    2    1    1599
    2    1  190  370  291    0   19    2    1    0    2221
    2    1  191  371  463    0   29    3    3    1     920
    2    1  192  372  478    0   30    3    3    1    1275
    2    1  193  373  448    1   28    3    3    1    1382
    2    1  194  374  248    0   16    2    2    1     809
    2    1  195  375   85    0    6    1    1    1    1576
    2    1  196  376   35    1    3    1    1    1    1046
    2    1  197  377  385    0   25    3    3    1     734
    2    1  198  378  247    0   16    2    2    1     983
    2    1  199  379  435    0   28    3    3    1    4192
    2    1  200  380  455    0   29    3    2    0    3138
    2    1  201  381   40    0    3    1    1    1    1394
    2    1  202  382  480    0   30    3    2    0    1509
    2    1  203  383  165    0   11    2    1    0    1408
    2    1  204  384   48    0    3    1    1    1    3652
    2    1  205  385  467    0   30    3    2    0    1369
    2    1  206  386  285    0   18    2    2    1    1342
    2    1  207  387  462    0   29    3    3    1     942
    2    1  208  388    5    0    1    1    1    1    2022
    2    1  209  389  132    0    9    1    3    0    1354
    2    1  210  390  100    0    7    1    1    1    3850
    2    1  211  391  318    0   20    2    2    1    1314
    2    1  212  392   80    1    5    1    1    1    3473
    2    1  213  393   32    0    2    1    3    0    1143
    2    1  214  394  407    0   26    3    2    0    4084
    2    1  215  395    7    0    1    1    1    1     853
    2    1  216  396   78    0    5    1    1    1     720
    2    1  217  397  372    0   24    3    2    0    1414
    2    1  218  398   99    0    7    1    1    1    2751
    2    1  219  399  209    0   14    2    2    1    2894
    2    1  220  400  275    0   18    2    1    0    1428
    2    1  221  401   16    1    1    1    1    1     826
    2    1  222  402   73    0    5    1    1    1    4333
    2    1  223  403  419    0   27    3    3    1    1598
    2    1  224  404   70    0    5    1    1    1     796
    2    1  225  405  278    0   18    2    2    1    1417
    2    1  226  406  267    1   17    2    2    1    1441
    2    1  227  407   42    0    3    1    1    1    1729
    2    1  228  408  367    0   23    3    2    0    2242
    2    1  229  409   19    0    2    1    2    0    1633
    2    1  230  410  347    0   22    3    1    0    1229
    2    1  231  411  263    0   17    2    2    1    1496
    2    1  232  412  383    0   24    3    2    0    1132
    2    1  233  413  313    0   20    2    2    1    1052
    2    1  234  414  371    0   24    3    1    0    1437
    2    1  235  415  136    0    9    1    3    0    1475
    2    1  236  416  321    0   21    3    2    0    1213
    2    1  237  417   69    0    5    1    1    1    4816
    2    1  238  418  461    0   29    3    3    1    1848
    2    1  239  419  465    1   30    3    2    0    1223
    2    1  240  420  300    0   19    2    1    0    1975
    2    1  241  421  158    0   10    1    1    1    1413
    2    1  242  422  255    0   16    2    2    1    2419
    2    1  243  423  101    0    7    1    1    1    2102
    2    1  244  424   44    0    3    1    1    1    1114
    2    1  245  425   72    0    5    1    1    1     682
    2    1  246  426  174    0   11    2    2    1    1570
    2    1  247  427  185    0   12    2    3    0     995
    2    1  248  428  424    1   27    3    3    1    1104
    2    1  249  429  470    0   30    3    2    0    1806
    2    1  250  430  431    0   27    3    3    1     985
    2    1  251  431  189    0   12    2    3    0     750
    2    1  252  432   45    0    3    1    1    1     896
    2    1  253  433   36    1    3    1    1    1    1029
    2    1  254  434  413    0   26    3    3    1    1359
    2    1  255  435  225    0   15    2    1    0    4107
    2    1  256  436  399    0   25    3    3    1    1048
    2    1  257  437  234    0   15    2    2    1    2703
    2    1  258  438   82    0    6    1    3    0    1012
    2    1  259  439  365    0   23    3    2    0    4056
    2    1  260  440  394    0   25    3    2    0    1392
    2    1  261  441  379    0   24    3    1    0     952
    2    1  262  442  428    0   27    3    3    1    2213
    2    1  263  443  296    0   19    2    2    1    1626
    2    1  264  444  241    0   16    2    2    1     992
    2    1  265  445   22    0    2    1    2    0    2648
    2    1  266  446  233    0   15    2    1    0    1237
    2    1  267  447  265    0   17    2    2    1    2835
    2    1  268  448  334    0   21    3    3    1    1598
    2    1  269  449    8    0    1    1    2    0    1834
    2    1  270  450  302    0   19    2    2    1    1287
    2    1  271  451  299    0   19    2    1    0    3713
    2    1  272  452  426    0   27    3    2    0    3448
    2    1  273  453    9    0    1    1    1    1     893
    2    1  274  454   90    0    6    1    3    0     779
    2    1  275  455  202    0   13    2    2    1    1022
    2    1  276  456  333    0   21    3    3    1     874
    2    1  277  457  211    0   14    2    2    1    1635
    2    1  278  458  107    0    7    1    1    1     719
    2    1  279  459  282    0   18    2    1    0    1450
    2    1  280  460  277    0   18    2    2    1    1865
    2    1  281  461  280    1   18    2    2    1     969
    2    1  282  462  269    1   17    2    2    1    1395
    2    1  283  463  228    0   15    2    1    0    4089
    2    1  284  464  177    0   12    2    3    0     694
    2    1  285  465  369    0   24    3    1    0     972
    2    1  286  466  328    0   21    3    3    1     883
    2    1  287  467  469    0   30    3    2    0    1099
    2    1  288  468   10    0    1    1    2    0    2441
    2    1  289  469  363    0   23    3    3    1     965
    2    1  290  470  297    0   19    2    2    1    1822
    2    1  291  471   81    0    6    1    3    0     969
    2    1  292  472   59    0    4    1    2    0    2825
    2    1  293  473   37    1    3    1    1    1    1483
    2    1  294  474  163    0   11    2    2    1    1816
    2    1  295  475  306    0   20    2    2    1    1816
    2    1  296  476  339    0   22    3    1    0    1445
    2    1  297  477   20    0    2    1    2    0    1170
    2    1  298  478  358    0   23    3    3    1    2766
    2    1  299  479  336    0   21    3    3    1     938
    2    1  300  480   79    0    5    1    1    1     695
