    1    1    1    1   40    1    3    1    1    1    1738
    1    1    2    2  397    1   25    3    3    1    2164
    1    1    3    3  306    1   20    2    2    1    1767
    1    1    4    4  359    1   23    3    3    1    1620
    1    1    5    5  297    1   19    2    1    0    3451
    1    1    6    6  423    1   27    3    1    0    3179
    1    1    7    7  148    1   10    1    2    0    3039
    1    1    8    8  115    1    8    1    1    1    1855
    1    1    9    9  250    1   16    2    2    1    2683
    1    1   10   10  163    1   11    2    1    0    6869
    1    1   11   11  170    1   11    2    3    0    1512
    1    1   12   12  330    1   21    3    2    0   19987
    1    1   13   13   31    1    2    1    3    0    6518
    1    1   14   14  405    1   26    3    2    0    3135
    1    1   15   15   55    1    4    1    1    1    2266
    1    1   16   16  446    1   28    3    1    0    3984
    1    1   17   17  471    1   30    3    3    1    1642
    1    1   18   18  339    1   22    3    1    0    1203
    1    1   19   19  146    1   10    1    2    0    3475
    1    1   20   20  186    1   12    2    1    0    1318
    1    1   21   21  215    1   14    2    3    0    1171
    1    1   22   22  293    1   19    2    1    0    2580
    1    1   23   23  413    1   26    3    3    1    1810
    1    1   24   24   62    1    4    1    1    1    1457
    1    1   25   25  195    1   13    2    2    1     709
    1    1   26   26  465    1   30    3    3    1    1032
    1    1   27   27  229    1   15    2    1    0     812
    1    1   28   28  381    1   24    3    1    0    1557
    1    1   29   29  337    1   22    3    1    0    2127
    1    1   30   30  135    1    9    1    2    0    7580
    1    1   31   31  111    1    7    1    1    1    1103
    1    1   32   32  279    1   18    2    3    0     854
    1    1   33   33  106    1    7    1    1    1    2500
    1    1   34   34   17    1    2    1    3    0     968
    1    1   35   35  455    1   29    3    3    1    1226
    1    1   36   36  136    1    9    1    1    1    2114
    1    1   37   37  272    1   17    2    1    0    3976
    1    1   38   38  224    1   14    2    1    0    1587
    1    1   39   39  241    1   16    2    2    1     707
    1    1   40   40  125    1    8    1    1    1    1134
    1    1   41   41  267    1   17    2    2    1    1146
    1    1   42   42  278    1   18    2    1    0    1465
    1    1   43   43  238    1   15    2    1    0    2320
    1    1   44   44  456    1   29    3    3    1     842
    1    1   45   45  355    1   23    3    3    1    2083
    1    1   46   46  327    1   21    3    1    0    7951
    1    1   47   47  420    1   27    3    1    0    2790
    1    1   48   48  190    1   12    2    3    0    1068
    1    1   49   49  443    1   28    3    1    0    1399
    1    1   50   50   73    1    5    1    1    1    1857
    1    1   51   51   34    1    3    1    1    1    2274
    1    1   52   52   72    1    5    1    1    1     987
    1    1   53   53    7    1    1    1    1    1    1188
    1    1   54   54   16    1    1    1    1    1     883
    1    1   55   55   96    1    6    1    3    0    1199
    1    1   56   56  395    1   25    3    1    0    5901
    1    1   57   57  376    1   24    3    1    0     945
    1    1   58   58  203    1   13    2    2    1    1158
    1    1   59   59   85    1    6    1    1    1    2345
    1    1   60   60  308    1   20    2    3    0     798
    1    2    1   61  308    1   20    2    2    1    2435
    1    2    2   62  170    1   11    2    1    0    2897
    1    2    3   63  186    1   12    2    3    0     839
    1    2    4   64  195    1   13    2    1    0     890
    1    2    5   65  376    1   24    3    1    0   22154
    1    2    6   66  203    1   13    2    1    0    3866
    1    2    7   67  397    1   25    3    3    1    3912
    1    2    8   68  136    1    9    1    3    0    4499
    1    2    9   69    7    1    1    1    1    1    1096
    1    2   10   70  456    1   29    3    3    1     963
    1    2   11   71  420    1   27    3    1    0    2258
    1    2   12   72  279    1   18    2    3    0    1174
    1    2   13   73  297    1   19    2    1    0     976
    1    2   14   74  241    1   16    2    1    0    1475
    1    2   15   75  229    1   15    2    3    0    1041
    1    2   16   76  163    1   11    2    1    0    1069
    1    2   17   77  405    1   26    3    3    1    4577
    1    2   18   78  146    1   10    1    1    1    4183
    1    2   19   79  272    1   17    2    1    0    1993
    1    2   20   80   85    1    6    1    1    1    1062
    1    2   21   81  413    1   26    3    3    1     952
    1    2   22   82  148    1   10    1    3    0    2635
    1    2   23   83  381    1   24    3    1    0    1177
    1    2   24   84   16    1    1    1    1    1     953
    1    2   25   85   40    1    3    1    1    1    2813
    1    2   26   86  330    1   21    3    1    0    1889
    1    2   27   87   72    1    5    1    1    1    1228
    1    2   28   88  339    1   22    3    1    0    6251
    1    2   29   89  125    1    8    1    1    1    1067
    1    2   30   90  115    1    8    1    1    1    1845
    1    2   31   91   55    1    4    1    1    1    1034
    1    2   32   92  135    1    9    1    1    1    5529
    1    2   33   93  106    1    7    1    1    1    1540
    1    2   34   94  190    1   12    2    3    0    3494
    1    2   35   95  327    1   21    3    2    0    1759
    1    2   36   96  306    1   20    2    3    0    1503
    1    2   37   97  215    1   14    2    1    0    5232
    1    2   38   98   17    1    2    1    3    0    1214
    1    2   39   99   62    1    4    1    1    1    1444
    1    2   40  100  446    1   28    3    1    0     884
    1    2   41  101   34    1    3    1    1    1    1397
    1    2   42  102  455    1   29    3    3    1   12916
    1    2   43  103  395    1   25    3    1    0    8009
    1    2   44  104  293    1   19    2    1    0    1418
    1    2   45  105  471    1   30    3    3    1    1361
    1    2   46  106  465    1   30    3    3    1    4384
    1    2   47  107  359    1   23    3    3    1    4947
    1    2   48  108  355    1   23    3    3    1    1324
    1    2   49  109  337    1   22    3    1    0    2298
    1    2   50  110  423    1   27    3    3    1     830
    1    2   51  111   73    1    5    1    1    1    3820
    1    2   52  112   96    1    6    1    3    0    1530
    1    2   53  113  250    1   16    2    2    1    2633
    1    2   54  114  267    1   17    2    2    1    6985
    1    2   55  115  278    1   18    2    2    1   32628
    1    2   56  116  443    1   28    3    3    1    6742
    1    2   57  117  238    1   15    2    2    1    2604
    1    2   58  118  111    1    7    1    1    1    1468
    1    2   59  119  224    1   14    2    2    1    2121
    1    2   60  120   31    1    2    1    1    1     950
    1    3    1  121   55    1    4    1    1    1     843
    1    3    2  122  308    1   20    2    3    0     977
    1    3    3  123  148    1   10    1    1    1    2399
    1    3    4  124  405    1   26    3    2    0    1780
    1    3    5  125  456    1   29    3    3    1    1171
    1    3    6  126  163    1   11    2    1    0     875
    1    3    7  127  146    1   10    1    1    1    1273
    1    3    8  128  135    1    9    1    2    0    2837
    1    3    9  129  355    1   23    3    3    1    2159
    1    3   10  130   85    1    6    1    1    1    1285
    1    3   11  131  170    1   11    2    1    0    1416
    1    3   12  132   40    1    3    1    1    1     921
    1    3   13  133   72    1    5    1    1    1    2472
    1    3   14  134  136    1    9    1    1    1    4927
    1    3   15  135   16    1    1    1    1    1    1311
    1    3   16  136  111    1    7    1    1    1    8673
    1    3   17  137  330    1   21    3    3    1    2452
    1    3   18  138  306    1   20    2    3    0    1255
    1    3   19  139   17    1    2    1    2    0    1913
    1    3   20  140  443    1   28    3    3    1    1167
    1    3   21  141  241    1   16    2    1    0    1141
    1    3   22  142  455    1   29    3    3    1     938
    1    3   23  143  359    1   23    3    1    0     784
    1    3   24  144  293    1   19    2    1    0    1285
    1    3   25  145  279    1   18    2    3    0    1047
    1    3   26  146  224    1   14    2    1    0    1037
    1    3   27  147  465    1   30    3    3    1    2017
    1    3   28  148  229    1   15    2    1    0    4124
    1    3   29  149  125    1    8    1    1    1     855
    1    3   30  150    7    1    1    1    1    1    1840
    1    3   31  151  381    1   24    3    1    0     782
    1    3   32  152  420    1   27    3    1    0    1239
    1    3   33  153  195    1   13    2    1    0    1013
    1    3   34  154  337    1   22    3    1    0     735
    1    3   35  155  297    1   19    2    2    1    3864
    1    3   36  156  250    1   16    2    1    0     944
    1    3   37  157  446    1   28    3    1    0     986
    1    3   38  158  215    1   14    2    1    0     874
    1    3   39  159   34    1    3    1    1    1    1366
    1    3   40  160  190    1   12    2    1    0    1990
    1    3   41  161   62    1    4    1    1    1     926
    1    3   42  162  272    1   17    2    1    0    1125
    1    3   43  163   73    1    5    1    1    1     962
    1    3   44  164  395    1   25    3    1    0    2923
    1    3   45  165  376    1   24    3    1    0    2288
    1    3   46  166  267    1   17    2    1    0    1050
    1    3   47  167  106    1    7    1    1    1     860
    1    3   48  168  397    1   25    3    3    1    2201
    1    3   49  169  186    1   12    2    3    0    2206
    1    3   50  170  339    1   22    3    1    0    1540
    1    3   51  171  413    1   26    3    3    1     893
    1    3   52  172   96    1    6    1    3    0     940
    1    3   53  173  238    1   15    2    3    0    1021
    1    3   54  174  203    1   13    2    1    0     812
    1    3   55  175  423    1   27    3    3    1     930
    1    3   56  176  278    1   18    2    1    0    1634
    1    3   57  177   31    1    2    1    1    1     788
    1    3   58  178  327    1   21    3    3    1     832
    1    3   59  179  471    1   30    3    3    1    2026
    1    3   60  180  115    1    8    1    1    1    1608
    2    1    1  181   56    0    4    1    1    1    9612
    2    1    2  182  102    0    7    1    1    1    2001
    2    1    3  183  407    0   26    3    3    1    2395
    2    1    4  184  345    0   22    3    1    0    3146
    2    1    5  185  326    0   21    3    1    0    2522
    2    1    6  186  383    0   24    3    1    0    1069
    2    1    7  187  272    1   17    2    2    1    3330
    2    1    8  188  350    0   22    3    2    0    1195
    2    1    9  189   16    1    1    1    2    0    1072
    2    1   10  190  235    0   15    2    1    0    3624
    2    1   11  191  349    0   22    3    1    0     842
    2    1   12  192  191    0   12    2    1    0   10590
    2    1   13  193   36    0    3    1    2    0    3768
    2    1   14  194   21    0    2    1    3    0     814
    2    1   15  195  259    0   17    2    3    0    1300
    2    1   16  196  392    0   25    3    3    1    5189
    2    1   17  197  151    0   10    1    1    1    1851
    2    1   18  198  128    0    8    1    1    1    1117
    2    1   19  199   32    0    2    1    1    1    3172
    2    1   20  200    8    0    1    1    1    1    1114
    2    1   21  201  459    0   29    3    3    1    1050
    2    1   22  202  340    0   22    3    1    0     795
    2    1   23  203  138    0    9    1    2    0    1445
    2    1   24  204  307    0   20    2    3    0     754
    2    1   25  205  121    0    8    1    1    1    3288
    2    1   26  206  279    1   18    2    3    0     580
    2    1   27  207   58    0    4    1    2    0    1795
    2    1   28  208  441    0   28    3    1    0     882
    2    1   29  209   99    0    7    1    1    1     894
    2    1   30  210  213    0   14    2    3    0    1005
    2    1   31  211  173    0   11    2    2    1    1105
    2    1   32  212  402    0   26    3    2    0    1992
    2    1   33  213  169    0   11    2    1    0    8817
    2    1   34  214   90    0    6    1    3    0    2591
    2    1   35  215  144    0    9    1    1    1    2749
    2    1   36  216   73    1    5    1    1    1    2927
    2    1   37  217  351    0   22    3    1    0    1006
    2    1   38  218   17    1    2    1    3    0     740
    2    1   39  219  185    0   12    2    3    0    1458
    2    1   40  220  273    0   18    2    2    1    1415
    2    1   41  221  103    0    7    1    1    1     700
    2    1   42  222  225    0   15    2    1    0    1577
    2    1   43  223   27    0    2    1    2    0    1241
    2    1   44  224  267    1   17    2    2    1     733
    2    1   45  225    3    0    1    1    3    0    1538
    2    1   46  226  200    0   13    2    2    1    2311
    2    1   47  227  438    0   28    3    1    0    2013
    2    1   48  228  107    0    7    1    1    1    1608
    2    1   49  229  464    0   29    3    3    1    2676
    2    1   50  230  328    0   21    3    3    1    3129
    2    1   51  231  224    1   14    2    2    1    4178
    2    1   52  232  432    0   27    3    3    1    3017
    2    1   53  233  418    0   27    3    3    1    1446
    2    1   54  234   89    0    6    1    3    0    1995
    2    1   55  235  442    0   28    3    1    0    1303
    2    1   56  236  220    0   14    2    3    0    1308
    2    1   57  237  198    0   13    2    2    1    1693
    2    1   58  238  295    0   19    2    2    1    1414
    2    1   59  239  260    0   17    2    2    1     781
    2    1   60  240   15    0    1    1    2    0    1088
    2    1   61  241   98    0    7    1    2    0     807
    2    1   62  242  478    0   30    3    3    1     880
    2    1   63  243   52    0    4    1    1    1     894
    2    1   64  244  149    0   10    1    2    0    1221
    2    1   65  245  308    1   20    2    3    0     730
    2    1   66  246   55    1    4    1    1    1    3299
    2    1   67  247  219    0   14    2    2    1    1216
    2    1   68  248  116    0    8    1    1    1    1788
    2    1   69  249   68    0    5    1    2    0    1702
    2    1   70  250  288    0   18    2    2    1    1035
    2    1   71  251  270    0   17    2    3    0     725
    2    1   72  252  124    0    8    1    1    1    3341
    2    1   73  253  414    0   26    3    3    1     746
    2    1   74  254  238    1   15    2    3    0    6634
    2    1   75  255   88    0    6    1    3    0    2226
    2    1   76  256    6    0    1    1    2    0    1723
    2    1   77  257  282    0   18    2    2    1     692
    2    1   78  258  455    1   29    3    3    1    1704
    2    1   79  259  184    0   12    2    3    0     767
    2    1   80  260  324    0   21    3    2    0    1393
    2    1   81  261  232    0   15    2    1    0    2206
    2    1   82  262  159    0   10    1    1    1     883
    2    1   83  263   34    1    3    1    1    1    2594
    2    1   84  264  131    0    9    1    2    0    1552
    2    1   85  265  378    0   24    3    1    0    1621
    2    1   86  266  347    0   22    3    1    0    4362
    2    1   87  267  195    1   13    2    2    1    1151
    2    1   88  268  153    0   10    1    1    1    2219
    2    1   89  269   42    0    3    1    2    0     890
    2    1   90  270  194    0   13    2    2    1    1509
    2    1   91  271  217    0   14    2    2    1    1430
    2    1   92  272    7    1    1    1    2    0     900
    2    1   93  273  271    0   17    2    1    0    1237
    2    1   94  274  253    0   16    2    1    0    1334
    2    1   95  275  391    0   25    3    3    1     836
    2    1   96  276  305    0   20    2    3    0     747
    2    1   97  277  404    0   26    3    3    1     916
    2    1   98  278  451    0   29    3    3    1    1975
    2    1   99  279   57    0    4    1    2    0    1527
    2    1  100  280  171    0   11    2    1    0     539
    2    1  101  281  428    0   27    3    3    1    6163
    2    1  102  282   47    0    3    1    2    0     859
    2    1  103  283   38    0    3    1    1    1     661
    2    1  104  284  424    0   27    3    1    0    1056
    2    1  105  285  377    0   24    3    1    0     795
    2    1  106  286  406    0   26    3    2    0    1326
    2    1  107  287  252    0   16    2    2    1    1907
    2    1  108  288  411    0   26    3    2    0     879
    2    1  109  289  434    0   28    3    1    0    1395
    2    1  110  290  190    1   12    2    2    1     951
    2    1  111  291  286    0   18    2    3    0     628
    2    1  112  292   39    0    3    1    1    1     928
    2    1  113  293  313    0   20    2    3    0     749
    2    1  114  294  358    0   23    3    3    1    3251
    2    1  115  295  342    0   22    3    1    0     889
    2    1  116  296  168    0   11    2    1    0    1680
    2    1  117  297  408    0   26    3    3    1    2611
    2    1  118  298  475    0   30    3    1    0    3458
    2    1  119  299  448    0   28    3    1    0    2697
    2    1  120  300  236    0   15    2    2    1     881
    2    1  121  301  300    0   19    2    1    0    1205
    2    1  122  302  208    0   13    2    2    1     807
    2    1  123  303  176    0   11    2    2    1    1033
    2    1  124  304  366    0   23    3    1    0    1493
    2    1  125  305  468    0   30    3    3    1     701
    2    1  126  306  330    1   21    3    2    0    3788
    2    1  127  307  426    0   27    3    1    0    2473
    2    1  128  308  227    0   15    2    3    0    2872
    2    1  129  309  390    0   25    3    3    1    2314
    2    1  130  310   66    0    5    1    2    0    4090
    2    1  131  311   25    0    2    1    3    0    4063
    2    1  132  312  112    0    7    1    1    1    6093
    2    1  133  313  357    0   23    3    3    1    2297
    2    1  134  314  206    0   13    2    2    1    4149
    2    1  135  315  246    0   16    2    2    1     772
    2    1  136  316   44    0    3    1    2    0    1640
    2    1  137  317  126    0    8    1    1    1    1668
    2    1  138  318   35    0    3    1    2    0     767
    2    1  139  319  134    0    9    1    1    1    1289
    2    1  140  320  130    0    9    1    2    0     919
    2    1  141  321   12    0    1    1    1    1     868
    2    1  142  322   45    0    3    1    1    1     638
    2    1  143  323   10    0    1    1    1    1    1363
    2    1  144  324  172    0   11    2    1    0    1238
    2    1  145  325  143    0    9    1    3    0     823
    2    1  146  326  337    1   22    3    1    0     899
    2    1  147  327  254    0   16    2    1    0    2318
    2    1  148  328  248    0   16    2    1    0    2009
    2    1  149  329    4    0    1    1    1    1    1040
    2    1  150  330  477    0   30    3    3    1     885
    2    1  151  331  405    1   26    3    3    1    8442
    2    1  152  332  269    0   17    2    3    0    4432
    2    1  153  333  180    0   12    2    3    0    2047
    2    1  154  334  294    0   19    2    1    0    2515
    2    1  155  335  346    0   22    3    1    0    1278
    2    1  156  336  135    1    9    1    2    0    3457
    2    1  157  337  158    0   10    1    3    0    1880
    2    1  158  338  216    0   14    2    1    0    3830
    2    1  159  339  354    0   23    3    3    1    7789
    2    1  160  340  433    0   28    3    1    0    1707
    2    1  161  341  155    0   10    1    3    0    1190
    2    1  162  342  352    0   22    3    1    0     855
    2    1  163  343  187    0   12    2    3    0    1017
    2    1  164  344  234    0   15    2    1    0    1112
    2    1  165  345  370    0   24    3    1    0    1093
    2    1  166  346  152    0   10    1    3    0     902
    2    1  167  347  372    0   24    3    1    0    1368
    2    1  168  348  161    0   11    2    1    0    1028
    2    1  169  349  229    1   15    2    3    0    1107
    2    1  170  350  371    0   24    3    1    0    1050
    2    1  171  351  275    0   18    2    1    0    3629
    2    1  172  352  341    0   22    3    1    0     668
    2    1  173  353   29    0    2    1    3    0    1287
    2    1  174  354   33    0    3    1    1    1    4368
    2    1  175  355  367    0   23    3    1    0    5418
    2    1  176  356  162    0   11    2    2    1    2210
    2    1  177  357  226    0   15    2    2    1    1087
    2    1  178  358  327    1   21    3    3    1    2308
    2    1  179  359   72    1    5    1    1    1    1195
    2    1  180  360   40    1    3    1    1    1     829
    2    1  181  361  473    0   30    3    2    0    1888
    2    1  182  362  329    0   21    3    3    1     840
    2    1  183  363  339    1   22    3    1    0     841
    2    1  184  364  369    0   24    3    1    0    1317
    2    1  185  365  315    0   20    2    3    0    2009
    2    1  186  366   31    1    2    1    1    1    3990
    2    1  187  367   53    0    4    1    2    0    1388
    2    1  188  368  416    0   26    3    3    1    1222
    2    1  189  369  145    0   10    1    1    1    3012
    2    1  190  370    1    0    1    1    2    0    1199
    2    1  191  371  421    0   27    3    2    0    5831
    2    1  192  372   24    0    2    1    3    0    1539
    2    1  193  373  322    0   21    3    1    0    3068
    2    1  194  374  114    0    8    1    1    1     842
    2    1  195  375  440    0   28    3    1    0    4326
    2    1  196  376   97    0    7    1    1    1     719
    2    1  197  377    5    0    1    1    1    1    1449
    2    1  198  378  321    0   21    3    2    0    4007
    2    1  199  379  156    0   10    1    1    1    3820
    2    1  200  380  211    0   14    2    3    0    5022
    2    1  201  381   62    1    4    1    1    1    2733
    2    1  202  382  221    0   14    2    2    1    1364
    2    1  203  383  467    0   30    3    3    1    1004
    2    1  204  384  165    0   11    2    1    0     971
    2    1  205  385  318    0   20    2    3    0     729
    2    1  206  386  427    0   27    3    3    1    2705
    2    1  207  387  291    0   19    2    2    1    3633
    2    1  208  388  293    1   19    2    2    1    1126
    2    1  209  389  284    0   18    2    3    0     846
    2    1  210  390  466    0   30    3    2    0    1598
    2    1  211  391  419    0   27    3    1    0    2677
    2    1  212  392  204    0   13    2    3    0    1564
    2    1  213  393   87    0    6    1    2    0     667
    2    1  214  394   94    0    6    1    1    1    1744
    2    1  215  395  387    0   25    3    2    0    6320
    2    1  216  396  394    0   25    3    3    1    1652
    2    1  217  397  181    0   12    2    1    0    1330
    2    1  218  398  325    0   21    3    2    0     773
    2    1  219  399  415    0   26    3    3    1     872
    2    1  220  400  314    0   20    2    3    0     810
    2    1  221  401  119    0    8    1    2    0    1434
    2    1  222  402  228    0   15    2    1    0    1245
    2    1  223  403  203    1   13    2    2    1     919
    2    1  224  404  380    0   24    3    2    0    3743
    2    1  225  405  212    0   14    2    2    1    1227
    2    1  226  406   18    0    2    1    3    0     619
    2    1  227  407  118    0    8    1    1    1    4623
    2    1  228  408  420    1   27    3    1    0    3327
    2    1  229  409  193    0   13    2    2    1    2796
    2    1  230  410  338    0   22    3    1    0     975
    2    1  231  411  243    0   16    2    2    1    2011
    2    1  232  412  311    0   20    2    3    0    1020
    2    1  233  413  136    1    9    1    2    0    1621
    2    1  234  414   84    0    6    1    1    1    1048
    2    1  235  415  331    0   21    3    2    0    1103
    2    1  236  416  183    0   12    2    3    0    1402
    2    1  237  417   75    0    5    1    1    1    3202
    2    1  238  418  396    0   25    3    3    1     871
    2    1  239  419  395    1   25    3    2    0    4759
    2    1  240  420   64    0    4    1    3    0    1371
    2    1  241  421  410    0   26    3    3    1     887
    2    1  242  422  111    1    7    1    1    1    1493
    2    1  243  423  105    0    7    1    1    1    1069
    2    1  244  424  175    0   11    2    3    0    1219
    2    1  245  425  413    1   26    3    3    1     707
    2    1  246  426  189    0   12    2    1    0    1564
    2    1  247  427  202    0   13    2    2    1     798
    2    1  248  428   83    0    6    1    1    1     661
    2    1  249  429  386    0   25    3    1    0    2402
    2    1  250  430  210    0   14    2    3    0     749
    2    1  251  431  266    0   17    2    3    0    1026
    2    1  252  432   78    0    5    1    2    0    1562
    2    1  253  433   50    0    4    1    3    0    1280
    2    1  254  434  398    0   25    3    3    1     654
    2    1  255  435   69    0    5    1    2    0    1777
    2    1  256  436   28    0    2    1    1    1    3213
    2    1  257  437  443    1   28    3    3    1    2467
    2    1  258  438  122    0    8    1    1    1    2613
    2    1  259  439  444    0   28    3    3    1    2870
    2    1  260  440  332    0   21    3    2    0    3706
    2    1  261  441   96    1    6    1    1    1    1794
    2    1  262  442  316    0   20    2    3    0    1388
    2    1  263  443  430    0   27    3    1    0    1150
    2    1  264  444   30    0    2    1    2    0    4245
    2    1  265  445  174    0   11    2    1    0    4104
    2    1  266  446  177    0   12    2    3    0    1434
    2    1  267  447  104    0    7    1    1    1    1325
    2    1  268  448  445    0   28    3    1    0    1297
    2    1  269  449  150    0   10    1    1    1    3198
    2    1  270  450  436    0   28    3    1    0     802
    2    1  271  451  320    0   20    2    3    0     662
    2    1  272  452   60    0    4    1    2    0    1351
    2    1  273  453  299    0   19    2    1    0     905
    2    1  274  454  263    0   17    2    3    0     635
    2    1  275  455  101    0    7    1    1    1    1389
    2    1  276  456  230    0   15    2    2    1    1087
    2    1  277  457  132    0    9    1    2    0     934
    2    1  278  458  192    0   12    2    1    0    1102
    2    1  279  459  292    0   19    2    2    1    1286
    2    1  280  460  360    0   23    3    3    1     708
    2    1  281  461  139    0    9    1    3    0     723
    2    1  282  462  100    0    7    1    1    1     869
    2    1  283  463  480    0   30    3    3    1     683
    2    1  284  464  310    0   20    2    3    0    1587
    2    1  285  465  409    0   26    3    3    1     663
    2    1  286  466  146    1   10    1    1    1    1186
    2    1  287  467  222    0   14    2    3    0     953
    2    1  288  468  261    0   17    2    3    0    1414
    2    1  289  469   79    0    5    1    2    0    2188
    2    1  290  470  280    0   18    2    3    0     824
    2    1  291  471  258    0   17    2    3    0    1814
    2    1  292  472  471    1   30    3    3    1     885
    2    1  293  473  113    0    8    1    2    0    1988
    2    1  294  474  460    0   29    3    3    1    2895
    2    1  295  475  343    0   22    3    1    0    1936
    2    1  296  476    9    0    1    1    2    0    2252
    2    1  297  477  265    0   17    2    3    0    1508
    2    1  298  478  123    0    8    1    1    1    2058
    2    1  299  479  278    1   18    2    2    1    2029
    2    1  300  480   59    0    4    1    2    0    2555
