    1    1    1    1   55    1    4    1    2    0    5178
    1    1    2    2    7    1    1    1    1    1    1723
    1    1    3    3  293    1   19    2    2    1    2190
    1    1    4    4  229    1   15    2    2    1    3336
    1    1    5    5  455    1   29    3    3    1    2531
    1    1    6    6  136    1    9    1    2    0    2328
    1    1    7    7   73    1    5    1    2    0    2781
    1    1    8    8  148    1   10    1    3    0    1581
    1    1    9    9  423    1   27    3    1    0    3528
    1    1   10   10  339    1   22    3    1    0    1621
    1    1   11   11   17    1    2    1    3    0    1697
    1    1   12   12  241    1   16    2    2    1    2962
    1    1   13   13  224    1   14    2    1    0    1908
    1    1   14   14  279    1   18    2    3    0    1691
    1    1   15   15  405    1   26    3    2    0    2399
    1    1   16   16  465    1   30    3    2    0    2346
    1    1   17   17  443    1   28    3    3    1    1535
    1    1   18   18  306    1   20    2    3    0    1119
    1    1   19   19  327    1   21    3    1    0    1682
    1    1   20   20   72    1    5    1    1    1    2759
    1    1   21   21  186    1   12    2    2    1    2036
    1    1   22   22  135    1    9    1    1    1    1121
    1    1   23   23  308    1   20    2    3    0    1391
    1    1   24   24  330    1   21    3    2    0    1335
    1    1   25   25  238    1   15    2    3    0    1402
    1    1   26   26  420    1   27    3    2    0    4198
    1    1   27   27  413    1   26    3    3    1     994
    1    1   28   28  170    1   11    2    1    0    1365
    1    1   29   29  337    1   22    3    2    0    1758
    1    1   30   30   40    1    3    1    1    1    1186
    1    1   31   31  190    1   12    2    2    1    1306
    1    1   32   32  272    1   17    2    3    0    1454
    1    1   33   33  395    1   25    3    2    0    2956
    1    1   34   34   31    1    2    1    2    0    1238
    1    1   35   35  115    1    8    1    1    1    1178
    1    1   36   36  355    1   23    3    3    1    1244
    1    1   37   37  125    1    8    1    1    1    1667
    1    1   38   38  381    1   24    3    1    0    1222
    1    1   39   39  146    1   10    1    1    1    1565
    1    1   40   40  203    1   13    2    3    0    1637
    1    1   41   41  359    1   23    3    3    1    1090
    1    1   42   42  267    1   17    2    2    1    1160
    1    1   43   43   96    1    6    1    3    0    1511
    1    1   44   44   62    1    4    1    1    1    1238
    1    1   45   45  297    1   19    2    1    0    1658
    1    1   46   46  456    1   29    3    3    1     928
    1    1   47   47  163    1   11    2    1    0    2611
    1    1   48   48  446    1   28    3    2    0    1804
    1    1   49   49   16    1    1    1    1    1    1180
    1    1   50   50  471    1   30    3    3    1    1287
    1    1   51   51   85    1    6    1    1    1    1031
    1    1   52   52  397    1   25    3    3    1    1395
    1    1   53   53  195    1   13    2    2    1    3568
    1    1   54   54  250    1   16    2    2    1    1713
    1    1   55   55  111    1    7    1    3    0    3901
    1    1   56   56   34    1    3    1    1    1    1282
    1    1   57   57  376    1   24    3    1    0    3496
    1    1   58   58  278    1   18    2    3    0     960
    1    1   59   59  215    1   14    2    1    0    2469
    1    1   60   60  106    1    7    1    1    1    1962
    1    2    1   61  337    1   22    3    3    1    1608
    1    2    2   62  376    1   24    3    3    1    6548
    1    2    3   63  115    1    8    1    1    1    1315
    1    2    4   64  278    1   18    2    3    0    1702
    1    2    5   65  279    1   18    2    3    0    1015
    1    2    6   66  355    1   23    3    3    1    1134
    1    2    7   67  106    1    7    1    1    1     995
    1    2    8   68  267    1   17    2    2    1    1981
    1    2    9   69   17    1    2    1    1    1    3362
    1    2   10   70  111    1    7    1    1    1    2272
    1    2   11   71  146    1   10    1    1    1    1631
    1    2   12   72  293    1   19    2    2    1    1827
    1    2   13   73    7    1    1    1    1    1     918
    1    2   14   74  272    1   17    2    2    1    2531
    1    2   15   75   62    1    4    1    1    1    1374
    1    2   16   76   85    1    6    1    1    1     815
    1    2   17   77  148    1   10    1    1    1    2233
    1    2   18   78   16    1    1    1    1    1     947
    1    2   19   79  327    1   21    3    2    0    1158
    1    2   20   80  423    1   27    3    1    0    1888
    1    2   21   81  297    1   19    2    1    0    1495
    1    2   22   82   73    1    5    1    1    1    1380
    1    2   23   83   55    1    4    1    1    1     755
    1    2   24   84  456    1   29    3    3    1    1114
    1    2   25   85  339    1   22    3    1    0    1066
    1    2   26   86  135    1    9    1    1    1    1297
    1    2   27   87  397    1   25    3    3    1    2212
    1    2   28   88  330    1   21    3    2    0    1071
    1    2   29   89  395    1   25    3    3    1    1963
    1    2   30   90  195    1   13    2    2    1    1413
    1    2   31   91  250    1   16    2    2    1    1043
    1    2   32   92  455    1   29    3    3    1    1324
    1    2   33   93  306    1   20    2    3    0    1526
    1    2   34   94  190    1   12    2    2    1    1255
    1    2   35   95  229    1   15    2    2    1    3037
    1    2   36   96  170    1   11    2    1    0    1080
    1    2   37   97  446    1   28    3    3    1    1282
    1    2   38   98  443    1   28    3    2    0    2151
    1    2   39   99  465    1   30    3    3    1    2295
    1    2   40  100   72    1    5    1    1    1    1905
    1    2   41  101  203    1   13    2    2    1    3177
    1    2   42  102  238    1   15    2    3    0    1458
    1    2   43  103   40    1    3    1    1    1    1405
    1    2   44  104  308    1   20    2    2    1    2591
    1    2   45  105  381    1   24    3    1    0    1649
    1    2   46  106   34    1    3    1    1    1    1054
    1    2   47  107  359    1   23    3    3    1    1642
    1    2   48  108   31    1    2    1    1    1    1454
    1    2   49  109  413    1   26    3    3    1    1756
    1    2   50  110  215    1   14    2    2    1    2748
    1    2   51  111  405    1   26    3    3    1    3908
    1    2   52  112  186    1   12    2    2    1    1519
    1    2   53  113  224    1   14    2    2    1    6895
    1    2   54  114  136    1    9    1    1    1    1031
    1    2   55  115  471    1   30    3    3    1    1241
    1    2   56  116  420    1   27    3    3    1    1145
    1    2   57  117  241    1   16    2    2    1    1327
    1    2   58  118   96    1    6    1    2    0    2700
    1    2   59  119  163    1   11    2    3    0    4079
    1    2   60  120  125    1    8    1    1    1    1311
    1    3    1  121  170    1   11    2    2    1    2992
    1    3    2  122  465    1   30    3    3    1    1204
    1    3    3  123  186    1   12    2    2    1    1501
    1    3    4  124  250    1   16    2    1    0    1776
    1    3    5  125  146    1   10    1    1    1    1475
    1    3    6  126  190    1   12    2    2    1    1786
    1    3    7  127   62    1    4    1    1    1    1944
    1    3    8  128  163    1   11    2    2    1    3877
    1    3    9  129  381    1   24    3    3    1    1544
    1    3   10  130  293    1   19    2    2    1    1317
    1    3   11  131   16    1    1    1    1    1    1495
    1    3   12  132  330    1   21    3    2    0    1391
    1    3   13  133   34    1    3    1    1    1    1198
    1    3   14  134  115    1    8    1    1    1    1107
    1    3   15  135  278    1   18    2    1    0    1309
    1    3   16  136  446    1   28    3    3    1    1760
    1    3   17  137  272    1   17    2    3    0    1858
    1    3   18  138  339    1   22    3    3    1    2152
    1    3   19  139  395    1   25    3    3    1    3169
    1    3   20  140  337    1   22    3    3    1     719
    1    3   21  141  455    1   29    3    3    1    1968
    1    3   22  142  195    1   13    2    3    0    3304
    1    3   23  143  355    1   23    3    3    1    2962
    1    3   24  144  241    1   16    2    2    1    2389
    1    3   25  145  203    1   13    2    2    1    1036
    1    3   26  146  135    1    9    1    1    1    1071
    1    3   27  147  297    1   19    2    1    0    1156
    1    3   28  148  327    1   21    3    2    0    1248
    1    3   29  149  279    1   18    2    3    0    1121
    1    3   30  150  456    1   29    3    3    1    4718
    1    3   31  151  443    1   28    3    3    1    1831
    1    3   32  152    7    1    1    1    1    1    1139
    1    3   33  153  423    1   27    3    3    1    1567
    1    3   34  154  308    1   20    2    3    0    1124
    1    3   35  155  111    1    7    1    3    0    1195
    1    3   36  156  148    1   10    1    1    1    2549
    1    3   37  157  224    1   14    2    2    1    1164
    1    3   38  158   96    1    6    1    2    0    1493
    1    3   39  159  471    1   30    3    3    1    1484
    1    3   40  160  413    1   26    3    3    1    2274
    1    3   41  161  267    1   17    2    2    1    1586
    1    3   42  162  238    1   15    2    2    1    4022
    1    3   43  163  405    1   26    3    3    1    1808
    1    3   44  164  306    1   20    2    3    0    1264
    1    3   45  165   17    1    2    1    3    0    1241
    1    3   46  166  397    1   25    3    3    1    1300
    1    3   47  167  359    1   23    3    3    1    1279
    1    3   48  168  125    1    8    1    1    1    1363
    1    3   49  169   40    1    3    1    1    1    2307
    1    3   50  170   85    1    6    1    1    1    1391
    1    3   51  171   55    1    4    1    1    1     943
    1    3   52  172   73    1    5    1    1    1    1138
    1    3   53  173  229    1   15    2    1    0    1417
    1    3   54  174  376    1   24    3    1    0    1202
    1    3   55  175  106    1    7    1    1    1    2685
    1    3   56  176  420    1   27    3    3    1    1746
    1    3   57  177   31    1    2    1    3    0    5970
    1    3   58  178   72    1    5    1    1    1    3533
    1    3   59  179  215    1   14    2    2    1    5591
    1    3   60  180  136    1    9    1    1    1    1789
    2    1    1  181  456    1   29    3    3    1    1516
    2    1    2  182  356    0   23    3    2    0    5377
    2    1    3  183  419    0   27    3    2    0    3111
    2    1    4  184  165    0   11    2    1    0     883
    2    1    5  185   84    0    6    1    2    0    1249
    2    1    6  186   19    0    2    1    1    1    1201
    2    1    7  187  440    0   28    3    3    1    1406
    2    1    8  188   92    0    6    1    2    0     878
    2    1    9  189   57    0    4    1    1    1    3365
    2    1   10  190  190    1   12    2    2    1    1260
    2    1   11  191  257    0   17    2    1    0     886
    2    1   12  192  164    0   11    2    2    1     981
    2    1   13  193  409    0   26    3    3    1     670
    2    1   14  194  111    1    7    1    1    1    2797
    2    1   15  195   32    0    2    1    1    1    1365
    2    1   16  196  411    0   26    3    3    1     956
    2    1   17  197  415    0   26    3    3    1     710
    2    1   18  198   82    0    6    1    1    1    1301
    2    1   19  199  370    0   24    3    1    0     730
    2    1   20  200  305    0   20    2    3    0     734
    2    1   21  201  327    1   21    3    2    0     900
    2    1   22  202  389    0   25    3    3    1     888
    2    1   23  203   45    0    3    1    1    1    1003
    2    1   24  204  147    0   10    1    1    1    1234
    2    1   25  205  106    1    7    1    1    1    1759
    2    1   26  206  131    0    9    1    1    1    1010
    2    1   27  207  347    0   22    3    1    0     594
    2    1   28  208  479    0   30    3    3    1    1560
    2    1   29  209  424    0   27    3    3    1       0
    2    1   30  210  156    0   10    1    1    1     667
    2    1   31  211  249    0   16    2    1    0     747
    2    1   32  212   83    0    6    1    2    0     686
    2    1   33  213  244    0   16    2    1    0     641
    2    1   34  214   81    0    6    1    2    0     855
    2    1   35  215   39    0    3    1    1    1     553
    2    1   36  216  309    0   20    2    3    0     616
    2    1   37  217  351    0   22    3    1    0     718
    2    1   38  218  442    0   28    3    3    1     822
    2    1   39  219  412    0   26    3    3    1     791
    2    1   40  220  374    0   24    3    1    0    1433
    2    1   41  221  433    0   28    3    3    1    1969
    2    1   42  222  397    1   25    3    3    1     618
    2    1   43  223  300    0   19    2    1    0     653
    2    1   44  224  353    0   23    3    3    1     867
    2    1   45  225  120    0    8    1    1    1     743
    2    1   46  226  276    0   18    2    1    0    1400
    2    1   47  227   94    0    6    1    2    0     676
    2    1   48  228  161    0   11    2    1    0     726
    2    1   49  229  396    0   25    3    3    1     638
    2    1   50  230   16    1    1    1    1    1     573
    2    1   51  231  458    0   29    3    1    0    1556
    2    1   52  232  133    0    9    1    1    1     967
    2    1   53  233   40    1    3    1    1    1     534
    2    1   54  234  388    0   25    3    3    1    1502
    2    1   55  235  225    0   15    2    1    0     870
    2    1   56  236  402    0   26    3    2    0    2759
    2    1   57  237  319    0   20    2    3    0     685
    2    1   58  238   96    1    6    1    1    1    1471
    2    1   59  239   15    0    1    1    1    1     645
    2    1   60  240  292    0   19    2    1    0     798
    2    1   61  241   25    0    2    1    3    0    7917
    2    1   62  242  247    0   16    2    3    0    1062
    2    1   63  243  315    0   20    2    2    1    1172
    2    1   64  244  299    0   19    2    2    1     308
    2    1   65  245  417    0   27    3    2    0     422
    2    1   66  246  261    0   17    2    2    1     206
    2    1   67  247  468    0   30    3    2    0    1548
    2    1   68  248   98    0    7    1    1    1     605
    2    1   69  249  272    1   17    2    2    1    1359
    2    1   70  250  362    0   23    3    1    0     597
    2    1   71  251   53    0    4    1    2    0     543
    2    1   72  252  174    0   11    2    1    0     246
    2    1   73  253  181    0   12    2    2    1      37
    2    1   74  254  420    1   27    3    1    0    1613
    2    1   75  255  126    0    8    1    1    1     542
    2    1   76  256   51    0    4    1    1    1       0
    2    1   77  257  139    0    9    1    1    1    1644
    2    1   78  258  260    0   17    2    1    0    5396
    2    1   79  259  238    1   15    2    1    0    1997
    2    1   80  260  255    0   16    2    1    0    5322
    2    1   81  261    4    0    1    1    2    0    5497
    2    1   82  262  219    0   14    2    2    1    7614
    2    1   83  263   49    0    4    1    2    0    1108
    2    1   84  264  149    0   10    1    1    1     738
    2    1   85  265    5    0    1    1    1    1     511
    2    1   86  266   73    1    5    1    1    1     421
    2    1   87  267  124    0    8    1    1    1    1038
    2    1   88  268  167    0   11    2    1    0     240
    2    1   89  269  343    0   22    3    1    0     329
    2    1   90  270  360    0   23    3    3    1    1395
    2    1   91  271   30    0    2    1    1    1     928
    2    1   92  272   58    0    4    1    1    1     378
    2    1   93  273  153    0   10    1    1    1     443
    2    1   94  274   10    0    1    1    1    1     464
    2    1   95  275  473    0   30    3    1    0     431
    2    1   96  276  428    0   27    3    1    0     518
    2    1   97  277   55    1    4    1    1    1     593
    2    1   98  278  439    0   28    3    3    1    1703
    2    1   99  279  252    0   16    2    2    1    1343
    2    1  100  280  358    0   23    3    3    1    1234
    2    1  101  281  233    0   15    2    2    1    3461
    2    1  102  282  426    0   27    3    2    0    1016
    2    1  103  283   24    0    2    1    2    0    4683
    2    1  104  284  256    0   16    2    1    0    1188
    2    1  105  285  307    0   20    2    2    1    1148
    2    1  106  286  295    0   19    2    1    0    1361
    2    1  107  287   62    1    4    1    1    1     616
    2    1  108  288  333    0   21    3    1    0     451
    2    1  109  289  390    0   25    3    1    0     246
    2    1  110  290  376    1   24    3    1    0     518
    2    1  111  291  342    0   22    3    1    0    1078
    2    1  112  292  313    0   20    2    1    0    1016
    2    1  113  293   91    0    6    1    1    1    1211
    2    1  114  294    2    0    1    1    1    1    2245
    2    1  115  295  306    1   20    2    2    1    2434
    2    1  116  296   43    0    3    1    1    1    6984
    2    1  117  297  332    0   21    3    1    0     289
    2    1  118  298   17    1    2    1    1    1     235
    2    1  119  299  150    0   10    1    1    1     567
    2    1  120  300  422    0   27    3    1    0     775
    2    1  121  301  330    1   21    3    1    0    1000
    2    1  122  302  207    0   13    2    1    0     240
    2    1  123  303  220    0   14    2    1    0     412
    2    1  124  304  462    0   29    3    2    0     866
    2    1  125  305  204    0   13    2    3    0     290
    2    1  126  306   97    0    7    1    2    0     324
    2    1  127  307    9    0    1    1    3    0     314
    2    1  128  308  286    0   18    2    2    1      92
    2    1  129  309  123    0    8    1    2    0     637
    2    1  130  310  229    1   15    2    3    0    1647
    2    1  131  311  209    0   14    2    2    1    5657
    2    1  132  312   36    0    3    1    1    1     905
    2    1  133  313  302    0   19    2    2    1     888
    2    1  134  314  350    0   22    3    1    0     739
    2    1  135  315  406    0   26    3    2    0    1087
    2    1  136  316   52    0    4    1    1    1    1200
    2    1  137  317  201    0   13    2    2    1    1584
    2    1  138  318  282    0   18    2    3    0     740
    2    1  139  319  437    0   28    3    3    1     483
    2    1  140  320  285    0   18    2    2    1     952
    2    1  141  321    8    0    1    1    1    1     646
    2    1  142  322  191    0   12    2    2    1     782
    2    1  143  323  212    0   14    2    2    1    1133
    2    1  144  324  459    0   29    3    3    1     692
    2    1  145  325  339    1   22    3    1    0    1445
    2    1  146  326  114    0    8    1    1    1     705
    2    1  147  327  128    0    8    1    2    0    1738
    2    1  148  328   85    1    6    1    1    1    1049
    2    1  149  329  263    0   17    2    2    1    5137
    2    1  150  330  226    0   15    2    3    0    1150
    2    1  151  331   37    0    3    1    1    1   11171
    2    1  152  332  234    0   15    2    3    0    1029
    2    1  153  333  136    1    9    1    2    0     426
    2    1  154  334   79    0    5    1    2    0     422
    2    1  155  335  423    1   27    3    3    1    1070
    2    1  156  336  344    0   22    3    1    0     880
    2    1  157  337  141    0    9    1    1    1     956
    2    1  158  338  394    0   25    3    3    1     888
    2    1  159  339  470    0   30    3    2    0     690
    2    1  160  340   99    0    7    1    1    1     461
    2    1  161  341  159    0   10    1    1    1     670
    2    1  162  342  431    0   27    3    3    1     629
    2    1  163  343   41    0    3    1    1    1     844
    2    1  164  344  434    0   28    3    1    0     750
    2    1  165  345  385    0   25    3    3    1     605
    2    1  166  346  450    0   29    3    3    1     730
    2    1  167  347  398    0   25    3    2    0    1281
    2    1  168  348  449    0   29    3    3    1     766
    2    1  169  349  271    0   17    2    2    1     770
    2    1  170  350  336    0   21    3    2    0     645
    2    1  171  351  177    0   12    2    2    1     723
    2    1  172  352  348    0   22    3    1    0     653
    2    1  173  353  464    0   29    3    3    1     620
    2    1  174  354  223    0   14    2    3    0     519
    2    1  175  355   86    0    6    1    1    1     749
    2    1  176  356  296    0   19    2    3    0     598
    2    1  177  357  218    0   14    2    3    0     637
    2    1  178  358  242    0   16    2    3    0     540
    2    1  179  359  264    0   17    2    2    1     646
    2    1  180  360  134    0    9    1    1    1     971
    2    1  181  361  138    0    9    1    1    1     596
    2    1  182  362  291    0   19    2    1    0     864
    2    1  183  363  463    0   29    3    3    1     670
    2    1  184  364  140    0    9    1    3    0    1643
    2    1  185  365  457    0   29    3    3    1     725
    2    1  186  366  193    0   13    2    1    0     990
    2    1  187  367  154    0   10    1    1    1     804
    2    1  188  368  445    0   28    3    3    1    2891
    2    1  189  369  162    0   11    2    2    1    1061
    2    1  190  370  115    1    8    1    1    1    1233
    2    1  191  371  211    0   14    2    3    0     547
    2    1  192  372   18    0    2    1    2    0     602
    2    1  193  373  232    0   15    2    3    0     728
    2    1  194  374  102    0    7    1    1    1     784
    2    1  195  375  297    1   19    2    2    1     833
    2    1  196  376  414    0   26    3    3    1     606
    2    1  197  377  273    0   18    2    1    0    1736
    2    1  198  378  378    0   24    3    1    0     919
    2    1  199  379  289    0   19    2    3    0     549
    2    1  200  380   11    0    1    1    1    1     832
    2    1  201  381  395    1   25    3    3    1    1238
    2    1  202  382  194    0   13    2    1    0     831
    2    1  203  383  337    1   22    3    3    1    2241
    2    1  204  384  262    0   17    2    3    0     993
    2    1  205  385  355    1   23    3    3    1    1073
    2    1  206  386  311    0   20    2    2    1    1189
    2    1  207  387  125    1    8    1    1    1     765
    2    1  208  388  365    0   23    3    3    1    1224
    2    1  209  389  279    1   18    2    2    1     738
    2    1  210  390  399    0   25    3    3    1     679
    2    1  211  391  200    0   13    2    2    1    1659
    2    1  212  392  320    0   20    2    2    1    1339
    2    1  213  393  199    0   13    2    2    1    2259
    2    1  214  394  384    0   24    3    1    0     733
    2    1  215  395  182    0   12    2    2    1     724
    2    1  216  396  269    0   17    2    2    1     745
    2    1  217  397  379    0   24    3    1    0     655
    2    1  218  398   63    0    4    1    1    1     967
    2    1  219  399  112    0    7    1    1    1     751
    2    1  220  400  171    0   11    2    1    0     398
    2    1  221  401  465    1   30    3    3    1     700
    2    1  222  402  334    0   21    3    2    0     685
    2    1  223  403  413    1   26    3    3    1     614
    2    1  224  404  188    0   12    2    2    1     766
    2    1  225  405  407    0   26    3    3    1     768
    2    1  226  406  317    0   20    2    3    0     951
    2    1  227  407  235    0   15    2    1    0    1579
    2    1  228  408  357    0   23    3    3    1    2818
    2    1  229  409   71    0    5    1    1    1     709
    2    1  230  410  448    0   28    3    1    0     694
    2    1  231  411  349    0   22    3    1    0     624
    2    1  232  412  472    0   30    3    3    1     535
    2    1  233  413  377    0   24    3    1    0     583
    2    1  234  414   66    0    5    1    1    1     541
    2    1  235  415  170    1   11    2    1    0     528
    2    1  236  416  251    0   16    2    1    0    1658
    2    1  237  417  359    1   23    3    3    1     605
    2    1  238  418  168    0   11    2    1    0     629
    2    1  239  419  151    0   10    1    3    0     606
    2    1  240  420  335    0   21    3    2    0     784
    2    1  241  421   26    0    2    1    2    0     967
    2    1  242  422  325    0   21    3    2    0     709
    2    1  243  423  290    0   19    2    1    0     908
    2    1  244  424   54    0    4    1    1    1     839
    2    1  245  425  132    0    9    1    1    1     554
    2    1  246  426   28    0    2    1    1    1     478
    2    1  247  427   70    0    5    1    1    1     371
    2    1  248  428   76    0    5    1    1    1     565
    2    1  249  429  270    0   17    2    3    0     549
    2    1  250  430  245    0   16    2    3    0     590
    2    1  251  431  178    0   12    2    2    1     647
    2    1  252  432  447    0   28    3    3    1     766
    2    1  253  433  100    0    7    1    1    1    1005
    2    1  254  434   12    0    1    1    1    1     717
    2    1  255  435  314    0   20    2    3    0     709
    2    1  256  436  278    1   18    2    3    0     555
    2    1  257  437  373    0   24    3    1    0     644
    2    1  258  438  421    0   27    3    1    0    1215
    2    1  259  439  202    0   13    2    3    0     989
    2    1  260  440  477    0   30    3    3    1    1031
    2    1  261  441  121    0    8    1    2    0     656
    2    1  262  442  418    0   27    3    3    1     654
    2    1  263  443  258    0   17    2    3    0     624
    2    1  264  444  328    0   21    3    2    0     841
    2    1  265  445   56    0    4    1    1    1     742
    2    1  266  446  122    0    8    1    1    1     415
    2    1  267  447  157    0   10    1    1    1     575
    2    1  268  448  205    0   13    2    2    1    1032
    2    1  269  449  236    0   15    2    3    0     788
    2    1  270  450  206    0   13    2    3    0     647
    2    1  271  451   77    0    5    1    1    1     652
    2    1  272  452  318    0   20    2    3    0     669
    2    1  273  453  243    0   16    2    2    1     880
    2    1  274  454  108    0    7    1    1    1     926
    2    1  275  455   65    0    5    1    1    1     474
    2    1  276  456  453    0   29    3    3    1     696
    2    1  277  457   60    0    4    1    2    0     665
    2    1  278  458  135    1    9    1    1    1     620
    2    1  279  459   67    0    5    1    1    1     795
    2    1  280  460  310    0   20    2    3    0     692
    2    1  281  461  444    0   28    3    2    0     998
    2    1  282  462  109    0    7    1    1    1     661
    2    1  283  463   90    0    6    1    2    0    2568
    2    1  284  464  469    0   30    3    3    1     600
    2    1  285  465  163    1   11    2    3    0    2501
    2    1  286  466  451    0   29    3    3    1     545
    2    1  287  467  345    0   22    3    2    0     617
    2    1  288  468  331    0   21    3    2    0     593
    2    1  289  469  216    0   14    2    2    1     590
    2    1  290  470  152    0   10    1    3    0     539
    2    1  291  471  117    0    8    1    1    1     958
    2    1  292  472   68    0    5    1    1    1     846
    2    1  293  473  430    0   27    3    3    1    1023
    2    1  294  474  316    0   20    2    3    0     573
    2    1  295  475  265    0   17    2    3    0     749
    2    1  296  476    7    1    1    1    1    1     702
    2    1  297  477    1    0    1    1    1    1     737
    2    1  298  478  173    0   11    2    1    0     817
    2    1  299  479   14    0    1    1    1    1     725
    2    1  300  480   21    0    2    1    3    0    1717
