    1    1    1    1  420    1   27    3    1    0    5094
    1    1    2    2  146    1   10    1    2    0    3828
    1    1    3    3  272    1   17    2    1    0    2095
    1    1    4    4  455    1   29    3    3    1    4736
    1    1    5    5  203    1   13    2    2    1    2167
    1    1    6    6   96    1    6    1    1    1    2501
    1    1    7    7  115    1    8    1    1    1    4054
    1    1    8    8  186    1   12    2    1    0    1737
    1    1    9    9  125    1    8    1    3    0    1272
    1    1   10   10  136    1    9    1    1    1    6602
    1    1   11   11  195    1   13    2    3    0    1447
    1    1   12   12   55    1    4    1    2    0    1330
    1    1   13   13  215    1   14    2    3    0    1266
    1    1   14   14  135    1    9    1    3    0    3363
    1    1   15   15  250    1   16    2    2    1    1601
    1    1   16   16  465    1   30    3    1    0    1846
    1    1   17   17  297    1   19    2    3    0    5777
    1    1   18   18  190    1   12    2    2    1    1007
    1    1   19   19  423    1   27    3    3    1    2700
    1    1   20   20  111    1    7    1    2    0    1268
    1    1   21   21  471    1   30    3    3    1    2103
    1    1   22   22  355    1   23    3    1    0    3112
    1    1   23   23  308    1   20    2    3    0    3250
    1    1   24   24  306    1   20    2    1    0    1219
    1    1   25   25  327    1   21    3    2    0    2425
    1    1   26   26   16    1    1    1    2    0    4140
    1    1   27   27  163    1   11    2    1    0    1180
    1    1   28   28   17    1    2    1    3    0    4306
    1    1   29   29  330    1   21    3    1    0    1594
    1    1   30   30  381    1   24    3    2    0     896
    1    1   31   31   72    1    5    1    2    0    2705
    1    1   32   32  405    1   26    3    3    1    3514
    1    1   33   33  337    1   22    3    2    0    3634
    1    1   34   34  170    1   11    2    1    0    4982
    1    1   35   35   73    1    5    1    2    0    1891
    1    1   36   36  446    1   28    3    2    0    1932
    1    1   37   37  359    1   23    3    3    1    1923
    1    1   38   38   85    1    6    1    1    1    2635
    1    1   39   39  456    1   29    3    3    1    3767
    1    1   40   40  339    1   22    3    2    0    2693
    1    1   41   41   31    1    2    1    1    1    7246
    1    1   42   42   34    1    3    1    2    0    1826
    1    1   43   43    7    1    1    1    3    0    1566
    1    1   44   44   62    1    4    1    2    0    3700
    1    1   45   45  443    1   28    3    1    0    2100
    1    1   46   46  238    1   15    2    2    1    3429
    1    1   47   47  224    1   14    2    3    0    2401
    1    1   48   48   40    1    3    1    1    1   11990
    1    1   49   49  293    1   19    2    2    1    3307
    1    1   50   50  267    1   17    2    3    0    2875
    1    1   51   51  279    1   18    2    3    0    1997
    1    1   52   52  148    1   10    1    3    0    2178
    1    1   53   53  106    1    7    1    2    0    1282
    1    1   54   54  229    1   15    2    1    0   11347
    1    1   55   55  376    1   24    3    3    1    2945
    1    1   56   56  397    1   25    3    3    1    1360
    1    1   57   57  241    1   16    2    2    1    3008
    1    1   58   58  278    1   18    2    2    1    1867
    1    1   59   59  413    1   26    3    3    1    3718
    1    1   60   60  395    1   25    3    1    0    6038
    1    2    1   61  125    1    8    1    2    0    1450
    1    2    2   62  170    1   11    2    1    0    2467
    1    2    3   63  279    1   18    2    3    0     934
    1    2    4   64  106    1    7    1    1    1    2069
    1    2    5   65  203    1   13    2    2    1     968
    1    2    6   66   73    1    5    1    3    0    2581
    1    2    7   67  272    1   17    2    2    1    6610
    1    2    8   68  186    1   12    2    1    0    1295
    1    2    9   69  456    1   29    3    3    1    1137
    1    2   10   70  446    1   28    3    3    1    2424
    1    2   11   71  327    1   21    3    1    0    6508
    1    2   12   72   16    1    1    1    2    0    4347
    1    2   13   73  308    1   20    2    3    0    2596
    1    2   14   74  471    1   30    3    2    0    2401
    1    2   15   75  330    1   21    3    3    1    5222
    1    2   16   76  455    1   29    3    2    0     890
    1    2   17   77  215    1   14    2    2    1    3211
    1    2   18   78  190    1   12    2    1    0    5728
    1    2   19   79  115    1    8    1    2    0    1424
    1    2   20   80  229    1   15    2    2    1    1132
    1    2   21   81   34    1    3    1    2    0    1827
    1    2   22   82  111    1    7    1    1    1    2544
    1    2   23   83  297    1   19    2    2    1    1039
    1    2   24   84   55    1    4    1    2    0    1082
    1    2   25   85  241    1   16    2    2    1     964
    1    2   26   86   96    1    6    1    1    1    3922
    1    2   27   87  337    1   22    3    2    0    6074
    1    2   28   88  376    1   24    3    2    0    1227
    1    2   29   89   62    1    4    1    2    0    2832
    1    2   30   90   72    1    5    1    2    0    1412
    1    2   31   91  293    1   19    2    3    0    3520
    1    2   32   92  359    1   23    3    3    1    1112
    1    2   33   93  135    1    9    1    2    0    1729
    1    2   34   94  278    1   18    2    2    1    4064
    1    2   35   95   40    1    3    1    2    0    3907
    1    2   36   96  306    1   20    2    3    0    2044
    1    2   37   97  420    1   27    3    2    0    2527
    1    2   38   98  443    1   28    3    3    1    6335
    1    2   39   99  163    1   11    2    2    1    2151
    1    2   40  100   17    1    2    1    3    0    1974
    1    2   41  101  339    1   22    3    2    0    2268
    1    2   42  102  224    1   14    2    3    0    2470
    1    2   43  103  267    1   17    2    2    1    2984
    1    2   44  104  381    1   24    3    3    1    2645
    1    2   45  105   85    1    6    1    1    1    1665
    1    2   46  106   31    1    2    1    2    0    6547
    1    2   47  107  405    1   26    3    3    1    1825
    1    2   48  108  355    1   23    3    3    1    5118
    1    2   49  109  148    1   10    1    2    0    6341
    1    2   50  110  250    1   16    2    2    1    1181
    1    2   51  111  195    1   13    2    2    1     994
    1    2   52  112  136    1    9    1    1    1     864
    1    2   53  113  413    1   26    3    3    1     753
    1    2   54  114  146    1   10    1    2    0    3192
    1    2   55  115  397    1   25    3    2    0    2702
    1    2   56  116    7    1    1    1    3    0    2822
    1    2   57  117  465    1   30    3    3    1    5387
    1    2   58  118  423    1   27    3    2    0    3111
    1    2   59  119  238    1   15    2    2    1     929
    1    2   60  120  395    1   25    3    1    0    3168
    1    3    1  121    7    1    1    1    3    0    3398
    1    3    2  122  359    1   23    3    3    1     835
    1    3    3  123  106    1    7    1    1    1    2070
    1    3    4  124  405    1   26    3    3    1    1000
    1    3    5  125  170    1   11    2    1    0    2966
    1    3    6  126  455    1   29    3    3    1    1827
    1    3    7  127  395    1   25    3    3    1    5663
    1    3    8  128  163    1   11    2    2    1    1025
    1    3    9  129  446    1   28    3    3    1    2109
    1    3   10  130  229    1   15    2    2    1    6445
    1    3   11  131  306    1   20    2    1    0    2482
    1    3   12  132  241    1   16    2    2    1     916
    1    3   13  133  465    1   30    3    3    1     676
    1    3   14  134  423    1   27    3    3    1    2190
    1    3   15  135  224    1   14    2    2    1     635
    1    3   16  136  355    1   23    3    3    1    1255
    1    3   17  137   17    1    2    1    2    0     745
    1    3   18  138  443    1   28    3    3    1    3153
    1    3   19  139  215    1   14    2    2    1     870
    1    3   20  140  397    1   25    3    3    1    3081
    1    3   21  141  148    1   10    1    1    1    2627
    1    3   22  142  203    1   13    2    2    1     766
    1    3   23  143  327    1   21    3    1    0    3493
    1    3   24  144  125    1    8    1    2    0    1150
    1    3   25  145  456    1   29    3    3    1    1733
    1    3   26  146  420    1   27    3    3    1    2148
    1    3   27  147  376    1   24    3    3    1    2834
    1    3   28  148   40    1    3    1    1    1    2598
    1    3   29  149  250    1   16    2    2    1     771
    1    3   30  150  190    1   12    2    1    0    8120
    1    3   31  151  308    1   20    2    3    0     936
    1    3   32  152  111    1    7    1    1    1    1448
    1    3   33  153  136    1    9    1    3    0    6098
    1    3   34  154  279    1   18    2    3    0    1316
    1    3   35  155   55    1    4    1    3    0   13460
    1    3   36  156  115    1    8    1    2    0    6478
    1    3   37  157   34    1    3    1    1    1     704
    1    3   38  158  413    1   26    3    3    1     873
    1    3   39  159   85    1    6    1    1    1    1162
    1    3   40  160  381    1   24    3    2    0    1345
    1    3   41  161   73    1    5    1    1    1    2257
    1    3   42  162   16    1    1    1    2    0    1147
    1    3   43  163  146    1   10    1    2    0    3250
    1    3   44  164  195    1   13    2    2    1     885
    1    3   45  165  339    1   22    3    2    0    8086
    1    3   46  166  337    1   22    3    3    1    3415
    1    3   47  167  471    1   30    3    3    1     979
    1    3   48  168   72    1    5    1    2    0    3105
    1    3   49  169  186    1   12    2    2    1    4826
    1    3   50  170   62    1    4    1    2    0    3518
    1    3   51  171  293    1   19    2    1    0    1462
    1    3   52  172   96    1    6    1    2    0    3136
    1    3   53  173  278    1   18    2    2    1    5000
    1    3   54  174  267    1   17    2    2    1     949
    1    3   55  175  135    1    9    1    1    1    3379
    1    3   56  176  238    1   15    2    2    1    6881
    1    3   57  177  297    1   19    2    1    0    8467
    1    3   58  178   31    1    2    1    3    0    4405
    1    3   59  179  330    1   21    3    1    0    2474
    1    3   60  180  272    1   17    2    2    1    4715
    2    1    1  181  378    0   24    3    3    1    3182
    2    1    2  182  374    0   24    3    2    0    1855
    2    1    3  183  168    0   11    2    1    0     886
    2    1    4  184    1    0    1    1    3    0    8788
    2    1    5  185  365    0   23    3    1    0    1770
    2    1    6  186   37    0    3    1    2    0    2836
    2    1    7  187  242    0   16    2    2    1    4307
    2    1    8  188  419    0   27    3    3    1    4344
    2    1    9  189   61    0    4    1    2    0    4765
    2    1   10  190  158    0   10    1    2    0    2350
    2    1   11  191  281    0   18    2    1    0    5552
    2    1   12  192   15    0    1    1    1    1    2707
    2    1   13  193   11    0    1    1    3    0    4039
    2    1   14  194  413    1   26    3    3    1     711
    2    1   15  195   72    1    5    1    1    1    4716
    2    1   16  196  108    0    7    1    1    1    1008
    2    1   17  197  170    1   11    2    2    1    2281
    2    1   18  198  238    1   15    2    2    1    3357
    2    1   19  199   41    0    3    1    1    1    1609
    2    1   20  200   48    0    3    1    2    0    2489
    2    1   21  201  180    0   12    2    1    0    1111
    2    1   22  202   10    0    1    1    3    0    1148
    2    1   23  203  448    0   28    3    1    0    2622
    2    1   24  204   22    0    2    1    3    0    1271
    2    1   25  205   23    0    2    1    1    1    3925
    2    1   26  206  124    0    8    1    1    1    3752
    2    1   27  207  410    0   26    3    3    1     835
    2    1   28  208  370    0   24    3    2    0    3779
    2    1   29  209  436    0   28    3    1    0    1164
    2    1   30  210  347    0   22    3    2    0    5726
    2    1   31  211  285    0   18    2    3    0    2522
    2    1   32  212  338    0   22    3    1    0    1414
    2    1   33  213   24    0    2    1    2    0    3598
    2    1   34  214  316    0   20    2    3    0    1727
    2    1   35  215  394    0   25    3    3    1    1100
    2    1   36  216   59    0    4    1    3    0     992
    2    1   37  217  194    0   13    2    2    1    1785
    2    1   38  218   30    0    2    1    1    1    4914
    2    1   39  219   77    0    5    1    2    0    3055
    2    1   40  220  465    1   30    3    3    1    4181
    2    1   41  221  456    1   29    3    3    1    1775
    2    1   42  222  257    0   17    2    2    1    4104
    2    1   43  223  377    0   24    3    2    0    2438
    2    1   44  224  390    0   25    3    2    0    1861
    2    1   45  225  235    0   15    2    2    1    4587
    2    1   46  226  129    0    9    1    3    0    1157
    2    1   47  227   17    1    2    1    3    0    1688
    2    1   48  228  423    1   27    3    2    0    5221
    2    1   49  229  450    0   29    3    3    1    1685
    2    1   50  230  188    0   12    2    1    0    1619
    2    1   51  231  207    0   13    2    2    1    8099
    2    1   52  232  228    0   15    2    2    1    2484
    2    1   53  233  312    0   20    2    3    0    1827
    2    1   54  234  183    0   12    2    1    0    1722
    2    1   55  235  138    0    9    1    1    1    1542
    2    1   56  236  153    0   10    1    2    0    3657
    2    1   57  237  224    1   14    2    2    1    3511
    2    1   58  238   21    0    2    1    3    0    3292
    2    1   59  239  159    0   10    1    2    0    1193
    2    1   60  240  474    0   30    3    3    1    1098
    2    1   61  241  429    0   27    3    2    0    2383
    2    1   62  242  444    0   28    3    1    0    1153
    2    1   63  243  405    1   26    3    3    1     899
    2    1   64  244  412    0   26    3    2    0    3553
    2    1   65  245  274    0   18    2    3    0     883
    2    1   66  246  331    0   21    3    1    0    2945
    2    1   67  247  265    0   17    2    2    1    4956
    2    1   68  248  398    0   25    3    2    0    1878
    2    1   69  249  131    0    9    1    1    1     828
    2    1   70  250  122    0    8    1    2    0    1324
    2    1   71  251  438    0   28    3    3    1    2937
    2    1   72  252  352    0   22    3    3    1     755
    2    1   73  253  360    0   23    3    1    0    5334
    2    1   74  254  399    0   25    3    2    0    1041
    2    1   75  255  197    0   13    2    3    0     889
    2    1   76  256  355    1   23    3    2    0    5687
    2    1   77  257   34    1    3    1    1    1    6692
    2    1   78  258  134    0    9    1    1    1    1897
    2    1   79  259  294    0   19    2    1    0    2670
    2    1   80  260  226    0   15    2    2    1    1668
    2    1   81  261  262    0   17    2    3    0    4642
    2    1   82  262  346    0   22    3    2    0     971
    2    1   83  263  385    0   25    3    3    1    1316
    2    1   84  264  463    0   29    3    3    1    2623
    2    1   85  265  326    0   21    3    2    0    7415
    2    1   86  266  395    1   25    3    2    0    4931
    2    1   87  267  299    0   19    2    3    0    2910
    2    1   88  268  162    0   11    2    3    0     971
    2    1   89  269    7    1    1    1    3    0    1765
    2    1   90  270  189    0   12    2    1    0    1008
    2    1   91  271  470    0   30    3    2    0    2281
    2    1   92  272  435    0   28    3    3    1    3038
    2    1   93  273  343    0   22    3    2    0    5845
    2    1   94  274   14    0    1    1    2    0    2653
    2    1   95  275  447    0   28    3    3    1     947
    2    1   96  276  155    0   10    1    3    0    2047
    2    1   97  277  182    0   12    2    1    0    2636
    2    1   98  278  477    0   30    3    3    1    1011
    2    1   99  279  232    0   15    2    1    0    3948
    2    1  100  280  362    0   23    3    2    0    7871
    2    1  101  281  333    0   21    3    2    0    1178
    2    1  102  282  148    1   10    1    1    1    1211
    2    1  103  283  335    0   21    3    3    1    1660
    2    1  104  284  469    0   30    3    3    1     779
    2    1  105  285   63    0    4    1    2    0     828
    2    1  106  286  426    0   27    3    3    1    3180
    2    1  107  287  167    0   11    2    2    1    1694
    2    1  108  288  305    0   20    2    3    0     908
    2    1  109  289  126    0    8    1    2    0    1768
    2    1  110  290  110    0    7    1    1    1    1890
    2    1  111  291   81    0    6    1    1    1     904
    2    1  112  292  191    0   12    2    2    1    1526
    2    1  113  293  372    0   24    3    2    0     857
    2    1  114  294  286    0   18    2    3    0    2808
    2    1  115  295   31    1    2    1    3    0    3128
    2    1  116  296  358    0   23    3    3    1    2141
    2    1  117  297  332    0   21    3    2    0    1784
    2    1  118  298  275    0   18    2    3    0     754
    2    1  119  299   20    0    2    1    3    0     933
    2    1  120  300  261    0   17    2    3    0     767
    2    1  121  301  116    0    8    1    2    0    2018
    2    1  122  302  409    0   26    3    3    1    1313
    2    1  123  303  449    0   29    3    3    1    3309
    2    1  124  304  196    0   13    2    2    1    1178
    2    1  125  305  221    0   14    2    3    0    4189
    2    1  126  306   40    1    3    1    1    1    2374
    2    1  127  307  400    0   25    3    3    1    1191
    2    1  128  308  222    0   14    2    3    0     681
    2    1  129  309  361    0   23    3    2    0    3119
    2    1  130  310   62    1    4    1    3    0    2467
    2    1  131  311  215    1   14    2    2    1    3346
    2    1  132  312  244    0   16    2    3    0    1132
    2    1  133  313   88    0    6    1    1    1    2561
    2    1  134  314  249    0   16    2    3    0    3500
    2    1  135  315   13    0    1    1    3    0    1999
    2    1  136  316  321    0   21    3    2    0    5072
    2    1  137  317  120    0    8    1    2    0    1894
    2    1  138  318  367    0   23    3    2    0    3467
    2    1  139  319  467    0   30    3    3    1    1106
    2    1  140  320  217    0   14    2    2    1    2246
    2    1  141  321  146    1   10    1    3    0    1005
    2    1  142  322  253    0   16    2    2    1     902
    2    1  143  323   42    0    3    1    3    0    1667
    2    1  144  324  123    0    8    1    2    0    2832
    2    1  145  325   70    0    5    1    3    0    1455
    2    1  146  326   94    0    6    1    1    1    1366
    2    1  147  327  382    0   24    3    3    1    5888
    2    1  148  328  266    0   17    2    3    0    4085
    2    1  149  329  432    0   27    3    3    1   11891
    2    1  150  330  220    0   14    2    3    0    1388
    2    1  151  331   18    0    2    1    3    0     757
    2    1  152  332   53    0    4    1    2    0    5671
    2    1  153  333  142    0    9    1    1    1    1318
    2    1  154  334  115    1    8    1    2    0    1330
    2    1  155  335  340    0   22    3    2    0    1549
    2    1  156  336  230    0   15    2    2    1    1520
    2    1  157  337   73    1    5    1    2    0    2628
    2    1  158  338  329    0   21    3    1    0     924
    2    1  159  339  375    0   24    3    2    0    1176
    2    1  160  340  319    0   20    2    3    0    1258
    2    1  161  341  247    0   16    2    3    0    2056
    2    1  162  342  101    0    7    1    2    0    1734
    2    1  163  343  210    0   14    2    3    0     658
    2    1  164  344  145    0   10    1    3    0    1848
    2    1  165  345   79    0    5    1    2    0    1694
    2    1  166  346  259    0   17    2    3    0    1851
    2    1  167  347  270    0   17    2    3    0    5411
    2    1  168  348  401    0   26    3    3    1    1307
    2    1  169  349   69    0    5    1    2    0    3273
    2    1  170  350  459    0   29    3    3    1    2726
    2    1  171  351   58    0    4    1    2    0    2203
    2    1  172  352   80    0    5    1    2    0    2515
    2    1  173  353  356    0   23    3    3    1    1663
    2    1  174  354  451    0   29    3    3    1    1309
    2    1  175  355  306    1   20    2    3    0    3834
    2    1  176  356  241    1   16    2    2    1     978
    2    1  177  357  392    0   25    3    1    0    2924
    2    1  178  358  428    0   27    3    3    1    2024
    2    1  179  359   50    0    4    1    3    0    2056
    2    1  180  360  166    0   11    2    3    0    1767
    2    1  181  361   76    0    5    1    2    0    1249
    2    1  182  362  172    0   11    2    2    1    2464
    2    1  183  363  214    0   14    2    3    0    2702
    2    1  184  364  288    0   18    2    3    0    1378
    2    1  185  365  389    0   25    3    3    1    1901
    2    1  186  366   49    0    4    1    2    0    1281
    2    1  187  367  415    0   26    3    2    0    2848
    2    1  188  368   12    0    1    1    2    0    2830
    2    1  189  369  233    0   15    2    2    1    2157
    2    1  190  370   38    0    3    1    2    0    2712
    2    1  191  371  308    1   20    2    3    0     684
    2    1  192  372  453    0   29    3    3    1    2835
    2    1  193  373  468    0   30    3    3    1    1505
    2    1  194  374   91    0    6    1    1    1    9494
    2    1  195  375  357    0   23    3    3    1    1088
    2    1  196  376  430    0   27    3    3    1    2405
    2    1  197  377  198    0   13    2    3    0    1654
    2    1  198  378  466    0   30    3    3    1    2116
    2    1  199  379   74    0    5    1    2    0    3121
    2    1  200  380   86    0    6    1    1    1    1652
    2    1  201  381  345    0   22    3    2    0    2739
    2    1  202  382  330    1   21    3    2    0    2614
    2    1  203  383  219    0   14    2    3    0    1039
    2    1  204  384  161    0   11    2    2    1    2054
    2    1  205  385  411    0   26    3    3    1     709
    2    1  206  386  480    0   30    3    3    1     906
    2    1  207  387   78    0    5    1    3    0    1734
    2    1  208  388  171    0   11    2    2    1    1586
    2    1  209  389  373    0   24    3    2    0     979
    2    1  210  390  268    0   17    2    2    1    2733
    2    1  211  391  408    0   26    3    3    1    1824
    2    1  212  392  439    0   28    3    3    1    1080
    2    1  213  393  195    1   13    2    3    0    1325
    2    1  214  394  135    1    9    1    1    1    1337
    2    1  215  395  342    0   22    3    2    0    3397
    2    1  216  396  310    0   20    2    3    0     686
    2    1  217  397  229    1   15    2    2    1    1586
    2    1  218  398  425    0   27    3    2    0    2788
    2    1  219  399  252    0   16    2    3    0     901
    2    1  220  400  471    1   30    3    3    1     802
    2    1  221  401  298    0   19    2    2    1    2691
    2    1  222  402  455    1   29    3    3    1    1880
    2    1  223  403  267    1   17    2    2    1    2558
    2    1  224  404  417    0   27    3    2    0    3048
    2    1  225  405  388    0   25    3    3    1    1326
    2    1  226  406  318    0   20    2    3    0    1450
    2    1  227  407  297    1   19    2    2    1    3969
    2    1  228  408  280    0   18    2    3    0    1731
    2    1  229  409   55    1    4    1    2    0    1022
    2    1  230  410  137    0    9    1    1    1    1047
    2    1  231  411  199    0   13    2    2    1    3261
    2    1  232  412   57    0    4    1    2    0    1531
    2    1  233  413  366    0   23    3    2    0    3998
    2    1  234  414  350    0   22    3    2    0    1774
    2    1  235  415  231    0   15    2    3    0    2328
    2    1  236  416  149    0   10    1    1    1    2749
    2    1  237  417  209    0   14    2    3    0    2878
    2    1  238  418  114    0    8    1    2    0    5389
    2    1  239  419    4    0    1    1    2    0    2630
    2    1  240  420  383    0   24    3    2    0    1198
    2    1  241  421  313    0   20    2    3    0    2094
    2    1  242  422   26    0    2    1    3    0    4588
    2    1  243  423   68    0    5    1    3    0    4005
    2    1  244  424  175    0   11    2    3    0    1942
    2    1  245  425  278    1   18    2    3    0    2154
    2    1  246  426  255    0   16    2    3    0    2308
    2    1  247  427    9    0    1    1    1    1    8057
    2    1  248  428  424    0   27    3    3    1    2715
    2    1  249  429  178    0   12    2    2    1    2000
    2    1  250  430  341    0   22    3    3    1    7249
    2    1  251  431  311    0   20    2    3    0    1427
    2    1  252  432   83    0    6    1    1    1    2044
    2    1  253  433   56    0    4    1    2    0    2651
    2    1  254  434  292    0   19    2    3    0    1745
    2    1  255  435  433    0   28    3    2    0    4332
    2    1  256  436  290    0   19    2    3    0    2528
    2    1  257  437  107    0    7    1    2    0    3916
    2    1  258  438  127    0    8    1    3    0     992
    2    1  259  439   39    0    3    1    3    0    2218
    2    1  260  440  441    0   28    3    3    1    1762
    2    1  261  441    5    0    1    1    2    0    1996
    2    1  262  442  177    0   12    2    1    0    3182
    2    1  263  443  293    1   19    2    3    0    1583
    2    1  264  444  327    1   21    3    2    0    3024
    2    1  265  445  269    0   17    2    3    0    1000
    2    1  266  446  359    1   23    3    3    1     881
    2    1  267  447  320    0   20    2    3    0     911
    2    1  268  448  152    0   10    1    3    0    1019
    2    1  269  449  192    0   12    2    1    0    3892
    2    1  270  450  271    0   17    2    3    0    2169
    2    1  271  451  203    1   13    2    3    0    2850
    2    1  272  452  256    0   16    2    2    1    3041
    2    1  273  453  304    0   19    2    2    1    8313
    2    1  274  454  181    0   12    2    1    0    2193
    2    1  275  455  136    1    9    1    1    1    2571
    2    1  276  456  363    0   23    3    2    0    4261
    2    1  277  457  368    0   23    3    2    0    3564
    2    1  278  458   92    0    6    1    2    0    4333
    2    1  279  459   45    0    3    1    3    0    3856
    2    1  280  460  154    0   10    1    3    0    1096
    2    1  281  461  204    0   13    2    3    0    1405
    2    1  282  462    3    0    1    1    3    0     886
    2    1  283  463  263    0   17    2    3    0    1941
    2    1  284  464  422    0   27    3    2    0    2344
    2    1  285  465   98    0    7    1    2    0    2268
    2    1  286  466  384    0   24    3    3    1    1089
    2    1  287  467  348    0   22    3    2    0    1702
    2    1  288  468  113    0    8    1    3    0     947
    2    1  289  469   75    0    5    1    2    0    1359
    2    1  290  470  187    0   12    2    2    1    1866
    2    1  291  471   96    1    6    1    1    1    1216
    2    1  292  472  246    0   16    2    3    0    1599
    2    1  293  473  125    1    8    1    1    1    1952
    2    1  294  474   54    0    4    1    3    0    1731
    2    1  295  475  258    0   17    2    3    0     863
    2    1  296  476  193    0   13    2    2    1    1165
    2    1  297  477  103    0    7    1    2    0    1503
    2    1  298  478  283    0   18    2    3    0     787
    2    1  299  479  404    0   26    3    1    0    1557
    2    1  300  480  179    0   12    2    2    1    1864
