    1    1    1    1  455    1   29    3    3    1    3655
    1    1    2    2  125    1    8    1    1    1    3029
    1    1    3    3  297    1   19    2    1    0    1876
    1    1    4    4  267    1   17    2    2    1    1778
    1    1    5    5  465    1   30    3    1    0    1464
    1    1    6    6  224    1   14    2    1    0    2715
    1    1    7    7  163    1   11    2    1    0    1710
    1    1    8    8  337    1   22    3    3    1    4280
    1    1    9    9  115    1    8    1    1    1    3332
    1    1   10   10  250    1   16    2    2    1    1784
    1    1   11   11   72    1    5    1    1    1    2599
    1    1   12   12  190    1   12    2    3    0    2755
    1    1   13   13   40    1    3    1    2    0    2525
    1    1   14   14  405    1   26    3    3    1    2543
    1    1   15   15  395    1   25    3    3    1    2066
    1    1   16   16  203    1   13    2    3    0    2113
    1    1   17   17  111    1    7    1    2    0    3077
    1    1   18   18  306    1   20    2    3    0    1560
    1    1   19   19  186    1   12    2    3    0    3322
    1    1   20   20    7    1    1    1    1    1    2107
    1    1   21   21  279    1   18    2    1    0    3514
    1    1   22   22   73    1    5    1    1    1    1850
    1    1   23   23  106    1    7    1    3    0    2487
    1    1   24   24   31    1    2    1    1    1    2469
    1    1   25   25  339    1   22    3    1    0    1088
    1    1   26   26  308    1   20    2    2    1    1910
    1    1   27   27  229    1   15    2    2    1    2271
    1    1   28   28  355    1   23    3    2    0    1396
    1    1   29   29  456    1   29    3    3    1    1586
    1    1   30   30   16    1    1    1    2    0    1706
    1    1   31   31  215    1   14    2    2    1    1220
    1    1   32   32  170    1   11    2    2    1    2050
    1    1   33   33   96    1    6    1    2    0    1155
    1    1   34   34   62    1    4    1    2    0    1663
    1    1   35   35   34    1    3    1    2    0    1073
    1    1   36   36  195    1   13    2    2    1     788
    1    1   37   37   17    1    2    1    1    1    1588
    1    1   38   38  327    1   21    3    1    0    1039
    1    1   39   39  413    1   26    3    2    0    1789
    1    1   40   40  471    1   30    3    3    1     860
    1    1   41   41  136    1    9    1    1    1    2569
    1    1   42   42  238    1   15    2    2    1    1340
    1    1   43   43  241    1   16    2    3    0    1385
    1    1   44   44  330    1   21    3    1    0    1130
    1    1   45   45  272    1   17    2    2    1    3465
    1    1   46   46   55    1    4    1    3    0    2947
    1    1   47   47  443    1   28    3    3    1    2708
    1    1   48   48  293    1   19    2    3    0    1467
    1    1   49   49  135    1    9    1    3    0    1771
    1    1   50   50  397    1   25    3    2    0    1606
    1    1   51   51  376    1   24    3    2    0    2843
    1    1   52   52  446    1   28    3    3    1    1985
    1    1   53   53  423    1   27    3    2    0    1626
    1    1   54   54  146    1   10    1    2    0     943
    1    1   55   55   85    1    6    1    1    1    1295
    1    1   56   56  420    1   27    3    3    1    1695
    1    1   57   57  359    1   23    3    2    0    1095
    1    1   58   58  381    1   24    3    2    0     902
    1    1   59   59  278    1   18    2    2    1    3645
    1    1   60   60  148    1   10    1    3    0    1876
    1    2    1   61  355    1   23    3    2    0    2109
    1    2    2   62  330    1   21    3    1    0     961
    1    2    3   63  405    1   26    3    3    1    1108
    1    2    4   64  163    1   11    2    1    0    1360
    1    2    5   65  229    1   15    2    3    0    1279
    1    2    6   66  446    1   28    3    2    0      48
    1    2    7   67  293    1   19    2    1    0    1586
    1    2    8   68  376    1   24    3    3    1     973
    1    2    9   69   96    1    6    1    1    1     886
    1    2   10   70   40    1    3    1    1    1    2616
    1    2   11   71   17    1    2    1    3    0     821
    1    2   12   72  397    1   25    3    2    0    1184
    1    2   13   73    7    1    1    1    1    1    2005
    1    2   14   74  115    1    8    1    3    0    5148
    1    2   15   75  413    1   26    3    3    1    1317
    1    2   16   76  337    1   22    3    3    1    1565
    1    2   17   77  267    1   17    2    3    0    1424
    1    2   18   78  238    1   15    2    2    1    1567
    1    2   19   79  272    1   17    2    2    1    1526
    1    2   20   80  125    1    8    1    2    0    1388
    1    2   21   81   31    1    2    1    3    0    1867
    1    2   22   82   73    1    5    1    1    1    1021
    1    2   23   83  359    1   23    3    3    1    3860
    1    2   24   84  106    1    7    1    3    0    2566
    1    2   25   85  203    1   13    2    3    0    1502
    1    2   26   86  278    1   18    2    2    1     762
    1    2   27   87  339    1   22    3    3    1    1546
    1    2   28   88  186    1   12    2    1    0    1536
    1    2   29   89  456    1   29    3    2    0    2165
    1    2   30   90  423    1   27    3    2    0    2502
    1    2   31   91  111    1    7    1    3    0    1110
    1    2   32   92  279    1   18    2    3    0    2380
    1    2   33   93  443    1   28    3    2    0    2345
    1    2   34   94   72    1    5    1    1    1    1618
    1    2   35   95  306    1   20    2    3    0    1530
    1    2   36   96  308    1   20    2    3    0    1524
    1    2   37   97  250    1   16    2    3    0    1129
    1    2   38   98  148    1   10    1    1    1    1840
    1    2   39   99  455    1   29    3    3    1    1337
    1    2   40  100  136    1    9    1    3    0    1023
    1    2   41  101  297    1   19    2    3    0    1096
    1    2   42  102  146    1   10    1    3    0     516
    1    2   43  103  241    1   16    2    1    0       0
    1    2   44  104  135    1    9    1    1    1       1
    1    2   45  105  395    1   25    3    1    0    1398
    1    2   46  106   55    1    4    1    3    0    2452
    1    2   47  107  420    1   27    3    3    1    2292
    1    2   48  108  381    1   24    3    1    0    1690
    1    2   49  109   16    1    1    1    2    0    3123
    1    2   50  110  471    1   30    3    1    0      50
    1    2   51  111   34    1    3    1    1    1     162
    1    2   52  112  224    1   14    2    3    0     108
    1    2   53  113  190    1   12    2    1    0       2
    1    2   54  114  215    1   14    2    2    1      30
    1    2   55  115  170    1   11    2    1    0      48
    1    2   56  116   85    1    6    1    1    1       0
    1    2   57  117  195    1   13    2    2    1      61
    1    2   58  118  327    1   21    3    3    1      39
    1    2   59  119   62    1    4    1    2    0      79
    1    2   60  120  465    1   30    3    3    1     727
    1    3    1  121  327    1   21    3    2    0     480
    1    3    2  122  215    1   14    2    3    0     342
    1    3    3  123  186    1   12    2    2    1     499
    1    3    4  124  359    1   23    3    3    1     398
    1    3    5  125  420    1   27    3    3    1     293
    1    3    6  126  267    1   17    2    3    0     305
    1    3    7  127   96    1    6    1    1    1     658
    1    3    8  128  395    1   25    3    1    0     453
    1    3    9  129  224    1   14    2    3    0     305
    1    3   10  130  455    1   29    3    3    1     307
    1    3   11  131  278    1   18    2    3    0     349
    1    3   12  132   62    1    4    1    3    0     273
    1    3   13  133  297    1   19    2    1    0     431
    1    3   14  134  339    1   22    3    3    1    2381
    1    3   15  135  381    1   24    3    3    1    2581
    1    3   16  136  293    1   19    2    1    0    1067
    1    3   17  137  471    1   30    3    3    1    1433
    1    3   18  138  405    1   26    3    3    1    1014
    1    3   19  139  397    1   25    3    2    0    1875
    1    3   20  140  465    1   30    3    1    0     911
    1    3   21  141  330    1   21    3    2    0    1612
    1    3   22  142  250    1   16    2    3    0     853
    1    3   23  143   17    1    2    1    3    0    1031
    1    3   24  144  376    1   24    3    3    1    2197
    1    3   25  145   31    1    2    1    1    1    1511
    1    3   26  146  135    1    9    1    1    1    1056
    1    3   27  147  456    1   29    3    3    1    1646
    1    3   28  148  443    1   28    3    3    1    1425
    1    3   29  149  337    1   22    3    3    1    2297
    1    3   30  150   85    1    6    1    1    1    1416
    1    3   31  151  413    1   26    3    3    1    2579
    1    3   32  152  308    1   20    2    2    1    1305
    1    3   33  153  136    1    9    1    1    1     901
    1    3   34  154  111    1    7    1    1    1    1100
    1    3   35  155  163    1   11    2    1    0    1188
    1    3   36  156   73    1    5    1    1    1    1458
    1    3   37  157  279    1   18    2    2    1     912
    1    3   38  158  229    1   15    2    3    0    1017
    1    3   39  159  115    1    8    1    2    0    1427
    1    3   40  160  306    1   20    2    2    1    1179
    1    3   41  161  423    1   27    3    2    0     861
    1    3   42  162   72    1    5    1    1    1     241
    1    3   43  163  241    1   16    2    3    0    1770
    1    3   44  164   16    1    1    1    2    0     778
    1    3   45  165  446    1   28    3    2    0     628
    1    3   46  166  355    1   23    3    3    1     332
    1    3   47  167   34    1    3    1    3    0     404
    1    3   48  168  125    1    8    1    3    0     298
    1    3   49  169  272    1   17    2    3    0     936
    1    3   50  170   40    1    3    1    1    1     982
    1    3   51  171  203    1   13    2    3    0    1173
    1    3   52  172  146    1   10    1    1    1     895
    1    3   53  173  148    1   10    1    3    0    1586
    1    3   54  174  190    1   12    2    1    0      39
    1    3   55  175  106    1    7    1    2    0      17
    1    3   56  176  195    1   13    2    1    0      85
    1    3   57  177    7    1    1    1    3    0       0
    1    3   58  178   55    1    4    1    2    0      29
    1    3   59  179  170    1   11    2    2    1      81
    1    3   60  180  238    1   15    2    1    0      69
    2    1    1  181   94    0    6    1    1    1     806
    2    1    2  182  181    0   12    2    1    0     796
    2    1    3  183  398    0   25    3    2    0     746
    2    1    4  184  292    0   19    2    1    0    1312
    2    1    5  185  138    0    9    1    1    1     822
    2    1    6  186  101    0    7    1    1    1    1292
    2    1    7  187  148    1   10    1    3    0     732
    2    1    8  188  462    0   29    3    3    1     696
    2    1    9  189  350    0   22    3    1    0     871
    2    1   10  190   55    1    4    1    2    0     666
    2    1   11  191  453    0   29    3    2    0     991
    2    1   12  192  303    0   19    2    3    0     703
    2    1   13  193  192    0   12    2    1    0     864
    2    1   14  194  225    0   15    2    1    0     787
    2    1   15  195  164    0   11    2    1    0     529
    2    1   16  196  222    0   14    2    2    1     925
    2    1   17  197   44    0    3    1    2    0     862
    2    1   18  198  278    1   18    2    3    0     538
    2    1   19  199   63    0    4    1    1    1     730
    2    1   20  200    7    1    1    1    2    0     573
    2    1   21  201  390    0   25    3    3    1     925
    2    1   22  202  296    0   19    2    3    0    1580
    2    1   23  203  149    0   10    1    1    1     922
    2    1   24  204  253    0   16    2    3    0     890
    2    1   25  205  386    0   25    3    1    0     984
    2    1   26  206  387    0   25    3    2    0     787
    2    1   27  207   70    0    5    1    2    0    1721
    2    1   28  208  153    0   10    1    1    1    1772
    2    1   29  209   69    0    5    1    1    1     747
    2    1   30  210  341    0   22    3    2    0     832
    2    1   31  211  435    0   28    3    1    0    2319
    2    1   32  212  344    0   22    3    1    0    1049
    2    1   33  213   34    1    3    1    1    1     783
    2    1   34  214   92    0    6    1    1    1     481
    2    1   35  215  444    0   28    3    2    0    1232
    2    1   36  216  391    0   25    3    3    1     610
    2    1   37  217  154    0   10    1    3    0     742
    2    1   38  218  228    0   15    2    3    0    1172
    2    1   39  219  158    0   10    1    2    0    1462
    2    1   40  220   26    0    2    1    1    1     512
    2    1   41  221   15    0    1    1    1    1     827
    2    1   42  222  355    1   23    3    1    0    1157
    2    1   43  223  113    0    8    1    2    0     894
    2    1   44  224  172    0   11    2    2    1     684
    2    1   45  225  352    0   22    3    1    0     853
    2    1   46  226   60    0    4    1    2    0    2383
    2    1   47  227  428    0   27    3    1    0     985
    2    1   48  228  242    0   16    2    2    1     774
    2    1   49  229  412    0   26    3    3    1    1634
    2    1   50  230  405    1   26    3    3    1     533
    2    1   51  231   68    0    5    1    1    1    1486
    2    1   52  232  274    0   18    2    3    0    1458
    2    1   53  233  249    0   16    2    3    0     703
    2    1   54  234  230    0   15    2    2    1    1414
    2    1   55  235  429    0   27    3    2    0    1039
    2    1   56  236   30    0    2    1    2    0    1018
    2    1   57  237  167    0   11    2    1    0     754
    2    1   58  238  251    0   16    2    1    0     967
    2    1   59  239  244    0   16    2    1    0      14
    2    1   60  240  383    0   24    3    1    0    1075
    2    1   61  241  360    0   23    3    2    0    1164
    2    1   62  242    3    0    1    1    2    0     917
    2    1   63  243  236    0   15    2    1    0    1486
    2    1   64  244  268    0   17    2    2    1    2082
    2    1   65  245  243    0   16    2    3    0    1394
    2    1   66  246  116    0    8    1    2    0     651
    2    1   67  247  179    0   12    2    1    0     886
    2    1   68  248  285    0   18    2    3    0     851
    2    1   69  249  339    1   22    3    1    0     671
    2    1   70  250  195    1   13    2    1    0     639
    2    1   71  251   46    0    3    1    1    1     654
    2    1   72  252  361    0   23    3    2    0     698
    2    1   73  253  111    1    7    1    1    1     565
    2    1   74  254  477    0   30    3    2    0    1757
    2    1   75  255  257    0   17    2    1    0    1084
    2    1   76  256  267    1   17    2    3    0    1667
    2    1   77  257  372    0   24    3    3    1     914
    2    1   78  258   20    0    2    1    1    1     815
    2    1   79  259  114    0    8    1    1    1     803
    2    1   80  260  314    0   20    2    2    1     712
    2    1   81  261  120    0    8    1    1    1    1401
    2    1   82  262  436    0   28    3    1    0    1043
    2    1   83  263  152    0   10    1    2    0    1695
    2    1   84  264   40    1    3    1    1    1     939
    2    1   85  265  362    0   23    3    2    0     907
    2    1   86  266  474    0   30    3    1    0     741
    2    1   87  267  221    0   14    2    1    0     649
    2    1   88  268  185    0   12    2    1    0     644
    2    1   89  269  459    0   29    3    3    1     826
    2    1   90  270  479    0   30    3    1    0      91
    2    1   91  271  399    0   25    3    3    1    2160
    2    1   92  272  418    0   27    3    2    0    3248
    2    1   93  273  363    0   23    3    1    0     920
    2    1   94  274  188    0   12    2    1    0     859
    2    1   95  275  403    0   26    3    2    0    1145
    2    1   96  276  163    1   11    2    1    0     750
    2    1   97  277  277    0   18    2    2    1    1232
    2    1   98  278  366    0   23    3    1    0    1317
    2    1   99  279  315    0   20    2    3    0    1486
    2    1  100  280   64    0    4    1    2    0     934
    2    1  101  281  168    0   11    2    1    0     741
    2    1  102  282   36    0    3    1    2    0     824
    2    1  103  283  365    0   23    3    1    0     984
    2    1  104  284  455    1   29    3    3    1     991
    2    1  105  285  329    0   21    3    1    0     779
    2    1  106  286  190    1   12    2    1    0    1280
    2    1  107  287  422    0   27    3    3    1    1486
    2    1  108  288  232    0   15    2    3    0    1093
    2    1  109  289  175    0   11    2    1    0     699
    2    1  110  290  290    0   19    2    3    0    1093
    2    1  111  291  384    0   24    3    3    1    2313
    2    1  112  292   41    0    3    1    1    1     894
    2    1  113  293  369    0   24    3    3    1    1442
    2    1  114  294   82    0    6    1    1    1     662
    2    1  115  295  177    0   12    2    1    0     878
    2    1  116  296   81    0    6    1    1    1     892
    2    1  117  297  131    0    9    1    3    0    1164
    2    1  118  298  380    0   24    3    2    0    2081
    2    1  119  299  205    0   13    2    3    0    1424
    2    1  120  300  191    0   12    2    1    0    2124
    2    1  121  301  272    1   17    2    2    1     968
    2    1  122  302   71    0    5    1    3    0     452
    2    1  123  303  333    0   21    3    1    0     720
    2    1  124  304  471    1   30    3    2    0     922
    2    1  125  305  466    0   30    3    2    0    1382
    2    1  126  306  231    0   15    2    3    0    1454
    2    1  127  307  367    0   23    3    2    0     888
    2    1  128  308  183    0   12    2    1    0     729
    2    1  129  309  440    0   28    3    1    0     970
    2    1  130  310  176    0   11    2    1    0     905
    2    1  131  311  135    1    9    1    2    0     471
    2    1  132  312    8    0    1    1    3    0    1556
    2    1  133  313   87    0    6    1    1    1     937
    2    1  134  314  438    0   28    3    1    0    2325
    2    1  135  315  408    0   26    3    1    0     841
    2    1  136  316  322    0   21    3    1    0     673
    2    1  137  317  472    0   30    3    3    1    1457
    2    1  138  318  247    0   16    2    3    0    1093
    2    1  139  319  457    0   29    3    3    1     888
    2    1  140  320   27    0    2    1    2    0    1166
    2    1  141  321  331    0   21    3    1    0    1409
    2    1  142  322  260    0   17    2    3    0    1593
    2    1  143  323  311    0   20    2    1    0    2220
    2    1  144  324  347    0   22    3    1    0    2439
    2    1  145  325  220    0   14    2    2    1    2233
    2    1  146  326  327    1   21    3    2    0    1809
    2    1  147  327  381    1   24    3    3    1    3345
    2    1  148  328  271    0   17    2    1    0    3640
    2    1  149  329  182    0   12    2    1    0    1416
    2    1  150  330  124    0    8    1    3    0    3282
    2    1  151  331   52    0    4    1    1    1    1357
    2    1  152  332  378    0   24    3    2    0     715
    2    1  153  333   96    1    6    1    3    0    2700
    2    1  154  334  335    0   21    3    1    0     661
    2    1  155  335    2    0    1    1    3    0    2142
    2    1  156  336  125    1    8    1    2    0    2298
    2    1  157  337  316    0   20    2    3    0    2343
    2    1  158  338   59    0    4    1    3    0     918
    2    1  159  339  256    0   16    2    2    1    1007
    2    1  160  340  248    0   16    2    3    0     873
    2    1  161  341   49    0    4    1    2    0    1167
    2    1  162  342  184    0   12    2    1    0     402
    2    1  163  343  376    1   24    3    3    1    1138
    2    1  164  344  196    0   13    2    2    1     776
    2    1  165  345  458    0   29    3    2    0    1993
    2    1  166  346  119    0    8    1    3    0     878
    2    1  167  347  310    0   20    2    2    1    1148
    2    1  168  348  193    0   13    2    3    0     924
    2    1  169  349  454    0   29    3    3    1    1199
    2    1  170  350   90    0    6    1    1    1    1131
    2    1  171  351  470    0   30    3    3    1     846
    2    1  172  352  162    0   11    2    2    1    1231
    2    1  173  353  204    0   13    2    3    0     762
    2    1  174  354  416    0   26    3    2    0     952
    2    1  175  355   88    0    6    1    1    1     626
    2    1  176  356  165    0   11    2    2    1    1479
    2    1  177  357   98    0    7    1    1    1    1010
    2    1  178  358  197    0   13    2    2    1    2214
    2    1  179  359   16    1    1    1    2    0     822
    2    1  180  360  227    0   15    2    2    1    1808
    2    1  181  361  334    0   21    3    1    0    2704
    2    1  182  362  105    0    7    1    3    0    2171
    2    1  183  363  406    0   26    3    2    0    1338
    2    1  184  364  336    0   21    3    1    0    1563
    2    1  185  365  129    0    9    1    3    0    1645
    2    1  186  366  229    1   15    2    2    1    2597
    2    1  187  367   29    0    2    1    1    1    1627
    2    1  188  368  395    1   25    3    3    1    1665
    2    1  189  369  169    0   11    2    2    1    1992
    2    1  190  370  115    1    8    1    1    1    3889
    2    1  191  371  150    0   10    1    1    1     970
    2    1  192  372   38    0    3    1    1    1    1634
    2    1  193  373  426    0   27    3    3    1    5301
    2    1  194  374  265    0   17    2    2    1     644
    2    1  195  375   17    1    2    1    1    1     729
    2    1  196  376   33    0    3    1    1    1     732
    2    1  197  377   57    0    4    1    2    0     748
    2    1  198  378  121    0    8    1    2    0     872
    2    1  199  379  442    0   28    3    3    1    1065
    2    1  200  380  425    0   27    3    3    1    1371
    2    1  201  381  132    0    9    1    3    0     797
    2    1  202  382  198    0   13    2    3    0     697
    2    1  203  383  215    1   14    2    1    0     870
    2    1  204  384  320    0   20    2    1    0     724
    2    1  205  385  143    0    9    1    3    0     854
    2    1  206  386  449    0   29    3    3    1    1271
    2    1  207  387   10    0    1    1    1    1     716
    2    1  208  388  397    1   25    3    1    0     558
    2    1  209  389  396    0   25    3    2    0    2138
    2    1  210  390  288    0   18    2    2    1    2581
    2    1  211  391  430    0   27    3    1    0     763
    2    1  212  392  404    0   26    3    2    0    1374
    2    1  213  393  294    0   19    2    1    0     752
    2    1  214  394  328    0   21    3    1    0     599
    2    1  215  395   65    0    5    1    2    0    1084
    2    1  216  396  420    1   27    3    1    0     164
    2    1  217  397  201    0   13    2    3    0    1009
    2    1  218  398  445    0   28    3    1    0     957
    2    1  219  399  160    0   10    1    3    0    1340
    2    1  220  400  302    0   19    2    2    1     906
    2    1  221  401  122    0    8    1    1    1    1012
    2    1  222  402  286    0   18    2    3    0     828
    2    1  223  403  321    0   21    3    1    0     779
    2    1  224  404    5    0    1    1    1    1    1157
    2    1  225  405  194    0   13    2    3    0     836
    2    1  226  406  469    0   30    3    2    0    1208
    2    1  227  407  433    0   28    3    1    0    1575
    2    1  228  408   97    0    7    1    2    0     814
    2    1  229  409  166    0   11    2    2    1    1021
    2    1  230  410  423    1   27    3    1    0    1369
    2    1  231  411  255    0   16    2    3    0    1734
    2    1  232  412  377    0   24    3    3    1    1105
    2    1  233  413  456    1   29    3    2    0    1400
    2    1  234  414  187    0   12    2    1    0    1038
    2    1  235  415  291    0   19    2    1    0     550
    2    1  236  416  313    0   20    2    2    1    1094
    2    1  237  417  224    1   14    2    2    1     853
    2    1  238  418   23    0    2    1    3    0     795
    2    1  239  419  382    0   24    3    2    0    1609
    2    1  240  420  282    0   18    2    3    0    1039
    2    1  241  421   32    0    2    1    2    0    4856
    2    1  242  422  211    0   14    2    1    0    1469
    2    1  243  423  357    0   23    3    3    1    2416
    2    1  244  424   89    0    6    1    1    1    1357
    2    1  245  425  266    0   17    2    3    0    1007
    2    1  246  426  300    0   19    2    3    0     711
    2    1  247  427  343    0   22    3    3    1     693
    2    1  248  428  200    0   13    2    3    0     757
    2    1  249  429  342    0   22    3    3    1    1171
    2    1  250  430  250    1   16    2    3    0     635
    2    1  251  431  216    0   14    2    3    0     691
    2    1  252  432  142    0    9    1    3    0     585
    2    1  253  433    6    0    1    1    3    0     675
    2    1  254  434  317    0   20    2    3    0     690
    2    1  255  435   37    0    3    1    2    0     673
    2    1  256  436   22    0    2    1    2    0     635
    2    1  257  437  323    0   21    3    1    0     590
    2    1  258  438  147    0   10    1    3    0     572
    2    1  259  439  237    0   15    2    2    1     436
    2    1  260  440  409    0   26    3    1    0     503
    2    1  261  441  340    0   22    3    3    1     631
    2    1  262  442   80    0    5    1    1    1     746
    2    1  263  443  356    0   23    3    3    1     661
    2    1  264  444  330    1   21    3    1    0     812
    2    1  265  445  417    0   27    3    3    1     574
    2    1  266  446  203    1   13    2    1    0     632
    2    1  267  447   91    0    6    1    2    0    1243
    2    1  268  448  312    0   20    2    3    0     740
    2    1  269  449  273    0   18    2    3    0    2198
    2    1  270  450  108    0    7    1    3    0    1443
    2    1  271  451  393    0   25    3    2    0    2809
    2    1  272  452  306    1   20    2    3    0     706
    2    1  273  453  338    0   22    3    2    0     845
    2    1  274  454  276    0   18    2    3    0    1535
    2    1  275  455  332    0   21    3    3    1     593
    2    1  276  456  109    0    7    1    1    1    2706
    2    1  277  457  209    0   14    2    1    0     822
    2    1  278  458  146    1   10    1    1    1     566
    2    1  279  459  103    0    7    1    1    1     625
    2    1  280  460  348    0   22    3    2    0     457
    2    1  281  461  269    0   17    2    3    0     818
    2    1  282  462  345    0   22    3    1    0     669
    2    1  283  463   43    0    3    1    1    1    1730
    2    1  284  464  359    1   23    3    3    1    5618
    2    1  285  465  259    0   17    2    3    0       0
    2    1  286  466  270    0   17    2    3    0    1068
    2    1  287  467  364    0   23    3    2    0     881
    2    1  288  468  213    0   14    2    1    0     431
    2    1  289  469  263    0   17    2    3    0     660
    2    1  290  470  309    0   20    2    3    0     772
    2    1  291  471   39    0    3    1    2    0    1669
    2    1  292  472  448    0   28    3    1    0    2970
    2    1  293  473   28    0    2    1    1    1    5701
    2    1  294  474   77    0    5    1    3    0    3635
    2    1  295  475  446    1   28    3    3    1     676
    2    1  296  476   53    0    4    1    1    1     464
    2    1  297  477  304    0   19    2    1    0     506
    2    1  298  478   35    0    3    1    1    1     966
    2    1  299  479  110    0    7    1    2    0     725
    2    1  300  480  107    0    7    1    1    1     582
