    1    1    1    1   96    1    6    1    1    1    5161
    1    1    2    2  306    1   20    2    3    0    3732
    1    1    3    3  443    1   28    3    3    1    3131
    1    1    4    4  125    1    8    1    3    0    4090
    1    1    5    5  465    1   30    3    2    0    4246
    1    1    6    6  359    1   23    3    1    0    3883
    1    1    7    7  195    1   13    2    2    1    2343
    1    1    8    8  327    1   21    3    1    0    1578
    1    1    9    9  278    1   18    2    2    1    5681
    1    1   10   10  397    1   25    3    1    0    1849
    1    1   11   11  337    1   22    3    1    0    1485
    1    1   12   12   73    1    5    1    3    0    2033
    1    1   13   13  267    1   17    2    2    1    4050
    1    1   14   14   16    1    1    1    1    1    1399
    1    1   15   15  279    1   18    2    3    0    2707
    1    1   16   16  148    1   10    1    3    0    2193
    1    1   17   17  115    1    8    1    3    0    4620
    1    1   18   18  330    1   21    3    1    0    2071
    1    1   19   19  308    1   20    2    3    0    3759
    1    1   20   20  238    1   15    2    1    0    2636
    1    1   21   21  136    1    9    1    1    1    3306
    1    1   22   22   62    1    4    1    3    0    2137
    1    1   23   23  224    1   14    2    3    0    1238
    1    1   24   24  293    1   19    2    3    0    2347
    1    1   25   25   34    1    3    1    2    0    7205
    1    1   26   26  297    1   19    2    1    0    8367
    1    1   27   27    7    1    1    1    2    0    1321
    1    1   28   28  135    1    9    1    2    0    1723
    1    1   29   29  106    1    7    1    2    0    2144
    1    1   30   30  229    1   15    2    3    0    1933
    1    1   31   31  241    1   16    2    2    1    4017
    1    1   32   32   55    1    4    1    1    1    1000
    1    1   33   33  272    1   17    2    3    0    1305
    1    1   34   34  471    1   30    3    3    1     687
    1    1   35   35  381    1   24    3    1    0    2231
    1    1   36   36   85    1    6    1    1    1    1322
    1    1   37   37  413    1   26    3    3    1    1198
    1    1   38   38  111    1    7    1    2    0    1449
    1    1   39   39  170    1   11    2    2    1    4944
    1    1   40   40  215    1   14    2    2    1    4900
    1    1   41   41  405    1   26    3    2    0    6438
    1    1   42   42  146    1   10    1    1    1    1739
    1    1   43   43  190    1   12    2    3    0    1191
    1    1   44   44   72    1    5    1    1    1    1468
    1    1   45   45  339    1   22    3    1    0     900
    1    1   46   46  395    1   25    3    1    0    1500
    1    1   47   47  446    1   28    3    3    1    1721
    1    1   48   48  376    1   24    3    3    1   14113
    1    1   49   49  250    1   16    2    2    1    1726
    1    1   50   50  423    1   27    3    1    0    1664
    1    1   51   51  186    1   12    2    2    1    2038
    1    1   52   52  420    1   27    3    3    1    2185
    1    1   53   53  355    1   23    3    3    1    1340
    1    1   54   54   40    1    3    1    1    1    1924
    1    1   55   55  455    1   29    3    2    0     988
    1    1   56   56  203    1   13    2    2    1     874
    1    1   57   57   17    1    2    1    3    0    1755
    1    1   58   58  163    1   11    2    2    1    2883
    1    1   59   59   31    1    2    1    3    0    1362
    1    1   60   60  456    1   29    3    1    0    1443
    1    2    1   61  136    1    9    1    1    1    1185
    1    2    2   62   16    1    1    1    1    1    1205
    1    2    3   63   55    1    4    1    3    0    1406
    1    2    4   64  195    1   13    2    2    1    1648
    1    2    5   65  446    1   28    3    3    1    1413
    1    2    6   66  163    1   11    2    2    1     999
    1    2    7   67  135    1    9    1    1    1    2849
    1    2    8   68    7    1    1    1    1    1    1043
    1    2    9   69  293    1   19    2    3    0    1085
    1    2   10   70  330    1   21    3    3    1    1029
    1    2   11   71  443    1   28    3    3    1    1203
    1    2   12   72  238    1   15    2    3    0     811
    1    2   13   73  106    1    7    1    3    0     852
    1    2   14   74  146    1   10    1    1    1    1457
    1    2   15   75  455    1   29    3    2    0    1935
    1    2   16   76  115    1    8    1    1    1    1591
    1    2   17   77  327    1   21    3    3    1    1633
    1    2   18   78   72    1    5    1    1    1    1014
    1    2   19   79  190    1   12    2    2    1    1503
    1    2   20   80   17    1    2    1    2    0     809
    1    2   21   81  376    1   24    3    3    1    1745
    1    2   22   82  278    1   18    2    2    1    1342
    1    2   23   83   85    1    6    1    3    0    1088
    1    2   24   84   73    1    5    1    3    0     887
    1    2   25   85   34    1    3    1    1    1    1294
    1    2   26   86   40    1    3    1    1    1    5427
    1    2   27   87  267    1   17    2    2    1    1266
    1    2   28   88  250    1   16    2    2    1    1909
    1    2   29   89  297    1   19    2    3    0    1818
    1    2   30   90  229    1   15    2    2    1    2989
    1    2   31   91  465    1   30    3    3    1    1101
    1    2   32   92  203    1   13    2    2    1    1458
    1    2   33   93   96    1    6    1    3    0    1229
    1    2   34   94  359    1   23    3    2    0    1750
    1    2   35   95  170    1   11    2    1    0    1206
    1    2   36   96  456    1   29    3    1    0    1508
    1    2   37   97  381    1   24    3    3    1    1404
    1    2   38   98  405    1   26    3    3    1    1345
    1    2   39   99  395    1   25    3    1    0    2418
    1    2   40  100  111    1    7    1    3    0    1259
    1    2   41  101  215    1   14    2    3    0    2015
    1    2   42  102   31    1    2    1    3    0    1919
    1    2   43  103  125    1    8    1    3    0    1130
    1    2   44  104  420    1   27    3    3    1    1186
    1    2   45  105  279    1   18    2    2    1    1898
    1    2   46  106  148    1   10    1    1    1    3157
    1    2   47  107  308    1   20    2    2    1    2179
    1    2   48  108  272    1   17    2    2    1    1420
    1    2   49  109  186    1   12    2    3    0    1202
    1    2   50  110  306    1   20    2    2    1    1031
    1    2   51  111  337    1   22    3    3    1     925
    1    2   52  112  423    1   27    3    1    0    2064
    1    2   53  113  224    1   14    2    3    0    3486
    1    2   54  114  241    1   16    2    3    0    1820
    1    2   55  115  413    1   26    3    2    0    1291
    1    2   56  116  471    1   30    3    2    0    1328
    1    2   57  117   62    1    4    1    1    1    1484
    1    2   58  118  397    1   25    3    3    1    1658
    1    2   59  119  355    1   23    3    2    0    1064
    1    2   60  120  339    1   22    3    1    0    1203
    1    3    1  121  381    1   24    3    3    1    1174
    1    3    2  122  471    1   30    3    2    0    1447
    1    3    3  123  115    1    8    1    3    0    1379
    1    3    4  124  465    1   30    3    2    0    1172
    1    3    5  125  339    1   22    3    3    1    1232
    1    3    6  126  229    1   15    2    2    1     894
    1    3    7  127  170    1   11    2    1    0    1328
    1    3    8  128  446    1   28    3    3    1     979
    1    3    9  129  306    1   20    2    2    1     951
    1    3   10  130  125    1    8    1    3    0    1310
    1    3   11  131  443    1   28    3    3    1    1234
    1    3   12  132  111    1    7    1    2    0    2267
    1    3   13  133  241    1   16    2    2    1    1617
    1    3   14  134  195    1   13    2    2    1    1257
    1    3   15  135  203    1   13    2    2    1     780
    1    3   16  136  327    1   21    3    2    0     881
    1    3   17  137  359    1   23    3    2    0    1014
    1    3   18  138  272    1   17    2    2    1     949
    1    3   19  139  106    1    7    1    2    0    2757
    1    3   20  140   96    1    6    1    2    0     902
    1    3   21  141  423    1   27    3    2    0    1456
    1    3   22  142    7    1    1    1    1    1    3530
    1    3   23  143  163    1   11    2    2    1    1686
    1    3   24  144  376    1   24    3    3    1    1416
    1    3   25  145   85    1    6    1    3    0    1280
    1    3   26  146  297    1   19    2    2    1    1797
    1    3   27  147  308    1   20    2    3    0    1846
    1    3   28  148   73    1    5    1    3    0    1352
    1    3   29  149  413    1   26    3    2    0    1057
    1    3   30  150  337    1   22    3    3    1    1112
    1    3   31  151  355    1   23    3    3    1    2626
    1    3   32  152   72    1    5    1    1    1    1332
    1    3   33  153  456    1   29    3    3    1    1830
    1    3   34  154  186    1   12    2    2    1    1145
    1    3   35  155  293    1   19    2    3    0    1686
    1    3   36  156  224    1   14    2    2    1    1319
    1    3   37  157  267    1   17    2    3    0    1887
    1    3   38  158  395    1   25    3    1    0    2267
    1    3   39  159   31    1    2    1    1    1    1448
    1    3   40  160  397    1   25    3    2    0    1152
    1    3   41  161  455    1   29    3    2    0    1143
    1    3   42  162  148    1   10    1    1    1    1458
    1    3   43  163  238    1   15    2    2    1    1856
    1    3   44  164   40    1    3    1    1    1    1192
    1    3   45  165  330    1   21    3    3    1    1360
    1    3   46  166  279    1   18    2    2    1    1116
    1    3   47  167  250    1   16    2    1    0    1833
    1    3   48  168   16    1    1    1    1    1     996
    1    3   49  169   62    1    4    1    1    1    1617
    1    3   50  170  146    1   10    1    1    1    1191
    1    3   51  171   34    1    3    1    1    1    1087
    1    3   52  172  190    1   12    2    3    0    1579
    1    3   53  173  420    1   27    3    3    1     992
    1    3   54  174  135    1    9    1    1    1    1077
    1    3   55  175   55    1    4    1    3    0    1903
    1    3   56  176  278    1   18    2    2    1    1092
    1    3   57  177  136    1    9    1    1    1    1121
    1    3   58  178  215    1   14    2    3    0    1372
    1    3   59  179   17    1    2    1    2    0    1300
    1    3   60  180  405    1   26    3    3    1    1050
    2    1    1  181  328    0   21    3    3    1    3724
    2    1    2  182  130    0    9    1    1    1    1436
    2    1    3  183  247    0   16    2    2    1    1458
    2    1    4  184  195    1   13    2    2    1    1059
    2    1    5  185   23    0    2    1    1    1    1032
    2    1    6  186  142    0    9    1    1    1     945
    2    1    7  187  150    0   10    1    2    0     906
    2    1    8  188   57    0    4    1    3    0    1365
    2    1    9  189   47    0    3    1    1    1    1033
    2    1   10  190   13    0    1    1    1    1    1099
    2    1   11  191  115    1    8    1    1    1    1428
    2    1   12  192   25    0    2    1    2    0    1159
    2    1   13  193  302    0   19    2    2    1    1236
    2    1   14  194  194    0   13    2    2    1    1233
    2    1   15  195  324    0   21    3    3    1    1137
    2    1   16  196  238    1   15    2    2    1    1102
    2    1   17  197  136    1    9    1    1    1     941
    2    1   18  198  424    0   27    3    2    0    2730
    2    1   19  199  323    0   21    3    2    0    1455
    2    1   20  200  339    1   22    3    3    1    1568
    2    1   21  201  420    1   27    3    3    1    1099
    2    1   22  202  122    0    8    1    1    1    1383
    2    1   23  203   38    0    3    1    1    1    1143
    2    1   24  204  257    0   17    2    3    0    1152
    2    1   25  205    9    0    1    1    1    1     959
    2    1   26  206  164    0   11    2    2    1    1375
    2    1   27  207  111    1    7    1    3    0     972
    2    1   28  208  383    0   24    3    3    1    1366
    2    1   29  209   59    0    4    1    2    0     996
    2    1   30  210  148    1   10    1    1    1    1085
    2    1   31  211  463    0   29    3    1    0    1057
    2    1   32  212  176    0   11    2    1    0    1047
    2    1   33  213  219    0   14    2    3    0    1524
    2    1   34  214  441    0   28    3    3    1    1051
    2    1   35  215  244    0   16    2    2    1    1680
    2    1   36  216  468    0   30    3    2    0     976
    2    1   37  217  137    0    9    1    1    1    1622
    2    1   38  218  103    0    7    1    3    0    1099
    2    1   39  219   61    0    4    1    3    0    1319
    2    1   40  220  126    0    8    1    1    1    1230
    2    1   41  221    4    0    1    1    1    1    1858
    2    1   42  222  262    0   17    2    2    1    1199
    2    1   43  223  344    0   22    3    3    1    1113
    2    1   44  224  466    0   30    3    2    0    2253
    2    1   45  225  242    0   16    2    2    1    2936
    2    1   46  226   90    0    6    1    2    0     757
    2    1   47  227   30    0    2    1    1    1    1952
    2    1   48  228  184    0   12    2    3    0    1551
    2    1   49  229   69    0    5    1    3    0    1213
    2    1   50  230  252    0   16    2    2    1    1040
    2    1   51  231  375    0   24    3    3    1    1498
    2    1   52  232   99    0    7    1    3    0    1713
    2    1   53  233  190    1   12    2    2    1    1339
    2    1   54  234  301    0   19    2    3    0    2063
    2    1   55  235  254    0   16    2    2    1    1153
    2    1   56  236   19    0    2    1    1    1    1213
    2    1   57  237  391    0   25    3    2    0    1168
    2    1   58  238   46    0    3    1    3    0    1797
    2    1   59  239  264    0   17    2    2    1    1162
    2    1   60  240  359    1   23    3    2    0     867
    2    1   61  241  296    0   19    2    3    0    2020
    2    1   62  242   50    0    4    1    1    1    2222
    2    1   63  243   44    0    3    1    1    1    1022
    2    1   64  244  395    1   25    3    1    0    1207
    2    1   65  245  160    0   10    1    1    1    1290
    2    1   66  246  320    0   20    2    2    1     953
    2    1   67  247  200    0   13    2    2    1     996
    2    1   68  248    8    0    1    1    1    1    1212
    2    1   69  249   78    0    5    1    1    1     893
    2    1   70  250   20    0    2    1    2    0     919
    2    1   71  251  155    0   10    1    1    1    1147
    2    1   72  252   40    1    3    1    1    1    1387
    2    1   73  253  212    0   14    2    2    1     890
    2    1   74  254  396    0   25    3    2    0    1097
    2    1   75  255  478    0   30    3    2    0     715
    2    1   76  256  456    1   29    3    2    0    1045
    2    1   77  257  289    0   19    2    3    0    1214
    2    1   78  258   18    0    2    1    2    0    1035
    2    1   79  259  240    0   15    2    2    1    1064
    2    1   80  260  283    0   18    2    2    1     843
    2    1   81  261  417    0   27    3    3    1    1951
    2    1   82  262  189    0   12    2    3    0     774
    2    1   83  263   92    0    6    1    2    0     870
    2    1   84  264  398    0   25    3    2    0    1079
    2    1   85  265  145    0   10    1    1    1    1084
    2    1   86  266  322    0   21    3    2    0    1184
    2    1   87  267  356    0   23    3    2    0    1063
    2    1   88  268  299    0   19    2    3    0    1050
    2    1   89  269  371    0   24    3    1    0    1063
    2    1   90  270   63    0    4    1    1    1    1005
    2    1   91  271  413    1   26    3    2    0     839
    2    1   92  272  409    0   26    3    2    0     809
    2    1   93  273  132    0    9    1    1    1     889
    2    1   94  274  259    0   17    2    2    1    1019
    2    1   95  275  330    1   21    3    3    1    1746
    2    1   96  276  187    0   12    2    2    1     802
    2    1   97  277    3    0    1    1    1    1    1473
    2    1   98  278  446    1   28    3    3    1     970
    2    1   99  279    5    0    1    1    1    1    2071
    2    1  100  280  458    0   29    3    1    0    1089
    2    1  101  281  403    0   26    3    3    1    1498
    2    1  102  282  188    0   12    2    2    1     639
    2    1  103  283  106    1    7    1    1    1    3596
    2    1  104  284  462    0   29    3    2    0     721
    2    1  105  285  165    0   11    2    1    0     927
    2    1  106  286  223    0   14    2    2    1    1582
    2    1  107  287  415    0   26    3    2    0    1301
    2    1  108  288  372    0   24    3    3    1    1241
    2    1  109  289   94    0    6    1    2    0     840
    2    1  110  290  425    0   27    3    2    0     812
    2    1  111  291  390    0   25    3    2    0     907
    2    1  112  292  112    0    7    1    3    0     637
    2    1  113  293  429    0   27    3    2    0     665
    2    1  114  294  211    0   14    2    2    1     596
    2    1  115  295  329    0   21    3    2    0     566
    2    1  116  296  305    0   20    2    2    1     778
    2    1  117  297  181    0   12    2    2    1     687
    2    1  118  298  120    0    8    1    1    1    1262
    2    1  119  299  376    1   24    3    3    1     790
    2    1  120  300  366    0   23    3    2    0     708
    2    1  121  301  256    0   16    2    2    1    1352
    2    1  122  302  340    0   22    3    3    1    1062
    2    1  123  303  308    1   20    2    2    1     942
    2    1  124  304   10    0    1    1    1    1    1181
    2    1  125  305  251    0   16    2    2    1     783
    2    1  126  306  209    0   14    2    2    1     573
    2    1  127  307  118    0    8    1    3    0    1879
    2    1  128  308  300    0   19    2    1    0    1410
    2    1  129  309  385    0   25    3    2    0    1794
    2    1  130  310  204    0   13    2    2    1     873
    2    1  131  311   26    0    2    1    2    0     581
    2    1  132  312  139    0    9    1    1    1    1070
    2    1  133  313  284    0   18    2    2    1     536
    2    1  134  314  185    0   12    2    2    1     548
    2    1  135  315  163    1   11    2    2    1     722
    2    1  136  316  216    0   14    2    2    1     536
    2    1  137  317   52    0    4    1    2    0    1042
    2    1  138  318  378    0   24    3    3    1     762
    2    1  139  319  297    1   19    2    2    1    2059
    2    1  140  320  342    0   22    3    3    1    1177
    2    1  141  321  274    0   18    2    2    1    2062
    2    1  142  322  477    0   30    3    2    0     830
    2    1  143  323  133    0    9    1    1    1     791
    2    1  144  324  113    0    8    1    2    0    1123
    2    1  145  325  421    0   27    3    2    0     861
    2    1  146  326   89    0    6    1    2    0     723
    2    1  147  327  108    0    7    1    2    0    1301
    2    1  148  328  162    0   11    2    2    1     621
    2    1  149  329  332    0   21    3    2    0     660
    2    1  150  330  245    0   16    2    2    1     975
    2    1  151  331  438    0   28    3    3    1     971
    2    1  152  332  367    0   23    3    2    0     628
    2    1  153  333  352    0   22    3    3    1    1006
    2    1  154  334  475    0   30    3    2    0     667
    2    1  155  335  173    0   11    2    1    0    1017
    2    1  156  336   33    0    3    1    1    1    1219
    2    1  157  337   32    0    2    1    1    1     695
    2    1  158  338  414    0   26    3    2    0     606
    2    1  159  339  101    0    7    1    3    0     983
    2    1  160  340   36    0    3    1    1    1     852
    2    1  161  341   45    0    3    1    1    1     621
    2    1  162  342  225    0   15    2    1    0    1406
    2    1  163  343  455    1   29    3    2    0     646
    2    1  164  344   81    0    6    1    2    0     574
    2    1  165  345  174    0   11    2    1    0     641
    2    1  166  346  436    0   28    3    3    1     706
    2    1  167  347  470    0   30    3    2    0     674
    2    1  168  348  250    1   16    2    1    0    1312
    2    1  169  349  280    0   18    2    2    1     656
    2    1  170  350  469    0   30    3    2    0     855
    2    1  171  351  178    0   12    2    2    1     696
    2    1  172  352  317    0   20    2    2    1     833
    2    1  173  353  377    0   24    3    1    0    1166
    2    1  174  354   71    0    5    1    1    1    1698
    2    1  175  355  234    0   15    2    2    1     762
    2    1  176  356  319    0   20    2    2    1     542
    2    1  177  357  157    0   10    1    1    1    1736
    2    1  178  358  117    0    8    1    1    1     906
    2    1  179  359  440    0   28    3    2    0     636
    2    1  180  360  110    0    7    1    3    0     980
    2    1  181  361  450    0   29    3    2    0     615
    2    1  182  362  428    0   27    3    2    0     765
    2    1  183  363  171    0   11    2    3    0     758
    2    1  184  364   31    1    2    1    1    1     703
    2    1  185  365  382    0   24    3    3    1     856
    2    1  186  366  321    0   21    3    2    0     621
    2    1  187  367  397    1   25    3    2    0     622
    2    1  188  368  406    0   26    3    2    0    1055
    2    1  189  369  288    0   18    2    1    0     914
    2    1  190  370   12    0    1    1    1    1     555
    2    1  191  371  384    0   24    3    3    1     699
    2    1  192  372  203    1   13    2    2    1     798
    2    1  193  373  198    0   13    2    2    1     559
    2    1  194  374  260    0   17    2    3    0    1258
    2    1  195  375  442    0   28    3    2    0     674
    2    1  196  376  473    0   30    3    2    0    1270
    2    1  197  377   66    0    5    1    1    1     564
    2    1  198  378  138    0    9    1    1    1     616
    2    1  199  379   74    0    5    1    1    1     580
    2    1  200  380  307    0   20    2    2    1     606
    2    1  201  381  408    0   26    3    2    0     684
    2    1  202  382   70    0    5    1    1    1     581
    2    1  203  383  179    0   12    2    2    1    1051
    2    1  204  384  281    0   18    2    2    1    1029
    2    1  205  385  287    0   18    2    2    1     697
    2    1  206  386  172    0   11    2    3    0    1110
    2    1  207  387  248    0   16    2    2    1     539
    2    1  208  388  261    0   17    2    2    1     533
    2    1  209  389  358    0   23    3    2    0     840
    2    1  210  390  334    0   21    3    2    0     516
    2    1  211  391  365    0   23    3    2    0     634
    2    1  212  392  341    0   22    3    3    1     782
    2    1  213  393   58    0    4    1    1    1     846
    2    1  214  394   60    0    4    1    2    0    1101
    2    1  215  395  227    0   15    2    2    1     677
    2    1  216  396  386    0   25    3    2    0     685
    2    1  217  397  143    0    9    1    1    1     642
    2    1  218  398  454    0   29    3    2    0    1372
    2    1  219  399  222    0   14    2    2    1     749
    2    1  220  400  208    0   13    2    2    1     538
    2    1  221  401   96    1    6    1    2    0     484
    2    1  222  402  158    0   10    1    3    0    1178
    2    1  223  403  314    0   20    2    2    1     469
    2    1  224  404  461    0   29    3    2    0     632
    2    1  225  405    1    0    1    1    1    1    1067
    2    1  226  406   86    0    6    1    2    0     601
    2    1  227  407  109    0    7    1    3    0    1240
    2    1  228  408  205    0   13    2    2    1     724
    2    1  229  409  453    0   29    3    2    0     609
    2    1  230  410  266    0   17    2    2    1     540
    2    1  231  411  448    0   28    3    3    1     801
    2    1  232  412  237    0   15    2    2    1     783
    2    1  233  413   91    0    6    1    2    0     530
    2    1  234  414  374    0   24    3    3    1    1460
    2    1  235  415  351    0   22    3    3    1    1015
    2    1  236  416  154    0   10    1    3    0    1625
    2    1  237  417   35    0    3    1    1    1     673
    2    1  238  418  135    1    9    1    1    1     480
    2    1  239  419  467    0   30    3    2    0     901
    2    1  240  420  427    0   27    3    2    0     703
    2    1  241  421   76    0    5    1    1    1    1346
    2    1  242  422  267    1   17    2    2    1     893
    2    1  243  423  196    0   13    2    2    1     727
    2    1  244  424  169    0   11    2    1    0     712
    2    1  245  425  241    1   16    2    2    1     642
    2    1  246  426  149    0   10    1    1    1    1061
    2    1  247  427  221    0   14    2    2    1    1228
    2    1  248  428  292    0   19    2    2    1    1087
    2    1  249  429   95    0    6    1    2    0     647
    2    1  250  430  229    1   15    2    2    1     737
    2    1  251  431   80    0    5    1    1    1     749
    2    1  252  432  282    0   18    2    2    1     732
    2    1  253  433  226    0   15    2    2    1     649
    2    1  254  434  119    0    8    1    1    1     636
    2    1  255  435   37    0    3    1    1    1     688
    2    1  256  436  213    0   14    2    2    1     636
    2    1  257  437  134    0    9    1    1    1     628
    2    1  258  438  269    0   17    2    2    1     734
    2    1  259  439  412    0   26    3    2    0     657
    2    1  260  440  439    0   28    3    3    1     794
    2    1  261  441  102    0    7    1    2    0    3371
    2    1  262  442   72    1    5    1    1    1     684
    2    1  263  443  411    0   26    3    2    0    3026
    2    1  264  444   39    0    3    1    1    1     886
    2    1  265  445  348    0   22    3    3    1     675
    2    1  266  446  369    0   24    3    3    1    1393
    2    1  267  447  214    0   14    2    2    1     717
    2    1  268  448  291    0   19    2    3    0    1272
    2    1  269  449  460    0   29    3    2    0     660
    2    1  270  450  316    0   20    2    2    1     662
    2    1  271  451  127    0    8    1    3    0    1470
    2    1  272  452  447    0   28    3    3    1     552
    2    1  273  453  401    0   26    3    2    0     820
    2    1  274  454  402    0   26    3    2    0    1415
    2    1  275  455  400    0   25    3    1    0    1033
    2    1  276  456  407    0   26    3    2    0    1221
    2    1  277  457  144    0    9    1    1    1     673
    2    1  278  458  236    0   15    2    2    1    1220
    2    1  279  459  239    0   15    2    2    1     619
    2    1  280  460  309    0   20    2    2    1     615
    2    1  281  461  202    0   13    2    2    1    1790
    2    1  282  462  345    0   22    3    2    0     917
    2    1  283  463  380    0   24    3    2    0     587
    2    1  284  464  279    1   18    2    2    1     579
    2    1  285  465    6    0    1    1    1    1     672
    2    1  286  466  338    0   22    3    3    1     753
    2    1  287  467  186    1   12    2    2    1     789
    2    1  288  468  243    0   16    2    2    1     571
    2    1  289  469  278    1   18    2    2    1     515
    2    1  290  470   75    0    5    1    1    1     722
    2    1  291  471  310    0   20    2    2    1    1406
    2    1  292  472  379    0   24    3    3    1    1609
    2    1  293  473  294    0   19    2    1    0    1016
    2    1  294  474  271    0   17    2    2    1     548
    2    1  295  475   41    0    3    1    1    1     713
    2    1  296  476  131    0    9    1    1    1     643
    2    1  297  477  387    0   25    3    2    0    1486
    2    1  298  478  312    0   20    2    2    1     671
    2    1  299  479  104    0    7    1    2    0    1380
    2    1  300  480  443    1   28    3    2    0    1815
