    1    1    1    1  380    1   24    3    3    1    7672
    1    1    2    2   52    1    4    1    2    0    3760
    1    1    3    3   16    1    1    1    2    0    2495
    1    1    4    4  471    1   30    3    2    0    2542
    1    1    5    5  408    1   26    3    2    0    1662
    1    1    6    6   71    1    5    1    1    1    1712
    1    1    7    7   35    1    3    1    2    0    1648
    1    1    8    8   53    1    4    1    1    1    1859
    1    1    9    9  117    1    8    1    2    0    1997
    1    1   10   10  409    1   26    3    3    1    1475
    1    1   11   11  280    1   18    2    3    0    2572
    1    1   12   12  276    1   18    2    3    0    1802
    1    1   13   13   15    1    1    1    1    1    1366
    1    1   14   14  271    1   17    2    3    0    1908
    1    1   15   15   33    1    3    1    1    1    1453
    1    1   16   16  359    1   23    3    3    1    1239
    1    1   17   17  219    1   14    2    2    1    1835
    1    1   18   18   58    1    4    1    1    1    1366
    1    1   19   19  201    1   13    2    2    1    2533
    1    1   20   20  245    1   16    2    3    0    1492
    1    1   21   21  473    1   30    3    3    1    3116
    1    1   22   22  465    1   30    3    3    1    1574
    1    1   23   23  266    1   17    2    2    1    2075
    1    1   24   24  267    1   17    2    1    0    1502
    1    1   25   25  290    1   19    2    1    0    1559
    1    1   26   26   36    1    3    1    1    1    2014
    1    1   27   27  269    1   17    2    1    0    2067
    1    1   28   28  289    1   19    2    2    1    2100
    1    1   29   29  406    1   26    3    2    0    2260
    1    1   30   30   37    1    3    1    2    0    1983
    1    1   31   31  448    1   28    3    1    0    2724
    1    1   32   32  182    1   12    2    2    1    2204
    1    1   33   33  476    1   30    3    2    0    1849
    1    1   34   34   38    1    3    1    2    0    2708
    1    1   35   35  340    1   22    3    1    0    1788
    1    1   36   36   49    1    4    1    1    1    1881
    1    1   37   37  387    1   25    3    1    0   10931
    1    1   38   38  252    1   16    2    2    1    1906
    1    1   39   39  250    1   16    2    2    1    3291
    1    1   40   40  326    1   21    3    3    1    3340
    1    1   41   41  424    1   27    3    3    1    2572
    1    1   42   42  396    1   25    3    2    0    2218
    1    1   43   43  120    1    8    1    1    1    1670
    1    1   44   44  216    1   14    2    2    1    2119
    1    1   45   45   80    1    5    1    1    1    3304
    1    1   46   46  240    1   15    2    2    1    2472
    1    1   47   47    6    1    1    1    2    0    2283
    1    1   48   48  353    1   23    3    3    1    1604
    1    1   49   49  360    1   23    3    3    1    1400
    1    1   50   50  272    1   17    2    2    1    2245
    1    1   51   51  479    1   30    3    2    0    3632
    1    1   52   52  212    1   14    2    2    1    2099
    1    1   53   53  121    1    8    1    2    0    2196
    1    1   54   54  411    1   26    3    2    0    2321
    1    1   55   55  164    1   11    2    1    0    2297
    1    1   56   56   56    1    4    1    1    1    1778
    1    1   57   57    4    1    1    1    1    1    2318
    1    1   58   58   66    1    5    1    1    1    1623
    1    1   59   59  217    1   14    2    2    1    1788
    1    1   60   60  356    1   23    3    3    1    1448
    1    2    1   61  340    1   22    3    2    0    1715
    1    2    2   62  476    1   30    3    2    0    4099
    1    2    3   63   66    1    5    1    1    1    2228
    1    2    4   64  212    1   14    2    2    1    1727
    1    2    5   65  359    1   23    3    3    1    1343
    1    2    6   66  409    1   26    3    3    1    1311
    1    2    7   67  219    1   14    2    2    1    1519
    1    2    8   68  408    1   26    3    3    1    1720
    1    2    9   69  271    1   17    2    3    0    1415
    1    2   10   70   36    1    3    1    3    0    1587
    1    2   11   71   49    1    4    1    1    1    1802
    1    2   12   72  267    1   17    2    1    0    1462
    1    2   13   73  121    1    8    1    1    1    3568
    1    2   14   74  217    1   14    2    2    1    1862
    1    2   15   75  252    1   16    2    3    0    2208
    1    2   16   76  164    1   11    2    1    0    3261
    1    2   17   77  266    1   17    2    2    1    3712
    1    2   18   78  216    1   14    2    2    1    2384
    1    2   19   79  120    1    8    1    1    1    2997
    1    2   20   80  424    1   27    3    3    1    2578
    1    2   21   81  250    1   16    2    1    0    1983
    1    2   22   82    4    1    1    1    1    1    1732
    1    2   23   83  117    1    8    1    2    0    1956
    1    2   24   84  353    1   23    3    3    1    1675
    1    2   25   85  471    1   30    3    2    0    2638
    1    2   26   86  245    1   16    2    2    1    1992
    1    2   27   87  448    1   28    3    3    1    1598
    1    2   28   88  240    1   15    2    2    1    1778
    1    2   29   89  269    1   17    2    2    1    2048
    1    2   30   90   71    1    5    1    2    0    1299
    1    2   31   91  406    1   26    3    3    1    1972
    1    2   32   92   52    1    4    1    2    0    2746
    1    2   33   93  396    1   25    3    3    1    1840
    1    2   34   94   37    1    3    1    1    1    2252
    1    2   35   95   80    1    5    1    1    1    2006
    1    2   36   96   16    1    1    1    1    1    5019
    1    2   37   97  201    1   13    2    2    1    3399
    1    2   38   98  326    1   21    3    3    1    1652
    1    2   39   99  276    1   18    2    1    0    3415
    1    2   40  100  182    1   12    2    3    0    2130
    1    2   41  101   58    1    4    1    3    0    2290
    1    2   42  102  411    1   26    3    2    0    1836
    1    2   43  103  479    1   30    3    2    0    1911
    1    2   44  104   35    1    3    1    1    1    2543
    1    2   45  105   15    1    1    1    1    1    1823
    1    2   46  106  290    1   19    2    3    0    2426
    1    2   47  107  356    1   23    3    2    0    3790
    1    2   48  108  465    1   30    3    3    1    1356
    1    2   49  109  387    1   25    3    2    0    1850
    1    2   50  110   33    1    3    1    1    1    1445
    1    2   51  111  289    1   19    2    2    1    2032
    1    2   52  112    6    1    1    1    1    1    1699
    1    2   53  113  360    1   23    3    3    1    1443
    1    2   54  114   38    1    3    1    1    1    4415
    1    2   55  115   53    1    4    1    1    1    1858
    1    2   56  116  272    1   17    2    1    0    1389
    1    2   57  117  380    1   24    3    3    1    2618
    1    2   58  118  473    1   30    3    2    0    2550
    1    2   59  119   56    1    4    1    2    0    3253
    1    2   60  120  280    1   18    2    3    0    1576
    1    3    1  121   71    1    5    1    1    1    1406
    1    3    2  122  356    1   23    3    3    1    2955
    1    3    3  123  473    1   30    3    3    1    1738
    1    3    4  124    4    1    1    1    1    1    1752
    1    3    5  125  476    1   30    3    3    1    1448
    1    3    6  126  276    1   18    2    1    0    2867
    1    3    7  127  406    1   26    3    3    1    2836
    1    3    8  128  424    1   27    3    3    1    1320
    1    3    9  129   33    1    3    1    1    1    1416
    1    3   10  130  216    1   14    2    3    0    2692
    1    3   11  131  252    1   16    2    3    0    2109
    1    3   12  132   52    1    4    1    1    1    1070
    1    3   13  133  289    1   19    2    1    0    1912
    1    3   14  134  290    1   19    2    3    0    1825
    1    3   15  135   35    1    3    1    1    1    1197
    1    3   16  136  359    1   23    3    3    1    1169
    1    3   17  137  408    1   26    3    3    1    1800
    1    3   18  138  271    1   17    2    3    0    2148
    1    3   19  139   36    1    3    1    1    1    1266
    1    3   20  140  212    1   14    2    3    0    2069
    1    3   21  141  471    1   30    3    3    1    2166
    1    3   22  142  164    1   11    2    1    0    1428
    1    3   23  143  182    1   12    2    2    1    2832
    1    3   24  144  266    1   17    2    2    1    2499
    1    3   25  145  380    1   24    3    2    0    2502
    1    3   26  146   15    1    1    1    1    1    1286
    1    3   27  147   38    1    3    1    1    1    1783
    1    3   28  148  240    1   15    2    1    0    8324
    1    3   29  149  360    1   23    3    3    1    1244
    1    3   30  150   66    1    5    1    1    1    1215
    1    3   31  151  411    1   26    3    2    0    1732
    1    3   32  152  479    1   30    3    3    1    2723
    1    3   33  153  269    1   17    2    2    1    1835
    1    3   34  154  245    1   16    2    2    1     983
    1    3   35  155  201    1   13    2    2    1    1717
    1    3   36  156  280    1   18    2    2    1    2308
    1    3   37  157   80    1    5    1    2    0    1933
    1    3   38  158   49    1    4    1    1    1    1301
    1    3   39  159  448    1   28    3    2    0    1973
    1    3   40  160   56    1    4    1    3    0    2075
    1    3   41  161  117    1    8    1    2    0    2302
    1    3   42  162    6    1    1    1    1    1    1143
    1    3   43  163  326    1   21    3    3    1    2174
    1    3   44  164  272    1   17    2    1    0    2107
    1    3   45  165   53    1    4    1    1    1    1741
    1    3   46  166  465    1   30    3    3    1    2028
    1    3   47  167   58    1    4    1    1    1    2223
    1    3   48  168  387    1   25    3    2    0    2635
    1    3   49  169   37    1    3    1    1    1    1095
    1    3   50  170  250    1   16    2    1    0    1151
    1    3   51  171  353    1   23    3    2    0    1558
    1    3   52  172   16    1    1    1    1    1    1293
    1    3   53  173  267    1   17    2    2    1    3998
    1    3   54  174  340    1   22    3    1    0    2707
    1    3   55  175  409    1   26    3    2    0    2220
    1    3   56  176  120    1    8    1    1    1    1431
    1    3   57  177  396    1   25    3    3    1    2355
    1    3   58  178  217    1   14    2    2    1    1594
    1    3   59  179  121    1    8    1    1    1    1104
    1    3   60  180  219    1   14    2    1    0    2280
    2    1    1  181  221    0   14    2    2    1    5985
    2    1    2  182  378    0   24    3    2    0    2371
    2    1    3  183  207    0   13    2    2    1    1236
    2    1    4  184  258    0   17    2    2    1    1763
    2    1    5  185  197    0   13    2    1    0    1212
    2    1    6  186  462    0   29    3    3    1    1245
    2    1    7  187  479    1   30    3    2    0    2939
    2    1    8  188   30    0    2    1    3    0    1960
    2    1    9  189  288    0   18    2    1    0    2618
    2    1   10  190  252    1   16    2    2    1    1617
    2    1   11  191   55    0    4    1    1    1    1633
    2    1   12  192  374    0   24    3    1    0    1457
    2    1   13  193    8    0    1    1    1    1    1192
    2    1   14  194  282    0   18    2    2    1    6953
    2    1   15  195   60    0    4    1    1    1    1044
    2    1   16  196  477    0   30    3    3    1    1226
    2    1   17  197  184    0   12    2    3    0    1066
    2    1   18  198  362    0   23    3    3    1    1568
    2    1   19  199   46    0    3    1    1    1     946
    2    1   20  200  212    1   14    2    2    1    1565
    2    1   21  201   92    0    6    1    3    0    1055
    2    1   22  202  278    0   18    2    2    1    1861
    2    1   23  203  151    0   10    1    2    0    1259
    2    1   24  204  225    0   15    2    2    1    6138
    2    1   25  205   36    1    3    1    1    1    1062
    2    1   26  206  410    0   26    3    3    1     971
    2    1   27  207  291    0   19    2    1    0    1286
    2    1   28  208  235    0   15    2    2    1    2611
    2    1   29  209  276    1   18    2    2    1    1979
    2    1   30  210  429    0   27    3    3    1     988
    2    1   31  211  270    0   17    2    2    1    1381
    2    1   32  212  275    0   18    2    1    0    1263
    2    1   33  213  356    1   23    3    2    0    1837
    2    1   34  214  120    1    8    1    1    1    1605
    2    1   35  215  408    1   26    3    2    0    1733
    2    1   36  216  199    0   13    2    2    1    2352
    2    1   37  217  128    0    8    1    1    1    1300
    2    1   38  218  448    1   28    3    2    0    1567
    2    1   39  219  171    0   11    2    2    1    2562
    2    1   40  220  160    0   10    1    2    0    1916
    2    1   41  221   40    0    3    1    1    1     992
    2    1   42  222   57    0    4    1    2    0    2362
    2    1   43  223  280    1   18    2    2    1    1179
    2    1   44  224  357    0   23    3    3    1    1724
    2    1   45  225   33    1    3    1    1    1    1257
    2    1   46  226  262    0   17    2    2    1    3224
    2    1   47  227  250    1   16    2    2    1    2808
    2    1   48  228  294    0   19    2    2    1    2440
    2    1   49  229  450    0   29    3    2    0    3032
    2    1   50  230  323    0   21    3    3    1    1406
    2    1   51  231  381    0   24    3    2    0    1480
    2    1   52  232   98    0    7    1    1    1    1949
    2    1   53  233  436    0   28    3    2    0    1199
    2    1   54  234  229    0   15    2    2    1    1312
    2    1   55  235  182    1   12    2    3    0    1308
    2    1   56  236  451    0   29    3    2    0    1241
    2    1   57  237   12    0    1    1    1    1    1608
    2    1   58  238  237    0   15    2    2    1    1225
    2    1   59  239  394    0   25    3    2    0    2393
    2    1   60  240   51    0    4    1    1    1     827
    2    1   61  241  352    0   22    3    2    0    1722
    2    1   62  242  393    0   25    3    2    0    1429
    2    1   63  243  264    0   17    2    1    0    3197
    2    1   64  244  146    0   10    1    1    1    1134
    2    1   65  245  312    0   20    2    3    0     929
    2    1   66  246  126    0    8    1    1    1    1756
    2    1   67  247  140    0    9    1    1    1    1111
    2    1   68  248  466    0   30    3    2    0    1083
    2    1   69  249  480    0   30    3    3    1    1009
    2    1   70  250  268    0   17    2    2    1    1833
    2    1   71  251  101    0    7    1    1    1    1616
    2    1   72  252  325    0   21    3    2    0    1217
    2    1   73  253  335    0   21    3    3    1    1009
    2    1   74  254  165    0   11    2    1    0     986
    2    1   75  255  441    0   28    3    2    0    1618
    2    1   76  256  465    1   30    3    3    1    1842
    2    1   77  257  469    0   30    3    3    1    1097
    2    1   78  258  169    0   11    2    1    0    1198
    2    1   79  259  246    0   16    2    2    1    1950
    2    1   80  260  419    0   27    3    2    0    1187
    2    1   81  261   86    0    6    1    2    0     898
    2    1   82  262  217    1   14    2    2    1    1151
    2    1   83  263  214    0   14    2    2    1    1074
    2    1   84  264   44    0    3    1    1    1     983
    2    1   85  265   87    0    6    1    2    0    1024
    2    1   86  266  360    1   23    3    2    0    1513
    2    1   87  267  255    0   16    2    2    1    1517
    2    1   88  268  371    0   24    3    1    0    1057
    2    1   89  269  124    0    8    1    1    1    1335
    2    1   90  270  247    0   16    2    2    1    1124
    2    1   91  271  154    0   10    1    1    1    1015
    2    1   92  272  213    0   14    2    2    1    1455
    2    1   93  273  208    0   13    2    2    1    1477
    2    1   94  274  203    0   13    2    2    1    1227
    2    1   95  275   18    0    2    1    2    0    1210
    2    1   96  276   25    0    2    1    3    0    1882
    2    1   97  277   13    0    1    1    1    1    1105
    2    1   98  278  192    0   12    2    2    1    1492
    2    1   99  279  423    0   27    3    3    1    1450
    2    1  100  280  320    0   20    2    3    0    2320
    2    1  101  281  116    0    8    1    1    1     917
    2    1  102  282  269    1   17    2    2    1    1280
    2    1  103  283  464    0   29    3    2    0    1390
    2    1  104  284  327    0   21    3    2    0    2616
    2    1  105  285  347    0   22    3    2    0    1886
    2    1  106  286   48    0    3    1    1    1    1524
    2    1  107  287  363    0   23    3    2    0    1368
    2    1  108  288  150    0   10    1    2    0    1074
    2    1  109  289  421    0   27    3    2    0    1159
    2    1  110  290   10    0    1    1    2    0    2090
    2    1  111  291  193    0   13    2    2    1    1368
    2    1  112  292   81    0    6    1    3    0    1810
    2    1  113  293  432    0   27    3    2    0    2138
    2    1  114  294  249    0   16    2    1    0    1286
    2    1  115  295  245    1   16    2    2    1    1331
    2    1  116  296  358    0   23    3    2    0    1391
    2    1  117  297   34    0    3    1    1    1     968
    2    1  118  298  416    0   26    3    2    0    1251
    2    1  119  299  155    0   10    1    3    0    1601
    2    1  120  300  442    0   28    3    2    0    1377
    2    1  121  301  167    0   11    2    1    0     907
    2    1  122  302  289    1   19    2    2    1    1031
    2    1  123  303   29    0    2    1    2    0    1406
    2    1  124  304  147    0   10    1    1    1    3239
    2    1  125  305  106    0    7    1    2    0    1430
    2    1  126  306  377    0   24    3    2    0    1406
    2    1  127  307  263    0   17    2    2    1    1094
    2    1  128  308  157    0   10    1    2    0    1868
    2    1  129  309  309    0   20    2    3    0    1105
    2    1  130  310   65    0    5    1    1    1    1334
    2    1  131  311  242    0   16    2    2    1     865
    2    1  132  312  279    0   18    2    3    0    3759
    2    1  133  313    4    1    1    1    2    0    1273
    2    1  134  314  417    0   27    3    2    0    1592
    2    1  135  315   75    0    5    1    1    1    1738
    2    1  136  316  428    0   27    3    2    0    1477
    2    1  137  317    9    0    1    1    1    1    1739
    2    1  138  318  328    0   21    3    2    0    1638
    2    1  139  319  415    0   26    3    3    1    1445
    2    1  140  320  463    0   29    3    3    1    1612
    2    1  141  321   59    0    4    1    2    0    2347
    2    1  142  322  373    0   24    3    2    0     910
    2    1  143  323  364    0   23    3    2    0     923
    2    1  144  324  129    0    9    1    1    1    1607
    2    1  145  325   93    0    6    1    3    0    1095
    2    1  146  326   50    0    4    1    3    0    1020
    2    1  147  327   97    0    7    1    2    0    1045
    2    1  148  328   72    0    5    1    1    1    1034
    2    1  149  329  295    0   19    2    2    1    1570
    2    1  150  330   20    0    2    1    3    0    1380
    2    1  151  331   69    0    5    1    1    1    2158
    2    1  152  332  123    0    8    1    1    1    3097
    2    1  153  333    3    0    1    1    1    1    1085
    2    1  154  334  341    0   22    3    2    0    1074
    2    1  155  335  334    0   21    3    3    1    1192
    2    1  156  336  152    0   10    1    3    0    1338
    2    1  157  337  458    0   29    3    1    0    2037
    2    1  158  338  254    0   16    2    2    1    1060
    2    1  159  339    1    0    1    1    1    1    1147
    2    1  160  340  170    0   11    2    1    0     990
    2    1  161  341   85    0    6    1    2    0    1287
    2    1  162  342  202    0   13    2    2    1    1301
    2    1  163  343   23    0    2    1    1    1    2417
    2    1  164  344  359    1   23    3    3    1    1025
    2    1  165  345  307    0   20    2    3    0     873
    2    1  166  346  108    0    7    1    2    0    1847
    2    1  167  347  372    0   24    3    2    0    1278
    2    1  168  348  177    0   12    2    3    0     699
    2    1  169  349  453    0   29    3    3    1     768
    2    1  170  350  267    1   17    2    2    1     882
    2    1  171  351  176    0   11    2    2    1     895
    2    1  172  352  131    0    9    1    3    0     781
    2    1  173  353  175    0   11    2    2    1    1229
    2    1  174  354  285    0   18    2    2    1    1388
    2    1  175  355  470    0   30    3    2    0    2247
    2    1  176  356   91    0    6    1    3    0     668
    2    1  177  357  387    1   25    3    2    0     899
    2    1  178  358    5    0    1    1    1    1    1583
    2    1  179  359  191    0   12    2    2    1    1600
    2    1  180  360  367    0   23    3    3    1    2242
    2    1  181  361  238    0   15    2    2    1    1401
    2    1  182  362  314    0   20    2    3    0     945
    2    1  183  363   80    1    5    1    2    0     780
    2    1  184  364  424    1   27    3    2    0    2397
    2    1  185  365  337    0   22    3    2    0    1197
    2    1  186  366  351    0   22    3    2    0     751
    2    1  187  367  379    0   24    3    2    0     977
    2    1  188  368  318    0   20    2    3    0    1338
    2    1  189  369  376    0   24    3    2    0     886
    2    1  190  370  366    0   23    3    2    0    1731
    2    1  191  371  301    0   19    2    2    1    1070
    2    1  192  372  189    0   12    2    2    1     982
    2    1  193  373   17    0    2    1    2    0    1103
    2    1  194  374  162    0   11    2    2    1    1395
    2    1  195  375  306    0   20    2    3    0    1773
    2    1  196  376  283    0   18    2    2    1    1494
    2    1  197  377  386    0   25    3    2    0     699
    2    1  198  378   89    0    6    1    3    0     656
    2    1  199  379  144    0    9    1    3    0    1367
    2    1  200  380   31    0    2    1    2    0    1201
    2    1  201  381  461    0   29    3    2    0    1537
    2    1  202  382  287    0   18    2    1    0    1188
    2    1  203  383   53    1    4    1    1    1    1861
    2    1  204  384  324    0   21    3    2    0    1642
    2    1  205  385  130    0    9    1    1    1    1739
    2    1  206  386  100    0    7    1    2    0    1206
    2    1  207  387  404    0   26    3    2    0    1094
    2    1  208  388   27    0    2    1    2    0    1371
    2    1  209  389  355    0   23    3    2    0    1267
    2    1  210  390  248    0   16    2    1    0    1699
    2    1  211  391  118    0    8    1    2    0    1726
    2    1  212  392  297    0   19    2    1    0    1131
    2    1  213  393   99    0    7    1    2    0     876
    2    1  214  394  188    0   12    2    2    1     907
    2    1  215  395  200    0   13    2    2    1    1400
    2    1  216  396  317    0   20    2    2    1    1232
    2    1  217  397   70    0    5    1    1    1     943
    2    1  218  398  274    0   18    2    2    1    1226
    2    1  219  399  186    0   12    2    1    0    1419
    2    1  220  400  259    0   17    2    2    1     914
    2    1  221  401  439    0   28    3    2    0    1790
    2    1  222  402    7    0    1    1    1    1    2072
    2    1  223  403   49    1    4    1    2    0    1013
    2    1  224  404  201    1   13    2    2    1    1326
    2    1  225  405  370    0   24    3    2    0    1161
    2    1  226  406  127    0    8    1    1    1    1916
    2    1  227  407   90    0    6    1    3    0    1759
    2    1  228  408  257    0   17    2    2    1    2107
    2    1  229  409  256    0   16    2    2    1    1174
    2    1  230  410  195    0   13    2    2    1    1657
    2    1  231  411  452    0   29    3    3    1    1144
    2    1  232  412   95    0    6    1    2    0    2059
    2    1  233  413   39    0    3    1    1    1    1226
    2    1  234  414  109    0    7    1    2    0    1065
    2    1  235  415   94    0    6    1    3    0    1167
    2    1  236  416  409    1   26    3    2    0    1265
    2    1  237  417  422    0   27    3    2    0    1825
    2    1  238  418  230    0   15    2    2    1    1320
    2    1  239  419  260    0   17    2    2    1    1348
    2    1  240  420  403    0   26    3    2    0    2383
    2    1  241  421  265    0   17    2    2    1    1312
    2    1  242  422  161    0   11    2    1    0    1340
    2    1  243  423   64    0    4    1    1    1    1672
    2    1  244  424  405    0   26    3    2    0    2774
    2    1  245  425   82    0    6    1    3    0    1160
    2    1  246  426  414    0   26    3    2    0    1306
    2    1  247  427  164    1   11    2    1    0    1911
    2    1  248  428   45    0    3    1    1    1    2314
    2    1  249  429  134    0    9    1    1    1    4127
    2    1  250  430  402    0   26    3    2    0    2027
    2    1  251  431   35    1    3    1    1    1    1067
    2    1  252  432  326    1   21    3    2    0    1393
    2    1  253  433  113    0    8    1    1    1    2266
    2    1  254  434   42    0    3    1    1    1    1664
    2    1  255  435  333    0   21    3    3    1    1582
    2    1  256  436  434    0   28    3    2    0    1119
    2    1  257  437  468    0   30    3    3    1    1187
    2    1  258  438  119    0    8    1    1    1    1460
    2    1  259  439  437    0   28    3    2    0    1675
    2    1  260  440  196    0   13    2    2    1    1208
    2    1  261  441  308    0   20    2    3    0    1673
    2    1  262  442  411    1   26    3    2    0    1543
    2    1  263  443  299    0   19    2    2    1    1994
    2    1  264  444  383    0   24    3    2    0    1035
    2    1  265  445  338    0   22    3    2    0     931
    2    1  266  446  219    1   14    2    2    1    1565
    2    1  267  447  382    0   24    3    2    0    1535
    2    1  268  448  425    0   27    3    2    0    1394
    2    1  269  449   24    0    2    1    2    0    1116
    2    1  270  450  251    0   16    2    2    1     927
    2    1  271  451    6    1    1    1    1    1    1034
    2    1  272  452  449    0   29    3    2    0    1554
    2    1  273  453  220    0   14    2    3    0    1652
    2    1  274  454  163    0   11    2    2    1    2003
    2    1  275  455  218    0   14    2    2    1    1380
    2    1  276  456  375    0   24    3    2    0    1133
    2    1  277  457  187    0   12    2    3    0    1263
    2    1  278  458  420    0   27    3    2    0    1887
    2    1  279  459  345    0   22    3    3    1     963
    2    1  280  460  168    0   11    2    2    1    1662
    2    1  281  461   43    0    3    1    1    1    1180
    2    1  282  462  204    0   13    2    2    1    1102
    2    1  283  463  206    0   13    2    2    1    1043
    2    1  284  464  232    0   15    2    2    1    1850
    2    1  285  465  183    0   12    2    3    0    1040
    2    1  286  466   83    0    6    1    3    0    1112
    2    1  287  467  210    0   14    2    2    1    1452
    2    1  288  468   62    0    4    1    1    1    2115
    2    1  289  469  388    0   25    3    2    0    3375
    2    1  290  470  389    0   25    3    2    0    1129
    2    1  291  471   58    1    4    1    2    0    1852
    2    1  292  472  173    0   11    2    1    0    1378
    2    1  293  473  354    0   23    3    2    0    1212
    2    1  294  474  304    0   19    2    2    1    1964
    2    1  295  475   37    1    3    1    1    1    1278
    2    1  296  476  174    0   11    2    1    0    1836
    2    1  297  477  241    0   16    2    2    1     995
    2    1  298  478  272    1   17    2    2    1    3276
    2    1  299  479  281    0   18    2    2    1    3609
    2    1  300  480    2    0    1    1    1    1    1930
