    1    1    1    1   16    1    1    1    1    1    2176
    1    1    2    2  420    1   27    3    2    0    2636
    1    1    3    3   40    1    3    1    2    0    3448
    1    1    4    4   62    1    4    1    2    0    3234
    1    1    5    5  238    1   15    2    2    1    1462
    1    1    6    6  279    1   18    2    3    0    1696
    1    1    7    7  355    1   23    3    2    0    2337
    1    1    8    8  423    1   27    3    2    0    2216
    1    1    9    9  395    1   25    3    1    0    1221
    1    1   10   10  413    1   26    3    2    0    1641
    1    1   11   11   55    1    4    1    3    0    3452
    1    1   12   12   85    1    6    1    1    1    2054
    1    1   13   13  106    1    7    1    2    0    1993
    1    1   14   14  111    1    7    1    3    0    1310
    1    1   15   15  376    1   24    3    3    1    3231
    1    1   16   16  455    1   29    3    2    0    2146
    1    1   17   17  381    1   24    3    3    1   11136
    1    1   18   18  297    1   19    2    1    0     935
    1    1   19   19  471    1   30    3    3    1    4342
    1    1   20   20  272    1   17    2    2    1    2766
    1    1   21   21   73    1    5    1    1    1    1556
    1    1   22   22  339    1   22    3    3    1    1979
    1    1   23   23  115    1    8    1    2    0    3809
    1    1   24   24  327    1   21    3    2    0    3741
    1    1   25   25  456    1   29    3    3    1    4909
    1    1   26   26  170    1   11    2    1    0    3117
    1    1   27   27  250    1   16    2    3    0    1749
    1    1   28   28  190    1   12    2    1    0    1588
    1    1   29   29  306    1   20    2    3    0    2282
    1    1   30   30  241    1   16    2    2    1    2947
    1    1   31   31  443    1   28    3    2    0    4691
    1    1   32   32  195    1   13    2    2    1    2892
    1    1   33   33  215    1   14    2    2    1    2925
    1    1   34   34  203    1   13    2    2    1    2157
    1    1   35   35  465    1   30    3    3    1    1004
    1    1   36   36  293    1   19    2    2    1    2553
    1    1   37   37  163    1   11    2    2    1    2936
    1    1   38   38  308    1   20    2    3    0    1110
    1    1   39   39  224    1   14    2    2    1    4576
    1    1   40   40  229    1   15    2    3    0    2269
    1    1   41   41   72    1    5    1    1    1    1975
    1    1   42   42  146    1   10    1    2    0    1982
    1    1   43   43  397    1   25    3    3    1    1587
    1    1   44   44   17    1    2    1    3    0    6441
    1    1   45   45  135    1    9    1    1    1    1884
    1    1   46   46   96    1    6    1    1    1    1333
    1    1   47   47  330    1   21    3    1    0    4709
    1    1   48   48  136    1    9    1    1    1    3485
    1    1   49   49   31    1    2    1    3    0    3462
    1    1   50   50  359    1   23    3    3    1    4353
    1    1   51   51   34    1    3    1    2    0    2696
    1    1   52   52  278    1   18    2    2    1    2961
    1    1   53   53  186    1   12    2    1    0    1120
    1    1   54   54    7    1    1    1    1    1    4680
    1    1   55   55  125    1    8    1    2    0    4738
    1    1   56   56  405    1   26    3    3    1    3001
    1    1   57   57  148    1   10    1    1    1    3350
    1    1   58   58  337    1   22    3    3    1    5477
    1    1   59   59  267    1   17    2    2    1    1230
    1    1   60   60  446    1   28    3    3    1    5634
    1    2    1   61  327    1   21    3    2    0    6629
    1    2    2   62   73    1    5    1    1    1    1729
    1    2    3   63    7    1    1    1    1    1    1073
    1    2    4   64  106    1    7    1    1    1    3867
    1    2    5   65   31    1    2    1    1    1    1461
    1    2    6   66   72    1    5    1    1    1    1232
    1    2    7   67  359    1   23    3    3    1    2275
    1    2    8   68  111    1    7    1    2    0    1469
    1    2    9   69  190    1   12    2    2    1    5384
    1    2   10   70  146    1   10    1    1    1    1989
    1    2   11   71  267    1   17    2    3    0    3178
    1    2   12   72  397    1   25    3    3    1    1616
    1    2   13   73  413    1   26    3    3    1    1652
    1    2   14   74  355    1   23    3    3    1    3399
    1    2   15   75  186    1   12    2    2    1    2164
    1    2   16   76  471    1   30    3    3    1    3777
    1    2   17   77   34    1    3    1    1    1    1008
    1    2   18   78  170    1   11    2    1    0    1100
    1    2   19   79  443    1   28    3    3    1    1830
    1    2   20   80  339    1   22    3    2    0    3873
    1    2   21   81  279    1   18    2    3    0    1275
    1    2   22   82  203    1   13    2    2    1    3949
    1    2   23   83  306    1   20    2    2    1    4468
    1    2   24   84  125    1    8    1    1    1    1175
    1    2   25   85   40    1    3    1    1    1    1245
    1    2   26   86  136    1    9    1    1    1     976
    1    2   27   87  250    1   16    2    2    1    3966
    1    2   28   88  195    1   13    2    2    1    9668
    1    2   29   89  376    1   24    3    3    1    2006
    1    2   30   90   96    1    6    1    1    1    1435
    1    2   31   91  297    1   19    2    2    1    3478
    1    2   32   92  423    1   27    3    3    1    1968
    1    2   33   93   62    1    4    1    2    0    3446
    1    2   34   94  337    1   22    3    3    1     961
    1    2   35   95  115    1    8    1    1    1    2095
    1    2   36   96  241    1   16    2    2    1    1121
    1    2   37   97   16    1    1    1    2    0    2953
    1    2   38   98  465    1   30    3    3    1    1655
    1    2   39   99  455    1   29    3    2    0    1307
    1    2   40  100  420    1   27    3    3    1    1371
    1    2   41  101  148    1   10    1    1    1    1129
    1    2   42  102   55    1    4    1    2    0    4529
    1    2   43  103  229    1   15    2    3    0    3552
    1    2   44  104  163    1   11    2    2    1    3160
    1    2   45  105  278    1   18    2    2    1    2174
    1    2   46  106  330    1   21    3    2    0    2524
    1    2   47  107   17    1    2    1    3    0    2316
    1    2   48  108  215    1   14    2    2    1    1156
    1    2   49  109   85    1    6    1    1    1    1211
    1    2   50  110  405    1   26    3    3    1    1456
    1    2   51  111  224    1   14    2    2    1    3546
    1    2   52  112  293    1   19    2    2    1    2273
    1    2   53  113  456    1   29    3    3    1    1307
    1    2   54  114  446    1   28    3    3    1     907
    1    2   55  115  395    1   25    3    1    0    1580
    1    2   56  116  238    1   15    2    2    1    3618
    1    2   57  117  308    1   20    2    3    0     919
    1    2   58  118  381    1   24    3    3    1    2694
    1    2   59  119  272    1   17    2    2    1     992
    1    2   60  120  135    1    9    1    1    1     925
    1    3    1  121   96    1    6    1    1    1     909
    1    3    2  122  465    1   30    3    2    0    2366
    1    3    3  123    7    1    1    1    1    1    1124
    1    3    4  124  456    1   29    3    3    1    1196
    1    3    5  125   31    1    2    1    1    1    1922
    1    3    6  126   55    1    4    1    2    0    3449
    1    3    7  127  308    1   20    2    2    1    3364
    1    3    8  128  195    1   13    2    2    1    2546
    1    3    9  129  455    1   29    3    3    1    1537
    1    3   10  130  279    1   18    2    3    0    2441
    1    3   11  131  397    1   25    3    3    1    3755
    1    3   12  132  297    1   19    2    1    0    1163
    1    3   13  133  250    1   16    2    2    1    1473
    1    3   14  134  272    1   17    2    2    1     827
    1    3   15  135  148    1   10    1    1    1     975
    1    3   16  136  413    1   26    3    3    1    1853
    1    3   17  137  190    1   12    2    2    1    1448
    1    3   18  138   40    1    3    1    1    1     962
    1    3   19  139  106    1    7    1    1    1     882
    1    3   20  140  238    1   15    2    2    1    2451
    1    3   21  141  203    1   13    2    2    1    1942
    1    3   22  142  306    1   20    2    2    1    2654
    1    3   23  143  125    1    8    1    1    1     856
    1    3   24  144  355    1   23    3    3    1    1468
    1    3   25  145  146    1   10    1    1    1    1429
    1    3   26  146   73    1    5    1    1    1    2002
    1    3   27  147  267    1   17    2    2    1     966
    1    3   28  148  163    1   11    2    2    1    1204
    1    3   29  149  215    1   14    2    2    1    2985
    1    3   30  150  278    1   18    2    2    1    1015
    1    3   31  151   62    1    4    1    2    0    1667
    1    3   32  152   85    1    6    1    1    1     900
    1    3   33  153  443    1   28    3    3    1    1269
    1    3   34  154  229    1   15    2    2    1    5030
    1    3   35  155   17    1    2    1    2    0    2003
    1    3   36  156  293    1   19    2    2    1    1111
    1    3   37  157  241    1   16    2    2    1    1040
    1    3   38  158  381    1   24    3    3    1    1035
    1    3   39  159  224    1   14    2    2    1    1559
    1    3   40  160  186    1   12    2    2    1    1181
    1    3   41  161  446    1   28    3    3    1     803
    1    3   42  162  135    1    9    1    1    1    1688
    1    3   43  163  420    1   27    3    3    1     857
    1    3   44  164  337    1   22    3    3    1     700
    1    3   45  165  111    1    7    1    1    1    4021
    1    3   46  166   34    1    3    1    1    1    2216
    1    3   47  167  405    1   26    3    3    1    1173
    1    3   48  168  339    1   22    3    3    1    1962
    1    3   49  169  471    1   30    3    3    1    4321
    1    3   50  170  327    1   21    3    2    0    5097
    1    3   51  171  359    1   23    3    3    1     930
    1    3   52  172  136    1    9    1    1    1     897
    1    3   53  173   16    1    1    1    1    1    2210
    1    3   54  174  330    1   21    3    2    0    1454
    1    3   55  175  395    1   25    3    3    1    2089
    1    3   56  176  376    1   24    3    3    1    1145
    1    3   57  177  115    1    8    1    1    1    1009
    1    3   58  178  423    1   27    3    3    1    1885
    1    3   59  179  170    1   11    2    2    1    4167
    1    3   60  180   72    1    5    1    1    1    1045
    2    1    1  181  366    0   23    3    3    1    2214
    2    1    2  182  460    0   29    3    3    1    1213
    2    1    3  183  369    0   24    3    3    1    2653
    2    1    4  184  472    0   30    3    2    0    1156
    2    1    5  185  273    0   18    2    2    1    2775
    2    1    6  186  388    0   25    3    1    0    6121
    2    1    7  187   13    0    1    1    1    1   16069
    2    1    8  188  112    0    7    1    1    1    4407
    2    1    9  189  102    0    7    1    2    0    3912
    2    1   10  190  169    0   11    2    2    1    3181
    2    1   11  191  339    1   22    3    3    1     798
    2    1   12  192  304    0   19    2    2    1     863
    2    1   13  193  332    0   21    3    2    0    3885
    2    1   14  194  395    1   25    3    3    1    1107
    2    1   15  195   76    0    5    1    1    1     999
    2    1   16  196   59    0    4    1    2    0    3952
    2    1   17  197  320    0   20    2    3    0     802
    2    1   18  198  384    0   24    3    3    1    1139
    2    1   19  199   86    0    6    1    1    1    1366
    2    1   20  200   42    0    3    1    2    0    5584
    2    1   21  201  317    0   20    2    3    0    5057
    2    1   22  202  268    0   17    2    2    1     777
    2    1   23  203  448    0   28    3    3    1    5051
    2    1   24  204    2    0    1    1    1    1    1570
    2    1   25  205  362    0   23    3    3    1    1411
    2    1   26  206  142    0    9    1    1    1     796
    2    1   27  207  172    0   11    2    1    0    2462
    2    1   28  208   67    0    5    1    1    1     876
    2    1   29  209    6    0    1    1    2    0     778
    2    1   30  210  380    0   24    3    3    1    1244
    2    1   31  211  161    0   11    2    1    0    3916
    2    1   32  212  237    0   15    2    3    0    2847
    2    1   33  213  409    0   26    3    3    1     814
    2    1   34  214  146    1   10    1    1    1    1230
    2    1   35  215  309    0   20    2    3    0     878
    2    1   36  216  106    1    7    1    1    1     748
    2    1   37  217   34    1    3    1    1    1    3294
    2    1   38  218   93    0    6    1    1    1    1948
    2    1   39  219  218    0   14    2    3    0    2030
    2    1   40  220  118    0    8    1    1    1    1117
    2    1   41  221  249    0   16    2    2    1    1985
    2    1   42  222  223    0   14    2    2    1    1378
    2    1   43  223  235    0   15    2    1    0    1357
    2    1   44  224   11    0    1    1    3    0    4487
    2    1   45  225  312    0   20    2    3    0     613
    2    1   46  226  425    0   27    3    3    1    4510
    2    1   47  227   84    0    6    1    1    1     634
    2    1   48  228  286    0   18    2    3    0    3377
    2    1   49  229  228    0   15    2    2    1    6299
    2    1   50  230  224    1   14    2    2    1    1104
    2    1   51  231  419    0   27    3    2    0    2373
    2    1   52  232  428    0   27    3    3    1    6886
    2    1   53  233  295    0   19    2    2    1    3924
    2    1   54  234  157    0   10    1    3    0    3161
    2    1   55  235  426    0   27    3    3    1    6635
    2    1   56  236   73    1    5    1    1    1    1314
    2    1   57  237  364    0   23    3    2    0    1262
    2    1   58  238  230    0   15    2    2    1    1885
    2    1   59  239  108    0    7    1    2    0    2259
    2    1   60  240   37    0    3    1    1    1     809
    2    1   61  241  278    1   18    2    1    0     153
    2    1   62  242  417    0   27    3    2    0    3240
    2    1   63  243  276    0   18    2    2    1     999
    2    1   64  244  188    0   12    2    1    0    1967
    2    1   65  245  138    0    9    1    1    1     899
    2    1   66  246   53    0    4    1    2    0     815
    2    1   67  247  423    1   27    3    3    1    2287
    2    1   68  248  343    0   22    3    3    1    1669
    2    1   69  249  127    0    8    1    1    1     866
    2    1   70  250  264    0   17    2    2    1     864
    2    1   71  251  480    0   30    3    3    1    1102
    2    1   72  252  170    1   11    2    2    1    1555
    2    1   73  253    8    0    1    1    2    0    1062
    2    1   74  254  185    0   12    2    1    0     748
    2    1   75  255  246    0   16    2    2    1     927
    2    1   76  256  302    0   19    2    2    1     795
    2    1   77  257  473    0   30    3    2    0     925
    2    1   78  258  331    0   21    3    2    0    1017
    2    1   79  259  145    0   10    1    1    1     656
    2    1   80  260  184    0   12    2    1    0     630
    2    1   81  261  217    0   14    2    3    0    2286
    2    1   82  262  398    0   25    3    3    1     659
    2    1   83  263  443    1   28    3    3    1     570
    2    1   84  264   22    0    2    1    2    0    1492
    2    1   85  265  159    0   10    1    3    0     858
    2    1   86  266  265    0   17    2    2    1     759
    2    1   87  267  461    0   29    3    3    1     795
    2    1   88  268  348    0   22    3    3    1    1196
    2    1   89  269  373    0   24    3    3    1     862
    2    1   90  270  271    0   17    2    2    1    1180
    2    1   91  271    3    0    1    1    3    0    1917
    2    1   92  272   32    0    2    1    1    1    1633
    2    1   93  273   20    0    2    1    2    0    3376
    2    1   94  274  351    0   22    3    3    1    1227
    2    1   95  275  256    0   16    2    2    1     987
    2    1   96  276  168    0   11    2    1    0    2851
    2    1   97  277  222    0   14    2    2    1    3875
    2    1   98  278  154    0   10    1    2    0    4745
    2    1   99  279  283    0   18    2    3    0    1228
    2    1  100  280  258    0   17    2    2    1    2155
    2    1  101  281  143    0    9    1    1    1    1127
    2    1  102  282  109    0    7    1    1    1    1050
    2    1  103  283  245    0   16    2    2    1     881
    2    1  104  284   36    0    3    1    1    1    6782
    2    1  105  285  252    0   16    2    3    0    1968
    2    1  106  286   64    0    4    1    3    0    2866
    2    1  107  287  240    0   15    2    2    1    1328
    2    1  108  288  354    0   23    3    3    1     828
    2    1  109  289  306    1   20    2    2    1    2397
    2    1  110  290  284    0   18    2    3    0    1885
    2    1  111  291  239    0   15    2    2    1    1027
    2    1  112  292  463    0   29    3    1    0    1227
    2    1  113  293  241    1   16    2    2    1     779
    2    1  114  294  259    0   17    2    2    1     765
    2    1  115  295  459    0   29    3    1    0    5359
    2    1  116  296  391    0   25    3    3    1    3834
    2    1  117  297   38    0    3    1    1    1     961
    2    1  118  298  191    0   12    2    1    0     860
    2    1  119  299  120    0    8    1    1    1    1034
    2    1  120  300   55    1    4    1    3    0    5586
    2    1  121  301  133    0    9    1    1    1     883
    2    1  122  302   58    0    4    1    2    0     992
    2    1  123  303  315    0   20    2    3    0    2025
    2    1  124  304   49    0    4    1    2    0     841
    2    1  125  305  135    1    9    1    1    1     680
    2    1  126  306  288    0   18    2    2    1    3198
    2    1  127  307  219    0   14    2    3    0    2207
    2    1  128  308  358    0   23    3    3    1     711
    2    1  129  309   12    0    1    1    1    1    1004
    2    1  130  310   35    0    3    1    2    0    1397
    2    1  131  311  433    0   28    3    3    1    1245
    2    1  132  312  229    1   15    2    2    1    1436
    2    1  133  313  318    0   20    2    2    1    2676
    2    1  134  314   63    0    4    1    3    0    2298
    2    1  135  315  336    0   21    3    1    0    1023
    2    1  136  316   27    0    2    1    1    1     839
    2    1  137  317  123    0    8    1    1    1     934
    2    1  138  318  177    0   12    2    1    0    2064
    2    1  139  319  408    0   26    3    3    1    1055
    2    1  140  320  416    0   26    3    3    1     774
    2    1  141  321  251    0   16    2    2    1     648
    2    1  142  322  316    0   20    2    3    0     784
    2    1  143  323  156    0   10    1    1    1    1825
    2    1  144  324  376    1   24    3    3    1     665
    2    1  145  325  163    1   11    2    2    1    1839
    2    1  146  326   44    0    3    1    1    1     742
    2    1  147  327  403    0   26    3    3    1     825
    2    1  148  328   89    0    6    1    1    1     712
    2    1  149  329  121    0    8    1    1    1    3292
    2    1  150  330  192    0   12    2    1    0    1034
    2    1  151  331  147    0   10    1    2    0     770
    2    1  152  332  445    0   28    3    3    1    1891
    2    1  153  333  263    0   17    2    3    0    5558
    2    1  154  334  326    0   21    3    2    0    4410
    2    1  155  335  442    0   28    3    3    1     748
    2    1  156  336  196    0   13    2    2    1    4238
    2    1  157  337  375    0   24    3    3    1     709
    2    1  158  338  350    0   22    3    3    1    2650
    2    1  159  339  402    0   26    3    3    1    1280
    2    1  160  340  451    0   29    3    1    0    7294
    2    1  161  341  139    0    9    1    1    1     864
    2    1  162  342   29    0    2    1    2    0    2717
    2    1  163  343  361    0   23    3    3    1    1136
    2    1  164  344  114    0    8    1    1    1     980
    2    1  165  345  462    0   29    3    3    1     732
    2    1  166  346  203    1   13    2    2    1     817
    2    1  167  347  432    0   27    3    3    1     961
    2    1  168  348  396    0   25    3    3    1     715
    2    1  169  349  405    1   26    3    3    1     719
    2    1  170  350   82    0    6    1    1    1     756
    2    1  171  351   74    0    5    1    1    1     774
    2    1  172  352  420    1   27    3    3    1     792
    2    1  173  353  324    0   21    3    2    0     873
    2    1  174  354  329    0   21    3    1    0    1175
    2    1  175  355  371    0   24    3    3    1     793
    2    1  176  356  322    0   21    3    1    0    1194
    2    1  177  357  175    0   11    2    2    1    3499
    2    1  178  358   46    0    3    1    1    1    1232
    2    1  179  359  287    0   18    2    3    0    5248
    2    1  180  360  353    0   23    3    3    1     862
    2    1  181  361   26    0    2    1    3    0    2909
    2    1  182  362  327    1   21    3    3    1    2553
    2    1  183  363  254    0   16    2    2    1     948
    2    1  184  364  392    0   25    3    1    0    1135
    2    1  185  365  201    0   13    2    2    1     850
    2    1  186  366  393    0   25    3    3    1    3008
    2    1  187  367  289    0   19    2    3    0    3033
    2    1  188  368   25    0    2    1    3    0    5105
    2    1  189  369  333    0   21    3    2    0    1462
    2    1  190  370  413    1   26    3    3    1     605
    2    1  191  371  272    1   17    2    2    1     821
    2    1  192  372  397    1   25    3    3    1    2469
    2    1  193  373  103    0    7    1    1    1    1555
    2    1  194  374  357    0   23    3    3    1    1062
    2    1  195  375  430    0   27    3    3    1     780
    2    1  196  376   43    0    3    1    1    1     910
    2    1  197  377  226    0   15    2    3    0     634
    2    1  198  378  227    0   15    2    3    0     673
    2    1  199  379  360    0   23    3    3    1    1143
    2    1  200  380  386    0   25    3    2    0    3306
    2    1  201  381  189    0   12    2    2    1     888
    2    1  202  382  277    0   18    2    2    1    3284
    2    1  203  383  126    0    8    1    1    1    1425
    2    1  204  384   78    0    5    1    1    1     697
    2    1  205  385   31    1    2    1    1    1    1518
    2    1  206  386  299    0   19    2    1    0     930
    2    1  207  387  475    0   30    3    3    1    2462
    2    1  208  388  129    0    9    1    1    1     700
    2    1  209  389  202    0   13    2    2    1     737
    2    1  210  390  359    1   23    3    3    1     692
    2    1  211  391  242    0   16    2    2    1     921
    2    1  212  392  457    0   29    3    3    1     710
    2    1  213  393  282    0   18    2    2    1    1659
    2    1  214  394   40    1    3    1    1    1     696
    2    1  215  395  261    0   17    2    3    0     830
    2    1  216  396  412    0   26    3    3    1    1805
    2    1  217  397  210    0   14    2    3    0    2038
    2    1  218  398  100    0    7    1    1    1    1718
    2    1  219  399  382    0   24    3    3    1    1120
    2    1  220  400  310    0   20    2    3    0    5477
    2    1  221  401  104    0    7    1    1    1    1163
    2    1  222  402  181    0   12    2    1    0    1789
    2    1  223  403  313    0   20    2    3    0    1623
    2    1  224  404   23    0    2    1    1    1     774
    2    1  225  405   14    0    1    1    1    1    1096
    2    1  226  406  452    0   29    3    3    1     733
    2    1  227  407   33    0    3    1    2    0    1057
    2    1  228  408  436    0   28    3    3    1     807
    2    1  229  409  334    0   21    3    2    0    3128
    2    1  230  410  193    0   13    2    2    1     779
    2    1  231  411  275    0   18    2    2    1     845
    2    1  232  412   69    0    5    1    2    0    1693
    2    1  233  413  437    0   28    3    3    1    2890
    2    1  234  414  195    1   13    2    2    1     935
    2    1  235  415   80    0    5    1    2    0    1683
    2    1  236  416  474    0   30    3    2    0    2064
    2    1  237  417  166    0   11    2    2    1    1038
    2    1  238  418    7    1    1    1    1    1     998
    2    1  239  419  221    0   14    2    3    0    5646
    2    1  240  420  209    0   14    2    2    1    1341
    2    1  241  421   24    0    2    1    3    0    2520
    2    1  242  422  270    0   17    2    1    0    4019
    2    1  243  423   41    0    3    1    1    1     788
    2    1  244  424  477    0   30    3    2    0    2421
    2    1  245  425    1    0    1    1    2    0    1829
    2    1  246  426   66    0    5    1    1    1     733
    2    1  247  427  344    0   22    3    3    1     944
    2    1  248  428  220    0   14    2    2    1     828
    2    1  249  429  262    0   17    2    2    1     764
    2    1  250  430   72    1    5    1    1    1     894
    2    1  251  431   50    0    4    1    2    0     971
    2    1  252  432  479    0   30    3    2    0    2614
    2    1  253  433  165    0   11    2    2    1    1837
    2    1  254  434  293    1   19    2    2    1     692
    2    1  255  435  414    0   26    3    3    1    1146
    2    1  256  436  144    0    9    1    1    1     860
    2    1  257  437  176    0   11    2    2    1     923
    2    1  258  438  274    0   18    2    3    0    1240
    2    1  259  439    5    0    1    1    3    0    1158
    2    1  260  440   28    0    2    1    1    1    1066
    2    1  261  441  456    1   29    3    3    1     800
    2    1  262  442  303    0   19    2    2    1    1984
    2    1  263  443  297    1   19    2    1    0    4033
    2    1  264  444  232    0   15    2    3    0     689
    2    1  265  445  280    0   18    2    2    1     997
    2    1  266  446  429    0   27    3    3    1     959
    2    1  267  447  449    0   29    3    3    1     746
    2    1  268  448  132    0    9    1    1    1     717
    2    1  269  449  431    0   27    3    3    1     721
    2    1  270  450  447    0   28    3    3    1     677
    2    1  271  451  374    0   24    3    2    0     827
    2    1  272  452  422    0   27    3    3    1    1387
    2    1  273  453  253    0   16    2    1    0    2948
    2    1  274  454  173    0   11    2    3    0    3567
    2    1  275  455  404    0   26    3    3    1    1025
    2    1  276  456  215    1   14    2    2    1    2712
    2    1  277  457   10    0    1    1    1    1    2414
    2    1  278  458  183    0   12    2    1    0    1485
    2    1  279  459  338    0   22    3    3    1     739
    2    1  280  460  454    0   29    3    3    1     967
    2    1  281  461   81    0    6    1    1    1    2480
    2    1  282  462  204    0   13    2    2    1    1597
    2    1  283  463  101    0    7    1    2    0    4350
    2    1  284  464  119    0    8    1    1    1    1313
    2    1  285  465  130    0    9    1    1    1     830
    2    1  286  466  352    0   22    3    3    1     813
    2    1  287  467   17    1    2    1    2    0    2141
    2    1  288  468  279    1   18    2    3    0    1113
    2    1  289  469  122    0    8    1    1    1     861
    2    1  290  470  216    0   14    2    2    1    1692
    2    1  291  471  186    1   12    2    2    1     810
    2    1  292  472  389    0   25    3    3    1     890
    2    1  293  473  234    0   15    2    3    0    1591
    2    1  294  474  400    0   25    3    1    0    1240
    2    1  295  475   83    0    6    1    1    1    3191
    2    1  296  476   91    0    6    1    1    1     759
    2    1  297  477  124    0    8    1    1    1     827
    2    1  298  478   15    0    1    1    2    0     795
    2    1  299  479   92    0    6    1    1    1     893
    2    1  300  480  434    0   28    3    2    0     858
