    1    1    1    1  420    1   27    3    3    1    5907
    1    1    2    2   85    1    6    1    1    1    4677
    1    1    3    3  465    1   30    3    2    0    2577
    1    1    4    4  423    1   27    3    2    0    4548
    1    1    5    5  190    1   12    2    1    0    2353
    1    1    6    6  135    1    9    1    2    0    7226
    1    1    7    7  405    1   26    3    3    1   15319
    1    1    8    8  267    1   17    2    1    0    3017
    1    1    9    9  148    1   10    1    2    0    3663
    1    1   10   10  456    1   29    3    2    0    3907
    1    1   11   11  293    1   19    2    1    0    3182
    1    1   12   12  443    1   28    3    3    1    5011
    1    1   13   13  413    1   26    3    2    0    6466
    1    1   14   14  355    1   23    3    2    0    6457
    1    1   15   15  195    1   13    2    1    0    6419
    1    1   16   16  330    1   21    3    3    1    6354
    1    1   17   17  278    1   18    2    1    0    4529
    1    1   18   18   73    1    5    1    3    0    3120
    1    1   19   19  163    1   11    2    1    0    2349
    1    1   20   20   17    1    2    1    3    0    3217
    1    1   21   21  250    1   16    2    1    0    6745
    1    1   22   22  337    1   22    3    2    0    2602
    1    1   23   23  146    1   10    1    2    0   22604
    1    1   24   24  115    1    8    1    2    0    2500
    1    1   25   25  224    1   14    2    2    1    1433
    1    1   26   26  238    1   15    2    3    0    4281
    1    1   27   27  272    1   17    2    1    0   12013
    1    1   28   28  241    1   16    2    1    0   10539
    1    1   29   29  111    1    7    1    1    1    2043
    1    1   30   30   34    1    3    1    2    0    3303
    1    1   31   31  455    1   29    3    1    0    2742
    1    1   32   32  106    1    7    1    2    0    4656
    1    1   33   33  297    1   19    2    2    1    2635
    1    1   34   34  229    1   15    2    3    0    1867
    1    1   35   35  376    1   24    3    1    0   20640
    1    1   36   36  279    1   18    2    2    1    2756
    1    1   37   37   72    1    5    1    1    1    2264
    1    1   38   38  339    1   22    3    3    1    3439
    1    1   39   39   31    1    2    1    3    0    1375
    1    1   40   40  203    1   13    2    1    0    2201
    1    1   41   41  306    1   20    2    1    0    4239
    1    1   42   42  215    1   14    2    1    0    1221
    1    1   43   43  125    1    8    1    1    1    1553
    1    1   44   44  327    1   21    3    2    0    2949
    1    1   45   45  359    1   23    3    1    0    3024
    1    1   46   46   96    1    6    1    3    0    8616
    1    1   47   47  136    1    9    1    2    0    2403
    1    1   48   48  381    1   24    3    1    0    7303
    1    1   49   49  395    1   25    3    2    0    5445
    1    1   50   50   55    1    4    1    2    0    7879
    1    1   51   51   62    1    4    1    1    1    2665
    1    1   52   52  471    1   30    3    3    1    4734
    1    1   53   53  308    1   20    2    2    1    2133
    1    1   54   54  170    1   11    2    1    0    2730
    1    1   55   55   16    1    1    1    2    0    3166
    1    1   56   56  186    1   12    2    3    0    1562
    1    1   57   57  397    1   25    3    3    1    1727
    1    1   58   58  446    1   28    3    1    0    1629
    1    1   59   59   40    1    3    1    1    1   14187
    1    1   60   60    7    1    1    1    3    0    5642
    1    2    1   61  327    1   21    3    3    1    2171
    1    2    2   62  215    1   14    2    2    1    3083
    1    2    3   63  308    1   20    2    1    0    4639
    1    2    4   64  136    1    9    1    3    0    6448
    1    2    5   65  203    1   13    2    1    0    1488
    1    2    6   66   55    1    4    1    3    0    2965
    1    2    7   67  423    1   27    3    2    0   26939
    1    2    8   68  465    1   30    3    2    0    1918
    1    2    9   69    7    1    1    1    2    0    1469
    1    2   10   70  170    1   11    2    2    1    1308
    1    2   11   71  190    1   12    2    3    0    1523
    1    2   12   72  238    1   15    2    1    0    1760
    1    2   13   73   72    1    5    1    1    1    3109
    1    2   14   74  395    1   25    3    1    0    2240
    1    2   15   75  148    1   10    1    3    0    1733
    1    2   16   76  456    1   29    3    1    0    8724
    1    2   17   77  125    1    8    1    2    0    2393
    1    2   18   78  339    1   22    3    2    0    2562
    1    2   19   79  446    1   28    3    1    0    2098
    1    2   20   80  106    1    7    1    2    0    2382
    1    2   21   81  297    1   19    2    3    0    2789
    1    2   22   82  397    1   25    3    3    1    1726
    1    2   23   83  229    1   15    2    2    1    1980
    1    2   24   84  381    1   24    3    1    0    1451
    1    2   25   85   96    1    6    1    1    1    1509
    1    2   26   86  337    1   22    3    1    0    1408
    1    2   27   87  376    1   24    3    1    0    1057
    1    2   28   88  146    1   10    1    2    0    2776
    1    2   29   89   73    1    5    1    3    0     684
    1    2   30   90   17    1    2    1    3    0    2972
    1    2   31   91  405    1   26    3    3    1    1790
    1    2   32   92   16    1    1    1    1    1    4802
    1    2   33   93  250    1   16    2    1    0    2215
    1    2   34   94  279    1   18    2    3    0    2410
    1    2   35   95  267    1   17    2    2    1    1650
    1    2   36   96  455    1   29    3    1    0    1817
    1    2   37   97  135    1    9    1    2    0    1465
    1    2   38   98  420    1   27    3    3    1    1707
    1    2   39   99  241    1   16    2    1    0    1800
    1    2   40  100  413    1   26    3    3    1    1508
    1    2   41  101  278    1   18    2    1    0    2002
    1    2   42  102  186    1   12    2    2    1    2014
    1    2   43  103  471    1   30    3    2    0    1330
    1    2   44  104   85    1    6    1    1    1    1190
    1    2   45  105   31    1    2    1    3    0    1980
    1    2   46  106  163    1   11    2    2    1    2014
    1    2   47  107   34    1    3    1    1    1    1014
    1    2   48  108  111    1    7    1    2    0    5419
    1    2   49  109  443    1   28    3    3    1    1116
    1    2   50  110  272    1   17    2    3    0    1782
    1    2   51  111  330    1   21    3    3    1    1957
    1    2   52  112   40    1    3    1    1    1    1246
    1    2   53  113  355    1   23    3    3    1    1224
    1    2   54  114  306    1   20    2    3    0     911
    1    2   55  115  293    1   19    2    3    0    1621
    1    2   56  116   62    1    4    1    1    1    1880
    1    2   57  117  115    1    8    1    1    1    1141
    1    2   58  118  359    1   23    3    3    1     906
    1    2   59  119  195    1   13    2    2    1    3006
    1    2   60  120  224    1   14    2    2    1    2267
    1    3    1  121  330    1   21    3    3    1    3267
    1    3    2  122   40    1    3    1    1    1    1480
    1    3    3  123  195    1   13    2    2    1    1426
    1    3    4  124   73    1    5    1    1    1    2759
    1    3    5  125  413    1   26    3    3    1    2425
    1    3    6  126   55    1    4    1    1    1    1739
    1    3    7  127  115    1    8    1    1    1    1170
    1    3    8  128   62    1    4    1    1    1    1284
    1    3    9  129  308    1   20    2    2    1    2511
    1    3   10  130  272    1   17    2    2    1    2166
    1    3   11  131  278    1   18    2    2    1    1883
    1    3   12  132  267    1   17    2    2    1    2442
    1    3   13  133   31    1    2    1    2    0    2194
    1    3   14  134  355    1   23    3    3    1    4871
    1    3   15  135  148    1   10    1    3    0    1533
    1    3   16  136  293    1   19    2    3    0    1678
    1    3   17  137  456    1   29    3    3    1    1826
    1    3   18  138  203    1   13    2    2    1    1898
    1    3   19  139  186    1   12    2    2    1    1135
    1    3   20  140  241    1   16    2    2    1    1501
    1    3   21  141  163    1   11    2    2    1    1752
    1    3   22  142  136    1    9    1    1    1    1814
    1    3   23  143  125    1    8    1    1    1    3717
    1    3   24  144  397    1   25    3    3    1    2935
    1    3   25  145  423    1   27    3    3    1    3442
    1    3   26  146  405    1   26    3    3    1    3051
    1    3   27  147  135    1    9    1    1    1    1702
    1    3   28  148  376    1   24    3    1    0    2481
    1    3   29  149  337    1   22    3    3    1    1854
    1    3   30  150  359    1   23    3    3    1    1442
    1    3   31  151  471    1   30    3    3    1    2171
    1    3   32  152  327    1   21    3    3    1    1925
    1    3   33  153  170    1   11    2    1    0    1811
    1    3   34  154  111    1    7    1    2    0    1536
    1    3   35  155  306    1   20    2    2    1    1471
    1    3   36  156  279    1   18    2    3    0    1901
    1    3   37  157  455    1   29    3    2    0    1665
    1    3   38  158  106    1    7    1    2    0    1977
    1    3   39  159  229    1   15    2    2    1    2792
    1    3   40  160  297    1   19    2    3    0    3907
    1    3   41  161  238    1   15    2    3    0    6892
    1    3   42  162  190    1   12    2    3    0    3259
    1    3   43  163  339    1   22    3    1    0    2643
    1    3   44  164  446    1   28    3    3    1    2922
    1    3   45  165   72    1    5    1    1    1    1481
    1    3   46  166   17    1    2    1    3    0    3106
    1    3   47  167  465    1   30    3    3    1    4772
    1    3   48  168   16    1    1    1    1    1    1663
    1    3   49  169  224    1   14    2    3    0    4963
    1    3   50  170  443    1   28    3    3    1    1723
    1    3   51  171  250    1   16    2    2    1    2519
    1    3   52  172   34    1    3    1    1    1    1642
    1    3   53  173  395    1   25    3    2    0    4400
    1    3   54  174   85    1    6    1    1    1    1403
    1    3   55  175    7    1    1    1    1    1    1178
    1    3   56  176  215    1   14    2    2    1    2436
    1    3   57  177   96    1    6    1    3    0    4035
    1    3   58  178  146    1   10    1    1    1    2034
    1    3   59  179  381    1   24    3    3    1    2794
    1    3   60  180  420    1   27    3    3    1    2590
    2    1    1  181    8    0    1    1    3    0    5563
    2    1    2  182  377    0   24    3    3    1    2600
    2    1    3  183  125    1    8    1    1    1    5917
    2    1    4  184  351    0   22    3    3    1    2082
    2    1    5  185   63    0    4    1    2    0    1640
    2    1    6  186   76    0    5    1    3    0    3960
    2    1    7  187  196    0   13    2    2    1    1694
    2    1    8  188  382    0   24    3    3    1    1689
    2    1    9  189  303    0   19    2    3    0   10153
    2    1   10  190  309    0   20    2    3    0    2467
    2    1   11  191  279    1   18    2    3    0    1453
    2    1   12  192  478    0   30    3    3    1    1071
    2    1   13  193  477    0   30    3    3    1     804
    2    1   14  194   74    0    5    1    3    0    4224
    2    1   15  195  191    0   12    2    3    0    3570
    2    1   16  196  466    0   30    3    3    1    1200
    2    1   17  197  232    0   15    2    3    0    1542
    2    1   18  198  129    0    9    1    1    1    1408
    2    1   19  199   42    0    3    1    1    1    1283
    2    1   20  200  225    0   15    2    3    0    2435
    2    1   21  201  287    0   18    2    2    1    2796
    2    1   22  202  414    0   26    3    3    1    1603
    2    1   23  203  136    1    9    1    1    1    1369
    2    1   24  204   69    0    5    1    3    0    1940
    2    1   25  205  459    0   29    3    3    1    2268
    2    1   26  206  326    0   21    3    3    1    1516
    2    1   27  207  281    0   18    2    2    1    3933
    2    1   28  208   38    0    3    1    3    0    1828
    2    1   29  209  213    0   14    2    3    0    1378
    2    1   30  210  404    0   26    3    3    1    2254
    2    1   31  211  428    0   27    3    3    1    2308
    2    1   32  212    3    0    1    1    1    1    2968
    2    1   33  213  218    0   14    2    2    1    2853
    2    1   34  214  473    0   30    3    3    1    2710
    2    1   35  215  222    0   14    2    3    0    2408
    2    1   36  216   22    0    2    1    3    0    1010
    2    1   37  217  421    0   27    3    3    1    1444
    2    1   38  218  269    0   17    2    2    1    2022
    2    1   39  219  234    0   15    2    3    0    1501
    2    1   40  220    1    0    1    1    1    1    1236
    2    1   41  221  438    0   28    3    3    1    1047
    2    1   42  222   79    0    5    1    1    1    1178
    2    1   43  223  349    0   22    3    2    0    4057
    2    1   44  224  153    0   10    1    1    1    1132
    2    1   45  225  146    1   10    1    1    1    2400
    2    1   46  226  457    0   29    3    2    0    1476
    2    1   47  227  366    0   23    3    2    0    3117
    2    1   48  228  119    0    8    1    1    1    1185
    2    1   49  229  300    0   19    2    3    0    1212
    2    1   50  230  156    0   10    1    1    1    1158
    2    1   51  231  436    0   28    3    3    1     969
    2    1   52  232  211    0   14    2    3    0    1228
    2    1   53  233  104    0    7    1    3    0    1294
    2    1   54  234  254    0   16    2    2    1    1492
    2    1   55  235  298    0   19    2    3    0    1787
    2    1   56  236  202    0   13    2    2    1    1052
    2    1   57  237  314    0   20    2    3    0    1355
    2    1   58  238  284    0   18    2    2    1    1388
    2    1   59  239  469    0   30    3    3    1    1993
    2    1   60  240  106    1    7    1    2    0    3481
    2    1   61  241  296    0   19    2    3    0    1354
    2    1   62  242  193    0   13    2    2    1    1579
    2    1   63  243  141    0    9    1    1    1    1398
    2    1   64  244  126    0    8    1    1    1    2134
    2    1   65  245   95    0    6    1    1    1    2834
    2    1   66  246  446    1   28    3    3    1    1423
    2    1   67  247  282    0   18    2    3    0    2687
    2    1   68  248   26    0    2    1    3    0    1131
    2    1   69  249  440    0   28    3    3    1     855
    2    1   70  250   25    0    2    1    3    0    1148
    2    1   71  251    6    0    1    1    1    1    1510
    2    1   72  252  114    0    8    1    1    1    1983
    2    1   73  253   51    0    4    1    1    1    1173
    2    1   74  254   92    0    6    1    1    1    1054
    2    1   75  255   71    0    5    1    1    1     743
    2    1   76  256   97    0    7    1    1    1    2696
    2    1   77  257  320    0   20    2    3    0    1293
    2    1   78  258  396    0   25    3    3    1     817
    2    1   79  259  410    0   26    3    3    1     691
    2    1   80  260   96    1    6    1    1    1    1664
    2    1   81  261  358    0   23    3    3    1    2229
    2    1   82  262  389    0   25    3    2    0    2483
    2    1   83  263  253    0   16    2    2    1     901
    2    1   84  264   58    0    4    1    1    1    3258
    2    1   85  265  474    0   30    3    3    1    2625
    2    1   86  266  201    0   13    2    2    1    1456
    2    1   87  267  197    0   13    2    2    1    2826
    2    1   88  268  262    0   17    2    2    1    1277
    2    1   89  269   84    0    6    1    1    1    1778
    2    1   90  270  372    0   24    3    3    1    1722
    2    1   91  271  463    0   29    3    3    1    1295
    2    1   92  272  394    0   25    3    3    1    1013
    2    1   93  273  324    0   21    3    3    1    3307
    2    1   94  274   67    0    5    1    1    1    1410
    2    1   95  275  395    1   25    3    3    1    1514
    2    1   96  276   73    1    5    1    3    0    1179
    2    1   97  277   77    0    5    1    1    1    1278
    2    1   98  278  323    0   21    3    2    0    3241
    2    1   99  279  135    1    9    1    1    1    1338
    2    1  100  280  379    0   24    3    3    1    1988
    2    1  101  281  172    0   11    2    3    0    1643
    2    1  102  282  217    0   14    2    2    1    2093
    2    1  103  283  344    0   22    3    3    1    1238
    2    1  104  284  312    0   20    2    3    0    1316
    2    1  105  285  423    1   27    3    3    1    1587
    2    1  106  286  434    0   28    3    3    1    1077
    2    1  107  287   83    0    6    1    3    0    1062
    2    1  108  288  142    0    9    1    1    1    1291
    2    1  109  289   14    0    1    1    1    1    1225
    2    1  110  290  411    0   26    3    3    1    1496
    2    1  111  291  292    0   19    2    3    0    1245
    2    1  112  292  101    0    7    1    3    0     979
    2    1  113  293    4    0    1    1    1    1    1969
    2    1  114  294  161    0   11    2    1    0     689
    2    1  115  295   34    1    3    1    1    1     689
    2    1  116  296    7    1    1    1    1    1     877
    2    1  117  297   87    0    6    1    2    0    1373
    2    1  118  298  192    0   12    2    1    0    1680
    2    1  119  299  408    0   26    3    3    1    1945
    2    1  120  300  239    0   15    2    2    1    1400
    2    1  121  301  417    0   27    3    3    1    1912
    2    1  122  302   94    0    6    1    1    1    1452
    2    1  123  303  412    0   26    3    3    1    1532
    2    1  124  304  475    0   30    3    2    0    2625
    2    1  125  305  200    0   13    2    2    1     888
    2    1  126  306  308    1   20    2    3    0    1206
    2    1  127  307   46    0    3    1    1    1    1273
    2    1  128  308  216    0   14    2    3    0    4270
    2    1  129  309  347    0   22    3    1    0    1248
    2    1  130  310  120    0    8    1    1    1     855
    2    1  131  311  258    0   17    2    2    1    1728
    2    1  132  312  341    0   22    3    3    1    2406
    2    1  133  313  403    0   26    3    3    1    1380
    2    1  134  314  231    0   15    2    2    1    1771
    2    1  135  315  276    0   18    2    1    0    3170
    2    1  136  316  329    0   21    3    1    0    1076
    2    1  137  317  171    0   11    2    1    0    2658
    2    1  138  318  131    0    9    1    1    1     939
    2    1  139  319  246    0   16    2    2    1    1547
    2    1  140  320  275    0   18    2    1    0    2954
    2    1  141  321  268    0   17    2    2    1    1332
    2    1  142  322  311    0   20    2    3    0    1416
    2    1  143  323   13    0    1    1    1    1    2204
    2    1  144  324  249    0   16    2    2    1    3677
    2    1  145  325  337    1   22    3    3    1    1259
    2    1  146  326   72    1    5    1    1    1    1328
    2    1  147  327  360    0   23    3    3    1    2341
    2    1  148  328   55    1    4    1    1    1    2366
    2    1  149  329  449    0   29    3    2    0    1226
    2    1  150  330  373    0   24    3    3    1    2376
    2    1  151  331   68    0    5    1    1    1    1265
    2    1  152  332  150    0   10    1    2    0    1338
    2    1  153  333  259    0   17    2    3    0    2029
    2    1  154  334  464    0   29    3    3    1    1046
    2    1  155  335  143    0    9    1    1    1    1202
    2    1  156  336  407    0   26    3    3    1    1477
    2    1  157  337  384    0   24    3    3    1    1163
    2    1  158  338   47    0    3    1    1    1    1295
    2    1  159  339  190    1   12    2    3    0    1394
    2    1  160  340  223    0   14    2    3    0    1232
    2    1  161  341  345    0   22    3    3    1    1970
    2    1  162  342  255    0   16    2    2    1    1667
    2    1  163  343  238    1   15    2    2    1    1977
    2    1  164  344   80    0    5    1    3    0    2998
    2    1  165  345  400    0   25    3    3    1     867
    2    1  166  346  430    0   27    3    3    1    1146
    2    1  167  347  335    0   21    3    3    1    1447
    2    1  168  348   12    0    1    1    1    1    1318
    2    1  169  349  386    0   25    3    3    1    1854
    2    1  170  350  127    0    8    1    3    0    1861
    2    1  171  351    5    0    1    1    1    1    1297
    2    1  172  352  315    0   20    2    3    0    1417
    2    1  173  353  167    0   11    2    3    0    1498
    2    1  174  354   11    0    1    1    3    0    1281
    2    1  175  355  184    0   12    2    1    0    1278
    2    1  176  356   45    0    3    1    1    1    1320
    2    1  177  357   33    0    3    1    1    1    1031
    2    1  178  358   65    0    5    1    1    1    1030
    2    1  179  359  342    0   22    3    3    1    1907
    2    1  180  360  195    1   13    2    2    1    1095
    2    1  181  361  203    1   13    2    2    1     995
    2    1  182  362  387    0   25    3    2    0    1619
    2    1  183  363  237    0   15    2    2    1    1414
    2    1  184  364  365    0   23    3    3    1    1901
    2    1  185  365  371    0   24    3    1    0    1350
    2    1  186  366  302    0   19    2    2    1    1528
    2    1  187  367  165    0   11    2    1    0    1282
    2    1  188  368  111    1    7    1    2    0    1745
    2    1  189  369  168    0   11    2    1    0    2620
    2    1  190  370  173    0   11    2    2    1    3547
    2    1  191  371  461    0   29    3    2    0     981
    2    1  192  372  137    0    9    1    3    0    2615
    2    1  193  373   91    0    6    1    1    1    1721
    2    1  194  374  157    0   10    1    1    1    1362
    2    1  195  375  331    0   21    3    1    0    1408
    2    1  196  376   31    1    2    1    1    1    4738
    2    1  197  377  416    0   26    3    3    1    1614
    2    1  198  378  163    1   11    2    2    1    1561
    2    1  199  379  441    0   28    3    3    1    1385
    2    1  200  380  160    0   10    1    3    0    1442
    2    1  201  381   78    0    5    1    1    1    1313
    2    1  202  382  220    0   14    2    3    0    2532
    2    1  203  383  332    0   21    3    3    1    2285
    2    1  204  384  204    0   13    2    2    1    1269
    2    1  205  385  113    0    8    1    1    1    2346
    2    1  206  386  305    0   20    2    3    0    3760
    2    1  207  387  451    0   29    3    2    0    1582
    2    1  208  388  333    0   21    3    3    1    1578
    2    1  209  389   43    0    3    1    1    1    1210
    2    1  210  390  224    1   14    2    2    1    2210
    2    1  211  391  140    0    9    1    1    1    1465
    2    1  212  392  235    0   15    2    1    0    1369
    2    1  213  393  265    0   17    2    2    1    2121
    2    1  214  394  264    0   17    2    2    1    1008
    2    1  215  395  354    0   23    3    3    1    1376
    2    1  216  396  166    0   11    2    2    1    2407
    2    1  217  397   62    1    4    1    2    0    1170
    2    1  218  398  180    0   12    2    1    0    1245
    2    1  219  399  346    0   22    3    1    0    1586
    2    1  220  400  418    0   27    3    2    0    2326
    2    1  221  401   40    1    3    1    1    1    1308
    2    1  222  402  304    0   19    2    3    0    2342
    2    1  223  403  406    0   26    3    3    1    1658
    2    1  224  404    2    0    1    1    1    1    1290
    2    1  225  405   54    0    4    1    1    1    3501
    2    1  226  406  445    0   28    3    3    1    1206
    2    1  227  407  208    0   13    2    2    1    1254
    2    1  228  408  174    0   11    2    1    0    1303
    2    1  229  409  419    0   27    3    2    0    1221
    2    1  230  410  164    0   11    2    3    0    1939
    2    1  231  411   66    0    5    1    1    1    1530
    2    1  232  412  453    0   29    3    2    0    3996
    2    1  233  413  205    0   13    2    2    1    1199
    2    1  234  414  267    1   17    2    2    1    2444
    2    1  235  415  336    0   21    3    3    1    1327
    2    1  236  416  299    0   19    2    1    0    2182
    2    1  237  417  144    0    9    1    3    0    1910
    2    1  238  418  343    0   22    3    1    0    1492
    2    1  239  419  321    0   21    3    3    1    1207
    2    1  240  420  390    0   25    3    3    1    1282
    2    1  241  421   29    0    2    1    3    0    1071
    2    1  242  422  169    0   11    2    1    0    1446
    2    1  243  423  367    0   23    3    3    1    1304
    2    1  244  424  361    0   23    3    3    1    1416
    2    1  245  425  277    0   18    2    3    0    2631
    2    1  246  426  388    0   25    3    3    1    1061
    2    1  247  427  148    1   10    1    1    1    2562
    2    1  248  428  448    0   28    3    3    1    1355
    2    1  249  429  212    0   14    2    3    0    1107
    2    1  250  430  115    1    8    1    1    1    1443
    2    1  251  431  228    0   15    2    3    0    2135
    2    1  252  432  252    0   16    2    2    1    1776
    2    1  253  433  339    1   22    3    1    0    1024
    2    1  254  434  380    0   24    3    3    1    1895
    2    1  255  435   37    0    3    1    1    1    1209
    2    1  256  436  116    0    8    1    1    1    2531
    2    1  257  437  480    0   30    3    3    1    1046
    2    1  258  438  251    0   16    2    2    1    1417
    2    1  259  439  215    1   14    2    3    0    1668
    2    1  260  440  462    0   29    3    3    1    1074
    2    1  261  441  158    0   10    1    1    1    1240
    2    1  262  442  124    0    8    1    1    1    1232
    2    1  263  443   44    0    3    1    1    1     889
    2    1  264  444  147    0   10    1    2    0    1183
    2    1  265  445  280    0   18    2    3    0    1547
    2    1  266  446  364    0   23    3    3    1    1206
    2    1  267  447  376    1   24    3    3    1    1659
    2    1  268  448   27    0    2    1    3    0    1736
    2    1  269  449  273    0   18    2    3    0    2930
    2    1  270  450   10    0    1    1    1    1    2290
    2    1  271  451  145    0   10    1    1    1    1048
    2    1  272  452  318    0   20    2    3    0    1578
    2    1  273  453  109    0    7    1    3    0    1701
    2    1  274  454   64    0    4    1    3    0    1146
    2    1  275  455  443    1   28    3    3    1    1075
    2    1  276  456   30    0    2    1    3    0    1444
    2    1  277  457  241    1   16    2    2    1    1141
    2    1  278  458  243    0   16    2    2    1    1192
    2    1  279  459  420    1   27    3    3    1    1177
    2    1  280  460  274    0   18    2    2    1    1099
    2    1  281  461  471    1   30    3    3    1    1766
    2    1  282  462  381    1   24    3    3    1    1515
    2    1  283  463  242    0   16    2    2    1    1921
    2    1  284  464  397    1   25    3    3    1    1934
    2    1  285  465  370    0   24    3    1    0    1314
    2    1  286  466  100    0    7    1    3    0    1505
    2    1  287  467  297    1   19    2    3    0    1506
    2    1  288  468  317    0   20    2    3    0    1179
    2    1  289  469  170    1   11    2    1    0    1092
    2    1  290  470   32    0    2    1    3    0    1633
    2    1  291  471  465    1   30    3    2    0    3016
    2    1  292  472  226    0   15    2    3    0    1230
    2    1  293  473  263    0   17    2    2    1    1698
    2    1  294  474  306    1   20    2    3    0    2559
    2    1  295  475  291    0   19    2    3    0    1478
    2    1  296  476   98    0    7    1    3    0    1616
    2    1  297  477  460    0   29    3    2    0    1671
    2    1  298  478  401    0   26    3    3    1    1201
    2    1  299  479  270    0   17    2    3    0    3042
    2    1  300  480   20    0    2    1    3    0    4254
