    1    1    1    1   34    1    3    1    3    0    3372
    1    1    2    2  238    1   15    2    3    0    3317
    1    1    3    3   96    1    6    1    2    0    3412
    1    1    4    4  413    1   26    3    3    1    3168
    1    1    5    5    7    1    1    1    1    1    3508
    1    1    6    6  471    1   30    3    2    0    4973
    1    1    7    7  241    1   16    2    1    0    3226
    1    1    8    8   72    1    5    1    1    1    3022
    1    1    9    9   73    1    5    1    3    0    3864
    1    1   10   10  355    1   23    3    3    1    5409
    1    1   11   11   40    1    3    1    1    1    1742
    1    1   12   12  170    1   11    2    1    0    2766
    1    1   13   13  106    1    7    1    2    0    3763
    1    1   14   14   31    1    2    1    2    0    4785
    1    1   15   15  163    1   11    2    1    0    2135
    1    1   16   16  278    1   18    2    3    0    4518
    1    1   17   17  267    1   17    2    3    0    5270
    1    1   18   18  186    1   12    2    2    1    2520
    1    1   19   19  224    1   14    2    1    0    1303
    1    1   20   20  148    1   10    1    3    0    1911
    1    1   21   21   62    1    4    1    1    1    2416
    1    1   22   22  229    1   15    2    3    0    2355
    1    1   23   23   16    1    1    1    1    1    2714
    1    1   24   24  381    1   24    3    1    0    5042
    1    1   25   25  456    1   29    3    3    1    2445
    1    1   26   26  250    1   16    2    2    1    3056
    1    1   27   27  330    1   21    3    2    0    1180
    1    1   28   28  306    1   20    2    3    0    1761
    1    1   29   29   55    1    4    1    1    1    2223
    1    1   30   30  405    1   26    3    2    0    4763
    1    1   31   31  279    1   18    2    2    1    1313
    1    1   32   32  397    1   25    3    3    1    1473
    1    1   33   33  339    1   22    3    1    0    1498
    1    1   34   34  465    1   30    3    2    0    1203
    1    1   35   35  308    1   20    2    3    0    2823
    1    1   36   36  420    1   27    3    2    0    3675
    1    1   37   37  115    1    8    1    1    1    1229
    1    1   38   38  359    1   23    3    3    1    2961
    1    1   39   39  272    1   17    2    2    1    1520
    1    1   40   40  455    1   29    3    1    0    2088
    1    1   41   41  203    1   13    2    3    0    3610
    1    1   42   42  111    1    7    1    1    1    2095
    1    1   43   43  135    1    9    1    2    0    3135
    1    1   44   44  195    1   13    2    1    0    3192
    1    1   45   45  293    1   19    2    3    0    2621
    1    1   46   46  136    1    9    1    3    0    1833
    1    1   47   47  395    1   25    3    1    0    1012
    1    1   48   48  446    1   28    3    3    1    2321
    1    1   49   49  297    1   19    2    1    0    2521
    1    1   50   50  423    1   27    3    2    0    1431
    1    1   51   51  327    1   21    3    2    0    2788
    1    1   52   52  215    1   14    2    2    1    1656
    1    1   53   53  443    1   28    3    3    1    3563
    1    1   54   54   85    1    6    1    1    1    2705
    1    1   55   55   17    1    2    1    2    0    3464
    1    1   56   56  190    1   12    2    2    1    1761
    1    1   57   57  376    1   24    3    1    0    2880
    1    1   58   58  337    1   22    3    3    1    1809
    1    1   59   59  146    1   10    1    1    1    1933
    1    1   60   60  125    1    8    1    3    0    3828
    1    2    1   61  267    1   17    2    3    0    3601
    1    2    2   62   55    1    4    1    3    0    2469
    1    2    3   63  293    1   19    2    1    0    2695
    1    2    4   64  420    1   27    3    1    0    4240
    1    2    5   65  423    1   27    3    2    0    4972
    1    2    6   66  186    1   12    2    1    0    3306
    1    2    7   67   72    1    5    1    1    1    1691
    1    2    8   68   34    1    3    1    1    1    2252
    1    2    9   69   17    1    2    1    3    0    2023
    1    2   10   70  250    1   16    2    3    0    4267
    1    2   11   71  229    1   15    2    3    0    4565
    1    2   12   72  456    1   29    3    2    0    4195
    1    2   13   73  413    1   26    3    1    0    2576
    1    2   14   74   16    1    1    1    3    0    2766
    1    2   15   75  376    1   24    3    3    1    3252
    1    2   16   76  106    1    7    1    2    0    4342
    1    2   17   77  115    1    8    1    1    1    3662
    1    2   18   78  278    1   18    2    2    1    1697
    1    2   19   79   31    1    2    1    2    0    3313
    1    2   20   80  339    1   22    3    1    0    1633
    1    2   21   81   85    1    6    1    2    0    2005
    1    2   22   82  465    1   30    3    2    0    1353
    1    2   23   83  405    1   26    3    3    1    1975
    1    2   24   84  337    1   22    3    1    0    6286
    1    2   25   85  443    1   28    3    2    0    1335
    1    2   26   86  190    1   12    2    2    1    3559
    1    2   27   87  195    1   13    2    3    0    2733
    1    2   28   88  224    1   14    2    1    0    5221
    1    2   29   89  163    1   11    2    1    0    2441
    1    2   30   90  170    1   11    2    3    0    2492
    1    2   31   91  241    1   16    2    2    1     990
    1    2   32   92  279    1   18    2    2    1    1595
    1    2   33   93  148    1   10    1    3    0    3121
    1    2   34   94  327    1   21    3    1    0    2216
    1    2   35   95  203    1   13    2    2    1    1348
    1    2   36   96   40    1    3    1    1    1    3219
    1    2   37   97  238    1   15    2    3    0    2375
    1    2   38   98  297    1   19    2    1    0    2317
    1    2   39   99  455    1   29    3    3    1    3189
    1    2   40  100  359    1   23    3    2    0    2651
    1    2   41  101  125    1    8    1    2    0    5685
    1    2   42  102  272    1   17    2    2    1    2646
    1    2   43  103   96    1    6    1    3    0    4514
    1    2   44  104  395    1   25    3    1    0    4273
    1    2   45  105  330    1   21    3    1    0    3420
    1    2   46  106   73    1    5    1    1    1    2472
    1    2   47  107  111    1    7    1    2    0    1450
    1    2   48  108  215    1   14    2    2    1    1525
    1    2   49  109  146    1   10    1    3    0    1757
    1    2   50  110  446    1   28    3    2    0    3259
    1    2   51  111  135    1    9    1    1    1    2382
    1    2   52  112  355    1   23    3    3    1    1603
    1    2   53  113    7    1    1    1    1    1    4744
    1    2   54  114  308    1   20    2    1    0    4975
    1    2   55  115  397    1   25    3    2    0    1405
    1    2   56  116  136    1    9    1    1    1    1466
    1    2   57  117  381    1   24    3    3    1    3060
    1    2   58  118  471    1   30    3    2    0     973
    1    2   59  119  306    1   20    2    3    0    3005
    1    2   60  120   62    1    4    1    1    1    1546
    1    3    1  121  455    1   29    3    1    0    3185
    1    3    2  122  203    1   13    2    2    1    2278
    1    3    3  123   34    1    3    1    1    1    2512
    1    3    4  124   17    1    2    1    2    0    1089
    1    3    5  125  241    1   16    2    2    1    1130
    1    3    6  126   31    1    2    1    1    1    2865
    1    3    7  127   40    1    3    1    3    0    3731
    1    3    8  128  376    1   24    3    3    1    2019
    1    3    9  129  186    1   12    2    2    1    1351
    1    3   10  130   96    1    6    1    2    0    1205
    1    3   11  131  224    1   14    2    1    0    2682
    1    3   12  132  297    1   19    2    1    0    2228
    1    3   13  133    7    1    1    1    1    1    2320
    1    3   14  134   16    1    1    1    3    0    1272
    1    3   15  135  465    1   30    3    2    0     697
    1    3   16  136  170    1   11    2    2    1    2242
    1    3   17  137  306    1   20    2    1    0    2719
    1    3   18  138  278    1   18    2    3    0    1591
    1    3   19  139  339    1   22    3    3    1    2093
    1    3   20  140  395    1   25    3    2    0    1853
    1    3   21  141  115    1    8    1    1    1    2472
    1    3   22  142  146    1   10    1    1    1    2842
    1    3   23  143  195    1   13    2    2    1    2877
    1    3   24  144  359    1   23    3    3    1    2143
    1    3   25  145  190    1   12    2    2    1    5167
    1    3   26  146  443    1   28    3    3    1    3606
    1    3   27  147  355    1   23    3    3    1    2794
    1    3   28  148  163    1   11    2    1    0    4047
    1    3   29  149  148    1   10    1    2    0    3874
    1    3   30  150  272    1   17    2    2    1    1452
    1    3   31  151  337    1   22    3    1    0    4919
    1    3   32  152  135    1    9    1    1    1    5463
    1    3   33  153  456    1   29    3    3    1    1266
    1    3   34  154   73    1    5    1    1    1    6035
    1    3   35  155  125    1    8    1    1    1    6887
    1    3   36  156   85    1    6    1    1    1    1943
    1    3   37  157   62    1    4    1    2    0    5327
    1    3   38  158   55    1    4    1    1    1    2256
    1    3   39  159  397    1   25    3    2    0    3162
    1    3   40  160  111    1    7    1    2    0    1217
    1    3   41  161  267    1   17    2    3    0    1396
    1    3   42  162  293    1   19    2    2    1    3393
    1    3   43  163  215    1   14    2    2    1    3182
    1    3   44  164  229    1   15    2    2    1    7107
    1    3   45  165  381    1   24    3    1    0    4892
    1    3   46  166  238    1   15    2    2    1    6158
    1    3   47  167  330    1   21    3    2    0    3597
    1    3   48  168  308    1   20    2    2    1    1970
    1    3   49  169  446    1   28    3    2    0    6136
    1    3   50  170  327    1   21    3    2    0    1095
    1    3   51  171  423    1   27    3    2    0    2400
    1    3   52  172   72    1    5    1    1    1    1029
    1    3   53  173  250    1   16    2    1    0    1713
    1    3   54  174  136    1    9    1    1    1    1026
    1    3   55  175  413    1   26    3    3    1    1438
    1    3   56  176  420    1   27    3    1    0    1577
    1    3   57  177  405    1   26    3    3    1    1535
    1    3   58  178  279    1   18    2    2    1    2310
    1    3   59  179  106    1    7    1    3    0    5807
    1    3   60  180  471    1   30    3    3    1    3403
    2    1    1  181  331    0   21    3    3    1    6721
    2    1    2  182  330    1   21    3    3    1    5733
    2    1    3  183  141    0    9    1    1    1    1167
    2    1    4  184  117    0    8    1    2    0    6066
    2    1    5  185   53    0    4    1    2    0    5104
    2    1    6  186  362    0   23    3    3    1    2596
    2    1    7  187   25    0    2    1    2    0    3102
    2    1    8  188  318    0   20    2    2    1    6562
    2    1    9  189   26    0    2    1    3    0    4252
    2    1   10  190  183    0   12    2    2    1    1905
    2    1   11  191  135    1    9    1    1    1     950
    2    1   12  192  282    0   18    2    1    0    5505
    2    1   13  193  185    0   12    2    1    0    3813
    2    1   14  194  413    1   26    3    3    1    1630
    2    1   15  195  151    0   10    1    2    0    3133
    2    1   16  196  359    1   23    3    3    1    1424
    2    1   17  197   77    0    5    1    1    1     984
    2    1   18  198  394    0   25    3    2    0    3106
    2    1   19  199  152    0   10    1    3    0    3543
    2    1   20  200  150    0   10    1    2    0    3082
    2    1   21  201  414    0   26    3    1    0    2303
    2    1   22  202   47    0    3    1    1    1    1043
    2    1   23  203  272    1   17    2    3    0    3067
    2    1   24  204  470    0   30    3    2    0    1840
    2    1   25  205  463    0   29    3    3    1    1255
    2    1   26  206  307    0   20    2    1    0    5334
    2    1   27  207  377    0   24    3    1    0    1296
    2    1   28  208    7    1    1    1    1    1     910
    2    1   29  209  104    0    7    1    2    0    1913
    2    1   30  210  124    0    8    1    1    1     989
    2    1   31  211   41    0    3    1    1    1    1128
    2    1   32  212    3    0    1    1    2    0    1275
    2    1   33  213  276    0   18    2    1    0    3048
    2    1   34  214  426    0   27    3    2    0    1967
    2    1   35  215  323    0   21    3    2    0    2720
    2    1   36  216  246    0   16    2    1    0    1748
    2    1   37  217   71    0    5    1    1    1     877
    2    1   38  218  207    0   13    2    2    1    2443
    2    1   39  219  186    1   12    2    2    1    3658
    2    1   40  220  289    0   19    2    3    0    3464
    2    1   41  221  404    0   26    3    1    0    2830
    2    1   42  222  354    0   23    3    3    1    1358
    2    1   43  223   37    0    3    1    1    1    1656
    2    1   44  224  263    0   17    2    2    1    2711
    2    1   45  225   56    0    4    1    1    1    1868
    2    1   46  226  229    1   15    2    1    0    6433
    2    1   47  227  225    0   15    2    1    0    2305
    2    1   48  228  248    0   16    2    2    1    1047
    2    1   49  229  257    0   17    2    1    0    3038
    2    1   50  230   27    0    2    1    1    1    1204
    2    1   51  231  209    0   14    2    2    1    1636
    2    1   52  232  364    0   23    3    2    0    1219
    2    1   53  233   29    0    2    1    3    0    3427
    2    1   54  234  342    0   22    3    2    0    2458
    2    1   55  235   63    0    4    1    1    1     969
    2    1   56  236  192    0   12    2    2    1    3106
    2    1   57  237  202    0   13    2    1    0    1704
    2    1   58  238  220    0   14    2    2    1     851
    2    1   59  239   85    1    6    1    3    0    5874
    2    1   60  240  107    0    7    1    2    0    5927
    2    1   61  241   98    0    7    1    2    0    1995
    2    1   62  242   88    0    6    1    2    0    1340
    2    1   63  243  190    1   12    2    2    1    1046
    2    1   64  244   38    0    3    1    1    1     749
    2    1   65  245  256    0   16    2    2    1    1136
    2    1   66  246  120    0    8    1    3    0    1602
    2    1   67  247  333    0   21    3    2    0    2114
    2    1   68  248  469    0   30    3    2    0    2045
    2    1   69  249   83    0    6    1    2    0    1484
    2    1   70  250  430    0   27    3    3    1    1394
    2    1   71  251  401    0   26    3    1    0    3372
    2    1   72  252  157    0   10    1    1    1    1957
    2    1   73  253  146    1   10    1    1    1     967
    2    1   74  254  198    0   13    2    2    1    1442
    2    1   75  255  295    0   19    2    3    0    2424
    2    1   76  256  181    0   12    2    2    1     728
    2    1   77  257  310    0   20    2    2    1    1852
    2    1   78  258  438    0   28    3    1    0    4483
    2    1   79  259  252    0   16    2    2    1     896
    2    1   80  260  337    1   22    3    3    1    1677
    2    1   81  261  122    0    8    1    3    0    1802
    2    1   82  262   48    0    3    1    1    1     852
    2    1   83  263  437    0   28    3    3    1    1025
    2    1   84  264  458    0   29    3    3    1    1016
    2    1   85  265   74    0    5    1    1    1     896
    2    1   86  266  273    0   18    2    2    1    1005
    2    1   87  267  296    0   19    2    1    0    2725
    2    1   88  268  332    0   21    3    1    0    3305
    2    1   89  269  205    0   13    2    2    1    1270
    2    1   90  270  281    0   18    2    2    1    1076
    2    1   91  271  177    0   12    2    2    1     874
    2    1   92  272  369    0   24    3    3    1    1224
    2    1   93  273  264    0   17    2    2    1     904
    2    1   94  274  407    0   26    3    1    0    1062
    2    1   95  275   17    1    2    1    2    0    1292
    2    1   96  276  382    0   24    3    3    1    2665
    2    1   97  277  138    0    9    1    1    1     735
    2    1   98  278   65    0    5    1    1    1     705
    2    1   99  279    9    0    1    1    2    0    1446
    2    1  100  280  110    0    7    1    1    1    1294
    2    1  101  281  249    0   16    2    1    0    1018
    2    1  102  282  312    0   20    2    3    0    2051
    2    1  103  283  247    0   16    2    2    1    1217
    2    1  104  284  345    0   22    3    2    0    1713
    2    1  105  285    6    0    1    1    1    1     701
    2    1  106  286  240    0   15    2    2    1    1378
    2    1  107  287   16    1    1    1    1    1    2140
    2    1  108  288  403    0   26    3    3    1    2662
    2    1  109  289  436    0   28    3    3    1    2348
    2    1  110  290  261    0   17    2    2    1     910
    2    1  111  291  349    0   22    3    1    0    2427
    2    1  112  292  455    1   29    3    3    1    1580
    2    1  113  293  239    0   15    2    1    0    2813
    2    1  114  294  329    0   21    3    2    0     876
    2    1  115  295  112    0    7    1    1    1    1850
    2    1  116  296  304    0   19    2    1    0    2930
    2    1  117  297  270    0   17    2    2    1    1902
    2    1  118  298  367    0   23    3    3    1    1377
    2    1  119  299  166    0   11    2    1    0     811
    2    1  120  300  477    0   30    3    1    0    2540
    2    1  121  301  149    0   10    1    1    1    1447
    2    1  122  302  163    1   11    2    1    0    4429
    2    1  123  303  105    0    7    1    1    1    4141
    2    1  124  304  161    0   11    2    1    0    1144
    2    1  125  305  441    0   28    3    3    1     971
    2    1  126  306  421    0   27    3    2    0    2292
    2    1  127  307  472    0   30    3    2    0    1210
    2    1  128  308  418    0   27    3    1    0    3514
    2    1  129  309  348    0   22    3    1    0     830
    2    1  130  310  283    0   18    2    3    0     701
    2    1  131  311  466    0   30    3    1    0    1361
    2    1  132  312  399    0   25    3    2    0    2300
    2    1  133  313   67    0    5    1    1    1    2832
    2    1  134  314  137    0    9    1    1    1     847
    2    1  135  315   15    0    1    1    2    0    1453
    2    1  136  316  208    0   13    2    2    1    1010
    2    1  137  317  402    0   26    3    3    1    2155
    2    1  138  318  383    0   24    3    1    0    1221
    2    1  139  319  144    0    9    1    1    1     630
    2    1  140  320  381    1   24    3    3    1    2556
    2    1  141  321  184    0   12    2    2    1    1448
    2    1  142  322   46    0    3    1    1    1    1279
    2    1  143  323  317    0   20    2    2    1    1084
    2    1  144  324  311    0   20    2    3    0     834
    2    1  145  325   51    0    4    1    3    0    1104
    2    1  146  326  269    0   17    2    2    1    2916
    2    1  147  327  231    0   15    2    1    0    1792
    2    1  148  328  129    0    9    1    1    1     762
    2    1  149  329  132    0    9    1    1    1     924
    2    1  150  330  324    0   21    3    1    0    4040
    2    1  151  331   55    1    4    1    1    1     840
    2    1  152  332  115    1    8    1    1    1    4535
    2    1  153  333  133    0    9    1    1    1     674
    2    1  154  334   35    0    3    1    2    0    1031
    2    1  155  335  291    0   19    2    1    0    1997
    2    1  156  336  215    1   14    2    2    1     878
    2    1  157  337   60    0    4    1    1    1    1708
    2    1  158  338  346    0   22    3    1    0    1096
    2    1  159  339  268    0   17    2    3    0    1468
    2    1  160  340   44    0    3    1    1    1    1507
    2    1  161  341  217    0   14    2    2    1     823
    2    1  162  342  388    0   25    3    2    0    2134
    2    1  163  343  320    0   20    2    2    1     721
    2    1  164  344   19    0    2    1    1    1    1493
    2    1  165  345  476    0   30    3    2    0    2858
    2    1  166  346  204    0   13    2    1    0     953
    2    1  167  347  449    0   29    3    3    1    1443
    2    1  168  348  406    0   26    3    2    0    3690
    2    1  169  349  156    0   10    1    1    1     758
    2    1  170  350  393    0   25    3    1    0    3289
    2    1  171  351   92    0    6    1    1    1    2342
    2    1  172  352  259    0   17    2    2    1    1370
    2    1  173  353  148    1   10    1    3    0     692
    2    1  174  354  397    1   25    3    2    0     809
    2    1  175  355  118    0    8    1    3    0    2201
    2    1  176  356  154    0   10    1    1    1    4497
    2    1  177  357  136    1    9    1    1    1     718
    2    1  178  358  131    0    9    1    1    1     690
    2    1  179  359   78    0    5    1    1    1    3880
    2    1  180  360  113    0    8    1    2    0     781
    2    1  181  361  398    0   25    3    1    0     622
    2    1  182  362  335    0   21    3    2    0     837
    2    1  183  363  384    0   24    3    3    1     805
    2    1  184  364  100    0    7    1    1    1    1557
    2    1  185  365  223    0   14    2    2    1     712
    2    1  186  366   54    0    4    1    1    1     940
    2    1  187  367  395    1   25    3    2    0     678
    2    1  188  368  410    0   26    3    2    0     828
    2    1  189  369   95    0    6    1    2    0     908
    2    1  190  370  474    0   30    3    2    0    1098
    2    1  191  371  285    0   18    2    1    0     894
    2    1  192  372   90    0    6    1    2    0     843
    2    1  193  373  242    0   16    2    3    0    2730
    2    1  194  374  213    0   14    2    2    1    1854
    2    1  195  375  243    0   16    2    2    1    1748
    2    1  196  376  376    1   24    3    1    0    1534
    2    1  197  377  448    0   28    3    3    1    1489
    2    1  198  378   76    0    5    1    1    1    1591
    2    1  199  379  411    0   26    3    2    0    1240
    2    1  200  380  344    0   22    3    3    1    1831
    2    1  201  381  420    1   27    3    3    1    1086
    2    1  202  382  298    0   19    2    1    0    1411
    2    1  203  383  111    1    7    1    1    1    2348
    2    1  204  384  456    1   29    3    3    1    1182
    2    1  205  385   10    0    1    1    1    1     800
    2    1  206  386   96    1    6    1    2    0     657
    2    1  207  387  230    0   15    2    2    1    1800
    2    1  208  388  374    0   24    3    1    0    1936
    2    1  209  389    1    0    1    1    2    0    1666
    2    1  210  390  169    0   11    2    3    0    1199
    2    1  211  391  109    0    7    1    1    1    1183
    2    1  212  392  375    0   24    3    3    1    1057
    2    1  213  393  101    0    7    1    2    0    1687
    2    1  214  394  379    0   24    3    3    1    2115
    2    1  215  395  119    0    8    1    3    0     944
    2    1  216  396  271    0   17    2    2    1     844
    2    1  217  397   18    0    2    1    2    0    1178
    2    1  218  398  392    0   25    3    1    0     924
    2    1  219  399  352    0   22    3    1    0    1816
    2    1  220  400  363    0   23    3    3    1    1439
    2    1  221  401  453    0   29    3    3    1     790
    2    1  222  402  254    0   16    2    1    0    1351
    2    1  223  403   62    1    4    1    1    1     929
    2    1  224  404  179    0   12    2    2    1    1981
    2    1  225  405   50    0    4    1    2    0     927
    2    1  226  406   20    0    2    1    2    0     826
    2    1  227  407   21    0    2    1    2    0     538
    2    1  228  408  334    0   21    3    2    0     516
    2    1  229  409  357    0   23    3    3    1    1617
    2    1  230  410  267    1   17    2    1    0    1040
    2    1  231  411  475    0   30    3    3    1    1688
    2    1  232  412  390    0   25    3    3    1    2597
    2    1  233  413  350    0   22    3    1    0    1549
    2    1  234  414  305    0   20    2    3    0     735
    2    1  235  415  121    0    8    1    3    0    1570
    2    1  236  416  479    0   30    3    2    0     948
    2    1  237  417  142    0    9    1    1    1     671
    2    1  238  418   30    0    2    1    1    1    1299
    2    1  239  419  234    0   15    2    3    0     928
    2    1  240  420  244    0   16    2    2    1    1308
    2    1  241  421  245    0   16    2    2    1     600
    2    1  242  422   24    0    2    1    2    0     880
    2    1  243  423  128    0    8    1    3    0     811
    2    1  244  424  175    0   11    2    2    1    1740
    2    1  245  425  370    0   24    3    1    0    2057
    2    1  246  426  443    1   28    3    3    1     742
    2    1  247  427  125    1    8    1    3    0     682
    2    1  248  428  160    0   10    1    1    1     960
    2    1  249  429  126    0    8    1    3    0     826
    2    1  250  430  419    0   27    3    2    0    2073
    2    1  251  431  433    0   28    3    1    0    3143
    2    1  252  432  313    0   20    2    2    1    2569
    2    1  253  433  391    0   25    3    2    0    1027
    2    1  254  434  174    0   11    2    1    0     634
    2    1  255  435  180    0   12    2    2    1    1874
    2    1  256  436  347    0   22    3    1    0     775
    2    1  257  437  214    0   14    2    3    0     856
    2    1  258  438  158    0   10    1    1    1    1270
    2    1  259  439  250    1   16    2    2    1    1045
    2    1  260  440   99    0    7    1    3    0     732
    2    1  261  441  134    0    9    1    1    1     688
    2    1  262  442  197    0   13    2    1    0    1430
    2    1  263  443   81    0    6    1    2    0    2860
    2    1  264  444  459    0   29    3    1    0    2634
    2    1  265  445  203    1   13    2    2    1     801
    2    1  266  446  306    1   20    2    2    1     722
    2    1  267  447  103    0    7    1    1    1    2359
    2    1  268  448  233    0   15    2    3    0    1449
    2    1  269  449  290    0   19    2    1    0    1088
    2    1  270  450   36    0    3    1    2    0    1429
    2    1  271  451  227    0   15    2    3    0     828
    2    1  272  452  221    0   14    2    1    0    1740
    2    1  273  453  241    1   16    2    2    1     728
    2    1  274  454   93    0    6    1    1    1    1788
    2    1  275  455  338    0   22    3    1    0    1253
    2    1  276  456  400    0   25    3    2    0     724
    2    1  277  457  116    0    8    1    3    0     743
    2    1  278  458   33    0    3    1    1    1    1642
    2    1  279  459    5    0    1    1    1    1    1194
    2    1  280  460  178    0   12    2    2    1     907
    2    1  281  461  309    0   20    2    3    0     663
    2    1  282  462  314    0   20    2    2    1     989
    2    1  283  463  423    1   27    3    3    1    2582
    2    1  284  464  343    0   22    3    1    0     783
    2    1  285  465  301    0   19    2    3    0    2096
    2    1  286  466  153    0   10    1    1    1    1149
    2    1  287  467  451    0   29    3    2    0     750
    2    1  288  468  439    0   28    3    3    1     834
    2    1  289  469   97    0    7    1    1    1    1280
    2    1  290  470   91    0    6    1    2    0    1822
    2    1  291  471  435    0   28    3    1    0    1429
    2    1  292  472  355    1   23    3    3    1     669
    2    1  293  473   61    0    4    1    1    1     867
    2    1  294  474  303    0   19    2    2    1    1393
    2    1  295  475  480    0   30    3    1    0    1563
    2    1  296  476  336    0   21    3    1    0    1245
    2    1  297  477   14    0    1    1    1    1     813
    2    1  298  478  288    0   18    2    3    0     861
    2    1  299  479  102    0    7    1    2    0    1596
    2    1  300  480  278    1   18    2    2    1     749
