    1    1    1    1  164    1   11    2    3    0    2965
    1    1    2    2   49    1    4    1    2    0    7236
    1    1    3    3  359    1   23    3    3    1    3047
    1    1    4    4  266    1   17    2    2    1    5234
    1    1    5    5   15    1    1    1    3    0    3366
    1    1    6    6  267    1   17    2    2    1    2755
    1    1    7    7   33    1    3    1    3    0    6970
    1    1    8    8   80    1    5    1    1    1    2808
    1    1    9    9  340    1   22    3    3    1    4429
    1    1   10   10   58    1    4    1    1    1    2193
    1    1   11   11  250    1   16    2    2    1    2205
    1    1   12   12  448    1   28    3    3    1    3996
    1    1   13   13   66    1    5    1    3    0    2576
    1    1   14   14  269    1   17    2    2    1    4926
    1    1   15   15  471    1   30    3    2    0    2574
    1    1   16   16  121    1    8    1    1    1    4188
    1    1   17   17  280    1   18    2    2    1   10297
    1    1   18   18   36    1    3    1    1    1    2738
    1    1   19   19   16    1    1    1    3    0    2297
    1    1   20   20  479    1   30    3    2    0    4289
    1    1   21   21  396    1   25    3    3    1    5068
    1    1   22   22   53    1    4    1    1    1    2117
    1    1   23   23  360    1   23    3    3    1    3270
    1    1   24   24  411    1   26    3    3    1    4408
    1    1   25   25  289    1   19    2    2    1    1597
    1    1   26   26  276    1   18    2    2    1   12929
    1    1   27   27   35    1    3    1    1    1    2032
    1    1   28   28  272    1   17    2    2    1    9044
    1    1   29   29  408    1   26    3    3    1    3007
    1    1   30   30  120    1    8    1    1    1    2347
    1    1   31   31  117    1    8    1    1    1    1955
    1    1   32   32  201    1   13    2    2    1    2313
    1    1   33   33    4    1    1    1    3    0    1937
    1    1   34   34  217    1   14    2    2    1    2009
    1    1   35   35  473    1   30    3    2    0    4381
    1    1   36   36  182    1   12    2    2    1    1298
    1    1   37   37   52    1    4    1    1    1    1251
    1    1   38   38  353    1   23    3    3    1    4214
    1    1   39   39  424    1   27    3    3    1    8834
    1    1   40   40    6    1    1    1    1    1    4006
    1    1   41   41  212    1   14    2    2    1    2073
    1    1   42   42  406    1   26    3    2    0    4124
    1    1   43   43  476    1   30    3    3    1    3692
    1    1   44   44  252    1   16    2    2    1    2574
    1    1   45   45  387    1   25    3    1    0    3771
    1    1   46   46  409    1   26    3    3    1    5146
    1    1   47   47   56    1    4    1    1    1    1648
    1    1   48   48  290    1   19    2    3    0    3827
    1    1   49   49  271    1   17    2    2    1    7519
    1    1   50   50  240    1   15    2    3    0    6295
    1    1   51   51  380    1   24    3    1    0    2511
    1    1   52   52  465    1   30    3    2    0    5839
    1    1   53   53   38    1    3    1    2    0   12555
    1    1   54   54  219    1   14    2    1    0    4761
    1    1   55   55   37    1    3    1    1    1    8176
    1    1   56   56  326    1   21    3    1    0    1966
    1    1   57   57   71    1    5    1    1    1    1428
    1    1   58   58  245    1   16    2    2    1    1487
    1    1   59   59  356    1   23    3    2    0    2824
    1    1   60   60  216    1   14    2    2    1    8556
    1    2    1   61  448    1   28    3    3    1    5691
    1    2    2   62  271    1   17    2    2    1    3501
    1    2    3   63  356    1   23    3    3    1   14199
    1    2    4   64  117    1    8    1    2    0   12083
    1    2    5   65  269    1   17    2    2    1    5332
    1    2    6   66  201    1   13    2    2    1    2596
    1    2    7   67   80    1    5    1    1    1    2465
    1    2    8   68  245    1   16    2    3    0    2451
    1    2    9   69  219    1   14    2    1    0    2694
    1    2   10   70  280    1   18    2    2    1    2063
    1    2   11   71   33    1    3    1    1    1    2209
    1    2   12   72   58    1    4    1    1    1    2717
    1    2   13   73  266    1   17    2    3    0    3878
    1    2   14   74  409    1   26    3    3    1    6335
    1    2   15   75  479    1   30    3    2    0    6086
    1    2   16   76   66    1    5    1    1    1    4152
    1    2   17   77   16    1    1    1    1    1    1734
    1    2   18   78  212    1   14    2    3    0    5158
    1    2   19   79   36    1    3    1    1    1    5661
    1    2   20   80    6    1    1    1    3    0    5296
    1    2   21   81  216    1   14    2    2    1    7232
    1    2   22   82  272    1   17    2    2    1    3795
    1    2   23   83   38    1    3    1    1    1    1360
    1    2   24   84  217    1   14    2    2    1    3102
    1    2   25   85  396    1   25    3    3    1    4071
    1    2   26   86   35    1    3    1    1    1    1241
    1    2   27   87  182    1   12    2    2    1   21020
    1    2   28   88  465    1   30    3    2    0    4168
    1    2   29   89  360    1   23    3    2    0    2678
    1    2   30   90  121    1    8    1    1    1    2144
    1    2   31   91  120    1    8    1    1    1    1968
    1    2   32   92   49    1    4    1    1    1    2165
    1    2   33   93  267    1   17    2    2    1    4147
    1    2   34   94  340    1   22    3    3    1    2546
    1    2   35   95  406    1   26    3    3    1    2225
    1    2   36   96  380    1   24    3    2    0    4573
    1    2   37   97  240    1   15    2    3    0    5515
    1    2   38   98  289    1   19    2    2    1    3236
    1    2   39   99  471    1   30    3    3    1    6966
    1    2   40  100  387    1   25    3    2    0    3767
    1    2   41  101   56    1    4    1    1    1    1572
    1    2   42  102  424    1   27    3    2    0    5082
    1    2   43  103  164    1   11    2    1    0    2371
    1    2   44  104   53    1    4    1    1    1    3273
    1    2   45  105  250    1   16    2    2    1    2236
    1    2   46  106  326    1   21    3    1    0    7223
    1    2   47  107  252    1   16    2    2    1    6283
    1    2   48  108  473    1   30    3    2    0   11396
    1    2   49  109  359    1   23    3    3    1    4144
    1    2   50  110  408    1   26    3    3    1   20176
    1    2   51  111    4    1    1    1    3    0   12398
    1    2   52  112   37    1    3    1    1    1    1315
    1    2   53  113  411    1   26    3    3    1    2354
    1    2   54  114  290    1   19    2    1    0    2025
    1    2   55  115  476    1   30    3    3    1    3613
    1    2   56  116  276    1   18    2    1    0    3121
    1    2   57  117  353    1   23    3    2    0    7802
    1    2   58  118   52    1    4    1    1    1    9526
    1    2   59  119   71    1    5    1    1    1    1519
    1    2   60  120   15    1    1    1    1    1    1318
    1    3    1  121  448    1   28    3    2    0    2615
    1    3    2  122  406    1   26    3    3    1    2259
    1    3    3  123  280    1   18    2    2    1    3548
    1    3    4  124   58    1    4    1    1    1    1508
    1    3    5  125  117    1    8    1    1    1    2221
    1    3    6  126  276    1   18    2    2    1    8249
    1    3    7  127   33    1    3    1    1    1    5812
    1    3    8  128  245    1   16    2    2    1    2639
    1    3    9  129  271    1   17    2    2    1    2235
    1    3   10  130  219    1   14    2    1    0    2982
    1    3   11  131   49    1    4    1    1    1    1700
    1    3   12  132   16    1    1    1    2    0    3780
    1    3   13  133  479    1   30    3    3    1    8562
    1    3   14  134   15    1    1    1    1    1    1584
    1    3   15  135   53    1    4    1    1    1    4261
    1    3   16  136  272    1   17    2    2    1    2863
    1    3   17  137   71    1    5    1    1    1    6657
    1    3   18  138  353    1   23    3    3    1    5692
    1    3   19  139  465    1   30    3    3    1    3133
    1    3   20  140  121    1    8    1    1    1    6837
    1    3   21  141    4    1    1    1    2    0    7128
    1    3   22  142  289    1   19    2    2    1    4703
    1    3   23  143  267    1   17    2    2    1    8024
    1    3   24  144  326    1   21    3    1    0    3372
    1    3   25  145   36    1    3    1    1    1    1802
    1    3   26  146   52    1    4    1    1    1    2471
    1    3   27  147   66    1    5    1    3    0    5545
    1    3   28  148   56    1    4    1    1    1    1792
    1    3   29  149  250    1   16    2    2    1    2877
    1    3   30  150  120    1    8    1    1    1    2574
    1    3   31  151   37    1    3    1    1    1    1405
    1    3   32  152  340    1   22    3    3    1    5288
    1    3   33  153  476    1   30    3    3    1    8235
    1    3   34  154  212    1   14    2    3    0    4102
    1    3   35  155  473    1   30    3    2    0    7383
    1    3   36  156  360    1   23    3    3    1    1491
    1    3   37  157   35    1    3    1    1    1    5342
    1    3   38  158  164    1   11    2    1    0   14461
    1    3   39  159  269    1   17    2    2    1    8063
    1    3   40  160   38    1    3    1    1    1    1521
    1    3   41  161  409    1   26    3    3    1    2473
    1    3   42  162  424    1   27    3    2    0    4363
    1    3   43  163  216    1   14    2    2    1    2241
    1    3   44  164  290    1   19    2    1    0    9052
    1    3   45  165  266    1   17    2    2    1    1767
    1    3   46  166  252    1   16    2    2    1    5238
    1    3   47  167  240    1   15    2    2    1   14665
    1    3   48  168  380    1   24    3    3    1    9235
    1    3   49  169  217    1   14    2    2    1    3094
    1    3   50  170  411    1   26    3    3    1    6350
    1    3   51  171  359    1   23    3    3    1    2630
    1    3   52  172  182    1   12    2    2    1    6211
    1    3   53  173  408    1   26    3    3    1   10111
    1    3   54  174  356    1   23    3    3    1    2688
    1    3   55  175  471    1   30    3    3    1    5320
    1    3   56  176  201    1   13    2    2    1    2601
    1    3   57  177  396    1   25    3    3    1   22437
    1    3   58  178  387    1   25    3    2    0    5801
    1    3   59  179    6    1    1    1    1    1    2197
    1    3   60  180   80    1    5    1    1    1    1218
    2    1    1  181  226    0   15    2    3    0   23308
    2    1    2  182  372    0   24    3    3    1    3517
    2    1    3  183  276    1   18    2    3    0    3233
    2    1    4  184  394    0   25    3    2    0    1457
    2    1    5  185  381    0   24    3    3    1    3000
    2    1    6  186  328    0   21    3    1    0     688
    2    1    7  187  106    0    7    1    3    0    4182
    2    1    8  188  166    0   11    2    1    0    1055
    2    1    9  189  285    0   18    2    3    0    2662
    2    1   10  190  416    0   26    3    2    0    1068
    2    1   11  191  196    0   13    2    2    1    1873
    2    1   12  192  207    0   13    2    2    1     727
    2    1   13  193   80    1    5    1    1    1    1467
    2    1   14  194  163    0   11    2    2    1    5329
    2    1   15  195   10    0    1    1    3    0    5260
    2    1   16  196  107    0    7    1    1    1    2316
    2    1   17  197  300    0   19    2    1    0    1807
    2    1   18  198  475    0   30    3    2    0    1335
    2    1   19  199    5    0    1    1    3    0    1906
    2    1   20  200   48    0    3    1    1    1    3592
    2    1   21  201  423    0   27    3    3    1    4585
    2    1   22  202  468    0   30    3    2    0     946
    2    1   23  203  146    0   10    1    2    0    2269
    2    1   24  204  250    1   16    2    2    1    1667
    2    1   25  205  247    0   16    2    1    0    2720
    2    1   26  206  181    0   12    2    1    0     436
    2    1   27  207   47    0    3    1    1    1    1267
    2    1   28  208   42    0    3    1    1    1     833
    2    1   29  209  220    0   14    2    2    1    1456
    2    1   30  210  104    0    7    1    1    1    2712
    2    1   31  211   83    0    6    1    1    1     892
    2    1   32  212  406    1   26    3    3    1    1817
    2    1   33  213  438    0   28    3    2    0    3312
    2    1   34  214  241    0   16    2    2    1    2380
    2    1   35  215    1    0    1    1    1    1    1934
    2    1   36  216  444    0   28    3    2    0    3953
    2    1   37  217  124    0    8    1    1    1    1604
    2    1   38  218  456    0   29    3    3    1    1060
    2    1   39  219  198    0   13    2    2    1    3099
    2    1   40  220    2    0    1    1    3    0    1935
    2    1   41  221   69    0    5    1    1    1    3426
    2    1   42  222  160    0   10    1    3    0    1018
    2    1   43  223  102    0    7    1    3    0    3395
    2    1   44  224   57    0    4    1    1    1    1772
    2    1   45  225  439    0   28    3    2    0    1749
    2    1   46  226  217    1   14    2    2    1    1233
    2    1   47  227  330    0   21    3    1    0     928
    2    1   48  228  289    1   19    2    2    1    2955
    2    1   49  229  292    0   19    2    1    0    4854
    2    1   50  230   15    1    1    1    1    1     740
    2    1   51  231  258    0   17    2    2    1     888
    2    1   52  232  393    0   25    3    3    1     549
    2    1   53  233  375    0   24    3    3    1    1152
    2    1   54  234  319    0   20    2    2    1     866
    2    1   55  235  356    1   23    3    3    1    3584
    2    1   56  236  208    0   13    2    2    1    3570
    2    1   57  237  401    0   26    3    3    1    2068
    2    1   58  238   20    0    2    1    2    0    1266
    2    1   59  239  434    0   28    3    2    0    1552
    2    1   60  240  336    0   21    3    1    0     899
    2    1   61  241  309    0   20    2    3    0    1743
    2    1   62  242  294    0   19    2    1    0    3130
    2    1   63  243  129    0    9    1    3    0    3086
    2    1   64  244  143    0    9    1    3    0    3827
    2    1   65  245   54    0    4    1    1    1    2555
    2    1   66  246  387    1   25    3    2    0     917
    2    1   67  247  180    0   12    2    1    0    1633
    2    1   68  248  302    0   19    2    1    0    1888
    2    1   69  249  360    1   23    3    3    1    1989
    2    1   70  250  435    0   28    3    2    0    2599
    2    1   71  251  333    0   21    3    1    0     736
    2    1   72  252  297    0   19    2    1    0    1683
    2    1   73  253   29    0    2    1    1    1     593
    2    1   74  254   49    1    4    1    2    0    3546
    2    1   75  255  334    0   21    3    1    0     925
    2    1   76  256  477    0   30    3    3    1    2761
    2    1   77  257   18    0    2    1    3    0    1659
    2    1   78  258  144    0    9    1    3    0    3498
    2    1   79  259  350    0   22    3    3    1    2335
    2    1   80  260  323    0   21    3    1    0    1234
    2    1   81  261  275    0   18    2    1    0    3810
    2    1   82  262  284    0   18    2    2    1    5802
    2    1   83  263   27    0    2    1    1    1    3890
    2    1   84  264  472    0   30    3    3    1    4231
    2    1   85  265  172    0   11    2    1    0    3007
    2    1   86  266  156    0   10    1    1    1    5832
    2    1   87  267  462    0   29    3    2    0    5102
    2    1   88  268  389    0   25    3    2    0    5157
    2    1   89  269  255    0   16    2    2    1    1735
    2    1   90  270   77    0    5    1    1    1    2754
    2    1   91  271  271    1   17    2    2    1    1669
    2    1   92  272   65    0    5    1    1    1    4451
    2    1   93  273  318    0   20    2    3    0    2242
    2    1   94  274  108    0    7    1    2    0    3833
    2    1   95  275  400    0   25    3    3    1    3552
    2    1   96  276  232    0   15    2    2    1    3571
    2    1   97  277   50    0    4    1    3    0    4581
    2    1   98  278  213    0   14    2    1    0    3230
    2    1   99  279  320    0   20    2    3    0    5742
    2    1  100  280  448    1   28    3    1    0    3898
    2    1  101  281  112    0    7    1    1    1    4878
    2    1  102  282  215    0   14    2    1    0    4219
    2    1  103  283  437    0   28    3    1    0    1491
    2    1  104  284   34    0    3    1    1    1    1160
    2    1  105  285  357    0   23    3    3    1    2154
    2    1  106  286   36    1    3    1    2    0    2789
    2    1  107  287  288    0   18    2    2    1    1942
    2    1  108  288  327    0   21    3    1    0    1018
    2    1  109  289  326    1   21    3    3    1    3250
    2    1  110  290  101    0    7    1    1    1    2417
    2    1  111  291  199    0   13    2    2    1    1088
    2    1  112  292  390    0   25    3    3    1    1142
    2    1  113  293  463    0   29    3    3    1    2281
    2    1  114  294  354    0   23    3    3    1    1823
    2    1  115  295  239    0   15    2    2    1    1526
    2    1  116  296  371    0   24    3    3    1    2362
    2    1  117  297  339    0   22    3    3    1    3548
    2    1  118  298   21    0    2    1    2    0    7984
    2    1  119  299  204    0   13    2    2    1    1366
    2    1  120  300    4    1    1    1    3    0    1664
    2    1  121  301   25    0    2    1    2    0    2493
    2    1  122  302  157    0   10    1    3    0    1260
    2    1  123  303   94    0    6    1    1    1    1498
    2    1  124  304  119    0    8    1    1    1    2335
    2    1  125  305  470    0   30    3    2    0    1107
    2    1  126  306  290    1   19    2    3    0    2598
    2    1  127  307  189    0   12    2    1    0    1263
    2    1  128  308    9    0    1    1    3    0    1966
    2    1  129  309  152    0   10    1    3    0    1375
    2    1  130  310   78    0    5    1    2    0    3800
    2    1  131  311  268    0   17    2    2    1    1378
    2    1  132  312   89    0    6    1    1    1     859
    2    1  133  313   44    0    3    1    1    1     554
    2    1  134  314  419    0   27    3    2    0    1493
    2    1  135  315  148    0   10    1    3    0    2538
    2    1  136  316   95    0    6    1    1    1     838
    2    1  137  317  310    0   20    2    2    1    1812
    2    1  138  318  186    0   12    2    1    0     620
    2    1  139  319  130    0    9    1    2    0    5268
    2    1  140  320  362    0   23    3    3    1    2162
    2    1  141  321  282    0   18    2    3    0    1389
    2    1  142  322  469    0   30    3    2    0    3510
    2    1  143  323   17    0    2    1    3    0    6666
    2    1  144  324  274    0   18    2    2    1    1312
    2    1  145  325  246    0   16    2    2    1    1452
    2    1  146  326  329    0   21    3    1    0     531
    2    1  147  327  151    0   10    1    2    0    1726
    2    1  148  328  306    0   20    2    2    1    5547
    2    1  149  329   82    0    6    1    1    1     814
    2    1  150  330  245    1   16    2    2    1    1325
    2    1  151  331   60    0    4    1    2    0    3402
    2    1  152  332  296    0   19    2    3    0    2546
    2    1  153  333   22    0    2    1    2    0    1917
    2    1  154  334  142    0    9    1    2    0    1697
    2    1  155  335  100    0    7    1    2    0    3742
    2    1  156  336  287    0   18    2    3    0    3626
    2    1  157  337  460    0   29    3    3    1    1641
    2    1  158  338   76    0    5    1    2    0    4024
    2    1  159  339   14    0    1    1    2    0    1080
    2    1  160  340  450    0   29    3    2    0    3454
    2    1  161  341  291    0   19    2    1    0    2549
    2    1  162  342  304    0   19    2    1    0    1088
    2    1  163  343  277    0   18    2    3    0    3541
    2    1  164  344  369    0   24    3    3    1    1720
    2    1  165  345   85    0    6    1    1    1    1396
    2    1  166  346  480    0   30    3    2    0    3006
    2    1  167  347  136    0    9    1    2    0    1814
    2    1  168  348  273    0   18    2    2    1    3373
    2    1  169  349   88    0    6    1    1    1     696
    2    1  170  350    8    0    1    1    2    0    3404
    2    1  171  351  194    0   13    2    2    1    1349
    2    1  172  352  414    0   26    3    3    1    1296
    2    1  173  353  311    0   20    2    3    0    1212
    2    1  174  354  231    0   15    2    2    1    1180
    2    1  175  355   86    0    6    1    1    1     718
    2    1  176  356  259    0   17    2    2    1    4146
    2    1  177  357    7    0    1    1    3    0    1597
    2    1  178  358  359    1   23    3    3    1    1277
    2    1  179  359  377    0   24    3    3    1    1275
    2    1  180  360  165    0   11    2    1    0    1129
    2    1  181  361  278    0   18    2    2    1    1933
    2    1  182  362   33    1    3    1    1    1    1536
    2    1  183  363  392    0   25    3    2    0    2387
    2    1  184  364  227    0   15    2    3    0    1444
    2    1  185  365  368    0   23    3    1    0     684
    2    1  186  366  395    0   25    3    3    1    4800
    2    1  187  367  382    0   24    3    3    1    2705
    2    1  188  368  349    0   22    3    3    1    1318
    2    1  189  369  335    0   21    3    1    0     931
    2    1  190  370  256    0   16    2    2    1    1517
    2    1  191  371  408    1   26    3    3    1    4050
    2    1  192  372   62    0    4    1    1    1    1873
    2    1  193  373  441    0   28    3    2    0    3271
    2    1  194  374   92    0    6    1    1    1     836
    2    1  195  375   58    1    4    1    1    1     964
    2    1  196  376  473    1   30    3    3    1    5677
    2    1  197  377  155    0   10    1    3    0    1450
    2    1  198  378  321    0   21    3    1    0     818
    2    1  199  379  373    0   24    3    3    1    1362
    2    1  200  380   73    0    5    1    3    0    2587
    2    1  201  381  113    0    8    1    1    1    4261
    2    1  202  382  384    0   24    3    3    1    1787
    2    1  203  383  164    1   11    2    1    0    3236
    2    1  204  384  317    0   20    2    2    1    1651
    2    1  205  385  257    0   17    2    1    0    3202
    2    1  206  386  312    0   20    2    3    0    4756
    2    1  207  387  195    0   13    2    2    1    3174
    2    1  208  388  337    0   22    3    3    1    1737
    2    1  209  389   32    0    2    1    3    0    3364
    2    1  210  390  461    0   29    3    2    0    1965
    2    1  211  391   70    0    5    1    1    1    2720
    2    1  212  392  236    0   15    2    2    1    1380
    2    1  213  393  346    0   22    3    1    0    1629
    2    1  214  394  201    1   13    2    2    1    2236
    2    1  215  395  137    0    9    1    2    0    1859
    2    1  216  396  316    0   20    2    2    1    4956
    2    1  217  397  248    0   16    2    2    1    2550
    2    1  218  398  459    0   29    3    3    1    1281
    2    1  219  399  424    1   27    3    1    0    2750
    2    1  220  400   91    0    6    1    1    1     784
    2    1  221  401  445    0   28    3    1    0    3025
    2    1  222  402  120    1    8    1    1    1    1898
    2    1  223  403  305    0   20    2    3    0    1502
    2    1  224  404  229    0   15    2    1    0    4563
    2    1  225  405  233    0   15    2    2    1    2093
    2    1  226  406   39    0    3    1    1    1    1483
    2    1  227  407   24    0    2    1    1    1    1407
    2    1  228  408   23    0    2    1    2    0    2392
    2    1  229  409  149    0   10    1    2    0    1929
    2    1  230  410  269    1   17    2    2    1    1196
    2    1  231  411  281    0   18    2    2    1    2909
    2    1  232  412  324    0   21    3    1    0    1530
    2    1  233  413  118    0    8    1    1    1    1070
    2    1  234  414   90    0    6    1    1    1     563
    2    1  235  415  474    0   30    3    2    0    3181
    2    1  236  416  134    0    9    1    2    0    1087
    2    1  237  417  471    1   30    3    3    1    2148
    2    1  238  418  161    0   11    2    1    0    1470
    2    1  239  419  121    1    8    1    1    1    1573
    2    1  240  420  454    0   29    3    2    0    1479
    2    1  241  421   40    0    3    1    1    1    1980
    2    1  242  422  449    0   29    3    2    0    1149
    2    1  243  423  182    1   12    2    2    1    1216
    2    1  244  424  436    0   28    3    1    0     976
    2    1  245  425  252    1   16    2    2    1    1147
    2    1  246  426  171    0   11    2    2    1    1549
    2    1  247  427  115    0    8    1    3    0    2335
    2    1  248  428  125    0    8    1    1    1    1187
    2    1  249  429  425    0   27    3    2    0    1636
    2    1  250  430  261    0   17    2    2    1    1380
    2    1  251  431  218    0   14    2    2    1    4221
    2    1  252  432  467    0   30    3    3    1    1444
    2    1  253  433  476    1   30    3    3    1    6011
    2    1  254  434  159    0   10    1    3    0    1628
    2    1  255  435  364    0   23    3    1    0    1835
    2    1  256  436  228    0   15    2    2    1    1985
    2    1  257  437  138    0    9    1    2    0    1731
    2    1  258  438   41    0    3    1    2    0    3087
    2    1  259  439  465    1   30    3    3    1    2564
    2    1  260  440  240    1   15    2    2    1    1965
    2    1  261  441  428    0   27    3    2    0    3455
    2    1  262  442  455    0   29    3    2    0     871
    2    1  263  443  237    0   15    2    2    1    1125
    2    1  264  444  410    0   26    3    3    1     744
    2    1  265  445   99    0    7    1    3    0    2123
    2    1  266  446  301    0   19    2    1    0    1318
    2    1  267  447  244    0   16    2    2    1    1140
    2    1  268  448   84    0    6    1    1    1     678
    2    1  269  449   61    0    4    1    2    0    2092
    2    1  270  450  105    0    7    1    1    1    1545
    2    1  271  451  175    0   11    2    3    0    1516
    2    1  272  452  307    0   20    2    3    0    1568
    2    1  273  453  135    0    9    1    2    0    1074
    2    1  274  454  353    1   23    3    2    0    1769
    2    1  275  455  412    0   26    3    3    1    2770
    2    1  276  456  133    0    9    1    2    0     981
    2    1  277  457   35    1    3    1    1    1    3550
    2    1  278  458  418    0   27    3    2    0    2322
    2    1  279  459   38    1    3    1    1    1    1302
    2    1  280  460  221    0   14    2    1    0    1249
    2    1  281  461  421    0   27    3    1    0    1328
    2    1  282  462  342    0   22    3    3    1    6220
    2    1  283  463   79    0    5    1    1    1    1988
    2    1  284  464   63    0    4    1    1    1     981
    2    1  285  465   16    1    1    1    3    0     847
    2    1  286  466  154    0   10    1    3    0     813
    2    1  287  467  122    0    8    1    1    1     894
    2    1  288  468  223    0   14    2    2    1    2298
    2    1  289  469   72    0    5    1    2    0    3888
    2    1  290  470  446    0   28    3    2    0    1285
    2    1  291  471  111    0    7    1    1    1     994
    2    1  292  472  197    0   13    2    2    1    2971
    2    1  293  473   51    0    4    1    2    0    1189
    2    1  294  474   19    0    2    1    1    1    1670
    2    1  295  475   52    1    4    1    1    1     708
    2    1  296  476  340    1   22    3    3    1     841
    2    1  297  477  210    0   14    2    2    1     776
    2    1  298  478  313    0   20    2    2    1     874
    2    1  299  479  378    0   24    3    3    1     729
    2    1  300  480  411    1   26    3    3    1    2315
