    1    1    1    1  340    1   22    3    2    0    6271
    1    1    2    2  219    1   14    2    1    0    5343
    1    1    3    3   56    1    4    1    2    0    2173
    1    1    4    4  326    1   21    3    2    0    3659
    1    1    5    5  479    1   30    3    2    0   13230
    1    1    6    6   71    1    5    1    1    1    6161
    1    1    7    7  359    1   23    3    2    0    5904
    1    1    8    8  182    1   12    2    2    1    2248
    1    1    9    9  250    1   16    2    3    0    3651
    1    1   10   10  267    1   17    2    2    1    2470
    1    1   11   11   52    1    4    1    3    0    7016
    1    1   12   12  164    1   11    2    3    0    3732
    1    1   13   13  387    1   25    3    1    0   27651
    1    1   14   14   80    1    5    1    1    1    2326
    1    1   15   15   16    1    1    1    1    1    1470
    1    1   16   16   58    1    4    1    1    1    2776
    1    1   17   17  276    1   18    2    3    0    3310
    1    1   18   18  448    1   28    3    1    0    3855
    1    1   19   19   53    1    4    1    1    1    2826
    1    1   20   20  424    1   27    3    2    0    4893
    1    1   21   21    6    1    1    1    2    0    1871
    1    1   22   22  280    1   18    2    2    1    1753
    1    1   23   23  217    1   14    2    2    1    4072
    1    1   24   24  476    1   30    3    3    1    2986
    1    1   25   25  245    1   16    2    3    0    5142
    1    1   26   26  121    1    8    1    1    1    3854
    1    1   27   27  406    1   26    3    3    1    2345
    1    1   28   28    4    1    1    1    1    1    4065
    1    1   29   29  269    1   17    2    2    1    1730
    1    1   30   30  471    1   30    3    3    1    2018
    1    1   31   31  356    1   23    3    3    1    1478
    1    1   32   32  252    1   16    2    2    1    1584
    1    1   33   33  201    1   13    2    2    1    1286
    1    1   34   34   66    1    5    1    1    1    2102
    1    1   35   35  120    1    8    1    1    1    1127
    1    1   36   36  360    1   23    3    3    1    2927
    1    1   37   37   33    1    3    1    1    1    2367
    1    1   38   38  240    1   15    2    3    0    1862
    1    1   39   39  408    1   26    3    3    1    2048
    1    1   40   40  212    1   14    2    2    1    2659
    1    1   41   41  216    1   14    2    1    0    4318
    1    1   42   42   49    1    4    1    1    1    1398
    1    1   43   43   38    1    3    1    1    1    1650
    1    1   44   44  473    1   30    3    3    1    1813
    1    1   45   45  290    1   19    2    1    0    1905
    1    1   46   46   35    1    3    1    1    1    1050
    1    1   47   47  380    1   24    3    3    1    5284
    1    1   48   48  411    1   26    3    3    1    1014
    1    1   49   49  465    1   30    3    2    0    3346
    1    1   50   50   15    1    1    1    1    1    1698
    1    1   51   51  289    1   19    2    2    1    2562
    1    1   52   52   36    1    3    1    1    1    1921
    1    1   53   53  266    1   17    2    2    1    1305
    1    1   54   54  271    1   17    2    2    1    1673
    1    1   55   55  353    1   23    3    2    0    3868
    1    1   56   56  396    1   25    3    3    1    2294
    1    1   57   57   37    1    3    1    1    1    1791
    1    1   58   58  272    1   17    2    2    1    3180
    1    1   59   59  409    1   26    3    3    1    1665
    1    1   60   60  117    1    8    1    1    1    2451
    1    2    1   61  476    1   30    3    3    1    2215
    1    2    2   62   52    1    4    1    1    1     979
    1    2    3   63  269    1   17    2    2    1    1296
    1    2    4   64  280    1   18    2    3    0    1649
    1    2    5   65  409    1   26    3    3    1    1748
    1    2    6   66  272    1   17    2    2    1    3987
    1    2    7   67  121    1    8    1    1    1    1272
    1    2    8   68  359    1   23    3    3    1    1338
    1    2    9   69  471    1   30    3    3    1    2330
    1    2   10   70  201    1   13    2    2    1    1186
    1    2   11   71  326    1   21    3    3    1    1414
    1    2   12   72  479    1   30    3    3    1    1651
    1    2   13   73  396    1   25    3    3    1    1478
    1    2   14   74  266    1   17    2    2    1    1247
    1    2   15   75  276    1   18    2    1    0    1169
    1    2   16   76   71    1    5    1    1    1     952
    1    2   17   77  387    1   25    3    3    1    1687
    1    2   18   78   58    1    4    1    1    1    2056
    1    2   19   79  267    1   17    2    2    1    1307
    1    2   20   80  356    1   23    3    3    1     843
    1    2   21   81   33    1    3    1    1    1    1551
    1    2   22   82  380    1   24    3    3    1    2726
    1    2   23   83   53    1    4    1    1    1    3102
    1    2   24   84  408    1   26    3    3    1    2071
    1    2   25   85  411    1   26    3    3    1     728
    1    2   26   86   35    1    3    1    1    1     673
    1    2   27   87  219    1   14    2    3    0    2491
    1    2   28   88  448    1   28    3    1    0     955
    1    2   29   89  289    1   19    2    2    1    1178
    1    2   30   90  212    1   14    2    3    0    1761
    1    2   31   91   49    1    4    1    1    1    1199
    1    2   32   92  465    1   30    3    3    1    3555
    1    2   33   93  250    1   16    2    1    0    2027
    1    2   34   94  240    1   15    2    3    0    3262
    1    2   35   95   56    1    4    1    1    1    1233
    1    2   36   96    4    1    1    1    1    1    2309
    1    2   37   97   36    1    3    1    1    1    1245
    1    2   38   98  340    1   22    3    3    1    2609
    1    2   39   99   80    1    5    1    1    1    1182
    1    2   40  100  353    1   23    3    3    1    2659
    1    2   41  101  217    1   14    2    3    0    3550
    1    2   42  102   37    1    3    1    1    1    1172
    1    2   43  103  245    1   16    2    2    1    2843
    1    2   44  104    6    1    1    1    1    1    1021
    1    2   45  105   15    1    1    1    1    1    1145
    1    2   46  106  117    1    8    1    1    1    3985
    1    2   47  107   16    1    1    1    1    1     566
    1    2   48  108  271    1   17    2    2    1    1188
    1    2   49  109  360    1   23    3    3    1    1610
    1    2   50  110  216    1   14    2    3    0    3102
    1    2   51  111  252    1   16    2    2    1    1111
    1    2   52  112   38    1    3    1    1    1    1072
    1    2   53  113  182    1   12    2    2    1    1209
    1    2   54  114  120    1    8    1    1    1     958
    1    2   55  115   66    1    5    1    1    1     732
    1    2   56  116  424    1   27    3    3    1    1460
    1    2   57  117  406    1   26    3    3    1    1728
    1    2   58  118  290    1   19    2    1    0    1119
    1    2   59  119  164    1   11    2    1    0    2662
    1    2   60  120  473    1   30    3    3    1    2529
    1    3    1  121  380    1   24    3    3    1    2401
    1    3    2  122   33    1    3    1    1    1    1254
    1    3    3  123  212    1   14    2    3    0    1128
    1    3    4  124  476    1   30    3    3    1     816
    1    3    5  125   37    1    3    1    1    1     821
    1    3    6  126  269    1   17    2    2    1    1385
    1    3    7  127  289    1   19    2    2    1    1399
    1    3    8  128  164    1   11    2    3    0    3187
    1    3    9  129  465    1   30    3    3    1    1689
    1    3   10  130   36    1    3    1    1    1    2522
    1    3   11  131  353    1   23    3    3    1    1178
    1    3   12  132   58    1    4    1    1    1     992
    1    3   13  133  272    1   17    2    3    0    1965
    1    3   14  134  448    1   28    3    3    1    1042
    1    3   15  135  408    1   26    3    3    1    1775
    1    3   16  136  479    1   30    3    3    1    1917
    1    3   17  137   53    1    4    1    1    1    1317
    1    3   18  138  359    1   23    3    3    1    1284
    1    3   19  139  471    1   30    3    3    1    1318
    1    3   20  140  252    1   16    2    2    1    1190
    1    3   21  141  276    1   18    2    3    0    2780
    1    3   22  142  387    1   25    3    3    1    4545
    1    3   23  143  424    1   27    3    3    1    1392
    1    3   24  144   52    1    4    1    1    1    1358
    1    3   25  145   38    1    3    1    1    1    1085
    1    3   26  146  240    1   15    2    3    0    3093
    1    3   27  147  356    1   23    3    3    1    1295
    1    3   28  148  280    1   18    2    2    1    1152
    1    3   29  149    4    1    1    1    1    1    1095
    1    3   30  150  250    1   16    2    2    1    1169
    1    3   31  151   80    1    5    1    1    1     902
    1    3   32  152   66    1    5    1    1    1     935
    1    3   33  153  290    1   19    2    3    0    2167
    1    3   34  154  340    1   22    3    3    1    1957
    1    3   35  155   16    1    1    1    1    1    1564
    1    3   36  156  245    1   16    2    2    1    1665
    1    3   37  157  267    1   17    2    2    1    1011
    1    3   38  158  326    1   21    3    3    1    1200
    1    3   39  159  360    1   23    3    3    1    1204
    1    3   40  160  411    1   26    3    3    1    1353
    1    3   41  161  409    1   26    3    3    1    1464
    1    3   42  162   71    1    5    1    1    1    1251
    1    3   43  163    6    1    1    1    1    1    1237
    1    3   44  164  201    1   13    2    2    1     937
    1    3   45  165  406    1   26    3    3    1    1048
    1    3   46  166  117    1    8    1    2    0    3666
    1    3   47  167  216    1   14    2    3    0    1236
    1    3   48  168   35    1    3    1    1    1    1176
    1    3   49  169   49    1    4    1    1    1    3502
    1    3   50  170  266    1   17    2    2    1     968
    1    3   51  171  396    1   25    3    3    1    1207
    1    3   52  172  121    1    8    1    1    1    1131
    1    3   53  173  217    1   14    2    3    0    2274
    1    3   54  174  473    1   30    3    3    1    1084
    1    3   55  175  219    1   14    2    3    0    2693
    1    3   56  176   56    1    4    1    1    1    1791
    1    3   57  177  120    1    8    1    1    1    2749
    1    3   58  178  271    1   17    2    2    1    1763
    1    3   59  179  182    1   12    2    2    1     945
    1    3   60  180   15    1    1    1    1    1    1568
    2    1    1  181  249    0   16    2    1    0    5059
    2    1    2  182  255    0   16    2    2    1    1433
    2    1    3  183   76    0    5    1    1    1     946
    2    1    4  184   59    0    4    1    3    0    1901
    2    1    5  185  236    0   15    2    2    1    3585
    2    1    6  186  268    0   17    2    2    1    1331
    2    1    7  187   20    0    2    1    3    0    1135
    2    1    8  188  347    0   22    3    3    1    4033
    2    1    9  189  254    0   16    2    2    1    1440
    2    1   10  190  434    0   28    3    1    0     647
    2    1   11  191  262    0   17    2    2    1    1263
    2    1   12  192  124    0    8    1    1    1     749
    2    1   13  193  328    0   21    3    3    1    1440
    2    1   14  194  210    0   14    2    3    0     759
    2    1   15  195  459    0   29    3    3    1     890
    2    1   16  196  190    0   12    2    3    0    1272
    2    1   17  197  339    0   22    3    1    0    2661
    2    1   18  198  368    0   23    3    3    1     956
    2    1   19  199  448    1   28    3    3    1     902
    2    1   20  200  196    0   13    2    2    1     740
    2    1   21  201  414    0   26    3    3    1     679
    2    1   22  202  409    1   26    3    3    1     652
    2    1   23  203  128    0    8    1    1    1    1011
    2    1   24  204   43    0    3    1    1    1     541
    2    1   25  205  353    1   23    3    3    1     568
    2    1   26  206  416    0   26    3    3    1     641
    2    1   27  207  194    0   13    2    1    0     600
    2    1   28  208  453    0   29    3    3    1     850
    2    1   29  209  349    0   22    3    1    0    2881
    2    1   30  210   50    0    4    1    3    0    1485
    2    1   31  211  474    0   30    3    3    1    1235
    2    1   32  212   17    0    2    1    3    0    1890
    2    1   33  213  447    0   28    3    1    0    2584
    2    1   34  214  127    0    8    1    1    1     657
    2    1   35  215   40    0    3    1    1    1     600
    2    1   36  216  139    0    9    1    3    0    1376
    2    1   37  217  213    0   14    2    3    0    1579
    2    1   38  218  465    1   30    3    2    0     972
    2    1   39  219   42    0    3    1    1    1     662
    2    1   40  220  452    0   29    3    3    1     557
    2    1   41  221  245    1   16    2    2    1    1623
    2    1   42  222   33    1    3    1    1    1     583
    2    1   43  223  302    0   19    2    2    1     754
    2    1   44  224  171    0   11    2    1    0     661
    2    1   45  225  404    0   26    3    2    0    4972
    2    1   46  226   26    0    2    1    3    0    2021
    2    1   47  227  223    0   14    2    3    0    1622
    2    1   48  228  294    0   19    2    1    0     726
    2    1   49  229  304    0   19    2    1    0    3131
    2    1   50  230  277    0   18    2    1    0    1581
    2    1   51  231   36    1    3    1    1    1     429
    2    1   52  232  147    0   10    1    2    0     749
    2    1   53  233   38    1    3    1    1    1     527
    2    1   54  234  222    0   14    2    3    0    1068
    2    1   55  235  167    0   11    2    1    0     465
    2    1   56  236  340    1   22    3    3    1    1647
    2    1   57  237   93    0    6    1    3    0     974
    2    1   58  238  306    0   20    2    2    1     665
    2    1   59  239  100    0    7    1    1    1     527
    2    1   60  240   65    0    5    1    1    1     666
    2    1   61  241   84    0    6    1    2    0    1600
    2    1   62  242  373    0   24    3    1    0     769
    2    1   63  243  417    0   27    3    1    0    1395
    2    1   64  244  480    0   30    3    3    1    2508
    2    1   65  245  360    1   23    3    3    1    2106
    2    1   66  246  287    0   18    2    1    0    1062
    2    1   67  247   28    0    2    1    3    0    1564
    2    1   68  248   75    0    5    1    1    1     542
    2    1   69  249  345    0   22    3    3    1    1529
    2    1   70  250   99    0    7    1    2    0    4062
    2    1   71  251   79    0    5    1    1    1     539
    2    1   72  252  295    0   19    2    1    0    1399
    2    1   73  253   56    1    4    1    1    1    3120
    2    1   74  254  458    0   29    3    3    1     660
    2    1   75  255   52    1    4    1    1    1     490
    2    1   76  256  106    0    7    1    2    0     809
    2    1   77  257  362    0   23    3    3    1    5818
    2    1   78  258  152    0   10    1    3    0     545
    2    1   79  259  216    1   14    2    3    0    1469
    2    1   80  260  119    0    8    1    1    1     691
    2    1   81  261  218    0   14    2    3    0    1016
    2    1   82  262  269    1   17    2    2    1     560
    2    1   83  263  378    0   24    3    3    1    5099
    2    1   84  264  398    0   25    3    3    1     688
    2    1   85  265  234    0   15    2    1    0    2053
    2    1   86  266  296    0   19    2    2    1    2227
    2    1   87  267  215    0   14    2    3    0     763
    2    1   88  268  214    0   14    2    3    0     766
    2    1   89  269    5    0    1    1    1    1     528
    2    1   90  270  109    0    7    1    1    1     860
    2    1   91  271   71    1    5    1    1    1     491
    2    1   92  272  298    0   19    2    1    0     856
    2    1   93  273   13    0    1    1    1    1     759
    2    1   94  274  310    0   20    2    2    1    1305
    2    1   95  275  116    0    8    1    1    1     758
    2    1   96  276   80    1    5    1    1    1     553
    2    1   97  277  159    0   10    1    1    1     532
    2    1   98  278  399    0   25    3    3    1     560
    2    1   99  279   31    0    2    1    3    0     683
    2    1  100  280  361    0   23    3    3    1     751
    2    1  101  281  187    0   12    2    2    1     594
    2    1  102  282  238    0   15    2    3    0     619
    2    1  103  283  313    0   20    2    2    1     660
    2    1  104  284  323    0   21    3    2    0    1466
    2    1  105  285  141    0    9    1    3    0     721
    2    1  106  286  308    0   20    2    2    1     613
    2    1  107  287   32    0    2    1    3    0     510
    2    1  108  288  475    0   30    3    2    0     778
    2    1  109  289  232    0   15    2    1    0     812
    2    1  110  290  123    0    8    1    1    1     749
    2    1  111  291   29    0    2    1    3    0     864
    2    1  112  292  108    0    7    1    1    1     590
    2    1  113  293  419    0   27    3    2    0     710
    2    1  114  294  437    0   28    3    3    1    1499
    2    1  115  295  424    1   27    3    3    1    1328
    2    1  116  296   68    0    5    1    1    1     508
    2    1  117  297   91    0    6    1    2    0    2233
    2    1  118  298   63    0    4    1    1    1     544
    2    1  119  299  473    1   30    3    3    1     651
    2    1  120  300  195    0   13    2    1    0     754
    2    1  121  301    4    1    1    1    1    1     596
    2    1  122  302  468    0   30    3    3    1     957
    2    1  123  303  369    0   24    3    1    0     712
    2    1  124  304  363    0   23    3    3    1     797
    2    1  125  305   97    0    7    1    1    1     492
    2    1  126  306  266    1   17    2    2    1     458
    2    1  127  307  456    0   29    3    3    1     665
    2    1  128  308  117    1    8    1    1    1     847
    2    1  129  309  134    0    9    1    2    0     990
    2    1  130  310   54    0    4    1    1    1     471
    2    1  131  311  242    0   16    2    2    1    3541
    2    1  132  312  469    0   30    3    2    0     792
    2    1  133  313  224    0   14    2    3    0    1018
    2    1  134  314   23    0    2    1    1    1    1553
    2    1  135  315  267    1   17    2    2    1    1316
    2    1  136  316  270    0   17    2    2    1     800
    2    1  137  317   94    0    6    1    3    0     657
    2    1  138  318   70    0    5    1    1    1     599
    2    1  139  319  165    0   11    2    1    0     688
    2    1  140  320  207    0   13    2    2    1     629
    2    1  141  321  132    0    9    1    1    1     525
    2    1  142  322   10    0    1    1    1    1    4122
    2    1  143  323  247    0   16    2    2    1     870
    2    1  144  324   57    0    4    1    1    1     644
    2    1  145  325  387    1   25    3    3    1     603
    2    1  146  326  395    0   25    3    3    1    1060
    2    1  147  327  430    0   27    3    3    1     859
    2    1  148  328  271    1   17    2    2    1     729
    2    1  149  329    1    0    1    1    1    1     525
    2    1  150  330    8    0    1    1    3    0    1497
    2    1  151  331  330    0   21    3    3    1    3230
    2    1  152  332  312    0   20    2    3    0     509
    2    1  153  333  336    0   21    3    3    1     458
    2    1  154  334  161    0   11    2    1    0     553
    2    1  155  335  445    0   28    3    1    0    2259
    2    1  156  336  393    0   25    3    3    1     986
    2    1  157  337  394    0   25    3    2    0    1716
    2    1  158  338  428    0   27    3    2    0    1151
    2    1  159  339   64    0    4    1    3    0    1090
    2    1  160  340   24    0    2    1    3    0     584
    2    1  161  341  273    0   18    2    3    0    1296
    2    1  162  342  427    0   27    3    2    0    1133
    2    1  163  343  444    0   28    3    3    1     704
    2    1  164  344  425    0   27    3    3    1    1141
    2    1  165  345  293    0   19    2    1    0    1240
    2    1  166  346  121    1    8    1    1    1     728
    2    1  167  347   15    1    1    1    1    1     587
    2    1  168  348  138    0    9    1    1    1     708
    2    1  169  349  263    0   17    2    2    1     568
    2    1  170  350  286    0   18    2    3    0     594
    2    1  171  351  276    1   18    2    1    0     765
    2    1  172  352  239    0   15    2    2    1     878
    2    1  173  353  319    0   20    2    2    1     733
    2    1  174  354  396    1   25    3    3    1     720
    2    1  175  355  186    0   12    2    1    0    1651
    2    1  176  356  402    0   26    3    3    1    2307
    2    1  177  357  280    1   18    2    2    1     824
    2    1  178  358  358    0   23    3    3    1     663
    2    1  179  359  153    0   10    1    1    1     926
    2    1  180  360  305    0   20    2    2    1     794
    2    1  181  361  476    1   30    3    3    1     603
    2    1  182  362  400    0   25    3    3    1     611
    2    1  183  363  477    0   30    3    3    1     589
    2    1  184  364  303    0   19    2    1    0     742
    2    1  185  365   51    0    4    1    1    1     554
    2    1  186  366  406    1   26    3    3    1     533
    2    1  187  367  327    0   21    3    2    0    1119
    2    1  188  368   88    0    6    1    3    0     675
    2    1  189  369  371    0   24    3    1    0     505
    2    1  190  370  281    0   18    2    1    0    1142
    2    1  191  371   66    1    5    1    1    1     537
    2    1  192  372  405    0   26    3    3    1     580
    2    1  193  373  111    0    7    1    1    1    2526
    2    1  194  374  148    0   10    1    3    0     634
    2    1  195  375   85    0    6    1    1    1     594
    2    1  196  376  344    0   22    3    1    0     570
    2    1  197  377  115    0    8    1    1    1     564
    2    1  198  378  158    0   10    1    3    0    2846
    2    1  199  379  415    0   26    3    3    1     718
    2    1  200  380  125    0    8    1    1    1     546
    2    1  201  381  104    0    7    1    1    1     572
    2    1  202  382   22    0    2    1    3    0     967
    2    1  203  383   30    0    2    1    1    1    1313
    2    1  204  384  421    0   27    3    2    0    5788
    2    1  205  385  386    0   25    3    2    0    1958
    2    1  206  386  326    1   21    3    3    1    1305
    2    1  207  387  102    0    7    1    1    1    1270
    2    1  208  388   37    1    3    1    1    1     516
    2    1  209  389  174    0   11    2    1    0     528
    2    1  210  390  442    0   28    3    3    1     748
    2    1  211  391   18    0    2    1    3    0    1486
    2    1  212  392  272    1   17    2    2    1    1220
    2    1  213  393  176    0   11    2    1    0     595
    2    1  214  394  156    0   10    1    1    1     461
    2    1  215  395  450    0   29    3    2    0     587
    2    1  216  396  401    0   26    3    3    1     645
    2    1  217  397  322    0   21    3    2    0    1229
    2    1  218  398  180    0   12    2    3    0     828
    2    1  219  399  467    0   30    3    3    1    1021
    2    1  220  400  282    0   18    2    3    0    2804
    2    1  221  401  352    0   22    3    2    0    1078
    2    1  222  402  112    0    7    1    1    1     619
    2    1  223  403  275    0   18    2    1    0     436
    2    1  224  404  130    0    9    1    1    1     403
    2    1  225  405  381    0   24    3    1    0     660
    2    1  226  406    9    0    1    1    1    1     441
    2    1  227  407   25    0    2    1    3    0     538
    2    1  228  408   74    0    5    1    1    1     469
    2    1  229  409  359    1   23    3    3    1     562
    2    1  230  410   11    0    1    1    3    0    1758
    2    1  231  411  449    0   29    3    2    0     632
    2    1  232  412  253    0   16    2    2    1     543
    2    1  233  413  182    1   12    2    2    1     539
    2    1  234  414  383    0   24    3    1    0     486
    2    1  235  415  144    0    9    1    1    1     867
    2    1  236  416  301    0   19    2    1    0    1074
    2    1  237  417  288    0   18    2    2    1    1719
    2    1  238  418  460    0   29    3    2    0     820
    2    1  239  419   14    0    1    1    1    1     579
    2    1  240  420  241    0   16    2    2    1     876
    2    1  241  421  426    0   27    3    3    1    1675
    2    1  242  422  329    0   21    3    2    0    1288
    2    1  243  423  163    0   11    2    2    1    1398
    2    1  244  424  418    0   27    3    2    0    1151
    2    1  245  425  440    0   28    3    2    0     546
    2    1  246  426  225    0   15    2    1    0     620
    2    1  247  427   46    0    3    1    1    1     501
    2    1  248  428  162    0   11    2    3    0    1474
    2    1  249  429  103    0    7    1    1    1     808
    2    1  250  430   73    0    5    1    1    1     472
    2    1  251  431  154    0   10    1    1    1     470
    2    1  252  432  391    0   25    3    3    1     531
    2    1  253  433  150    0   10    1    2    0     639
    2    1  254  434  433    0   28    3    3    1    1191
    2    1  255  435  438    0   28    3    1    0     487
    2    1  256  436  197    0   13    2    1    0     485
    2    1  257  437  318    0   20    2    2    1    2658
    2    1  258  438  237    0   15    2    3    0    1033
    2    1  259  439  380    1   24    3    3    1    1952
    2    1  260  440  472    0   30    3    3    1     722
    2    1  261  441   61    0    4    1    1    1     599
    2    1  262  442  366    0   23    3    2    0    1137
    2    1  263  443   27    0    2    1    3    0    1908
    2    1  264  444  179    0   12    2    1    0     809
    2    1  265  445  285    0   18    2    3    0    2617
    2    1  266  446  321    0   21    3    3    1     898
    2    1  267  447   95    0    6    1    3    0    1422
    2    1  268  448  333    0   21    3    2    0     838
    2    1  269  449  446    0   28    3    1    0     661
    2    1  270  450   39    0    3    1    1    1     428
    2    1  271  451   35    1    3    1    1    1     524
    2    1  272  452  379    0   24    3    1    0     520
    2    1  273  453  228    0   15    2    3    0     980
    2    1  274  454  227    0   15    2    3    0    1293
    2    1  275  455  314    0   20    2    2    1     570
    2    1  276  456  251    0   16    2    2    1     773
    2    1  277  457  137    0    9    1    1    1     662
    2    1  278  458  357    0   23    3    2    0     846
    2    1  279  459  166    0   11    2    1    0     702
    2    1  280  460  155    0   10    1    2    0     498
    2    1  281  461  338    0   22    3    1    0     462
    2    1  282  462  233    0   15    2    1    0     620
    2    1  283  463    6    1    1    1    1    1     485
    2    1  284  464  479    1   30    3    3    1     802
    2    1  285  465  170    0   11    2    1    0     723
    2    1  286  466  385    0   25    3    3    1    1047
    2    1  287  467  135    0    9    1    1    1     686
    2    1  288  468  451    0   29    3    2    0     819
    2    1  289  469  283    0   18    2    3    0    2115
    2    1  290  470  466    0   30    3    2    0    1567
    2    1  291  471  126    0    8    1    1    1    1025
    2    1  292  472    7    0    1    1    1    1     553
    2    1  293  473  264    0   17    2    2    1     644
    2    1  294  474  384    0   24    3    1    0     555
    2    1  295  475   58    1    4    1    3    0     790
    2    1  296  476  136    0    9    1    3    0    1352
    2    1  297  477  252    1   16    2    2    1     610
    2    1  298  478   81    0    6    1    3    0     635
    2    1  299  479  457    0   29    3    2    0     706
    2    1  300  480  157    0   10    1    1    1     615
