    1    1    1    1  353    1   23    3    1    0    5355
    1    1    2    2    4    1    1    1    1    1    2834
    1    1    3    3  182    1   12    2    2    1    1644
    1    1    4    4   35    1    3    1    1    1    3116
    1    1    5    5  340    1   22    3    3    1    1676
    1    1    6    6  240    1   15    2    2    1    1883
    1    1    7    7  267    1   17    2    2    1    5165
    1    1    8    8   36    1    3    1    1    1    1508
    1    1    9    9  476    1   30    3    3    1    1174
    1    1   10   10  216    1   14    2    2    1    2639
    1    1   11   11   71    1    5    1    1    1    1329
    1    1   12   12  360    1   23    3    3    1    1104
    1    1   13   13   33    1    3    1    1    1    1543
    1    1   14   14   15    1    1    1    2    0    6494
    1    1   15   15  121    1    8    1    1    1    7764
    1    1   16   16   58    1    4    1    2    0    5147
    1    1   17   17  117    1    8    1    2    0    4232
    1    1   18   18  252    1   16    2    3    0    1094
    1    1   19   19  272    1   17    2    2    1    2693
    1    1   20   20  396    1   25    3    3    1    1643
    1    1   21   21  201    1   13    2    2    1    1807
    1    1   22   22  276    1   18    2    1    0    3646
    1    1   23   23  164    1   11    2    1    0    1846
    1    1   24   24  269    1   17    2    2    1    7045
    1    1   25   25  424    1   27    3    2    0    5164
    1    1   26   26  471    1   30    3    3    1     966
    1    1   27   27  289    1   19    2    1    0    1064
    1    1   28   28  290    1   19    2    1    0    1971
    1    1   29   29  479    1   30    3    3    1    3497
    1    1   30   30  271    1   17    2    3    0    7443
    1    1   31   31   66    1    5    1    1    1    1212
    1    1   32   32  250    1   16    2    2    1    1228
    1    1   33   33  266    1   17    2    3    0    4077
    1    1   34   34  409    1   26    3    3    1    1356
    1    1   35   35    6    1    1    1    1    1    1059
    1    1   36   36  326    1   21    3    2    0    1881
    1    1   37   37  387    1   25    3    2    0    5291
    1    1   38   38  280    1   18    2    3    0    2679
    1    1   39   39  219    1   14    2    2    1    2000
    1    1   40   40   49    1    4    1    1    1    2763
    1    1   41   41   53    1    4    1    1    1    1971
    1    1   42   42  356    1   23    3    3    1    1289
    1    1   43   43   37    1    3    1    1    1    1699
    1    1   44   44  411    1   26    3    3    1    1564
    1    1   45   45  473    1   30    3    2    0    2915
    1    1   46   46  448    1   28    3    2    0    2553
    1    1   47   47   38    1    3    1    1    1    1889
    1    1   48   48  217    1   14    2    2    1   12380
    1    1   49   49   52    1    4    1    1    1     983
    1    1   50   50  465    1   30    3    3    1     936
    1    1   51   51  212    1   14    2    3    0   11862
    1    1   52   52  406    1   26    3    3    1    1910
    1    1   53   53  380    1   24    3    2    0    2189
    1    1   54   54   16    1    1    1    1    1    1321
    1    1   55   55  245    1   16    2    3    0    3969
    1    1   56   56   80    1    5    1    1    1    1091
    1    1   57   57  120    1    8    1    1    1    1308
    1    1   58   58  359    1   23    3    3    1    4049
    1    1   59   59   56    1    4    1    1    1    1135
    1    1   60   60  408    1   26    3    3    1    4218
    1    2    1   61   53    1    4    1    1    1    2445
    1    2    2   62  266    1   17    2    2    1    2947
    1    2    3   63  269    1   17    2    2    1    2052
    1    2    4   64   15    1    1    1    1    1    1605
    1    2    5   65  326    1   21    3    3    1    2270
    1    2    6   66  408    1   26    3    3    1    1908
    1    2    7   67   71    1    5    1    1    1    1204
    1    2    8   68  476    1   30    3    3    1    1766
    1    2    9   69   66    1    5    1    1    1    1013
    1    2   10   70  271    1   17    2    3    0    1430
    1    2   11   71  387    1   25    3    2    0    3798
    1    2   12   72  201    1   13    2    2    1    1342
    1    2   13   73  353    1   23    3    3    1    2273
    1    2   14   74  280    1   18    2    3    0    6320
    1    2   15   75   35    1    3    1    1    1    1361
    1    2   16   76  396    1   25    3    3    1    1431
    1    2   17   77  212    1   14    2    2    1    8182
    1    2   18   78  360    1   23    3    3    1    2163
    1    2   19   79  359    1   23    3    3    1    1044
    1    2   20   80  219    1   14    2    2    1    2242
    1    2   21   81  121    1    8    1    1    1    3774
    1    2   22   82  117    1    8    1    1    1     954
    1    2   23   83  250    1   16    2    2    1    1869
    1    2   24   84  267    1   17    2    2    1    2198
    1    2   25   85   56    1    4    1    3    0    5091
    1    2   26   86  272    1   17    2    2    1    1665
    1    2   27   87  356    1   23    3    3    1    1032
    1    2   28   88  471    1   30    3    3    1    1011
    1    2   29   89  240    1   15    2    2    1    4798
    1    2   30   90  164    1   11    2    1    0    7349
    1    2   31   91   52    1    4    1    1    1     852
    1    2   32   92  340    1   22    3    3    1    1838
    1    2   33   93   58    1    4    1    1    1    4516
    1    2   34   94  406    1   26    3    3    1    1537
    1    2   35   95   38    1    3    1    1    1     922
    1    2   36   96  409    1   26    3    3    1     863
    1    2   37   97  252    1   16    2    2    1    1588
    1    2   38   98  217    1   14    2    2    1    2888
    1    2   39   99   80    1    5    1    1    1    1585
    1    2   40  100  245    1   16    2    3    0   10890
    1    2   41  101  448    1   28    3    2    0    2618
    1    2   42  102   16    1    1    1    1    1    5445
    1    2   43  103   49    1    4    1    1    1    2679
    1    2   44  104   37    1    3    1    1    1    1066
    1    2   45  105  120    1    8    1    1    1     938
    1    2   46  106  289    1   19    2    2    1    1629
    1    2   47  107  216    1   14    2    2    1   10585
    1    2   48  108  182    1   12    2    3    0    2722
    1    2   49  109  479    1   30    3    2    0    3434
    1    2   50  110   33    1    3    1    1    1    1344
    1    2   51  111  290    1   19    2    1    0    3093
    1    2   52  112  380    1   24    3    3    1    1923
    1    2   53  113  424    1   27    3    3    1    1757
    1    2   54  114    6    1    1    1    1    1    1594
    1    2   55  115  411    1   26    3    3    1    2644
    1    2   56  116  465    1   30    3    3    1    4016
    1    2   57  117  473    1   30    3    2    0    4102
    1    2   58  118  276    1   18    2    3    0    4052
    1    2   59  119   36    1    3    1    1    1     828
    1    2   60  120    4    1    1    1    1    1    1312
    1    3    1  121  276    1   18    2    2    1   16817
    1    3    2  122   66    1    5    1    1    1     901
    1    3    3  123  465    1   30    3    3    1    1195
    1    3    4  124   35    1    3    1    1    1     813
    1    3    5  125   52    1    4    1    1    1    3318
    1    3    6  126  182    1   12    2    3    0    2169
    1    3    7  127  359    1   23    3    3    1    1207
    1    3    8  128  269    1   17    2    2    1    5456
    1    3    9  129  245    1   16    2    2    1    2620
    1    3   10  130   16    1    1    1    1    1    2438
    1    3   11  131  409    1   26    3    3    1    1130
    1    3   12  132  164    1   11    2    1    0    7684
    1    3   13  133  272    1   17    2    2    1    2267
    1    3   14  134  289    1   19    2    2    1    3991
    1    3   15  135  356    1   23    3    3    1    3467
    1    3   16  136  406    1   26    3    2    0    6956
    1    3   17  137  117    1    8    1    1    1     958
    1    3   18  138  380    1   24    3    3    1    4888
    1    3   19  139  326    1   21    3    3    1    2184
    1    3   20  140  201    1   13    2    2    1    1089
    1    3   21  141  396    1   25    3    3    1    3651
    1    3   22  142  240    1   15    2    2    1    6040
    1    3   23  143  353    1   23    3    3    1    2394
    1    3   24  144  250    1   16    2    2    1    3970
    1    3   25  145   80    1    5    1    1    1    3224
    1    3   26  146   36    1    3    1    1    1     880
    1    3   27  147  212    1   14    2    3    0    3525
    1    3   28  148   15    1    1    1    1    1     827
    1    3   29  149  217    1   14    2    2    1    6300
    1    3   30  150  479    1   30    3    3    1    3067
    1    3   31  151  266    1   17    2    2    1    2421
    1    3   32  152    6    1    1    1    1    1    1276
    1    3   33  153    4    1    1    1    1    1     992
    1    3   34  154  411    1   26    3    3    1    4286
    1    3   35  155  219    1   14    2    2    1    5503
    1    3   36  156   38    1    3    1    1    1    1134
    1    3   37  157  471    1   30    3    3    1    6033
    1    3   38  158  216    1   14    2    2    1    4244
    1    3   39  159  473    1   30    3    3    1    4719
    1    3   40  160  476    1   30    3    3    1    2070
    1    3   41  161   53    1    4    1    1    1    2060
    1    3   42  162  387    1   25    3    3    1    4096
    1    3   43  163  448    1   28    3    3    1    2225
    1    3   44  164  424    1   27    3    3    1    1533
    1    3   45  165   58    1    4    1    1    1    1313
    1    3   46  166   37    1    3    1    1    1    1579
    1    3   47  167   56    1    4    1    2    0    2347
    1    3   48  168  121    1    8    1    1    1     773
    1    3   49  169  340    1   22    3    3    1    1329
    1    3   50  170  271    1   17    2    2    1    1428
    1    3   51  171  360    1   23    3    3    1    1727
    1    3   52  172  408    1   26    3    3    1    1533
    1    3   53  173   49    1    4    1    1    1    1321
    1    3   54  174  290    1   19    2    2    1    1737
    1    3   55  175  252    1   16    2    2    1    1239
    1    3   56  176   71    1    5    1    1    1     928
    1    3   57  177  267    1   17    2    2    1    3525
    1    3   58  178   33    1    3    1    1    1     917
    1    3   59  179  280    1   18    2    3    0    3916
    1    3   60  180  120    1    8    1    1    1     852
    2    1    1  181  442    0   28    3    3    1    4668
    2    1    2  182  279    0   18    2    3    0    1132
    2    1    3  183  154    0   10    1    1    1     831
    2    1    4  184  382    0   24    3    1    0    2131
    2    1    5  185  427    0   27    3    3    1    3668
    2    1    6  186  395    0   25    3    2    0    2016
    2    1    7  187  124    0    8    1    1    1    1302
    2    1    8  188  447    0   28    3    3    1    5521
    2    1    9  189  134    0    9    1    3    0    2341
    2    1   10  190   56    1    4    1    2    0    2285
    2    1   11  191   93    0    6    1    3    0    2002
    2    1   12  192  135    0    9    1    1    1    3014
    2    1   13  193  291    0   19    2    2    1    2637
    2    1   14  194   39    0    3    1    1    1     949
    2    1   15  195  319    0   20    2    3    0    1236
    2    1   16  196  274    0   18    2    2    1    2753
    2    1   17  197  178    0   12    2    3    0    2615
    2    1   18  198  374    0   24    3    2    0    2219
    2    1   19  199  285    0   18    2    1    0    1212
    2    1   20  200  321    0   21    3    2    0    8728
    2    1   21  201  317    0   20    2    3    0    1306
    2    1   22  202  367    0   23    3    2    0    1172
    2    1   23  203  206    0   13    2    2    1    1288
    2    1   24  204  423    0   27    3    3    1    1048
    2    1   25  205  300    0   19    2    1    0     604
    2    1   26  206  252    1   16    2    2    1     793
    2    1   27  207  370    0   24    3    1    0     586
    2    1   28  208  336    0   21    3    2    0    1811
    2    1   29  209  476    1   30    3    3    1     929
    2    1   30  210  199    0   13    2    2    1    2798
    2    1   31  211  422    0   27    3    3    1     854
    2    1   32  212   28    0    2    1    2    0    1678
    2    1   33  213   74    0    5    1    1    1     858
    2    1   34  214  474    0   30    3    2    0    1105
    2    1   35  215  347    0   22    3    1    0    2445
    2    1   36  216  346    0   22    3    1    0     729
    2    1   37  217  139    0    9    1    2    0    2223
    2    1   38  218  130    0    9    1    2    0    1940
    2    1   39  219  143    0    9    1    2    0    1833
    2    1   40  220  413    0   26    3    3    1     736
    2    1   41  221  270    0   17    2    2    1    2727
    2    1   42  222  467    0   30    3    3    1     740
    2    1   43  223   69    0    5    1    1    1    1038
    2    1   44  224  418    0   27    3    3    1     714
    2    1   45  225  284    0   18    2    2    1    1810
    2    1   46  226   59    0    4    1    2    0    1484
    2    1   47  227  149    0   10    1    2    0    3981
    2    1   48  228  464    0   29    3    3    1    1863
    2    1   49  229  253    0   16    2    1    0    2091
    2    1   50  230   33    1    3    1    1    1    1273
    2    1   51  231  141    0    9    1    2    0    3171
    2    1   52  232   90    0    6    1    2    0    3613
    2    1   53  233  433    0   28    3    3    1    1290
    2    1   54  234  402    0   26    3    2    0     720
    2    1   55  235   82    0    6    1    3    0     817
    2    1   56  236  410    0   26    3    3    1     724
    2    1   57  237  229    0   15    2    2    1    1702
    2    1   58  238   18    0    2    1    2    0    1396
    2    1   59  239   63    0    4    1    1    1     770
    2    1   60  240   97    0    7    1    1    1     641
    2    1   61  241  261    0   17    2    3    0    1391
    2    1   62  242  198    0   13    2    2    1    1058
    2    1   63  243  399    0   25    3    2    0    1204
    2    1   64  244  301    0   19    2    2    1    2132
    2    1   65  245   70    0    5    1    1    1     798
    2    1   66  246   38    1    3    1    1    1     603
    2    1   67  247  330    0   21    3    3    1    3655
    2    1   68  248  372    0   24    3    1    0    2377
    2    1   69  249  262    0   17    2    3    0    2017
    2    1   70  250  267    1   17    2    2    1     838
    2    1   71  251  132    0    9    1    3    0    2162
    2    1   72  252  220    0   14    2    3    0     866
    2    1   73  253  452    0   29    3    3    1     766
    2    1   74  254  140    0    9    1    2    0    2327
    2    1   75  255  358    0   23    3    3    1    1739
    2    1   76  256  269    1   17    2    2    1    1195
    2    1   77  257  325    0   21    3    2    0    2694
    2    1   78  258  191    0   12    2    2    1    1935
    2    1   79  259   94    0    6    1    3    0    1545
    2    1   80  260  314    0   20    2    2    1    1415
    2    1   81  261  460    0   29    3    3    1    1340
    2    1   82  262  383    0   24    3    1    0     943
    2    1   83  263  251    0   16    2    2    1    1593
    2    1   84  264  334    0   21    3    3    1    1070
    2    1   85  265  238    0   15    2    2    1    1219
    2    1   86  266  333    0   21    3    2    0    1262
    2    1   87  267  405    0   26    3    3    1    3955
    2    1   88  268  329    0   21    3    2    0    2374
    2    1   89  269   12    0    1    1    1    1    1291
    2    1   90  270  327    0   21    3    2    0     956
    2    1   91  271    6    1    1    1    1    1     873
    2    1   92  272  153    0   10    1    1    1     656
    2    1   93  273   58    1    4    1    2    0    1917
    2    1   94  274  294    0   19    2    1    0    3041
    2    1   95  275  216    1   14    2    2    1     976
    2    1   96  276  445    0   28    3    3    1     799
    2    1   97  277  337    0   22    3    2    0    3090
    2    1   98  278   17    0    2    1    2    0    2121
    2    1   99  279  175    0   11    2    2    1    2082
    2    1  100  280  417    0   27    3    2    0    1181
    2    1  101  281  331    0   21    3    3    1    1134
    2    1  102  282  439    0   28    3    3    1    2869
    2    1  103  283   99    0    7    1    3    0    1585
    2    1  104  284  307    0   20    2    3    0    1751
    2    1  105  285  165    0   11    2    1    0     958
    2    1  106  286  401    0   26    3    2    0    2195
    2    1  107  287  351    0   22    3    1    0    1594
    2    1  108  288  157    0   10    1    1    1     784
    2    1  109  289  205    0   13    2    2    1    4461
    2    1  110  290  131    0    9    1    2    0    2071
    2    1  111  291  245    1   16    2    2    1    1347
    2    1  112  292  324    0   21    3    3    1    3943
    2    1  113  293  109    0    7    1    2    0    2224
    2    1  114  294  211    0   14    2    3    0    2074
    2    1  115  295   86    0    6    1    3    0    1764
    2    1  116  296  222    0   14    2    2    1    1104
    2    1  117  297  240    1   15    2    2    1    2700
    2    1  118  298  471    1   30    3    3    1    1158
    2    1  119  299  148    0   10    1    2    0    1772
    2    1  120  300  231    0   15    2    2    1    3453
    2    1  121  301  208    0   13    2    2    1     947
    2    1  122  302    7    0    1    1    1    1     678
    2    1  123  303  310    0   20    2    3    0    4073
    2    1  124  304   87    0    6    1    3    0    2761
    2    1  125  305  320    0   20    2    2    1    2414
    2    1  126  306  441    0   28    3    3    1    1286
    2    1  127  307   98    0    7    1    2    0    4391
    2    1  128  308   19    0    2    1    1    1    1317
    2    1  129  309   67    0    5    1    1    1    1383
    2    1  130  310    9    0    1    1    1    1     743
    2    1  131  311  415    0   26    3    3    1    2208
    2    1  132  312  101    0    7    1    2    0    2208
    2    1  133  313  265    0   17    2    2    1     787
    2    1  134  314  113    0    8    1    1    1     927
    2    1  135  315   80    1    5    1    1    1     722
    2    1  136  316  230    0   15    2    3    0    1670
    2    1  137  317  393    0   25    3    2    0    1194
    2    1  138  318  214    0   14    2    3    0    1321
    2    1  139  319  183    0   12    2    3    0    1045
    2    1  140  320  159    0   10    1    1    1     854
    2    1  141  321  288    0   18    2    2    1    2092
    2    1  142  322  123    0    8    1    1    1    1242
    2    1  143  323   55    0    4    1    1    1    1308
    2    1  144  324  473    1   30    3    3    1    4030
    2    1  145  325  344    0   22    3    1    0    3735
    2    1  146  326  235    0   15    2    2    1    3655
    2    1  147  327  296    0   19    2    1    0    3495
    2    1  148  328  456    0   29    3    3    1    1453
    2    1  149  329  293    0   19    2    2    1    1376
    2    1  150  330  470    0   30    3    2    0    1079
    2    1  151  331  244    0   16    2    2    1    2629
    2    1  152  332  176    0   11    2    1    0     672
    2    1  153  333  221    0   14    2    2    1     966
    2    1  154  334  397    0   25    3    2    0    3307
    2    1  155  335   83    0    6    1    3    0     831
    2    1  156  336  187    0   12    2    2    1    2689
    2    1  157  337  246    0   16    2    2    1    3013
    2    1  158  338  174    0   11    2    1    0    1898
    2    1  159  339   75    0    5    1    1    1    2136
    2    1  160  340  182    1   12    2    3    0    1720
    2    1  161  341  196    0   13    2    2    1    2197
    2    1  162  342  449    0   29    3    2    0    1811
    2    1  163  343  273    0   18    2    2    1    3285
    2    1  164  344   60    0    4    1    2    0    1967
    2    1  165  345  226    0   15    2    3    0    1686
    2    1  166  346  115    0    8    1    1    1     824
    2    1  167  347   31    0    2    1    2    0    1111
    2    1  168  348  394    0   25    3    2    0    3805
    2    1  169  349  398    0   25    3    3    1    3688
    2    1  170  350   78    0    5    1    1    1    1363
    2    1  171  351  371    0   24    3    1    0     879
    2    1  172  352  295    0   19    2    1    0    1682
    2    1  173  353  404    0   26    3    3    1    1787
    2    1  174  354  440    0   28    3    3    1     760
    2    1  175  355  297    0   19    2    1    0     957
    2    1  176  356  290    1   19    2    2    1    1628
    2    1  177  357   65    0    5    1    1    1    4266
    2    1  178  358   26    0    2    1    3    0     898
    2    1  179  359  289    1   19    2    2    1    1350
    2    1  180  360  215    0   14    2    1    0    3424
    2    1  181  361   45    0    3    1    1    1     723
    2    1  182  362  385    0   25    3    3    1     920
    2    1  183  363  362    0   23    3    3    1    4073
    2    1  184  364  459    0   29    3    2    0    1858
    2    1  185  365  189    0   12    2    3    0    1058
    2    1  186  366  408    1   26    3    2    0    3498
    2    1  187  367   89    0    6    1    3    0    1077
    2    1  188  368  212    1   14    2    2    1    1771
    2    1  189  369  328    0   21    3    2    0    1314
    2    1  190  370  457    0   29    3    2    0    1426
    2    1  191  371   15    1    1    1    1    1    1052
    2    1  192  372  138    0    9    1    1    1    1180
    2    1  193  373  396    1   25    3    2    0    1225
    2    1  194  374  403    0   26    3    2    0     870
    2    1  195  375   88    0    6    1    3    0     814
    2    1  196  376  450    0   29    3    2    0     857
    2    1  197  377  278    0   18    2    2    1    1061
    2    1  198  378  217    1   14    2    2    1     766
    2    1  199  379  458    0   29    3    1    0     797
    2    1  200  380  390    0   25    3    3    1     659
    2    1  201  381  480    0   30    3    2    0    1732
    2    1  202  382  472    0   30    3    3    1    2663
    2    1  203  383  152    0   10    1    2    0    1799
    2    1  204  384  305    0   20    2    2    1     955
    2    1  205  385  432    0   27    3    3    1     629
    2    1  206  386   92    0    6    1    3    0     701
    2    1  207  387   25    0    2    1    2    0    1271
    2    1  208  388  400    0   25    3    2    0    1161
    2    1  209  389   37    1    3    1    1    1     617
    2    1  210  390  365    0   23    3    3    1     616
    2    1  211  391   91    0    6    1    3    0     667
    2    1  212  392  163    0   11    2    2    1    6626
    2    1  213  393  213    0   14    2    3    0    1149
    2    1  214  394   29    0    2    1    2    0    1567
    2    1  215  395  170    0   11    2    1    0     798
    2    1  216  396  177    0   12    2    3    0     935
    2    1  217  397  443    0   28    3    3    1     658
    2    1  218  398   16    1    1    1    1    1     559
    2    1  219  399   66    1    5    1    1    1    1063
    2    1  220  400  166    0   11    2    1    0     947
    2    1  221  401  373    0   24    3    1    0     731
    2    1  222  402  465    1   30    3    3    1     676
    2    1  223  403  354    0   23    3    3    1     748
    2    1  224  404  195    0   13    2    2    1    1103
    2    1  225  405  411    1   26    3    2    0     951
    2    1  226  406   96    0    6    1    3    0     653
    2    1  227  407  342    0   22    3    1    0     755
    2    1  228  408  420    0   27    3    3    1    2121
    2    1  229  409   62    0    4    1    2    0    1477
    2    1  230  410  341    0   22    3    1    0    2061
    2    1  231  411  276    1   18    2    2    1    2641
    2    1  232  412   72    0    5    1    1    1     778
    2    1  233  413  462    0   29    3    3    1     689
    2    1  234  414  160    0   10    1    2    0    2103
    2    1  235  415  241    0   16    2    2    1    1738
    2    1  236  416  340    1   22    3    3    1    1749
    2    1  237  417  259    0   17    2    2    1    1627
    2    1  238  418  227    0   15    2    3    0    1949
    2    1  239  419   77    0    5    1    2    0    2688
    2    1  240  420   32    0    2    1    2    0    2132
    2    1  241  421  125    0    8    1    1    1    1381
    2    1  242  422  424    1   27    3    3    1    1202
    2    1  243  423  409    1   26    3    3    1     914
    2    1  244  424  304    0   19    2    1    0    1660
    2    1  245  425  167    0   11    2    1    0     831
    2    1  246  426  158    0   10    1    2    0    2001
    2    1  247  427  366    0   23    3    3    1     961
    2    1  248  428   49    1    4    1    1    1    1717
    2    1  249  429   84    0    6    1    3    0     745
    2    1  250  430   21    0    2    1    2    0     729
    2    1  251  431  406    1   26    3    2    0     815
    2    1  252  432  380    1   24    3    2    0     844
    2    1  253  433  193    0   13    2    2    1     713
    2    1  254  434  239    0   15    2    2    1     906
    2    1  255  435  142    0    9    1    1    1    2922
    2    1  256  436  388    0   25    3    2    0    1124
    2    1  257  437  323    0   21    3    2    0     703
    2    1  258  438  172    0   11    2    1    0    1253
    2    1  259  439  303    0   19    2    2    1     727
    2    1  260  440  156    0   10    1    1    1    1323
    2    1  261  441  412    0   26    3    2    0    1239
    2    1  262  442  248    0   16    2    2    1     726
    2    1  263  443   47    0    3    1    1    1     641
    2    1  264  444  117    1    8    1    1    1    1576
    2    1  265  445  250    1   16    2    2    1     703
    2    1  266  446  306    0   20    2    2    1     837
    2    1  267  447  209    0   14    2    2    1    1070
    2    1  268  448   54    0    4    1    2    0     644
    2    1  269  449  268    0   17    2    2    1    1255
    2    1  270  450  103    0    7    1    2    0     909
    2    1  271  451  233    0   15    2    3    0    1422
    2    1  272  452  299    0   19    2    2    1    1596
    2    1  273  453  122    0    8    1    1    1     940
    2    1  274  454  218    0   14    2    2    1    1139
    2    1  275  455  203    0   13    2    2    1     775
    2    1  276  456  392    0   25    3    2    0     764
    2    1  277  457  428    0   27    3    3    1     742
    2    1  278  458  421    0   27    3    2    0    1101
    2    1  279  459  309    0   20    2    3    0     782
    2    1  280  460  190    0   12    2    3    0    1867
    2    1  281  461  355    0   23    3    3    1     741
    2    1  282  462  375    0   24    3    1    0     795
    2    1  283  463  162    0   11    2    2    1    1263
    2    1  284  464  352    0   22    3    2    0     819
    2    1  285  465  357    0   23    3    3    1     690
    2    1  286  466  363    0   23    3    3    1     727
    2    1  287  467  437    0   28    3    3    1     613
    2    1  288  468  128    0    8    1    1    1     982
    2    1  289  469   50    0    4    1    2    0     660
    2    1  290  470   52    1    4    1    1    1    1342
    2    1  291  471  184    0   12    2    3    0     826
    2    1  292  472  359    1   23    3    3    1    1116
    2    1  293  473   20    0    2    1    3    0     664
    2    1  294  474  454    0   29    3    2    0    1045
    2    1  295  475   53    1    4    1    1    1    1284
    2    1  296  476  185    0   12    2    3    0     773
    2    1  297  477  210    0   14    2    2    1    1361
    2    1  298  478  360    1   23    3    3    1     738
    2    1  299  479   73    0    5    1    1    1    1163
    2    1  300  480  145    0   10    1    1    1    1175
