    1    1    1    1  420    1   27    3    2    0    2533
    1    1    2    2  238    1   15    2    1    0    4219
    1    1    3    3   55    1    4    1    1    1    1405
    1    1    4    4   72    1    5    1    3    0    3826
    1    1    5    5  148    1   10    1    3    0    2373
    1    1    6    6  195    1   13    2    1    0    3310
    1    1    7    7   40    1    3    1    2    0    6062
    1    1    8    8  136    1    9    1    3    0    4841
    1    1    9    9  423    1   27    3    2    0    3126
    1    1   10   10  125    1    8    1    1    1    2099
    1    1   11   11  146    1   10    1    1    1    4492
    1    1   12   12  297    1   19    2    2    1    2602
    1    1   13   13  190    1   12    2    2    1    1520
    1    1   14   14  471    1   30    3    3    1    2494
    1    1   15   15  465    1   30    3    3    1    4671
    1    1   16   16   85    1    6    1    1    1    1533
    1    1   17   17  203    1   13    2    2    1    3282
    1    1   18   18  279    1   18    2    3    0    1287
    1    1   19   19  106    1    7    1    1    1    2031
    1    1   20   20  413    1   26    3    3    1    2500
    1    1   21   21  250    1   16    2    1    0    1861
    1    1   22   22  397    1   25    3    3    1    1847
    1    1   23   23  115    1    8    1    1    1    2234
    1    1   24   24   17    1    2    1    3    0    2159
    1    1   25   25  395    1   25    3    2    0    1789
    1    1   26   26  456    1   29    3    3    1    2071
    1    1   27   27   73    1    5    1    1    1    1599
    1    1   28   28  293    1   19    2    2    1    1413
    1    1   29   29  135    1    9    1    2    0    1604
    1    1   30   30  306    1   20    2    1    0    4108
    1    1   31   31  215    1   14    2    2    1    7099
    1    1   32   32  359    1   23    3    3    1    2636
    1    1   33   33  170    1   11    2    1    0    1543
    1    1   34   34  163    1   11    2    1    0    1717
    1    1   35   35  327    1   21    3    3    1    2428
    1    1   36   36   34    1    3    1    1    1    2376
    1    1   37   37  339    1   22    3    1    0    2133
    1    1   38   38  381    1   24    3    3    1    1991
    1    1   39   39  337    1   22    3    1    0    1214
    1    1   40   40    7    1    1    1    1    1    1519
    1    1   41   41  241    1   16    2    3    0    5445
    1    1   42   42  111    1    7    1    1    1   39079
    1    1   43   43  330    1   21    3    3    1    4492
    1    1   44   44  455    1   29    3    3    1    2532
    1    1   45   45  308    1   20    2    3    0    2535
    1    1   46   46  186    1   12    2    1    0   10202
    1    1   47   47   31    1    2    1    3    0    2608
    1    1   48   48  224    1   14    2    3    0    4437
    1    1   49   49  405    1   26    3    1    0    2545
    1    1   50   50  272    1   17    2    3    0    2966
    1    1   51   51   16    1    1    1    1    1    4223
    1    1   52   52  446    1   28    3    1    0    1338
    1    1   53   53  229    1   15    2    3    0    2838
    1    1   54   54  278    1   18    2    3    0    2713
    1    1   55   55   62    1    4    1    2    0    4553
    1    1   56   56  355    1   23    3    1    0    4312
    1    1   57   57  376    1   24    3    1    0    2070
    1    1   58   58  443    1   28    3    1    0    1502
    1    1   59   59  267    1   17    2    3    0    4619
    1    1   60   60   96    1    6    1    1    1    3247
    1    2    1   61  250    1   16    2    2    1    2197
    1    2    2   62  306    1   20    2    2    1    1631
    1    2    3   63  456    1   29    3    3    1    1305
    1    2    4   64  443    1   28    3    1    0    1263
    1    2    5   65  136    1    9    1    3    0    2051
    1    2    6   66   31    1    2    1    1    1    1238
    1    2    7   67  293    1   19    2    2    1    2231
    1    2    8   68   55    1    4    1    3    0    2522
    1    2    9   69   72    1    5    1    3    0    2587
    1    2   10   70  339    1   22    3    3    1    3052
    1    2   11   71  278    1   18    2    2    1    2782
    1    2   12   72  279    1   18    2    3    0    1978
    1    2   13   73  106    1    7    1    1    1    1992
    1    2   14   74  125    1    8    1    1    1    3434
    1    2   15   75  330    1   21    3    3    1    1862
    1    2   16   76  241    1   16    2    2    1    2334
    1    2   17   77  195    1   13    2    2    1    1967
    1    2   18   78  272    1   17    2    3    0     919
    1    2   19   79   85    1    6    1    1    1    1670
    1    2   20   80  148    1   10    1    3    0    1257
    1    2   21   81  186    1   12    2    2    1    2711
    1    2   22   82  405    1   26    3    1    0    1835
    1    2   23   83  423    1   27    3    2    0    1913
    1    2   24   84  355    1   23    3    1    0    2211
    1    2   25   85  224    1   14    2    3    0    2015
    1    2   26   86  203    1   13    2    3    0    1805
    1    2   27   87  455    1   29    3    2    0    1828
    1    2   28   88  413    1   26    3    3    1    1524
    1    2   29   89   16    1    1    1    2    0    1605
    1    2   30   90  327    1   21    3    3    1    2088
    1    2   31   91   96    1    6    1    3    0    3866
    1    2   32   92  267    1   17    2    2    1    2523
    1    2   33   93  397    1   25    3    3    1    2557
    1    2   34   94  238    1   15    2    3    0    2700
    1    2   35   95  381    1   24    3    1    0    1372
    1    2   36   96  115    1    8    1    2    0    2869
    1    2   37   97   34    1    3    1    2    0    1875
    1    2   38   98  215    1   14    2    3    0    1927
    1    2   39   99  471    1   30    3    3    1    1938
    1    2   40  100  359    1   23    3    3    1    1408
    1    2   41  101  337    1   22    3    1    0    1293
    1    2   42  102  376    1   24    3    3    1    2217
    1    2   43  103  308    1   20    2    3    0    1164
    1    2   44  104   62    1    4    1    2    0    2699
    1    2   45  105  465    1   30    3    2    0    1752
    1    2   46  106  163    1   11    2    2    1    3164
    1    2   47  107  395    1   25    3    3    1    4161
    1    2   48  108  446    1   28    3    2    0    1755
    1    2   49  109  229    1   15    2    3    0    2067
    1    2   50  110   17    1    2    1    3    0    1808
    1    2   51  111  297    1   19    2    2    1    1522
    1    2   52  112  420    1   27    3    1    0    1995
    1    2   53  113  190    1   12    2    3    0    1698
    1    2   54  114  111    1    7    1    1    1    1810
    1    2   55  115   73    1    5    1    2    0    1786
    1    2   56  116  170    1   11    2    1    0    3570
    1    2   57  117  146    1   10    1    3    0    4071
    1    2   58  118    7    1    1    1    3    0    5008
    1    2   59  119  135    1    9    1    3    0    1593
    1    2   60  120   40    1    3    1    3    0    7517
    1    3    1  121  339    1   22    3    1    0    1631
    1    3    2  122  330    1   21    3    3    1    1582
    1    3    3  123  359    1   23    3    3    1    1444
    1    3    4  124  136    1    9    1    1    1    2769
    1    3    5  125   96    1    6    1    2    0    1573
    1    3    6  126   17    1    2    1    3    0    1547
    1    3    7  127  278    1   18    2    2    1    1665
    1    3    8  128  446    1   28    3    2    0    1791
    1    3    9  129  337    1   22    3    3    1    1495
    1    3   10  130  229    1   15    2    2    1    2557
    1    3   11  131  215    1   14    2    2    1    2306
    1    3   12  132  308    1   20    2    2    1    1771
    1    3   13  133  293    1   19    2    2    1    2065
    1    3   14  134   31    1    2    1    1    1    2166
    1    3   15  135  395    1   25    3    1    0    2649
    1    3   16  136   72    1    5    1    3    0    1957
    1    3   17  137  148    1   10    1    2    0    4171
    1    3   18  138  241    1   16    2    2    1    2407
    1    3   19  139   55    1    4    1    3    0    1268
    1    3   20  140  224    1   14    2    3    0    1532
    1    3   21  141  250    1   16    2    2    1    1466
    1    3   22  142  443    1   28    3    2    0    1545
    1    3   23  143  423    1   27    3    3    1    1397
    1    3   24  144  272    1   17    2    2    1    1577
    1    3   25  145  381    1   24    3    3    1    3483
    1    3   26  146  190    1   12    2    3    0    1103
    1    3   27  147  405    1   26    3    3    1    2218
    1    3   28  148  465    1   30    3    2    0    1416
    1    3   29  149  413    1   26    3    3    1    1210
    1    3   30  150  279    1   18    2    3    0    1323
    1    3   31  151  455    1   29    3    3    1    1393
    1    3   32  152  195    1   13    2    3    0    1187
    1    3   33  153  238    1   15    2    3    0    1520
    1    3   34  154  327    1   21    3    2    0    1693
    1    3   35  155  306    1   20    2    2    1    1306
    1    3   36  156  146    1   10    1    3    0    2132
    1    3   37  157  163    1   11    2    2    1    1657
    1    3   38  158  267    1   17    2    2    1    3051
    1    3   39  159  186    1   12    2    3    0    2216
    1    3   40  160  471    1   30    3    2    0    2649
    1    3   41  161  397    1   25    3    3    1    1396
    1    3   42  162   40    1    3    1    3    0    2876
    1    3   43  163  111    1    7    1    3    0    1253
    1    3   44  164  106    1    7    1    1    1     958
    1    3   45  165   73    1    5    1    1    1    1309
    1    3   46  166  420    1   27    3    1    0     999
    1    3   47  167  203    1   13    2    3    0    2132
    1    3   48  168  115    1    8    1    2    0    1201
    1    3   49  169    7    1    1    1    1    1    1967
    1    3   50  170   62    1    4    1    2    0    1442
    1    3   51  171  125    1    8    1    1    1    1311
    1    3   52  172  135    1    9    1    2    0    1128
    1    3   53  173  170    1   11    2    1    0    2849
    1    3   54  174  297    1   19    2    2    1    1715
    1    3   55  175  355    1   23    3    3    1    2944
    1    3   56  176   34    1    3    1    1    1    2308
    1    3   57  177   16    1    1    1    3    0    2881
    1    3   58  178   85    1    6    1    1    1    1718
    1    3   59  179  456    1   29    3    3    1    3882
    1    3   60  180  376    1   24    3    1    0    1901
    2    1    1  181  140    0    9    1    3    0    2095
    2    1    2  182  387    0   25    3    2    0    2131
    2    1    3  183  396    0   25    3    3    1    1533
    2    1    4  184  311    0   20    2    3    0    1201
    2    1    5  185  417    0   27    3    3    1    3282
    2    1    6  186   32    0    2    1    2    0    1948
    2    1    7  187  208    0   13    2    2    1     988
    2    1    8  188  109    0    7    1    1    1    1548
    2    1    9  189  426    0   27    3    3    1    2742
    2    1   10  190  205    0   13    2    2    1    1697
    2    1   11  191  412    0   26    3    2    0    3860
    2    1   12  192  207    0   13    2    2    1    5196
    2    1   13  193  356    0   23    3    3    1    1542
    2    1   14  194  367    0   23    3    1    0    1579
    2    1   15  195   18    0    2    1    3    0    2780
    2    1   16  196  269    0   17    2    2    1    1458
    2    1   17  197  402    0   26    3    2    0    2735
    2    1   18  198  197    0   13    2    2    1    3748
    2    1   19  199    9    0    1    1    2    0    1986
    2    1   20  200  190    1   12    2    2    1    2536
    2    1   21  201   79    0    5    1    1    1    1269
    2    1   22  202  222    0   14    2    3    0    1875
    2    1   23  203  450    0   29    3    2    0    3646
    2    1   24  204   85    1    6    1    1    1    1391
    2    1   25  205   58    0    4    1    2    0    2040
    2    1   26  206  164    0   11    2    2    1    1513
    2    1   27  207  288    0   18    2    3    0    1172
    2    1   28  208  405    1   26    3    2    0    1686
    2    1   29  209  357    0   23    3    3    1    4132
    2    1   30  210  379    0   24    3    1    0    1412
    2    1   31  211  354    0   23    3    3    1    3569
    2    1   32  212  277    0   18    2    2    1    1996
    2    1   33  213  291    0   19    2    2    1    1785
    2    1   34  214  227    0   15    2    3    0    2007
    2    1   35  215  303    0   19    2    2    1    1648
    2    1   36  216  306    1   20    2    2    1    1135
    2    1   37  217   47    0    3    1    1    1    2085
    2    1   38  218  452    0   29    3    3    1    3054
    2    1   39  219  177    0   12    2    3    0    7165
    2    1   40  220  274    0   18    2    3    0    6397
    2    1   41  221  318    0   20    2    2    1    1927
    2    1   42  222  150    0   10    1    2    0    2414
    2    1   43  223  265    0   17    2    2    1     844
    2    1   44  224   91    0    6    1    2    0    1287
    2    1   45  225   30    0    2    1    1    1    1304
    2    1   46  226  234    0   15    2    1    0    2443
    2    1   47  227   93    0    6    1    2    0    1286
    2    1   48  228  226    0   15    2    2    1    1769
    2    1   49  229  428    0   27    3    2    0     808
    2    1   50  230   92    0    6    1    2    0    1300
    2    1   51  231  383    0   24    3    1    0    1849
    2    1   52  232  319    0   20    2    2    1    1313
    2    1   53  233  185    0   12    2    2    1    1325
    2    1   54  234   45    0    3    1    1    1    1335
    2    1   55  235  120    0    8    1    1    1    1889
    2    1   56  236  436    0   28    3    3    1    1099
    2    1   57  237  381    1   24    3    3    1     869
    2    1   58  238  307    0   20    2    3    0    1699
    2    1   59  239  258    0   17    2    3    0    1261
    2    1   60  240  407    0   26    3    3    1    1214
    2    1   61  241   40    1    3    1    1    1    1632
    2    1   62  242   39    0    3    1    1    1    1244
    2    1   63  243  273    0   18    2    3    0    1332
    2    1   64  244  238    1   15    2    2    1    5520
    2    1   65  245  163    1   11    2    2    1    1003
    2    1   66  246  360    0   23    3    1    0    2063
    2    1   67  247  136    1    9    1    1    1    3082
    2    1   68  248  408    0   26    3    3    1    1410
    2    1   69  249  316    0   20    2    2    1    2045
    2    1   70  250  365    0   23    3    3    1    1783
    2    1   71  251  297    1   19    2    1    0    1658
    2    1   72  252   34    1    3    1    1    1    1530
    2    1   73  253  411    0   26    3    2    0    3173
    2    1   74  254  232    0   15    2    3    0    1524
    2    1   75  255  378    0   24    3    3    1    1497
    2    1   76  256  453    0   29    3    2    0    2540
    2    1   77  257  245    0   16    2    3    0    5746
    2    1   78  258  179    0   12    2    1    0    2025
    2    1   79  259  132    0    9    1    3    0    2655
    2    1   80  260  264    0   17    2    2    1    1220
    2    1   81  261  327    1   21    3    2    0    1252
    2    1   82  262  186    1   12    2    2    1     609
    2    1   83  263   22    0    2    1    3    0    1251
    2    1   84  264  176    0   11    2    3    0    1475
    2    1   85  265  155    0   10    1    2    0    3703
    2    1   86  266  174    0   11    2    3    0    1907
    2    1   87  267   62    1    4    1    3    0     999
    2    1   88  268  139    0    9    1    3    0     844
    2    1   89  269  373    0   24    3    1    0     680
    2    1   90  270  143    0    9    1    1    1     845
    2    1   91  271   43    0    3    1    3    0    1228
    2    1   92  272  231    0   15    2    3    0    1425
    2    1   93  273   84    0    6    1    2    0    1170
    2    1   94  274  175    0   11    2    2    1    1045
    2    1   95  275  104    0    7    1    1    1     881
    2    1   96  276  256    0   16    2    2    1    1399
    2    1   97  277  350    0   22    3    2    0     590
    2    1   98  278  170    1   11    2    3    0     938
    2    1   99  279  445    0   28    3    1    0     822
    2    1  100  280  451    0   29    3    3    1    1145
    2    1  101  281   90    0    6    1    2    0    2221
    2    1  102  282  415    0   26    3    2    0    1422
    2    1  103  283  235    0   15    2    2    1    1728
    2    1  104  284   54    0    4    1    2    0    2553
    2    1  105  285  424    0   27    3    3    1    3688
    2    1  106  286   97    0    7    1    1    1    1317
    2    1  107  287  429    0   27    3    1    0    2985
    2    1  108  288  400    0   25    3    2    0    1250
    2    1  109  289  126    0    8    1    2    0   12129
    2    1  110  290   48    0    3    1    2    0    1378
    2    1  111  291   10    0    1    1    2    0    1334
    2    1  112  292  374    0   24    3    2    0    1053
    2    1  113  293  380    0   24    3    2    0    1459
    2    1  114  294  409    0   26    3    2    0     776
    2    1  115  295  210    0   14    2    3    0    1428
    2    1  116  296   75    0    5    1    3    0   19174
    2    1  117  297   99    0    7    1    1    1    1509
    2    1  118  298   15    0    1    1    1    1    2866
    2    1  119  299  142    0    9    1    1    1    3411
    2    1  120  300  105    0    7    1    1    1    1571
    2    1  121  301  183    0   12    2    2    1    3702
    2    1  122  302  206    0   13    2    3    0    1555
    2    1  123  303  430    0   27    3    1    0    1233
    2    1  124  304  181    0   12    2    2    1    1081
    2    1  125  305  135    1    9    1    2    0    1601
    2    1  126  306  281    0   18    2    3    0    2210
    2    1  127  307  199    0   13    2    3    0    2348
    2    1  128  308  358    0   23    3    1    0    1409
    2    1  129  309  444    0   28    3    2    0    2998
    2    1  130  310  425    0   27    3    3    1    2321
    2    1  131  311  125    1    8    1    3    0    1158
    2    1  132  312  242    0   16    2    2    1    1896
    2    1  133  313   83    0    6    1    2    0    1252
    2    1  134  314  399    0   25    3    2    0     778
    2    1  135  315  344    0   22    3    1    0     982
    2    1  136  316  115    1    8    1    1    1    2288
    2    1  137  317  353    0   23    3    2    0    1351
    2    1  138  318   20    0    2    1    3    0    1327
    2    1  139  319  263    0   17    2    3    0    1305
    2    1  140  320  437    0   28    3    2    0    2267
    2    1  141  321  193    0   13    2    3    0    1413
    2    1  142  322  108    0    7    1    1    1    1123
    2    1  143  323  289    0   19    2    3    0    1095
    2    1  144  324  345    0   22    3    2    0     788
    2    1  145  325   33    0    3    1    3    0    1180
    2    1  146  326  110    0    7    1    1    1     813
    2    1  147  327  324    0   21    3    2    0     612
    2    1  148  328   23    0    2    1    3    0     590
    2    1  149  329  202    0   13    2    2    1     717
    2    1  150  330  134    0    9    1    3    0    1614
    2    1  151  331  384    0   24    3    1    0     742
    2    1  152  332  131    0    9    1    3    0     837
    2    1  153  333  144    0    9    1    3    0     613
    2    1  154  334  394    0   25    3    2    0    1478
    2    1  155  335  215    1   14    2    2    1     684
    2    1  156  336  371    0   24    3    1    0     625
    2    1  157  337  449    0   29    3    3    1     678
    2    1  158  338  251    0   16    2    2    1     659
    2    1  159  339   69    0    5    1    3    0     739
    2    1  160  340   12    0    1    1    3    0     731
    2    1  161  341  165    0   11    2    2    1     720
    2    1  162  342  162    0   11    2    2    1     824
    2    1  163  343   65    0    5    1    1    1     631
    2    1  164  344  403    0   26    3    2    0     677
    2    1  165  345  230    0   15    2    2    1    1230
    2    1  166  346  272    1   17    2    2    1     763
    2    1  167  347  346    0   22    3    1    0     897
    2    1  168  348  370    0   24    3    3    1     702
    2    1  169  349   63    0    4    1    2    0     583
    2    1  170  350  261    0   17    2    3    0     878
    2    1  171  351  447    0   28    3    2    0     542
    2    1  172  352   38    0    3    1    2    0     627
    2    1  173  353    8    0    1    1    3    0     894
    2    1  174  354  479    0   30    3    3    1    1625
    2    1  175  355  480    0   30    3    2    0     736
    2    1  176  356  114    0    8    1    1    1     633
    2    1  177  357  233    0   15    2    1    0    1395
    2    1  178  358  390    0   25    3    3    1     965
    2    1  179  359   56    0    4    1    2    0     416
    2    1  180  360   46    0    3    1    1    1     613
    2    1  181  361  295    0   19    2    2    1     657
    2    1  182  362  328    0   21    3    2    0     728
    2    1  183  363  461    0   29    3    2    0     742
    2    1  184  364  339    1   22    3    1    0     502
    2    1  185  365  249    0   16    2    1    0     678
    2    1  186  366  386    0   25    3    2    0     614
    2    1  187  367  122    0    8    1    1    1     769
    2    1  188  368  341    0   22    3    1    0     540
    2    1  189  369  173    0   11    2    2    1     683
    2    1  190  370  103    0    7    1    1    1     530
    2    1  191  371  477    0   30    3    3    1     409
    2    1  192  372  127    0    8    1    1    1     615
    2    1  193  373  156    0   10    1    2    0     591
    2    1  194  374  388    0   25    3    2    0     867
    2    1  195  375   41    0    3    1    2    0     587
    2    1  196  376  280    0   18    2    3    0     679
    2    1  197  377  138    0    9    1    1    1    1479
    2    1  198  378  418    0   27    3    2    0     971
    2    1  199  379  458    0   29    3    3    1    3685
    2    1  200  380  113    0    8    1    3    0     867
    2    1  201  381  198    0   13    2    3    0     690
    2    1  202  382  119    0    8    1    2    0     951
    2    1  203  383  466    0   30    3    2    0     739
    2    1  204  384  225    0   15    2    2    1     662
    2    1  205  385  159    0   10    1    1    1    1098
    2    1  206  386  141    0    9    1    3    0     766
    2    1  207  387  463    0   29    3    2    0    1346
    2    1  208  388  476    0   30    3    2    0     627
    2    1  209  389  250    1   16    2    3    0    1038
    2    1  210  390  326    0   21    3    2    0     659
    2    1  211  391  464    0   29    3    2    0    1236
    2    1  212  392  214    0   14    2    2    1     785
    2    1  213  393  336    0   21    3    2    0    1120
    2    1  214  394   76    0    5    1    1    1     742
    2    1  215  395  392    0   25    3    3    1     571
    2    1  216  396  364    0   23    3    2    0     551
    2    1  217  397  236    0   15    2    2    1     709
    2    1  218  398  268    0   17    2    2    1     597
    2    1  219  399  393    0   25    3    2    0     642
    2    1  220  400  166    0   11    2    3    0     644
    2    1  221  401  267    1   17    2    2    1     676
    2    1  222  402   96    1    6    1    2    0     599
    2    1  223  403  219    0   14    2    2    1     791
    2    1  224  404    1    0    1    1    3    0     728
    2    1  225  405  257    0   17    2    2    1     527
    2    1  226  406  287    0   18    2    3    0    1242
    2    1  227  407  335    0   21    3    2    0     921
    2    1  228  408  276    0   18    2    2    1     665
    2    1  229  409  470    0   30    3    2    0     703
    2    1  230  410  331    0   21    3    2    0     615
    2    1  231  411  329    0   21    3    2    0     901
    2    1  232  412  317    0   20    2    2    1     899
    2    1  233  413  243    0   16    2    2    1    1358
    2    1  234  414   31    1    2    1    1    1    1418
    2    1  235  415  100    0    7    1    1    1    1054
    2    1  236  416  330    1   21    3    2    0    1484
    2    1  237  417  361    0   23    3    2    0    3079
    2    1  238  418  187    0   12    2    1    0    2044
    2    1  239  419   24    0    2    1    2    0     767
    2    1  240  420  366    0   23    3    2    0     788
    2    1  241  421  474    0   30    3    3    1     577
    2    1  242  422  153    0   10    1    2    0     614
    2    1  243  423  342    0   22    3    1    0    1333
    2    1  244  424   81    0    6    1    2    0     516
    2    1  245  425  299    0   19    2    1    0     674
    2    1  246  426  271    0   17    2    3    0    2538
    2    1  247  427   59    0    4    1    3    0    1306
    2    1  248  428  158    0   10    1    2    0    1253
    2    1  249  429  128    0    8    1    2    0     755
    2    1  250  430  334    0   21    3    3    1    1951
    2    1  251  431  129    0    9    1    1    1     821
    2    1  252  432  398    0   25    3    3    1     736
    2    1  253  433  182    0   12    2    3    0     581
    2    1  254  434  239    0   15    2    2    1     729
    2    1  255  435  209    0   14    2    2    1     595
    2    1  256  436   42    0    3    1    2    0     495
    2    1  257  437   95    0    6    1    1    1     941
    2    1  258  438  300    0   19    2    2    1     834
    2    1  259  439  149    0   10    1    2    0    3543
    2    1  260  440  320    0   20    2    2    1    1375
    2    1  261  441   57    0    4    1    2    0     584
    2    1  262  442  448    0   28    3    1    0    1030
    2    1  263  443  124    0    8    1    2    0    1966
    2    1  264  444  154    0   10    1    3    0     617
    2    1  265  445  348    0   22    3    1    0    1520
    2    1  266  446  151    0   10    1    3    0     706
    2    1  267  447  406    0   26    3    2    0     688
    2    1  268  448  312    0   20    2    2    1     783
    2    1  269  449   70    0    5    1    3    0    1455
    2    1  270  450   88    0    6    1    2    0    1123
    2    1  271  451  282    0   18    2    2    1    1525
    2    1  272  452  111    1    7    1    1    1     587
    2    1  273  453  442    0   28    3    3    1    1179
    2    1  274  454  260    0   17    2    3    0     555
    2    1  275  455   35    0    3    1    2    0     647
    2    1  276  456  427    0   27    3    3    1     823
    2    1  277  457  302    0   19    2    2    1     605
    2    1  278  458   77    0    5    1    1    1     545
    2    1  279  459  395    1   25    3    1    0     687
    2    1  280  460  106    1    7    1    1    1     572
    2    1  281  461  355    1   23    3    2    0    1073
    2    1  282  462    4    0    1    1    2    0     808
    2    1  283  463  377    0   24    3    2    0     944
    2    1  284  464  196    0   13    2    2    1     651
    2    1  285  465  414    0   26    3    2    0     658
    2    1  286  466  352    0   22    3    1    0     649
    2    1  287  467  338    0   22    3    1    0     576
    2    1  288  468   49    0    4    1    2    0     620
    2    1  289  469  102    0    7    1    1    1     584
    2    1  290  470   64    0    4    1    2    0     624
    2    1  291  471  292    0   19    2    2    1     573
    2    1  292  472  304    0   19    2    1    0    1539
    2    1  293  473  397    1   25    3    2    0    1018
    2    1  294  474  188    0   12    2    2    1     823
    2    1  295  475  475    0   30    3    2    0    1492
    2    1  296  476   94    0    6    1    2    0     699
    2    1  297  477  401    0   26    3    3    1     867
    2    1  298  478  117    0    8    1    3    0    1676
    2    1  299  479  223    0   14    2    3    0     555
    2    1  300  480  118    0    8    1    1    1    1795
