    1    1    1    1  387    1   25    3    1    0    2175
    1    1    2    2   52    1    4    1    2    0    1692
    1    1    3    3  271    1   17    2    3    0    3296
    1    1    4    4  409    1   26    3    1    0    1461
    1    1    5    5   36    1    3    1    1    1    2188
    1    1    6    6  276    1   18    2    3    0    1546
    1    1    7    7   71    1    5    1    1    1    1850
    1    1    8    8  164    1   11    2    2    1    1461
    1    1    9    9  245    1   16    2    3    0    1379
    1    1   10   10    6    1    1    1    3    0    1420
    1    1   11   11  212    1   14    2    3    0    1181
    1    1   12   12  267    1   17    2    2    1     725
    1    1   13   13   49    1    4    1    3    0    1069
    1    1   14   14  411    1   26    3    3    1    1714
    1    1   15   15  120    1    8    1    2    0    1193
    1    1   16   16    4    1    1    1    1    1    1329
    1    1   17   17  424    1   27    3    3    1    2189
    1    1   18   18  290    1   19    2    2    1    1287
    1    1   19   19  448    1   28    3    2    0    1763
    1    1   20   20   38    1    3    1    1    1    1232
    1    1   21   21   35    1    3    1    2    0     822
    1    1   22   22  465    1   30    3    1    0    1201
    1    1   23   23  252    1   16    2    2    1    1379
    1    1   24   24   58    1    4    1    3    0    1194
    1    1   25   25   53    1    4    1    2    0    1338
    1    1   26   26  406    1   26    3    1    0     370
    1    1   27   27   56    1    4    1    2    0     735
    1    1   28   28   80    1    5    1    1    1    1577
    1    1   29   29  272    1   17    2    3    0    1495
    1    1   30   30   16    1    1    1    2    0     812
    1    1   31   31   66    1    5    1    1    1     700
    1    1   32   32  353    1   23    3    3    1    1256
    1    1   33   33  340    1   22    3    2    0    1506
    1    1   34   34  356    1   23    3    3    1    1003
    1    1   35   35  380    1   24    3    2    0    1592
    1    1   36   36   15    1    1    1    1    1     746
    1    1   37   37  479    1   30    3    3    1    1475
    1    1   38   38  473    1   30    3    2    0     787
    1    1   39   39  117    1    8    1    2    0    1710
    1    1   40   40  280    1   18    2    3    0    1542
    1    1   41   41  396    1   25    3    3    1     927
    1    1   42   42  476    1   30    3    3    1     845
    1    1   43   43  250    1   16    2    1    0    1231
    1    1   44   44  471    1   30    3    3    1    1453
    1    1   45   45   37    1    3    1    1    1    1022
    1    1   46   46  121    1    8    1    3    0    1252
    1    1   47   47  359    1   23    3    3    1    1593
    1    1   48   48  266    1   17    2    2    1    1197
    1    1   49   49  201    1   13    2    1    0    1725
    1    1   50   50  289    1   19    2    2    1     305
    1    1   51   51  269    1   17    2    2    1     748
    1    1   52   52  326    1   21    3    3    1     806
    1    1   53   53  217    1   14    2    2    1     933
    1    1   54   54  408    1   26    3    3    1     999
    1    1   55   55  360    1   23    3    3    1     778
    1    1   56   56  240    1   15    2    2    1     546
    1    1   57   57  219    1   14    2    2    1    1103
    1    1   58   58   33    1    3    1    1    1     550
    1    1   59   59  216    1   14    2    2    1    1403
    1    1   60   60  182    1   12    2    3    0     699
    1    2    1   61  280    1   18    2    3    0     892
    1    2    2   62  240    1   15    2    2    1     840
    1    2    3   63  479    1   30    3    2    0     522
    1    2    4   64    4    1    1    1    1    1     894
    1    2    5   65  448    1   28    3    3    1    3312
    1    2    6   66  476    1   30    3    3    1    2355
    1    2    7   67  252    1   16    2    2    1    1126
    1    2    8   68  216    1   14    2    2    1     912
    1    2    9   69  340    1   22    3    1    0    1333
    1    2   10   70   16    1    1    1    1    1     758
    1    2   11   71  120    1    8    1    1    1    1325
    1    2   12   72  245    1   16    2    3    0     981
    1    2   13   73  201    1   13    2    2    1    1450
    1    2   14   74   38    1    3    1    1    1    1521
    1    2   15   75  326    1   21    3    3    1     767
    1    2   16   76  289    1   19    2    1    0    1388
    1    2   17   77  269    1   17    2    2    1     748
    1    2   18   78  387    1   25    3    3    1     660
    1    2   19   79  290    1   19    2    2    1     766
    1    2   20   80   37    1    3    1    1    1     748
    1    2   21   81  267    1   17    2    2    1     797
    1    2   22   82   49    1    4    1    2    0     580
    1    2   23   83  217    1   14    2    2    1     844
    1    2   24   84   35    1    3    1    1    1     434
    1    2   25   85   66    1    5    1    2    0     521
    1    2   26   86  411    1   26    3    3    1     732
    1    2   27   87   58    1    4    1    2    0     799
    1    2   28   88   33    1    3    1    1    1     600
    1    2   29   89  276    1   18    2    2    1     886
    1    2   30   90   52    1    4    1    1    1     537
    1    2   31   91  359    1   23    3    3    1    1006
    1    2   32   92  408    1   26    3    2    0    2330
    1    2   33   93  396    1   25    3    3    1    2244
    1    2   34   94  117    1    8    1    1    1    1071
    1    2   35   95  182    1   12    2    2    1     816
    1    2   36   96  266    1   17    2    2    1    1217
    1    2   37   97   56    1    4    1    1    1     707
    1    2   38   98  424    1   27    3    3    1     688
    1    2   39   99  271    1   17    2    2    1     826
    1    2   40  100  360    1   23    3    3    1     593
    1    2   41  101  121    1    8    1    1    1     641
    1    2   42  102   80    1    5    1    1    1    1754
    1    2   43  103   71    1    5    1    1    1     672
    1    2   44  104  219    1   14    2    1    0       6
    1    2   45  105    6    1    1    1    1    1     815
    1    2   46  106  356    1   23    3    3    1     867
    1    2   47  107  164    1   11    2    2    1     358
    1    2   48  108  409    1   26    3    3    1     637
    1    2   49  109  212    1   14    2    2    1     395
    1    2   50  110  406    1   26    3    2    0     630
    1    2   51  111   15    1    1    1    1    1     655
    1    2   52  112  353    1   23    3    3    1     776
    1    2   53  113  473    1   30    3    2    0    1135
    1    2   54  114  272    1   17    2    1    0     781
    1    2   55  115  465    1   30    3    3    1     740
    1    2   56  116  250    1   16    2    1    0     619
    1    2   57  117  380    1   24    3    2    0     569
    1    2   58  118   36    1    3    1    1    1     438
    1    2   59  119  471    1   30    3    2    0     641
    1    2   60  120   53    1    4    1    1    1     540
    1    3    1  121  396    1   25    3    2    0     729
    1    3    2  122  424    1   27    3    3    1     595
    1    3    3  123   71    1    5    1    1    1     642
    1    3    4  124  182    1   12    2    2    1     672
    1    3    5  125  290    1   19    2    1    0     460
    1    3    6  126   53    1    4    1    2    0     460
    1    3    7  127  271    1   17    2    2    1     675
    1    3    8  128  219    1   14    2    2    1     482
    1    3    9  129  269    1   17    2    2    1     578
    1    3   10  130  280    1   18    2    2    1     593
    1    3   11  131  471    1   30    3    2    0     498
    1    3   12  132  201    1   13    2    2    1     669
    1    3   13  133   37    1    3    1    1    1     453
    1    3   14  134  360    1   23    3    3    1     625
    1    3   15  135   15    1    1    1    1    1     844
    1    3   16  136  117    1    8    1    2    0     686
    1    3   17  137   38    1    3    1    1    1     852
    1    3   18  138  120    1    8    1    2    0     626
    1    3   19  139   16    1    1    1    1    1     621
    1    3   20  140    4    1    1    1    1    1     761
    1    3   21  141  212    1   14    2    2    1     769
    1    3   22  142  356    1   23    3    3    1     734
    1    3   23  143   36    1    3    1    2    0     352
    1    3   24  144  240    1   15    2    2    1     572
    1    3   25  145  479    1   30    3    2    0     520
    1    3   26  146  359    1   23    3    3    1     652
    1    3   27  147  406    1   26    3    2    0     573
    1    3   28  148   66    1    5    1    1    1     339
    1    3   29  149  289    1   19    2    2    1     494
    1    3   30  150  409    1   26    3    3    1     653
    1    3   31  151  448    1   28    3    2    0     286
    1    3   32  152  121    1    8    1    2    0     537
    1    3   33  153  164    1   11    2    2    1     556
    1    3   34  154  250    1   16    2    2    1     728
    1    3   35  155  476    1   30    3    3    1     966
    1    3   36  156  353    1   23    3    3    1     609
    1    3   37  157  266    1   17    2    2    1    1155
    1    3   38  158  216    1   14    2    2    1     989
    1    3   39  159  387    1   25    3    2    0    1225
    1    3   40  160  473    1   30    3    2    0     606
    1    3   41  161  276    1   18    2    1    0     440
    1    3   42  162   52    1    4    1    1    1     638
    1    3   43  163   80    1    5    1    1    1     681
    1    3   44  164  465    1   30    3    3    1     858
    1    3   45  165  326    1   21    3    2    0     701
    1    3   46  166  245    1   16    2    2    1     598
    1    3   47  167  217    1   14    2    2    1     795
    1    3   48  168   58    1    4    1    2    0     628
    1    3   49  169  340    1   22    3    2    0     566
    1    3   50  170   56    1    4    1    2    0     448
    1    3   51  171  408    1   26    3    3    1     711
    1    3   52  172   33    1    3    1    1    1     606
    1    3   53  173  267    1   17    2    2    1     672
    1    3   54  174   35    1    3    1    1    1     568
    1    3   55  175   49    1    4    1    1    1     748
    1    3   56  176  380    1   24    3    2    0     580
    1    3   57  177    6    1    1    1    1    1     702
    1    3   58  178  411    1   26    3    3    1     893
    1    3   59  179  252    1   16    2    2    1     860
    1    3   60  180  272    1   17    2    2    1    1265
    2    1    1  181  429    0   27    3    3    1     711
    2    1    2  182  440    0   28    3    3    1     565
    2    1    3  183  259    0   17    2    3    0     899
    2    1    4  184  378    0   24    3    1    0     931
    2    1    5  185   31    0    2    1    2    0     590
    2    1    6  186  346    0   22    3    1    0     539
    2    1    7  187   98    0    7    1    1    1     550
    2    1    8  188   53    1    4    1    2    0     565
    2    1    9  189   37    1    3    1    2    0     462
    2    1   10  190   36    1    3    1    1    1     436
    2    1   11  191  182    1   12    2    2    1     515
    2    1   12  192  127    0    8    1    1    1     950
    2    1   13  193  284    0   18    2    3    0     586
    2    1   14  194   11    0    1    1    2    0     370
    2    1   15  195  243    0   16    2    2    1     592
    2    1   16  196  255    0   16    2    2    1     770
    2    1   17  197  113    0    8    1    2    0    1249
    2    1   18  198  288    0   18    2    3    0    1426
    2    1   19  199   18    0    2    1    2    0     524
    2    1   20  200  306    0   20    2    3    0     639
    2    1   21  201   57    0    4    1    2    0     506
    2    1   22  202  354    0   23    3    3    1     515
    2    1   23  203  216    1   14    2    2    1     528
    2    1   24  204  331    0   21    3    2    0     676
    2    1   25  205  470    0   30    3    2    0    1190
    2    1   26  206  197    0   13    2    1    0     635
    2    1   27  207  452    0   29    3    3    1     806
    2    1   28  208  392    0   25    3    2    0     760
    2    1   29  209  232    0   15    2    2    1     739
    2    1   30  210   68    0    5    1    1    1     592
    2    1   31  211  267    1   17    2    2    1    1476
    2    1   32  212  253    0   16    2    2    1     565
    2    1   33  213  342    0   22    3    3    1     729
    2    1   34  214  273    0   18    2    2    1     696
    2    1   35  215  394    0   25    3    3    1    1172
    2    1   36  216   34    0    3    1    1    1     570
    2    1   37  217  424    1   27    3    3    1     973
    2    1   38  218  210    0   14    2    2    1     931
    2    1   39  219  222    0   14    2    2    1     592
    2    1   40  220   19    0    2    1    1    1    1643
    2    1   41  221  214    0   14    2    2    1     864
    2    1   42  222  101    0    7    1    1    1    2088
    2    1   43  223  409    1   26    3    3    1     667
    2    1   44  224   92    0    6    1    3    0     674
    2    1   45  225  315    0   20    2    2    1     571
    2    1   46  226  218    0   14    2    2    1     571
    2    1   47  227  373    0   24    3    1    0     573
    2    1   48  228  339    0   22    3    1    0     754
    2    1   49  229  206    0   13    2    2    1    1036
    2    1   50  230  379    0   24    3    1    0     726
    2    1   51  231  228    0   15    2    3    0     795
    2    1   52  232  415    0   26    3    2    0     720
    2    1   53  233   60    0    4    1    3    0     317
    2    1   54  234  153    0   10    1    1    1     451
    2    1   55  235  399    0   25    3    3    1     538
    2    1   56  236  178    0   12    2    3    0     728
    2    1   57  237  477    0   30    3    2    0     595
    2    1   58  238    2    0    1    1    3    0     889
    2    1   59  239   30    0    2    1    2    0     867
    2    1   60  240  418    0   27    3    3    1     581
    2    1   61  241  469    0   30    3    3    1     556
    2    1   62  242  136    0    9    1    1    1     712
    2    1   63  243  396    1   25    3    3    1     562
    2    1   64  244   99    0    7    1    1    1     775
    2    1   65  245  410    0   26    3    3    1     830
    2    1   66  246   10    0    1    1    3    0     591
    2    1   67  247  187    0   12    2    3    0     571
    2    1   68  248  380    1   24    3    2    0     760
    2    1   69  249  211    0   14    2    2    1     862
    2    1   70  250  403    0   26    3    3    1     824
    2    1   71  251   95    0    6    1    3    0     618
    2    1   72  252  367    0   23    3    3    1     835
    2    1   73  253  290    1   19    2    2    1     856
    2    1   74  254  480    0   30    3    2    0     780
    2    1   75  255  402    0   26    3    2    0     660
    2    1   76  256  117    1    8    1    1    1    1181
    2    1   77  257  337    0   22    3    1    0    1148
    2    1   78  258  391    0   25    3    3    1    1077
    2    1   79  259  386    0   25    3    3    1     683
    2    1   80  260  135    0    9    1    1    1     931
    2    1   81  261  162    0   11    2    2    1     766
    2    1   82  262  473    1   30    3    3    1     790
    2    1   83  263  265    0   17    2    2    1     679
    2    1   84  264  462    0   29    3    3    1     558
    2    1   85  265  428    0   27    3    3    1     667
    2    1   86  266  219    1   14    2    2    1     546
    2    1   87  267  234    0   15    2    3    0     533
    2    1   88  268  163    0   11    2    3    0     858
    2    1   89  269  384    0   24    3    1    0    1526
    2    1   90  270   39    0    3    1    1    1     763
    2    1   91  271  110    0    7    1    2    0    1647
    2    1   92  272  247    0   16    2    2    1     665
    2    1   93  273  106    0    7    1    3    0    1049
    2    1   94  274  125    0    8    1    2    0     605
    2    1   95  275  359    1   23    3    3    1     555
    2    1   96  276  189    0   12    2    3    0    1030
    2    1   97  277  303    0   19    2    2    1     561
    2    1   98  278  344    0   22    3    3    1     952
    2    1   99  279  168    0   11    2    2    1     569
    2    1  100  280  122    0    8    1    1    1     434
    2    1  101  281  258    0   17    2    3    0     544
    2    1  102  282   77    0    5    1    1    1     623
    2    1  103  283  198    0   13    2    2    1     661
    2    1  104  284   47    0    3    1    1    1     557
    2    1  105  285   71    1    5    1    1    1     462
    2    1  106  286   65    0    5    1    1    1     504
    2    1  107  287   29    0    2    1    2    0     683
    2    1  108  288  456    0   29    3    3    1     668
    2    1  109  289  159    0   10    1    1    1     804
    2    1  110  290  237    0   15    2    3    0     773
    2    1  111  291   13    0    1    1    1    1     755
    2    1  112  292  103    0    7    1    2    0     843
    2    1  113  293  175    0   11    2    2    1     740
    2    1  114  294   23    0    2    1    3    0     773
    2    1  115  295  420    0   27    3    3    1     580
    2    1  116  296   78    0    5    1    1    1     559
    2    1  117  297  305    0   20    2    3    0     896
    2    1  118  298  254    0   16    2    2    1     793
    2    1  119  299  142    0    9    1    1    1     543
    2    1  120  300   44    0    3    1    2    0     541
    2    1  121  301  308    0   20    2    2    1     763
    2    1  122  302  467    0   30    3    3    1     868
    2    1  123  303  419    0   27    3    3    1     647
    2    1  124  304  388    0   25    3    3    1     846
    2    1  125  305  446    0   28    3    3    1     608
    2    1  126  306   74    0    5    1    1    1     513
    2    1  127  307  408    1   26    3    3    1     618
    2    1  128  308  105    0    7    1    3    0     450
    2    1  129  309  238    0   15    2    3    0     452
    2    1  130  310  451    0   29    3    2    0     436
    2    1  131  311  173    0   11    2    1    0     821
    2    1  132  312  266    1   17    2    2    1     586
    2    1  133  313  310    0   20    2    2    1     497
    2    1  134  314  471    1   30    3    2    0     450
    2    1  135  315  300    0   19    2    2    1     442
    2    1  136  316  369    0   24    3    1    0     569
    2    1  137  317   49    1    4    1    1    1     430
    2    1  138  318  414    0   26    3    2    0     652
    2    1  139  319  475    0   30    3    2    0     656
    2    1  140  320  358    0   23    3    3    1     633
    2    1  141  321  465    1   30    3    2    0     615
    2    1  142  322  454    0   29    3    2    0     680
    2    1  143  323   86    0    6    1    3    0     768
    2    1  144  324   54    0    4    1    2    0     722
    2    1  145  325  435    0   28    3    2    0     779
    2    1  146  326  404    0   26    3    3    1     581
    2    1  147  327  156    0   10    1    1    1     820
    2    1  148  328  356    1   23    3    3    1     878
    2    1  149  329  412    0   26    3    3    1     790
    2    1  150  330  225    0   15    2    1    0     777
    2    1  151  331  423    0   27    3    3    1     590
    2    1  152  332  195    0   13    2    2    1     747
    2    1  153  333   52    1    4    1    2    0     726
    2    1  154  334  464    0   29    3    3    1     564
    2    1  155  335  279    0   18    2    2    1     828
    2    1  156  336  147    0   10    1    1    1     669
    2    1  157  337   22    0    2    1    2    0     628
    2    1  158  338  204    0   13    2    1    0     691
    2    1  159  339  223    0   14    2    1    0    1008
    2    1  160  340  200    0   13    2    2    1     786
    2    1  161  341    8    0    1    1    1    1     818
    2    1  162  342   51    0    4    1    1    1     701
    2    1  163  343  450    0   29    3    2    0     649
    2    1  164  344   90    0    6    1    3    0     643
    2    1  165  345  297    0   19    2    2    1     617
    2    1  166  346  474    0   30    3    2    0     820
    2    1  167  347  311    0   20    2    3    0     694
    2    1  168  348  256    0   16    2    2    1     742
    2    1  169  349  278    0   18    2    3    0     826
    2    1  170  350  239    0   15    2    3    0     989
    2    1  171  351  112    0    7    1    3    0     939
    2    1  172  352  146    0   10    1    1    1    1111
    2    1  173  353  443    0   28    3    3    1     844
    2    1  174  354  275    0   18    2    1    0     825
    2    1  175  355  201    1   13    2    2    1     654
    2    1  176  356   42    0    3    1    1    1     661
    2    1  177  357  449    0   29    3    2    0    1719
    2    1  178  358  212    1   14    2    2    1     510
    2    1  179  359  169    0   11    2    1    0     643
    2    1  180  360   32    0    2    1    2    0     800
    2    1  181  361  229    0   15    2    3    0     658
    2    1  182  362   38    1    3    1    1    1     632
    2    1  183  363  191    0   12    2    3    0     915
    2    1  184  364   93    0    6    1    3    0     609
    2    1  185  365  160    0   10    1    2    0     552
    2    1  186  366  128    0    8    1    2    0    1010
    2    1  187  367  459    0   29    3    2    0     587
    2    1  188  368  194    0   13    2    1    0     552
    2    1  189  369  361    0   23    3    3    1     514
    2    1  190  370  115    0    8    1    1    1    1118
    2    1  191  371  463    0   29    3    3    1     675
    2    1  192  372  155    0   10    1    3    0     540
    2    1  193  373   62    0    4    1    2    0     594
    2    1  194  374  314    0   20    2    2    1     618
    2    1  195  375   67    0    5    1    1    1     572
    2    1  196  376   15    1    1    1    1    1    1196
    2    1  197  377  350    0   22    3    1    0     743
    2    1  198  378  444    0   28    3    3    1     508
    2    1  199  379  365    0   23    3    3    1     482
    2    1  200  380  325    0   21    3    3    1     510
    2    1  201  381  375    0   24    3    1    0     691
    2    1  202  382  377    0   24    3    1    0     529
    2    1  203  383  249    0   16    2    2    1     833
    2    1  204  384  353    1   23    3    3    1     656
    2    1  205  385  317    0   20    2    2    1     665
    2    1  206  386  268    0   17    2    2    1    1226
    2    1  207  387  230    0   15    2    3    0     508
    2    1  208  388  118    0    8    1    1    1    1090
    2    1  209  389  442    0   28    3    3    1     529
    2    1  210  390  371    0   24    3    1    0     537
    2    1  211  391   27    0    2    1    2    0     567
    2    1  212  392  143    0    9    1    2    0     578
    2    1  213  393  220    0   14    2    2    1     853
    2    1  214  394  345    0   22    3    3    1     595
    2    1  215  395  430    0   27    3    3    1    1319
    2    1  216  396  376    0   24    3    2    0     746
    2    1  217  397  224    0   14    2    2    1     918
    2    1  218  398  320    0   20    2    2    1     682
    2    1  219  399  277    0   18    2    3    0    1342
    2    1  220  400  209    0   14    2    2    1     828
    2    1  221  401  148    0   10    1    3    0     864
    2    1  222  402  374    0   24    3    2    0     540
    2    1  223  403  332    0   21    3    2    0     613
    2    1  224  404  192    0   12    2    3    0     562
    2    1  225  405  157    0   10    1    1    1     744
    2    1  226  406  309    0   20    2    2    1    1450
    2    1  227  407  272    1   17    2    2    1    1118
    2    1  228  408  161    0   11    2    1    0     670
    2    1  229  409  179    0   12    2    3    0     678
    2    1  230  410  151    0   10    1    2    0     705
    2    1  231  411  215    0   14    2    2    1    1029
    2    1  232  412  382    0   24    3    3    1     619
    2    1  233  413  244    0   16    2    2    1     805
    2    1  234  414   81    0    6    1    3    0    1754
    2    1  235  415   40    0    3    1    1    1     561
    2    1  236  416  180    0   12    2    3    0     765
    2    1  237  417  158    0   10    1    2    0     743
    2    1  238  418  398    0   25    3    2    0    1301
    2    1  239  419  347    0   22    3    1    0     507
    2    1  240  420  248    0   16    2    2    1    1437
    2    1  241  421  416    0   26    3    2    0     665
    2    1  242  422  131    0    9    1    2    0    1168
    2    1  243  423  257    0   17    2    1    0     658
    2    1  244  424   69    0    5    1    1    1     549
    2    1  245  425   26    0    2    1    2    0     680
    2    1  246  426  271    1   17    2    2    1     547
    2    1  247  427  235    0   15    2    3    0    1139
    2    1  248  428  447    0   28    3    3    1     496
    2    1  249  429  436    0   28    3    3    1     491
    2    1  250  430  458    0   29    3    2    0     631
    2    1  251  431  184    0   12    2    3    0     549
    2    1  252  432   46    0    3    1    1    1    2114
    2    1  253  433  134    0    9    1    2    0     416
    2    1  254  434  427    0   27    3    3    1     589
    2    1  255  435   59    0    4    1    2    0     508
    2    1  256  436  461    0   29    3    2    0     517
    2    1  257  437  296    0   19    2    2    1     920
    2    1  258  438  333    0   21    3    3    1     495
    2    1  259  439  124    0    8    1    2    0     450
    2    1  260  440  364    0   23    3    3    1     721
    2    1  261  441  172    0   11    2    1    0     658
    2    1  262  442  352    0   22    3    2    0     624
    2    1  263  443  439    0   28    3    3    1     716
    2    1  264  444  438    0   28    3    3    1     719
    2    1  265  445   70    0    5    1    1    1     945
    2    1  266  446   63    0    4    1    2    0     735
    2    1  267  447  407    0   26    3    3    1     850
    2    1  268  448  389    0   25    3    2    0     795
    2    1  269  449  468    0   30    3    2    0     772
    2    1  270  450  366    0   23    3    3    1    1369
    2    1  271  451  322    0   21    3    3    1     556
    2    1  272  452  397    0   25    3    2    0     541
    2    1  273  453  432    0   27    3    3    1     585
    2    1  274  454  393    0   25    3    2    0     548
    2    1  275  455  109    0    7    1    1    1     513
    2    1  276  456  165    0   11    2    1    0     555
    2    1  277  457  226    0   15    2    3    0     585
    2    1  278  458  121    1    8    1    1    1     713
    2    1  279  459   55    0    4    1    1    1     440
    2    1  280  460  274    0   18    2    2    1     709
    2    1  281  461  111    0    7    1    2    0     785
    2    1  282  462   48    0    3    1    1    1     723
    2    1  283  463  421    0   27    3    3    1     779
    2    1  284  464  318    0   20    2    2    1     607
    2    1  285  465  302    0   19    2    3    0     696
    2    1  286  466  145    0   10    1    2    0     506
    2    1  287  467  301    0   19    2    2    1     651
    2    1  288  468  401    0   26    3    2    0     658
    2    1  289  469  260    0   17    2    2    1    1079
    2    1  290  470   56    1    4    1    2    0     945
    2    1  291  471  348    0   22    3    1    0     741
    2    1  292  472   33    1    3    1    1    1     754
    2    1  293  473  357    0   23    3    2    0     821
    2    1  294  474   61    0    4    1    1    1     997
    2    1  295  475  251    0   16    2    2    1     688
    2    1  296  476  130    0    9    1    2    0    1284
    2    1  297  477  341    0   22    3    3    1    1604
    2    1  298  478  270    0   17    2    2    1     554
    2    1  299  479    5    0    1    1    1    1     648
    2    1  300  480  335    0   21    3    2    0    2055
