    1    1    1    1  238    1   15    2    3    0    7008
    1    1    2    2   55    1    4    1    3    0    2478
    1    1    3    3  471    1   30    3    2    0    3855
    1    1    4    4   16    1    1    1    1    1    3196
    1    1    5    5  397    1   25    3    3    1    2034
    1    1    6    6  163    1   11    2    2    1    2226
    1    1    7    7   17    1    2    1    3    0    1383
    1    1    8    8    7    1    1    1    2    0    2246
    1    1    9    9  190    1   12    2    2    1    1927
    1    1   10   10  203    1   13    2    1    0    2767
    1    1   11   11  293    1   19    2    3    0    1637
    1    1   12   12  111    1    7    1    2    0    1935
    1    1   13   13   31    1    2    1    3    0    1437
    1    1   14   14  306    1   20    2    3    0    3376
    1    1   15   15  229    1   15    2    2    1    1943
    1    1   16   16  224    1   14    2    2    1    2871
    1    1   17   17  297    1   19    2    2    1    1930
    1    1   18   18  413    1   26    3    3    1    1665
    1    1   19   19  241    1   16    2    2    1    3216
    1    1   20   20  267    1   17    2    2    1    1754
    1    1   21   21  381    1   24    3    1    0    1592
    1    1   22   22   85    1    6    1    1    1    1456
    1    1   23   23  125    1    8    1    2    0    4302
    1    1   24   24  106    1    7    1    2    0    2431
    1    1   25   25  195    1   13    2    2    1    2046
    1    1   26   26  423    1   27    3    2    0    2628
    1    1   27   27  327    1   21    3    3    1    1727
    1    1   28   28   34    1    3    1    2    0    1496
    1    1   29   29   72    1    5    1    3    0     958
    1    1   30   30  376    1   24    3    1    0    1302
    1    1   31   31  115    1    8    1    2    0    1382
    1    1   32   32  359    1   23    3    3    1    1584
    1    1   33   33  146    1   10    1    2    0    1399
    1    1   34   34  278    1   18    2    3    0    6697
    1    1   35   35  148    1   10    1    3    0   10114
    1    1   36   36  420    1   27    3    1    0   14167
    1    1   37   37  170    1   11    2    1    0    1111
    1    1   38   38  443    1   28    3    2    0    2707
    1    1   39   39  395    1   25    3    2    0     926
    1    1   40   40  186    1   12    2    2    1    1447
    1    1   41   41   40    1    3    1    1    1    1729
    1    1   42   42   62    1    4    1    3    0    1232
    1    1   43   43  250    1   16    2    2    1    1010
    1    1   44   44  135    1    9    1    3    0    2208
    1    1   45   45   73    1    5    1    2    0     815
    1    1   46   46  405    1   26    3    3    1    2075
    1    1   47   47  136    1    9    1    3    0    1232
    1    1   48   48  339    1   22    3    1    0    1909
    1    1   49   49  456    1   29    3    3    1    1010
    1    1   50   50  330    1   21    3    2    0     892
    1    1   51   51  465    1   30    3    3    1     631
    1    1   52   52  308    1   20    2    3    0    1065
    1    1   53   53  272    1   17    2    2    1     928
    1    1   54   54  215    1   14    2    3    0    1173
    1    1   55   55  279    1   18    2    3    0    2225
    1    1   56   56  455    1   29    3    2    0    1167
    1    1   57   57  337    1   22    3    1    0    1211
    1    1   58   58  355    1   23    3    1    0    1413
    1    1   59   59   96    1    6    1    3    0    1277
    1    1   60   60  446    1   28    3    2    0    1533
    1    2    1   61  413    1   26    3    3    1     708
    1    2    2   62  337    1   22    3    2    0    1794
    1    2    3   63  420    1   27    3    3    1    1256
    1    2    4   64   72    1    5    1    2    0    1251
    1    2    5   65  330    1   21    3    2    0    1944
    1    2    6   66  215    1   14    2    2    1    1739
    1    2    7   67  272    1   17    2    2    1    1248
    1    2    8   68  395    1   25    3    3    1    1301
    1    2    9   69  306    1   20    2    3    0    1491
    1    2   10   70  195    1   13    2    2    1     566
    1    2   11   71  446    1   28    3    3    1    1690
    1    2   12   72  297    1   19    2    3    0    1711
    1    2   13   73   34    1    3    1    1    1    1658
    1    2   14   74  238    1   15    2    2    1    1103
    1    2   15   75  381    1   24    3    1    0    6198
    1    2   16   76  163    1   11    2    2    1     725
    1    2   17   77  125    1    8    1    2    0     965
    1    2   18   78  267    1   17    2    2    1     746
    1    2   19   79  293    1   19    2    2    1     613
    1    2   20   80  135    1    9    1    1    1     918
    1    2   21   81  278    1   18    2    2    1    2355
    1    2   22   82  203    1   13    2    2    1     625
    1    2   23   83  405    1   26    3    3    1    1433
    1    2   24   84  308    1   20    2    3    0     731
    1    2   25   85  115    1    8    1    2    0    1099
    1    2   26   86  250    1   16    2    2    1     628
    1    2   27   87  359    1   23    3    3    1     602
    1    2   28   88   62    1    4    1    2    0    1062
    1    2   29   89  186    1   12    2    1    0    3005
    1    2   30   90  229    1   15    2    2    1     621
    1    2   31   91   85    1    6    1    1    1     951
    1    2   32   92   17    1    2    1    3    0     622
    1    2   33   93  148    1   10    1    1    1    1045
    1    2   34   94   16    1    1    1    1    1    1090
    1    2   35   95   40    1    3    1    1    1     593
    1    2   36   96   55    1    4    1    1    1    1356
    1    2   37   97  397    1   25    3    3    1     737
    1    2   38   98  279    1   18    2    3    0     775
    1    2   39   99  455    1   29    3    2    0     579
    1    2   40  100  376    1   24    3    1    0    1137
    1    2   41  101   31    1    2    1    3    0     635
    1    2   42  102  339    1   22    3    1    0     705
    1    2   43  103  106    1    7    1    2    0    1189
    1    2   44  104  465    1   30    3    3    1     727
    1    2   45  105   96    1    6    1    2    0    1146
    1    2   46  106   73    1    5    1    1    1    1037
    1    2   47  107  190    1   12    2    1    0     922
    1    2   48  108  327    1   21    3    2    0     818
    1    2   49  109  111    1    7    1    3    0     341
    1    2   50  110  423    1   27    3    2    0     616
    1    2   51  111  241    1   16    2    2    1     793
    1    2   52  112  443    1   28    3    2    0     651
    1    2   53  113  146    1   10    1    3    0    2016
    1    2   54  114  456    1   29    3    3    1     712
    1    2   55  115    7    1    1    1    1    1     657
    1    2   56  116  224    1   14    2    2    1    1029
    1    2   57  117  170    1   11    2    1    0     782
    1    2   58  118  355    1   23    3    3    1     846
    1    2   59  119  471    1   30    3    3    1     857
    1    2   60  120  136    1    9    1    1    1    1111
    1    3    1  121   16    1    1    1    1    1    2583
    1    3    2  122  190    1   12    2    3    0    2135
    1    3    3  123   85    1    6    1    1    1     695
    1    3    4  124  136    1    9    1    1    1     632
    1    3    5  125  293    1   19    2    2    1    2516
    1    3    6  126  229    1   15    2    2    1     683
    1    3    7  127  308    1   20    2    3    0    2204
    1    3    8  128  465    1   30    3    3    1    1462
    1    3    9  129   73    1    5    1    2    0     931
    1    3   10  130   72    1    5    1    1    1     626
    1    3   11  131  250    1   16    2    2    1    5172
    1    3   12  132  420    1   27    3    1    0     605
    1    3   13  133  359    1   23    3    3    1     504
    1    3   14  134  405    1   26    3    3    1     872
    1    3   15  135  413    1   26    3    3    1    1285
    1    3   16  136  337    1   22    3    2    0    1636
    1    3   17  137  455    1   29    3    3    1     786
    1    3   18  138  146    1   10    1    2    0    1144
    1    3   19  139  272    1   17    2    2    1    1046
    1    3   20  140  376    1   24    3    1    0     982
    1    3   21  141  443    1   28    3    3    1     977
    1    3   22  142  446    1   28    3    2    0     806
    1    3   23  143  125    1    8    1    1    1    1551
    1    3   24  144  111    1    7    1    1    1    1549
    1    3   25  145  397    1   25    3    3    1     581
    1    3   26  146  278    1   18    2    3    0     765
    1    3   27  147  106    1    7    1    3    0    1277
    1    3   28  148  330    1   21    3    2    0    1078
    1    3   29  149  471    1   30    3    3    1    1031
    1    3   30  150  297    1   19    2    3    0    1083
    1    3   31  151  456    1   29    3    3    1    1896
    1    3   32  152  186    1   12    2    1    0     942
    1    3   33  153  170    1   11    2    1    0     701
    1    3   34  154  306    1   20    2    3    0     558
    1    3   35  155  238    1   15    2    2    1     751
    1    3   36  156  195    1   13    2    2    1     589
    1    3   37  157   31    1    2    1    3    0     992
    1    3   38  158  115    1    8    1    1    1    1910
    1    3   39  159  135    1    9    1    1    1    1213
    1    3   40  160  241    1   16    2    2    1     689
    1    3   41  161   34    1    3    1    1    1     480
    1    3   42  162   96    1    6    1    2    0     812
    1    3   43  163  355    1   23    3    1    0     961
    1    3   44  164  267    1   17    2    2    1     701
    1    3   45  165   62    1    4    1    2    0     657
    1    3   46  166  163    1   11    2    2    1     656
    1    3   47  167  148    1   10    1    3    0     834
    1    3   48  168  224    1   14    2    2    1     692
    1    3   49  169  279    1   18    2    3    0     653
    1    3   50  170  327    1   21    3    2    0     815
    1    3   51  171  215    1   14    2    1    0    1170
    1    3   52  172  423    1   27    3    2    0     940
    1    3   53  173  381    1   24    3    2    0    1223
    1    3   54  174   40    1    3    1    1    1     744
    1    3   55  175    7    1    1    1    1    1     644
    1    3   56  176  203    1   13    2    2    1     633
    1    3   57  177   17    1    2    1    3    0     704
    1    3   58  178  339    1   22    3    1    0    1076
    1    3   59  179  395    1   25    3    3    1     900
    1    3   60  180   55    1    4    1    1    1    1233
    2    1    1  181   68    0    5    1    1    1    1912
    2    1    2  182  168    0   11    2    2    1    3172
    2    1    3  183  444    0   28    3    3    1    4800
    2    1    4  184  148    1   10    1    1    1    3271
    2    1    5  185  293    1   19    2    3    0    1923
    2    1    6  186  194    0   13    2    2    1     888
    2    1    7  187  110    0    7    1    1    1    1736
    2    1    8  188  395    1   25    3    3    1     565
    2    1    9  189  381    1   24    3    3    1    1301
    2    1   10  190  405    1   26    3    3    1     638
    2    1   11  191   90    0    6    1    2    0     823
    2    1   12  192  181    0   12    2    2    1     893
    2    1   13  193  126    0    8    1    1    1    1497
    2    1   14  194   14    0    1    1    1    1     825
    2    1   15  195  317    0   20    2    3    0     486
    2    1   16  196   28    0    2    1    1    1     808
    2    1   17  197   41    0    3    1    1    1     597
    2    1   18  198  204    0   13    2    2    1     525
    2    1   19  199   23    0    2    1    1    1     653
    2    1   20  200  433    0   28    3    3    1    1030
    2    1   21  201  242    0   16    2    3    0     571
    2    1   22  202  130    0    9    1    1    1     969
    2    1   23  203  342    0   22    3    2    0     653
    2    1   24  204  437    0   28    3    2    0     825
    2    1   25  205  202    0   13    2    2    1     921
    2    1   26  206  121    0    8    1    1    1     876
    2    1   27  207  324    0   21    3    3    1     681
    2    1   28  208  432    0   27    3    3    1     793
    2    1   29  209  283    0   18    2    3    0     631
    2    1   30  210  146    1   10    1    1    1     663
    2    1   31  211  276    0   18    2    3    0     635
    2    1   32  212   40    1    3    1    1    1     554
    2    1   33  213  325    0   21    3    2    0     936
    2    1   34  214   27    0    2    1    3    0     527
    2    1   35  215  215    1   14    2    2    1     527
    2    1   36  216  360    0   23    3    2    0     991
    2    1   37  217  373    0   24    3    1    0     850
    2    1   38  218  377    0   24    3    1    0    1109
    2    1   39  219   51    0    4    1    3    0    1107
    2    1   40  220   81    0    6    1    2    0     782
    2    1   41  221  147    0   10    1    2    0     634
    2    1   42  222  268    0   17    2    3    0     715
    2    1   43  223  161    0   11    2    1    0     640
    2    1   44  224  366    0   23    3    3    1     675
    2    1   45  225  250    1   16    2    2    1     659
    2    1   46  226  341    0   22    3    1    0     625
    2    1   47  227  383    0   24    3    1    0     524
    2    1   48  228  315    0   20    2    3    0     530
    2    1   49  229  187    0   12    2    3    0     511
    2    1   50  230   55    1    4    1    1    1     602
    2    1   51  231  196    0   13    2    2    1     567
    2    1   52  232  150    0   10    1    2    0     547
    2    1   53  233  111    1    7    1    2    0     499
    2    1   54  234  222    0   14    2    3    0     775
    2    1   55  235  470    0   30    3    2    0     777
    2    1   56  236  388    0   25    3    3    1     794
    2    1   57  237   85    1    6    1    1    1     660
    2    1   58  238   29    0    2    1    3    0     680
    2    1   59  239  310    0   20    2    3    0     592
    2    1   60  240  183    0   12    2    2    1     841
    2    1   61  241  295    0   19    2    3    0    3001
    2    1   62  242  456    1   29    3    3    1     615
    2    1   63  243  348    0   22    3    1    0     532
    2    1   64  244   97    0    7    1    1    1    1231
    2    1   65  245   33    0    3    1    1    1     749
    2    1   66  246  244    0   16    2    2    1     655
    2    1   67  247  459    0   29    3    3    1     944
    2    1   68  248  259    0   17    2    3    0     911
    2    1   69  249  266    0   17    2    3    0    1231
    2    1   70  250  396    0   25    3    3    1     566
    2    1   71  251   15    0    1    1    1    1     610
    2    1   72  252  344    0   22    3    1    0     610
    2    1   73  253  229    1   15    2    2    1     773
    2    1   74  254  238    1   15    2    2    1    1266
    2    1   75  255  280    0   18    2    3    0     698
    2    1   76  256  249    0   16    2    2    1    1769
    2    1   77  257  270    0   17    2    3    0     574
    2    1   78  258  226    0   15    2    3    0     703
    2    1   79  259  374    0   24    3    2    0     683
    2    1   80  260  408    0   26    3    3    1     640
    2    1   81  261   77    0    5    1    1    1     603
    2    1   82  262  326    0   21    3    2    0     549
    2    1   83  263  142    0    9    1    1    1    1342
    2    1   84  264  353    0   23    3    3    1     790
    2    1   85  265  476    0   30    3    3    1     549
    2    1   86  266   16    1    1    1    1    1     568
    2    1   87  267  145    0   10    1    1    1     619
    2    1   88  268  127    0    8    1    1    1     635
    2    1   89  269   78    0    5    1    1    1     590
    2    1   90  270  153    0   10    1    1    1     532
    2    1   91  271  311    0   20    2    3    0     473
    2    1   92  272  137    0    9    1    1    1     554
    2    1   93  273  128    0    8    1    1    1     632
    2    1   94  274  449    0   29    3    2    0     453
    2    1   95  275  216    0   14    2    3    0     652
    2    1   96  276  112    0    7    1    1    1     599
    2    1   97  277  274    0   18    2    2    1     740
    2    1   98  278  157    0   10    1    1    1     687
    2    1   99  279  443    1   28    3    3    1     686
    2    1  100  280  407    0   26    3    3    1     659
    2    1  101  281  296    0   19    2    1    0    1550
    2    1  102  282  167    0   11    2    1    0     545
    2    1  103  283  100    0    7    1    1    1     464
    2    1  104  284  386    0   25    3    1    0    1722
    2    1  105  285  131    0    9    1    1    1     576
    2    1  106  286  472    0   30    3    3    1     636
    2    1  107  287    5    0    1    1    1    1     606
    2    1  108  288  421    0   27    3    3    1     639
    2    1  109  289  282    0   18    2    3    0    1626
    2    1  110  290  113    0    8    1    3    0     719
    2    1  111  291  302    0   19    2    2    1     930
    2    1  112  292  371    0   24    3    1    0     560
    2    1  113  293  399    0   25    3    3    1     651
    2    1  114  294  136    1    9    1    1    1     817
    2    1  115  295  177    0   12    2    2    1    3390
    2    1  116  296  416    0   26    3    3    1    2150
    2    1  117  297  185    0   12    2    2    1     842
    2    1  118  298  425    0   27    3    2    0    1295
    2    1  119  299  287    0   18    2    3    0     673
    2    1  120  300  400    0   25    3    3    1    1502
    2    1  121  301  414    0   26    3    3    1    4286
    2    1  122  302  230    0   15    2    3    0    6088
    2    1  123  303  345    0   22    3    1    0     901
    2    1  124  304  138    0    9    1    1    1     582
    2    1  125  305  306    1   20    2    2    1     738
    2    1  126  306   89    0    6    1    2    0     589
    2    1  127  307  152    0   10    1    3    0     545
    2    1  128  308   71    0    5    1    1    1     529
    2    1  129  309   61    0    4    1    2    0     437
    2    1  130  310   18    0    2    1    3    0     490
    2    1  131  311   44    0    3    1    1    1     680
    2    1  132  312  412    0   26    3    3    1     725
    2    1  133  313  461    0   29    3    3    1    1052
    2    1  134  314   31    1    2    1    3    0    1217
    2    1  135  315  346    0   22    3    1    0     628
    2    1  136  316  418    0   27    3    3    1     592
    2    1  137  317  460    0   29    3    3    1     619
    2    1  138  318  246    0   16    2    1    0     552
    2    1  139  319  327    1   21    3    2    0     828
    2    1  140  320  223    0   14    2    3    0     534
    2    1  141  321  211    0   14    2    2    1     562
    2    1  142  322  176    0   11    2    1    0     847
    2    1  143  323  338    0   22    3    1    0     907
    2    1  144  324  413    1   26    3    3    1     591
    2    1  145  325  393    0   25    3    3    1     773
    2    1  146  326  333    0   21    3    2    0    1348
    2    1  147  327   72    1    5    1    1    1     615
    2    1  148  328  227    0   15    2    3    0     554
    2    1  149  329   79    0    5    1    1    1     716
    2    1  150  330    7    1    1    1    1    1     660
    2    1  151  331  359    1   23    3    3    1     549
    2    1  152  332  207    0   13    2    2    1     579
    2    1  153  333  233    0   15    2    3    0     964
    2    1  154  334  182    0   12    2    2    1     512
    2    1  155  335   74    0    5    1    1    1    1294
    2    1  156  336   24    0    2    1    3    0     664
    2    1  157  337  208    0   13    2    2    1     749
    2    1  158  338  261    0   17    2    3    0     666
    2    1  159  339  349    0   22    3    1    0     671
    2    1  160  340  188    0   12    2    2    1   79396
    2    1  161  341  350    0   22    3    1    0    1557
    2    1  162  342  308    1   20    2    3    0    1550
    2    1  163  343  103    0    7    1    1    1     606
    2    1  164  344  440    0   28    3    3    1     721
    2    1  165  345  163    1   11    2    2    1     736
    2    1  166  346  358    0   23    3    3    1     766
    2    1  167  347  265    0   17    2    3    0     718
    2    1  168  348  179    0   12    2    2    1     624
    2    1  169  349  104    0    7    1    1    1     569
    2    1  170  350  351    0   22    3    1    0     653
    2    1  171  351  165    0   11    2    1    0     485
    2    1  172  352  426    0   27    3    3    1     520
    2    1  173  353  206    0   13    2    2    1     602
    2    1  174  354  102    0    7    1    1    1     480
    2    1  175  355  291    0   19    2    2    1     623
    2    1  176  356  234    0   15    2    3    0     460
    2    1  177  357  442    0   28    3    3    1     430
    2    1  178  358  160    0   10    1    3    0     718
    2    1  179  359  320    0   20    2    3    0     537
    2    1  180  360  219    0   14    2    1    0     725
    2    1  181  361   21    0    2    1    3    0     600
    2    1  182  362  312    0   20    2    3    0     543
    2    1  183  363  376    1   24    3    1    0     799
    2    1  184  364   94    0    6    1    2    0     721
    2    1  185  365  298    0   19    2    3    0     349
    2    1  186  366   52    0    4    1    1    1     544
    2    1  187  367   36    0    3    1    1    1     502
    2    1  188  368  192    0   12    2    2    1     582
    2    1  189  369  384    0   24    3    3    1     457
    2    1  190  370   88    0    6    1    1    1     431
    2    1  191  371  231    0   15    2    2    1     635
    2    1  192  372  309    0   20    2    3    0     516
    2    1  193  373  224    1   14    2    2    1     538
    2    1  194  374   50    0    4    1    3    0     513
    2    1  195  375  255    0   16    2    2    1     823
    2    1  196  376  122    0    8    1    1    1     543
    2    1  197  377  225    0   15    2    2    1     579
    2    1  198  378  198    0   13    2    2    1     591
    2    1  199  379  322    0   21    3    2    0     398
    2    1  200  380  129    0    9    1    1    1     500
    2    1  201  381  468    0   30    3    3    1      79
    2    1  202  382  466    0   30    3    3    1     483
    2    1  203  383  256    0   16    2    2    1     674
    2    1  204  384  253    0   16    2    2    1     606
    2    1  205  385  154    0   10    1    1    1    1054
    2    1  206  386  118    0    8    1    1    1     628
    2    1  207  387  387    0   25    3    3    1     591
    2    1  208  388  364    0   23    3    3    1     884
    2    1  209  389  105    0    7    1    2    0     684
    2    1  210  390  235    0   15    2    2    1    1047
    2    1  211  391  116    0    8    1    1    1     675
    2    1  212  392  272    1   17    2    2    1     821
    2    1  213  393  430    0   27    3    3    1    1562
    2    1  214  394  336    0   21    3    1    0     852
    2    1  215  395  164    0   11    2    2    1     644
    2    1  216  396  159    0   10    1    1    1     869
    2    1  217  397   95    0    6    1    2    0     854
    2    1  218  398  278    1   18    2    3    0     633
    2    1  219  399  205    0   13    2    2    1     563
    2    1  220  400  329    0   21    3    2    0     509
    2    1  221  401  372    0   24    3    1    0     753
    2    1  222  402  184    0   12    2    2    1     864
    2    1  223  403  119    0    8    1    1    1     791
    2    1  224  404   99    0    7    1    1    1     821
    2    1  225  405  156    0   10    1    1    1     744
    2    1  226  406  248    0   16    2    2    1     764
    2    1  227  407  331    0   21    3    1    0    1183
    2    1  228  408  379    0   24    3    1    0     653
    2    1  229  409  334    0   21    3    2    0     820
    2    1  230  410  143    0    9    1    3    0     763
    2    1  231  411  354    0   23    3    3    1     450
    2    1  232  412   10    0    1    1    3    0     782
    2    1  233  413  271    0   17    2    3    0     874
    2    1  234  414  257    0   17    2    1    0     530
    2    1  235  415  380    0   24    3    3    1     583
    2    1  236  416  275    0   18    2    2    1     450
    2    1  237  417    4    0    1    1    1    1     460
    2    1  238  418  171    0   11    2    1    0     645
    2    1  239  419  125    1    8    1    1    1     553
    2    1  240  420  355    1   23    3    3    1     575
    2    1  241  421   54    0    4    1    2    0     690
    2    1  242  422  429    0   27    3    3    1     474
    2    1  243  423  285    0   18    2    3    0     846
    2    1  244  424  180    0   12    2    2    1     574
    2    1  245  425  115    1    8    1    1    1     550
    2    1  246  426  241    1   16    2    3    0     505
    2    1  247  427  173    0   11    2    3    0     538
    2    1  248  428  427    0   27    3    3    1    1984
    2    1  249  429   45    0    3    1    1    1     625
    2    1  250  430  290    0   19    2    2    1     600
    2    1  251  431  109    0    7    1    1    1     632
    2    1  252  432  450    0   29    3    3    1     670
    2    1  253  433  203    1   13    2    2    1    2078
    2    1  254  434  369    0   24    3    1    0     700
    2    1  255  435   73    1    5    1    1    1     900
    2    1  256  436  221    0   14    2    2    1     718
    2    1  257  437   42    0    3    1    1    1     517
    2    1  258  438  403    0   26    3    3    1     601
    2    1  259  439  415    0   26    3    3    1     524
    2    1  260  440  392    0   25    3    1    0     529
    2    1  261  441  368    0   23    3    3    1     471
    2    1  262  442  417    0   27    3    2    0     815
    2    1  263  443  453    0   29    3    3    1     548
    2    1  264  444  200    0   13    2    2    1     470
    2    1  265  445   13    0    1    1    1    1     526
    2    1  266  446  273    0   18    2    3    0     516
    2    1  267  447  303    0   19    2    2    1     855
    2    1  268  448   26    0    2    1    3    0     603
    2    1  269  449  469    0   30    3    3    1     485
    2    1  270  450   65    0    5    1    1    1     789
    2    1  271  451  397    1   25    3    3    1     621
    2    1  272  452  114    0    8    1    1    1     536
    2    1  273  453   58    0    4    1    3    0     764
    2    1  274  454   37    0    3    1    1    1     747
    2    1  275  455    3    0    1    1    3    0     759
    2    1  276  456  237    0   15    2    1    0     468
    2    1  277  457  189    0   12    2    2    1     661
    2    1  278  458   53    0    4    1    3    0     671
    2    1  279  459  457    0   29    3    3    1     634
    2    1  280  460  178    0   12    2    2    1     926
    2    1  281  461  307    0   20    2    3    0     533
    2    1  282  462   93    0    6    1    2    0    1079
    2    1  283  463  151    0   10    1    2    0     871
    2    1  284  464  232    0   15    2    3    0     478
    2    1  285  465  441    0   28    3    3    1     416
    2    1  286  466  337    1   22    3    3    1    1598
    2    1  287  467  391    0   25    3    3    1     519
    2    1  288  468  217    0   14    2    2    1     638
    2    1  289  469  318    0   20    2    3    0    1116
    2    1  290  470   47    0    3    1    1    1     487
    2    1  291  471   62    1    4    1    3    0     704
    2    1  292  472  479    0   30    3    3    1     600
    2    1  293  473  314    0   20    2    3    0     539
    2    1  294  474  419    0   27    3    3    1    1177
    2    1  295  475  240    0   15    2    2    1     715
    2    1  296  476  382    0   24    3    1    0     621
    2    1  297  477  474    0   30    3    3    1     521
    2    1  298  478  340    0   22    3    1    0     789
    2    1  299  479  446    1   28    3    3    1     705
    2    1  300  480  447    0   28    3    2    0    1132
