    1    1    1    1  326    1   21    3    1    0    4747
    1    1    2    2  272    1   17    2    2    1    4681
    1    1    3    3  216    1   14    2    1    0    2412
    1    1    4    4  340    1   22    3    3    1    2699
    1    1    5    5   58    1    4    1    1    1    2152
    1    1    6    6  289    1   19    2    3    0    1457
    1    1    7    7    4    1    1    1    3    0    3918
    1    1    8    8  448    1   28    3    1    0    2744
    1    1    9    9  409    1   26    3    2    0    3772
    1    1   10   10  476    1   30    3    3    1    4607
    1    1   11   11   71    1    5    1    2    0    4733
    1    1   12   12  280    1   18    2    2    1    7968
    1    1   13   13  406    1   26    3    1    0    3246
    1    1   14   14  212    1   14    2    3    0    5105
    1    1   15   15  269    1   17    2    2    1    8606
    1    1   16   16   52    1    4    1    3    0    8140
    1    1   17   17   33    1    3    1    3    0    5894
    1    1   18   18  219    1   14    2    2    1    4374
    1    1   19   19  380    1   24    3    3    1    2638
    1    1   20   20   80    1    5    1    1    1    1927
    1    1   21   21  217    1   14    2    1    0    2527
    1    1   22   22  250    1   16    2    3    0    3166
    1    1   23   23  121    1    8    1    3    0    6323
    1    1   24   24  465    1   30    3    2    0    1958
    1    1   25   25   36    1    3    1    3    0    3095
    1    1   26   26   56    1    4    1    1    1    1351
    1    1   27   27   15    1    1    1    2    0    4149
    1    1   28   28  164    1   11    2    1    0    1958
    1    1   29   29   53    1    4    1    2    0    1479
    1    1   30   30  117    1    8    1    3    0    5446
    1    1   31   31  276    1   18    2    1    0    4611
    1    1   32   32    6    1    1    1    2    0    5300
    1    1   33   33  356    1   23    3    3    1    2198
    1    1   34   34   38    1    3    1    1    1    1762
    1    1   35   35  387    1   25    3    2    0    2679
    1    1   36   36   16    1    1    1    3    0    2847
    1    1   37   37   37    1    3    1    1    1    1458
    1    1   38   38  271    1   17    2    3    0    1660
    1    1   39   39   66    1    5    1    2    0    2834
    1    1   40   40  252    1   16    2    3    0    4542
    1    1   41   41  479    1   30    3    2    0    2770
    1    1   42   42  120    1    8    1    1    1    1949
    1    1   43   43   35    1    3    1    3    0    2819
    1    1   44   44  424    1   27    3    2    0    2807
    1    1   45   45  353    1   23    3    2    0    4768
    1    1   46   46  396    1   25    3    2    0    1843
    1    1   47   47  201    1   13    2    3    0    4691
    1    1   48   48  359    1   23    3    2    0    1715
    1    1   49   49  290    1   19    2    1    0    3093
    1    1   50   50  267    1   17    2    2    1    1376
    1    1   51   51  240    1   15    2    3    0    2271
    1    1   52   52  266    1   17    2    2    1    2714
    1    1   53   53  182    1   12    2    3    0    2630
    1    1   54   54  411    1   26    3    3    1    2770
    1    1   55   55  471    1   30    3    2    0    6092
    1    1   56   56  245    1   16    2    2    1    5147
    1    1   57   57   49    1    4    1    1    1    1399
    1    1   58   58  473    1   30    3    3    1    1532
    1    1   59   59  408    1   26    3    2    0    2150
    1    1   60   60  360    1   23    3    2    0    3533
    1    2    1   61  219    1   14    2    3    0    2177
    1    2    2   62   38    1    3    1    1    1    1407
    1    2    3   63   33    1    3    1    2    0    7500
    1    2    4   64   71    1    5    1    1    1    1482
    1    2    5   65    6    1    1    1    1    1    3735
    1    2    6   66  267    1   17    2    3    0    2907
    1    2    7   67  424    1   27    3    2    0    1911
    1    2    8   68  479    1   30    3    3    1    2051
    1    2    9   69  280    1   18    2    3    0    1499
    1    2   10   70  409    1   26    3    2    0      28
    1    2   11   71  245    1   16    2    3    0    2216
    1    2   12   72  290    1   19    2    2    1    1712
    1    2   13   73  272    1   17    2    2    1    1469
    1    2   14   74  387    1   25    3    3    1    4436
    1    2   15   75  269    1   17    2    2    1    2343
    1    2   16   76  121    1    8    1    1    1    1502
    1    2   17   77  289    1   19    2    3    0    2223
    1    2   18   78   16    1    1    1    1    1     978
    1    2   19   79  182    1   12    2    2    1    1396
    1    2   20   80  360    1   23    3    3    1    1621
    1    2   21   81    4    1    1    1    1    1    1420
    1    2   22   82  380    1   24    3    2    0    1653
    1    2   23   83  356    1   23    3    3    1     942
    1    2   24   84   56    1    4    1    1    1    1297
    1    2   25   85  276    1   18    2    2    1    1598
    1    2   26   86  465    1   30    3    3    1    2090
    1    2   27   87  117    1    8    1    1    1    1476
    1    2   28   88  411    1   26    3    3    1    1954
    1    2   29   89   80    1    5    1    1    1    1068
    1    2   30   90   35    1    3    1    2    0    4336
    1    2   31   91   53    1    4    1    1    1    4772
    1    2   32   92  217    1   14    2    3    0    1406
    1    2   33   93  340    1   22    3    2    0    2052
    1    2   34   94  396    1   25    3    3    1    3357
    1    2   35   95  164    1   11    2    2    1    3164
    1    2   36   96  250    1   16    2    2    1    5430
    1    2   37   97   36    1    3    1    1    1    1581
    1    2   38   98  201    1   13    2    2    1    2694
    1    2   39   99  471    1   30    3    3    1    3271
    1    2   40  100  326    1   21    3    1    0    1577
    1    2   41  101  353    1   23    3    2    0    2170
    1    2   42  102  359    1   23    3    2    0    3242
    1    2   43  103  406    1   26    3    3    1    2531
    1    2   44  104  120    1    8    1    1    1    1822
    1    2   45  105   49    1    4    1    1    1    1634
    1    2   46  106   52    1    4    1    1    1    1348
    1    2   47  107   58    1    4    1    1    1    1415
    1    2   48  108  271    1   17    2    3    0    2518
    1    2   49  109  216    1   14    2    2    1    2025
    1    2   50  110  240    1   15    2    2    1    4935
    1    2   51  111  408    1   26    3    3    1    1605
    1    2   52  112  448    1   28    3    1    0    1230
    1    2   53  113  212    1   14    2    3    0    1547
    1    2   54  114  266    1   17    2    3    0    3667
    1    2   55  115   15    1    1    1    1    1    1075
    1    2   56  116   37    1    3    1    3    0    5290
    1    2   57  117  476    1   30    3    3    1    1584
    1    2   58  118  473    1   30    3    2    0    2696
    1    2   59  119   66    1    5    1    1    1    1900
    1    2   60  120  252    1   16    2    2    1    2171
    1    3    1  121  271    1   17    2    3    0    1483
    1    3    2  122   56    1    4    1    1    1    2170
    1    3    3  123  411    1   26    3    2    0    2825
    1    3    4  124  117    1    8    1    1    1    1879
    1    3    5  125   38    1    3    1    1    1    1348
    1    3    6  126  409    1   26    3    3    1    2822
    1    3    7  127  252    1   16    2    2    1    2025
    1    3    8  128  182    1   12    2    3    0    2238
    1    3    9  129   15    1    1    1    1    1    3623
    1    3   10  130  476    1   30    3    2    0    2562
    1    3   11  131  250    1   16    2    2    1   10782
    1    3   12  132   49    1    4    1    1    1    2029
    1    3   13  133  245    1   16    2    3    0    1842
    1    3   14  134  216    1   14    2    2    1    4219
    1    3   15  135   37    1    3    1    1    1    3608
    1    3   16  136   66    1    5    1    1    1    1051
    1    3   17  137  217    1   14    2    2    1    1668
    1    3   18  138   36    1    3    1    1    1    1502
    1    3   19  139   80    1    5    1    1    1     756
    1    3   20  140  289    1   19    2    3    0    1744
    1    3   21  141  424    1   27    3    2    0    3598
    1    3   22  142  266    1   17    2    3    0    1722
    1    3   23  143  396    1   25    3    2    0    6116
    1    3   24  144  120    1    8    1    1    1    3723
    1    3   25  145  201    1   13    2    2    1    2433
    1    3   26  146  473    1   30    3    3    1    1953
    1    3   27  147  408    1   26    3    2    0    2421
    1    3   28  148  465    1   30    3    3    1    1470
    1    3   29  149  387    1   25    3    2    0    1641
    1    3   30  150   58    1    4    1    1    1    1034
    1    3   31  151  121    1    8    1    1    1    2044
    1    3   32  152  276    1   18    2    2    1    1983
    1    3   33  153   53    1    4    1    1    1    3158
    1    3   34  154  360    1   23    3    3    1    1725
    1    3   35  155   16    1    1    1    1    1     733
    1    3   36  156  290    1   19    2    1    0    1766
    1    3   37  157  471    1   30    3    2    0    2380
    1    3   38  158  326    1   21    3    1    0    2082
    1    3   39  159  340    1   22    3    3    1    2615
    1    3   40  160  212    1   14    2    2    1    2708
    1    3   41  161   33    1    3    1    1    1    1908
    1    3   42  162    4    1    1    1    1    1    1719
    1    3   43  163   35    1    3    1    2    0    1974
    1    3   44  164  479    1   30    3    3    1    2299
    1    3   45  165  240    1   15    2    2    1    2858
    1    3   46  166   71    1    5    1    1    1    1183
    1    3   47  167  353    1   23    3    3    1    1846
    1    3   48  168  219    1   14    2    2    1    1617
    1    3   49  169  448    1   28    3    1    0    1989
    1    3   50  170  406    1   26    3    2    0    2258
    1    3   51  171  280    1   18    2    3    0    2793
    1    3   52  172    6    1    1    1    1    1    2458
    1    3   53  173  356    1   23    3    2    0    1601
    1    3   54  174  267    1   17    2    3    0       0
    1    3   55  175  164    1   11    2    2    1    1366
    1    3   56  176  272    1   17    2    2    1    1346
    1    3   57  177  359    1   23    3    3    1    1621
    1    3   58  178   52    1    4    1    1    1    2677
    1    3   59  179  269    1   17    2    2    1    2962
    1    3   60  180  380    1   24    3    3    1    2205
    2    1    1  181   43    0    3    1    1    1    2777
    2    1    2  182  115    0    8    1    1    1    2239
    2    1    3  183  195    0   13    2    2    1    3951
    2    1    4  184  147    0   10    1    3    0    2633
    2    1    5  185  216    1   14    2    2    1    2598
    2    1    6  186  304    0   19    2    3    0    1106
    2    1    7  187   62    0    4    1    2    0    2004
    2    1    8  188   57    0    4    1    1    1    1697
    2    1    9  189  334    0   21    3    2    0    1148
    2    1   10  190  343    0   22    3    1    0    1785
    2    1   11  191  400    0   25    3    3    1     907
    2    1   12  192  313    0   20    2    2    1    3224
    2    1   13  193   97    0    7    1    1    1     778
    2    1   14  194  124    0    8    1    1    1     992
    2    1   15  195  219    1   14    2    3    0     871
    2    1   16  196  324    0   21    3    2    0    2854
    2    1   17  197   73    0    5    1    1    1    1746
    2    1   18  198  298    0   19    2    3    0    2102
    2    1   19  199  197    0   13    2    2    1    1270
    2    1   20  200  328    0   21    3    2    0    4756
    2    1   21  201  466    0   30    3    3    1     951
    2    1   22  202   85    0    6    1    2    0    1741
    2    1   23  203   59    0    4    1    3    0    1836
    2    1   24  204  344    0   22    3    1    0    4451
    2    1   25  205  129    0    9    1    1    1    1174
    2    1   26  206  103    0    7    1    1    1    2633
    2    1   27  207  420    0   27    3    1    0    3651
    2    1   28  208  282    0   18    2    3    0    2881
    2    1   29  209   66    1    5    1    1    1    1200
    2    1   30  210  336    0   21    3    2    0    4801
    2    1   31  211  241    0   16    2    3    0    1766
    2    1   32  212  111    0    7    1    2    0    3908
    2    1   33  213   92    0    6    1    3    0    1212
    2    1   34  214  269    1   17    2    2    1    1232
    2    1   35  215   63    0    4    1    1    1    2032
    2    1   36  216  399    0   25    3    2    0     851
    2    1   37  217  474    0   30    3    3    1     879
    2    1   38  218  462    0   29    3    3    1    1892
    2    1   39  219   19    0    2    1    1    1    2081
    2    1   40  220  113    0    8    1    3    0    1200
    2    1   41  221  314    0   20    2    2    1    2107
    2    1   42  222  236    0   15    2    2    1    1731
    2    1   43  223  116    0    8    1    1    1    1242
    2    1   44  224  140    0    9    1    1    1    1352
    2    1   45  225   49    1    4    1    2    0    2866
    2    1   46  226  145    0   10    1    3    0    1385
    2    1   47  227  249    0   16    2    2    1    1674
    2    1   48  228  240    1   15    2    3    0    1139
    2    1   49  229  162    0   11    2    2    1    2398
    2    1   50  230  201    1   13    2    3    0    1994
    2    1   51  231  202    0   13    2    3    0    2561
    2    1   52  232  135    0    9    1    1    1    1425
    2    1   53  233  447    0   28    3    2    0    1250
    2    1   54  234  408    1   26    3    3    1    1843
    2    1   55  235  448    1   28    3    1    0     942
    2    1   56  236   86    0    6    1    3    0     840
    2    1   57  237  479    1   30    3    2    0    1953
    2    1   58  238   79    0    5    1    2    0    3538
    2    1   59  239  347    0   22    3    3    1    1368
    2    1   60  240  256    0   16    2    2    1    1635
    2    1   61  241   41    0    3    1    1    1    2318
    2    1   62  242   17    0    2    1    2    0    1794
    2    1   63  243   24    0    2    1    3    0    1557
    2    1   64  244  179    0   12    2    2    1    3994
    2    1   65  245  367    0   23    3    3    1    1449
    2    1   66  246   39    0    3    1    1    1    3217
    2    1   67  247  330    0   21    3    2    0    3105
    2    1   68  248  164    1   11    2    3    0    1652
    2    1   69  249  427    0   27    3    3    1    1418
    2    1   70  250  457    0   29    3    2    0    1920
    2    1   71  251  317    0   20    2    3    0    1997
    2    1   72  252  228    0   15    2    2    1    1482
    2    1   73  253  332    0   21    3    3    1    1202
    2    1   74  254  246    0   16    2    2    1    1765
    2    1   75  255  276    1   18    2    3    0    6167
    2    1   76  256  255    0   16    2    2    1    1929
    2    1   77  257  382    0   24    3    1    0    1443
    2    1   78  258  327    0   21    3    3    1    1553
    2    1   79  259    1    0    1    1    2    0    3004
    2    1   80  260  180    0   12    2    3    0    1463
    2    1   81  261  170    0   11    2    1    0    1447
    2    1   82  262  450    0   29    3    2    0    2312
    2    1   83  263  247    0   16    2    3    0    1973
    2    1   84  264  478    0   30    3    3    1    3278
    2    1   85  265  107    0    7    1    2    0    1689
    2    1   86  266  372    0   24    3    1    0    3430
    2    1   87  267  177    0   12    2    3    0    2233
    2    1   88  268  242    0   16    2    2    1    2915
    2    1   89  269  464    0   29    3    3    1     995
    2    1   90  270  430    0   27    3    3    1    3110
    2    1   91  271  361    0   23    3    2    0    1303
    2    1   92  272  206    0   13    2    3    0    1050
    2    1   93  273  191    0   12    2    2    1    1255
    2    1   94  274  385    0   25    3    3    1    1811
    2    1   95  275  381    0   24    3    1    0    1638
    2    1   96  276  212    1   14    2    2    1    1409
    2    1   97  277  286    0   18    2    3    0     759
    2    1   98  278  302    0   19    2    2    1    1668
    2    1   99  279   95    0    6    1    2    0    1356
    2    1  100  280   26    0    2    1    3    0    2251
    2    1  101  281  374    0   24    3    1    0    2119
    2    1  102  282  411    1   26    3    3    1    1634
    2    1  103  283  425    0   27    3    2    0    1076
    2    1  104  284    3    0    1    1    3    0    1581
    2    1  105  285  380    1   24    3    2    0    3645
    2    1  106  286  148    0   10    1    3    0    2523
    2    1  107  287   69    0    5    1    1    1    2663
    2    1  108  288  378    0   24    3    2    0    1204
    2    1  109  289  248    0   16    2    3    0    1280
    2    1  110  290  167    0   11    2    1    0    2050
    2    1  111  291  303    0   19    2    2    1    1511
    2    1  112  292   25    0    2    1    3    0    1948
    2    1  113  293  227    0   15    2    2    1    3209
    2    1  114  294    6    1    1    1    3    0    2408
    2    1  115  295  187    0   12    2    2    1     884
    2    1  116  296  326    1   21    3    2    0     832
    2    1  117  297  424    1   27    3    3    1     979
    2    1  118  298   38    1    3    1    2    0    1093
    2    1  119  299   84    0    6    1    2    0    1619
    2    1  120  300  437    0   28    3    3    1    1023
    2    1  121  301  160    0   10    1    2    0    1314
    2    1  122  302  465    1   30    3    3    1    1039
    2    1  123  303   83    0    6    1    2    0     981
    2    1  124  304  132    0    9    1    3    0    1427
    2    1  125  305  363    0   23    3    2    0     757
    2    1  126  306  321    0   21    3    3    1    1105
    2    1  127  307  434    0   28    3    1    0    1305
    2    1  128  308  477    0   30    3    2    0    1873
    2    1  129  309  136    0    9    1    1    1    1557
    2    1  130  310  428    0   27    3    2    0    1427
    2    1  131  311  421    0   27    3    3    1    1324
    2    1  132  312   46    0    3    1    1    1     967
    2    1  133  313  192    0   12    2    1    0    1359
    2    1  134  314  288    0   18    2    2    1    1070
    2    1  135  315  285    0   18    2    3    0    1127
    2    1  136  316  143    0    9    1    2    0    1088
    2    1  137  317  168    0   11    2    1    0    1566
    2    1  138  318   27    0    2    1    3    0    1392
    2    1  139  319  146    0   10    1    2    0     987
    2    1  140  320  208    0   13    2    3    0    3194
    2    1  141  321   80    1    5    1    1    1    2009
    2    1  142  322  151    0   10    1    3    0    1794
    2    1  143  323  144    0    9    1    1    1    3029
    2    1  144  324  176    0   11    2    2    1    1124
    2    1  145  325  181    0   12    2    3    0     949
    2    1  146  326  209    0   14    2    2    1    2068
    2    1  147  327   37    1    3    1    2    0    6460
    2    1  148  328  333    0   21    3    3    1    1707
    2    1  149  329  348    0   22    3    1    0    1879
    2    1  150  330  232    0   15    2    3    0    6551
    2    1  151  331  271    1   17    2    2    1     662
    2    1  152  332  312    0   20    2    3    0     670
    2    1  153  333  222    0   14    2    3    0     358
    2    1  154  334  138    0    9    1    1    1     786
    2    1  155  335  264    0   17    2    3    0    1226
    2    1  156  336  339    0   22    3    2    0     816
    2    1  157  337  331    0   21    3    3    1     748
    2    1  158  338  200    0   13    2    2    1    1219
    2    1  159  339   23    0    2    1    2    0    1586
    2    1  160  340  295    0   19    2    3    0    1858
    2    1  161  341  259    0   17    2    3    0    1119
    2    1  162  342  165    0   11    2    1    0    1074
    2    1  163  343  277    0   18    2    2    1     906
    2    1  164  344  323    0   21    3    3    1    1453
    2    1  165  345   90    0    6    1    2    0     627
    2    1  166  346   13    0    1    1    2    0     888
    2    1  167  347  306    0   20    2    3    0     756
    2    1  168  348  254    0   16    2    2    1     744
    2    1  169  349  429    0   27    3    2    0    1365
    2    1  170  350   30    0    2    1    1    1    1394
    2    1  171  351   50    0    4    1    3    0    1446
    2    1  172  352  100    0    7    1    2    0    1388
    2    1  173  353  329    0   21    3    3    1    1248
    2    1  174  354   61    0    4    1    2    0    1395
    2    1  175  355  198    0   13    2    2    1    1799
    2    1  176  356  171    0   11    2    1    0    1312
    2    1  177  357  108    0    7    1    3    0    1458
    2    1  178  358  463    0   29    3    2    0    1044
    2    1  179  359  294    0   19    2    1    0    1463
    2    1  180  360  190    0   12    2    3    0    1657
    2    1  181  361  205    0   13    2    2    1    1133
    2    1  182  362  311    0   20    2    3    0    1585
    2    1  183  363  439    0   28    3    1    0    1140
    2    1  184  364  480    0   30    3    2    0    1407
    2    1  185  365  207    0   13    2    3    0    1449
    2    1  186  366  153    0   10    1    1    1    1223
    2    1  187  367  133    0    9    1    2    0    1289
    2    1  188  368  414    0   26    3    3    1    1551
    2    1  189  369  445    0   28    3    1    0    2957
    2    1  190  370   67    0    5    1    1    1    1848
    2    1  191  371  365    0   23    3    3    1    1196
    2    1  192  372  346    0   22    3    2    0    1130
    2    1  193  373  114    0    8    1    1    1     925
    2    1  194  374  234    0   15    2    3    0    1284
    2    1  195  375  396    1   25    3    2    0    1001
    2    1  196  376  134    0    9    1    3    0     930
    2    1  197  377  263    0   17    2    2    1     967
    2    1  198  378   44    0    3    1    1    1     896
    2    1  199  379  244    0   16    2    2    1    2181
    2    1  200  380  183    0   12    2    3    0    1415
    2    1  201  381  102    0    7    1    3    0    1890
    2    1  202  382  289    1   19    2    2    1    1078
    2    1  203  383  353    1   23    3    2    0    1652
    2    1  204  384   89    0    6    1    3    0    2104
    2    1  205  385  131    0    9    1    2    0    1514
    2    1  206  386   70    0    5    1    1    1     865
    2    1  207  387  184    0   12    2    2    1    1010
    2    1  208  388  341    0   22    3    1    0    2077
    2    1  209  389  351    0   22    3    3    1    1160
    2    1  210  390   10    0    1    1    2    0    1189
    2    1  211  391  369    0   24    3    1    0     915
    2    1  212  392  394    0   25    3    2    0    1585
    2    1  213  393  358    0   23    3    3    1    1779
    2    1  214  394   56    1    4    1    2    0     818
    2    1  215  395  130    0    9    1    1    1    1584
    2    1  216  396  310    0   20    2    3    0    1255
    2    1  217  397  117    1    8    1    2    0    1810
    2    1  218  398   29    0    2    1    3    0     988
    2    1  219  399  320    0   20    2    3    0    1402
    2    1  220  400  233    0   15    2    1    0    1015
    2    1  221  401  322    0   21    3    2    0     807
    2    1  222  402  265    0   17    2    3    0    2014
    2    1  223  403   12    0    1    1    2    0    3899
    2    1  224  404  284    0   18    2    2    1    1594
    2    1  225  405  281    0   18    2    3    0    4440
    2    1  226  406  239    0   15    2    2    1    1036
    2    1  227  407  210    0   14    2    3    0     643
    2    1  228  408   40    0    3    1    2    0     491
    2    1  229  409   45    0    3    1    1    1     987
    2    1  230  410  204    0   13    2    3    0     957
    2    1  231  411  196    0   13    2    2    1     768
    2    1  232  412  193    0   13    2    3    0    1398
    2    1  233  413  459    0   29    3    2    0    1388
    2    1  234  414  266    1   17    2    2    1    1020
    2    1  235  415  316    0   20    2    3    0     990
    2    1  236  416  470    0   30    3    2    0     904
    2    1  237  417    5    0    1    1    3    0     803
    2    1  238  418  454    0   29    3    3    1    1007
    2    1  239  419  449    0   29    3    2    0    1048
    2    1  240  420  455    0   29    3    3    1    7483
    2    1  241  421  221    0   14    2    2    1    1299
    2    1  242  422  243    0   16    2    3    0    1130
    2    1  243  423   36    1    3    1    1    1    1479
    2    1  244  424  257    0   17    2    2    1     967
    2    1  245  425  109    0    7    1    3    0    1174
    2    1  246  426  410    0   26    3    2    0     771
    2    1  247  427  471    1   30    3    3    1     921
    2    1  248  428  175    0   11    2    2    1    1020
    2    1  249  429  272    1   17    2    3    0     646
    2    1  250  430   34    0    3    1    2    0     613
    2    1  251  431  225    0   15    2    3    0    1030
    2    1  252  432    4    1    1    1    2    0    1310
    2    1  253  433  337    0   22    3    3    1     821
    2    1  254  434  174    0   11    2    1    0     889
    2    1  255  435   20    0    2    1    2    0    1110
    2    1  256  436  230    0   15    2    3    0     320
    2    1  257  437  125    0    8    1    2    0     273
    2    1  258  438  406    1   26    3    3    1     353
    2    1  259  439  278    0   18    2    2    1     592
    2    1  260  440  189    0   12    2    3    0     719
    2    1  261  441  186    0   12    2    3    0     783
    2    1  262  442  126    0    8    1    2    0     775
    2    1  263  443  340    1   22    3    3    1     699
    2    1  264  444  188    0   12    2    2    1     790
    2    1  265  445  397    0   25    3    3    1     612
    2    1  266  446  441    0   28    3    2    0    1076
    2    1  267  447  368    0   23    3    3    1     860
    2    1  268  448  267    1   17    2    2    1     920
    2    1  269  449  120    1    8    1    3    0     928
    2    1  270  450  280    1   18    2    2    1     802
    2    1  271  451  371    0   24    3    1    0    1335
    2    1  272  452   18    0    2    1    3    0     734
    2    1  273  453  112    0    7    1    2    0     708
    2    1  274  454  436    0   28    3    3    1     594
    2    1  275  455  158    0   10    1    3    0    2026
    2    1  276  456  364    0   23    3    2    0     771
    2    1  277  457  104    0    7    1    2    0    1366
    2    1  278  458  214    0   14    2    1    0    2323
    2    1  279  459  121    1    8    1    3    0     685
    2    1  280  460   11    0    1    1    2    0     865
    2    1  281  461    9    0    1    1    3    0    1018
    2    1  282  462  432    0   27    3    2    0     631
    2    1  283  463  451    0   29    3    3    1     909
    2    1  284  464  159    0   10    1    2    0     989
    2    1  285  465  453    0   29    3    3    1     922
    2    1  286  466   68    0    5    1    1    1     630
    2    1  287  467  345    0   22    3    3    1     633
    2    1  288  468  393    0   25    3    2    0     669
    2    1  289  469  283    0   18    2    3    0     587
    2    1  290  470   35    1    3    1    2    0     836
    2    1  291  471  274    0   18    2    3    0     892
    2    1  292  472  154    0   10    1    1    1    1509
    2    1  293  473  235    0   15    2    2    1     977
    2    1  294  474  142    0    9    1    3    0     527
    2    1  295  475  110    0    7    1    2    0     907
    2    1  296  476  403    0   26    3    3    1     634
    2    1  297  477  172    0   11    2    1    0    1056
    2    1  298  478  137    0    9    1    1    1    1889
    2    1  299  479   33    1    3    1    2    0    1341
    2    1  300  480   75    0    5    1    1    1    3183
