    1    1    1    1  238    1   15    2    2    1    6056
    1    1    2    2  359    1   23    3    3    1    2941
    1    1    3    3  381    1   24    3    1    0    2994
    1    1    4    4  190    1   12    2    1    0    1439
    1    1    5    5  170    1   11    2    3    0    4017
    1    1    6    6  420    1   27    3    1    0    4513
    1    1    7    7  297    1   19    2    2    1    4403
    1    1    8    8   73    1    5    1    3    0    2358
    1    1    9    9  135    1    9    1    3    0    4276
    1    1   10   10   17    1    2    1    3    0    1823
    1    1   11   11  111    1    7    1    1    1     920
    1    1   12   12  278    1   18    2    3    0    2574
    1    1   13   13  163    1   11    2    1    0    2207
    1    1   14   14  241    1   16    2    3    0    2814
    1    1   15   15  471    1   30    3    3    1    1883
    1    1   16   16   72    1    5    1    3    0     877
    1    1   17   17  327    1   21    3    1    0    1878
    1    1   18   18  443    1   28    3    2    0    2209
    1    1   19   19  330    1   21    3    1    0   24934
    1    1   20   20  146    1   10    1    3    0    1953
    1    1   21   21   31    1    2    1    3    0     912
    1    1   22   22  446    1   28    3    2    0    2939
    1    1   23   23  125    1    8    1    2    0    4539
    1    1   24   24  186    1   12    2    1    0    2411
    1    1   25   25   55    1    4    1    3    0   12597
    1    1   26   26  413    1   26    3    3    1    1324
    1    1   27   27  405    1   26    3    1    0    2959
    1    1   28   28  395    1   25    3    3    1    1234
    1    1   29   29  306    1   20    2    3    0    1394
    1    1   30   30  279    1   18    2    3    0    1158
    1    1   31   31  308    1   20    2    2    1    1231
    1    1   32   32  455    1   29    3    2    0    2791
    1    1   33   33  397    1   25    3    3    1    3295
    1    1   34   34  195    1   13    2    2    1    1711
    1    1   35   35  224    1   14    2    2    1    4997
    1    1   36   36  355    1   23    3    3    1    1933
    1    1   37   37   16    1    1    1    2    0    2592
    1    1   38   38  136    1    9    1    1    1    2179
    1    1   39   39  215    1   14    2    1    0    5907
    1    1   40   40  293    1   19    2    2    1    1528
    1    1   41   41  272    1   17    2    2    1    1373
    1    1   42   42  423    1   27    3    3    1    1732
    1    1   43   43   85    1    6    1    3    0    2251
    1    1   44   44  339    1   22    3    1    0    3620
    1    1   45   45    7    1    1    1    3    0    3364
    1    1   46   46  465    1   30    3    3    1    2351
    1    1   47   47  456    1   29    3    3    1    1421
    1    1   48   48  148    1   10    1    3    0    2712
    1    1   49   49  115    1    8    1    1    1   20023
    1    1   50   50  376    1   24    3    3    1    2102
    1    1   51   51  250    1   16    2    3    0    8480
    1    1   52   52  229    1   15    2    2    1    1451
    1    1   53   53  337    1   22    3    3    1    1811
    1    1   54   54  267    1   17    2    2    1    2135
    1    1   55   55   62    1    4    1    2    0    2302
    1    1   56   56   40    1    3    1    3    0    2787
    1    1   57   57   96    1    6    1    1    1    1600
    1    1   58   58  106    1    7    1    3    0    2230
    1    1   59   59   34    1    3    1    1    1    1394
    1    1   60   60  203    1   13    2    2    1    2973
    1    2    1   61  224    1   14    2    2    1    2341
    1    2    2   62  135    1    9    1    2    0    1656
    1    2    3   63   85    1    6    1    3    0    3453
    1    2    4   64  203    1   13    2    2    1    2497
    1    2    5   65   55    1    4    1    3    0    2368
    1    2    6   66   16    1    1    1    3    0    2666
    1    2    7   67  337    1   22    3    3    1    2362
    1    2    8   68  125    1    8    1    1    1    2189
    1    2    9   69  327    1   21    3    1    0    2298
    1    2   10   70  443    1   28    3    2    0    8297
    1    2   11   71  148    1   10    1    2    0    2124
    1    2   12   72  420    1   27    3    3    1    2412
    1    2   13   73  376    1   24    3    3    1    4543
    1    2   14   74  359    1   23    3    3    1    1758
    1    2   15   75  267    1   17    2    2    1    2432
    1    2   16   76  381    1   24    3    3    1    2098
    1    2   17   77  297    1   19    2    2    1    1999
    1    2   18   78  146    1   10    1    1    1    2232
    1    2   19   79  471    1   30    3    1    0    2767
    1    2   20   80  446    1   28    3    3    1    1538
    1    2   21   81  405    1   26    3    3    1    1751
    1    2   22   82  136    1    9    1    1    1    1454
    1    2   23   83  272    1   17    2    2    1    4750
    1    2   24   84  397    1   25    3    3    1    1535
    1    2   25   85  395    1   25    3    3    1    2635
    1    2   26   86  241    1   16    2    3    0    1801
    1    2   27   87   73    1    5    1    2    0    2111
    1    2   28   88  215    1   14    2    1    0    1501
    1    2   29   89   62    1    4    1    1    1    2760
    1    2   30   90  170    1   11    2    1    0    8277
    1    2   31   91  355    1   23    3    3    1    1399
    1    2   32   92   31    1    2    1    1    1    1446
    1    2   33   93   72    1    5    1    2    0    2039
    1    2   34   94  229    1   15    2    3    0    1783
    1    2   35   95  293    1   19    2    3    0    1625
    1    2   36   96  279    1   18    2    3    0    1392
    1    2   37   97  423    1   27    3    3    1    3724
    1    2   38   98  456    1   29    3    3    1    1204
    1    2   39   99  195    1   13    2    3    0    1501
    1    2   40  100  115    1    8    1    1    1    2630
    1    2   41  101  330    1   21    3    3    1    1588
    1    2   42  102    7    1    1    1    1    1    2559
    1    2   43  103  163    1   11    2    2    1    2549
    1    2   44  104  106    1    7    1    1    1    1531
    1    2   45  105   17    1    2    1    3    0    2271
    1    2   46  106  308    1   20    2    1    0    2697
    1    2   47  107  186    1   12    2    1    0    2114
    1    2   48  108   34    1    3    1    1    1    1535
    1    2   49  109  465    1   30    3    2    0    2574
    1    2   50  110  278    1   18    2    2    1    2936
    1    2   51  111   96    1    6    1    1    1    1641
    1    2   52  112  238    1   15    2    3    0    8426
    1    2   53  113  190    1   12    2    1    0    5529
    1    2   54  114   40    1    3    1    1    1    1342
    1    2   55  115  250    1   16    2    3    0   15345
    1    2   56  116  455    1   29    3    2    0    1527
    1    2   57  117  306    1   20    2    2    1    1678
    1    2   58  118  413    1   26    3    3    1    1721
    1    2   59  119  111    1    7    1    1    1    3618
    1    2   60  120  339    1   22    3    3    1    3501
    1    3    1  121  443    1   28    3    3    1    3218
    1    3    2  122  327    1   21    3    3    1    5232
    1    3    3  123  455    1   29    3    3    1    4026
    1    3    4  124  186    1   12    2    2    1    2147
    1    3    5  125  267    1   17    2    2    1    7877
    1    3    6  126  203    1   13    2    2    1    1685
    1    3    7  127   73    1    5    1    1    1    3169
    1    3    8  128   72    1    5    1    1    1    2956
    1    3    9  129  339    1   22    3    3    1    2835
    1    3   10  130   96    1    6    1    1    1    1423
    1    3   11  131  195    1   13    2    2    1    3717
    1    3   12  132  250    1   16    2    2    1    1925
    1    3   13  133  397    1   25    3    3    1    1546
    1    3   14  134  355    1   23    3    2    0    2554
    1    3   15  135   34    1    3    1    1    1    1396
    1    3   16  136  420    1   27    3    3    1    2184
    1    3   17  137  215    1   14    2    3    0    2751
    1    3   18  138  465    1   30    3    2    0    6767
    1    3   19  139  272    1   17    2    2    1    2012
    1    3   20  140  163    1   11    2    2    1    3379
    1    3   21  141  115    1    8    1    1    1    1575
    1    3   22  142  278    1   18    2    2    1    4199
    1    3   23  143  413    1   26    3    3    1    1614
    1    3   24  144  148    1   10    1    1    1    1799
    1    3   25  145  190    1   12    2    3    0    7732
    1    3   26  146  395    1   25    3    3    1    1818
    1    3   27  147  136    1    9    1    1    1    1987
    1    3   28  148  238    1   15    2    3    0    2728
    1    3   29  149  125    1    8    1    1    1    1436
    1    3   30  150  111    1    7    1    1    1    2390
    1    3   31  151  279    1   18    2    3    0    2934
    1    3   32  152   62    1    4    1    1    1    1892
    1    3   33  153  229    1   15    2    2    1    3694
    1    3   34  154  293    1   19    2    2    1    8838
    1    3   35  155   16    1    1    1    1    1    1921
    1    3   36  156   55    1    4    1    3    0    3384
    1    3   37  157   17    1    2    1    2    0    1715
    1    3   38  158  471    1   30    3    2    0    1993
    1    3   39  159    7    1    1    1    1    1    1473
    1    3   40  160  337    1   22    3    3    1    1839
    1    3   41  161  297    1   19    2    2    1    3816
    1    3   42  162  224    1   14    2    2    1    1020
    1    3   43  163   85    1    6    1    1    1    2348
    1    3   44  164  306    1   20    2    2    1    1769
    1    3   45  165  106    1    7    1    1    1    1456
    1    3   46  166  405    1   26    3    3    1    2181
    1    3   47  167   31    1    2    1    1    1    7760
    1    3   48  168  241    1   16    2    2    1    2271
    1    3   49  169  170    1   11    2    1    0    3451
    1    3   50  170  146    1   10    1    2    0    3142
    1    3   51  171   40    1    3    1    1    1    3743
    1    3   52  172  135    1    9    1    1    1   14636
    1    3   53  173  376    1   24    3    3    1    2506
    1    3   54  174  381    1   24    3    3    1    4435
    1    3   55  175  456    1   29    3    3    1    1612
    1    3   56  176  423    1   27    3    3    1    1729
    1    3   57  177  446    1   28    3    3    1    1069
    1    3   58  178  330    1   21    3    3    1    2309
    1    3   59  179  308    1   20    2    2    1    1502
    1    3   60  180  359    1   23    3    3    1    1162
    2    1    1  181   81    0    6    1    1    1    5081
    2    1    2  182   10    0    1    1    3    0    5123
    2    1    3  183  163    1   11    2    2    1    1718
    2    1    4  184  335    0   21    3    2    0    5488
    2    1    5  185   56    0    4    1    2    0    3852
    2    1    6  186  196    0   13    2    2    1    1476
    2    1    7  187  329    0   21    3    1    0    1634
    2    1    8  188   40    1    3    1    1    1    1438
    2    1    9  189  355    1   23    3    3    1    1200
    2    1   10  190  256    0   16    2    2    1    1945
    2    1   11  191  412    0   26    3    3    1    2593
    2    1   12  192  287    0   18    2    3    0    2308
    2    1   13  193  225    0   15    2    2    1    4765
    2    1   14  194  265    0   17    2    2    1    2419
    2    1   15  195   97    0    7    1    3    0    2318
    2    1   16  196  140    0    9    1    3    0    3906
    2    1   17  197  144    0    9    1    1    1    1534
    2    1   18  198  375    0   24    3    3    1    1388
    2    1   19  199  194    0   13    2    2    1    2408
    2    1   20  200  154    0   10    1    1    1    1928
    2    1   21  201  286    0   18    2    3    0    5310
    2    1   22  202  206    0   13    2    2    1    2401
    2    1   23  203  475    0   30    3    3    1    5627
    2    1   24  204  398    0   25    3    3    1    3544
    2    1   25  205   76    0    5    1    1    1    1598
    2    1   26  206  238    1   15    2    3    0    1526
    2    1   27  207  379    0   24    3    3    1    2959
    2    1   28  208  207    0   13    2    2    1    3433
    2    1   29  209   13    0    1    1    3    0    2101
    2    1   30  210  226    0   15    2    3    0    4848
    2    1   31  211  342    0   22    3    3    1    3717
    2    1   32  212  255    0   16    2    2    1    3364
    2    1   33  213  470    0   30    3    2    0    1302
    2    1   34  214  240    0   15    2    3    0    2845
    2    1   35  215  181    0   12    2    1    0    1605
    2    1   36  216   65    0    5    1    1    1    1225
    2    1   37  217  284    0   18    2    3    0    1968
    2    1   38  218  224    1   14    2    2    1    2019
    2    1   39  219  448    0   28    3    3    1    1638
    2    1   40  220  430    0   27    3    3    1    2480
    2    1   41  221  289    0   19    2    3    0    2266
    2    1   42  222  179    0   12    2    1    0    3473
    2    1   43  223   44    0    3    1    1    1     752
    2    1   44  224  290    0   19    2    3    0   23508
    2    1   45  225  356    0   23    3    3    1     863
    2    1   46  226  266    0   17    2    2    1    3296
    2    1   47  227  279    1   18    2    3    0    1385
    2    1   48  228  132    0    9    1    1    1    1352
    2    1   49  229   58    0    4    1    1    1    3351
    2    1   50  230   43    0    3    1    1    1     934
    2    1   51  231  270    0   17    2    2    1    1840
    2    1   52  232  476    0   30    3    3    1    3718
    2    1   53  233   16    1    1    1    1    1    1239
    2    1   54  234  423    1   27    3    3    1    1371
    2    1   55  235  303    0   19    2    2    1    1530
    2    1   56  236  221    0   14    2    2    1    7338
    2    1   57  237  434    0   28    3    3    1    1742
    2    1   58  238  108    0    7    1    1    1    2925
    2    1   59  239  347    0   22    3    3    1    4810
    2    1   60  240  204    0   13    2    2    1    1698
    2    1   61  241  216    0   14    2    1    0    3231
    2    1   62  242  368    0   23    3    3    1    2521
    2    1   63  243  291    0   19    2    2    1    7500
    2    1   64  244   96    1    6    1    1    1    1194
    2    1   65  245  214    0   14    2    3    0    4311
    2    1   66  246  171    0   11    2    3    0    2076
    2    1   67  247   84    0    6    1    1    1    1593
    2    1   68  248  382    0   24    3    3    1    1220
    2    1   69  249  198    0   13    2    2    1    4063
    2    1   70  250  371    0   24    3    3    1    3289
    2    1   71  251  172    0   11    2    1    0    1941
    2    1   72  252  234    0   15    2    2    1    5128
    2    1   73  253   55    1    4    1    3    0    1975
    2    1   74  254  263    0   17    2    2    1    2086
    2    1   75  255   95    0    6    1    1    1    1328
    2    1   76  256  440    0   28    3    3    1    1885
    2    1   77  257  282    0   18    2    2    1    2847
    2    1   78  258   87    0    6    1    1    1    2697
    2    1   79  259   54    0    4    1    3    0    2313
    2    1   80  260  267    1   17    2    2    1    5517
    2    1   81  261   57    0    4    1    1    1    2605
    2    1   82  262  338    0   22    3    3    1    1486
    2    1   83  263   90    0    6    1    1    1    1604
    2    1   84  264  116    0    8    1    3    0    2088
    2    1   85  265  292    0   19    2    2    1    3905
    2    1   86  266  439    0   28    3    3    1    2769
    2    1   87  267  124    0    8    1    1    1    3294
    2    1   88  268  391    0   25    3    3    1    7459
    2    1   89  269   42    0    3    1    1    1    1567
    2    1   90  270  401    0   26    3    3    1    1092
    2    1   91  271  333    0   21    3    1    0    1344
    2    1   92  272    5    0    1    1    3    0    3084
    2    1   93  273  463    0   29    3    3    1    1417
    2    1   94  274  457    0   29    3    3    1    3647
    2    1   95  275  301    0   19    2    2    1    1635
    2    1   96  276   68    0    5    1    1    1    1172
    2    1   97  277  444    0   28    3    3    1    1802
    2    1   98  278   49    0    4    1    2    0    3254
    2    1   99  279  479    0   30    3    3    1    4015
    2    1  100  280   52    0    4    1    1    1    1296
    2    1  101  281  435    0   28    3    3    1    1801
    2    1  102  282  222    0   14    2    2    1    5367
    2    1  103  283  260    0   17    2    1    0    3665
    2    1  104  284  257    0   17    2    1    0    1707
    2    1  105  285  372    0   24    3    3    1    1677
    2    1  106  286  137    0    9    1    1    1    1819
    2    1  107  287  456    1   29    3    3    1    1260
    2    1  108  288  394    0   25    3    2    0    5514
    2    1  109  289  478    0   30    3    2    0    6474
    2    1  110  290  386    0   25    3    2    0    9062
    2    1  111  291  326    0   21    3    1    0    2226
    2    1  112  292  212    0   14    2    2    1    5696
    2    1  113  293  107    0    7    1    2    0    1557
    2    1  114  294  467    0   30    3    3    1    3242
    2    1  115  295  399    0   25    3    3    1    1785
    2    1  116  296  145    0   10    1    3    0    2057
    2    1  117  297  453    0   29    3    2    0    4585
    2    1  118  298  241    1   16    2    2    1    6237
    2    1  119  299  376    1   24    3    3    1    1319
    2    1  120  300  264    0   17    2    1    0    2489
    2    1  121  301  118    0    8    1    3    0    5452
    2    1  122  302  460    0   29    3    3    1    1941
    2    1  123  303  345    0   22    3    3    1   20753
    2    1  124  304  330    1   21    3    2    0    6183
    2    1  125  305  309    0   20    2    3    0    5072
    2    1  126  306  185    0   12    2    1    0    1289
    2    1  127  307   28    0    2    1    1    1    1337
    2    1  128  308   89    0    6    1    1    1    1643
    2    1  129  309   99    0    7    1    1    1    1315
    2    1  130  310  227    0   15    2    3    0    1383
    2    1  131  311   75    0    5    1    1    1    1130
    2    1  132  312  473    0   30    3    2    0    2277
    2    1  133  313  469    0   30    3    2    0    2078
    2    1  134  314  277    0   18    2    3    0    1306
    2    1  135  315  168    0   11    2    1    0    1102
    2    1  136  316  360    0   23    3    2    0    2040
    2    1  137  317  454    0   29    3    2    0    2898
    2    1  138  318  269    0   17    2    3    0    3887
    2    1  139  319  384    0   24    3    3    1    1589
    2    1  140  320  166    0   11    2    2    1    1944
    2    1  141  321  233    0   15    2    3    0    1950
    2    1  142  322  220    0   14    2    2    1    2933
    2    1  143  323  403    0   26    3    3    1    1434
    2    1  144  324   25    0    2    1    1    1    4442
    2    1  145  325   83    0    6    1    1    1    1087
    2    1  146  326  334    0   21    3    1    0    1375
    2    1  147  327  245    0   16    2    2    1    1465
    2    1  148  328  134    0    9    1    3    0    2305
    2    1  149  329  131    0    9    1    1    1    1606
    2    1  150  330  427    0   27    3    2    0    3024
    2    1  151  331   46    0    3    1    1    1    1286
    2    1  152  332  304    0   19    2    2    1    2029
    2    1  153  333  358    0   23    3    3    1    1495
    2    1  154  334   27    0    2    1    1    1    1306
    2    1  155  335  318    0   20    2    2    1    1242
    2    1  156  336  471    1   30    3    2    0    2760
    2    1  157  337  105    0    7    1    3    0    2627
    2    1  158  338  283    0   18    2    3    0    5569
    2    1  159  339  377    0   24    3    3    1    1727
    2    1  160  340  106    1    7    1    1    1    1210
    2    1  161  341  156    0   10    1    3    0    1901
    2    1  162  342  367    0   23    3    2    0    4063
    2    1  163  343   31    1    2    1    1    1    1309
    2    1  164  344  110    0    7    1    3    0    1763
    2    1  165  345  474    0   30    3    2    0    1489
    2    1  166  346  418    0   27    3    3    1    1370
    2    1  167  347   71    0    5    1    1    1    1243
    2    1  168  348  332    0   21    3    2    0    2805
    2    1  169  349  272    1   17    2    2    1    1166
    2    1  170  350  211    0   14    2    3    0    4672
    2    1  171  351  402    0   26    3    3    1    1232
    2    1  172  352   53    0    4    1    3    0    2031
    2    1  173  353  155    0   10    1    3    0     877
    2    1  174  354  164    0   11    2    2    1    4938
    2    1  175  355   67    0    5    1    3    0    3253
    2    1  176  356  253    0   16    2    1    0    2909
    2    1  177  357  229    1   15    2    3    0    5022
    2    1  178  358  193    0   13    2    2    1     804
    2    1  179  359   17    1    2    1    3    0    3261
    2    1  180  360  340    0   22    3    2    0    6815
    2    1  181  361  249    0   16    2    2    1    1296
    2    1  182  362  288    0   18    2    2    1    2482
    2    1  183  363  183    0   12    2    1    0    1775
    2    1  184  364  365    0   23    3    2    0    1817
    2    1  185  365    4    0    1    1    3    0    2385
    2    1  186  366  413    1   26    3    3    1    1652
    2    1  187  367   29    0    2    1    2    0    3531
    2    1  188  368   93    0    6    1    1    1    1166
    2    1  189  369   88    0    6    1    1    1    1141
    2    1  190  370  389    0   25    3    3    1    1519
    2    1  191  371  362    0   23    3    3    1    1951
    2    1  192  372  408    0   26    3    3    1    1708
    2    1  193  373  322    0   21    3    1    0    1212
    2    1  194  374  407    0   26    3    3    1    1998
    2    1  195  375    7    1    1    1    1    1    2510
    2    1  196  376  139    0    9    1    3    0    2496
    2    1  197  377  271    0   17    2    2    1   14624
    2    1  198  378   62    1    4    1    2    0    1680
    2    1  199  379  189    0   12    2    1    0    1907
    2    1  200  380  433    0   28    3    3    1    1444
    2    1  201  381  278    1   18    2    3    0    3559
    2    1  202  382  429    0   27    3    3    1    1611
    2    1  203  383  313    0   20    2    2    1    3409
    2    1  204  384   94    0    6    1    1    1    2951
    2    1  205  385  248    0   16    2    2    1    8092
    2    1  206  386  417    0   27    3    3    1    3077
    2    1  207  387  455    1   29    3    2    0    1424
    2    1  208  388  462    0   29    3    3    1    1943
    2    1  209  389  452    0   29    3    3    1     767
    2    1  210  390  363    0   23    3    1    0    1403
    2    1  211  391  261    0   17    2    3    0    1137
    2    1  212  392  416    0   26    3    3    1    2018
    2    1  213  393  400    0   25    3    3    1    3998
    2    1  214  394  437    0   28    3    2    0    1351
    2    1  215  395   82    0    6    1    1    1    1313
    2    1  216  396  133    0    9    1    1    1    1400
    2    1  217  397   45    0    3    1    1    1    3992
    2    1  218  398    1    0    1    1    1    1    6642
    2    1  219  399  415    0   26    3    3    1    1179
    2    1  220  400  174    0   11    2    1    0    6298
    2    1  221  401  305    0   20    2    3    0     948
    2    1  222  402  231    0   15    2    2    1    1338
    2    1  223  403  451    0   29    3    3    1    1371
    2    1  224  404  414    0   26    3    3    1     800
    2    1  225  405  315    0   20    2    2    1    2024
    2    1  226  406   38    0    3    1    2    0    5180
    2    1  227  407   48    0    3    1    1    1    3434
    2    1  228  408  395    1   25    3    1    0   10105
    2    1  229  409   34    1    3    1    1    1    1152
    2    1  230  410  159    0   10    1    3    0    1077
    2    1  231  411  235    0   15    2    3    0     947
    2    1  232  412  300    0   19    2    3    0    1947
    2    1  233  413    9    0    1    1    3    0    2880
    2    1  234  414  443    1   28    3    3    1    3158
    2    1  235  415   59    0    4    1    2    0    1341
    2    1  236  416  472    0   30    3    1    0    1524
    2    1  237  417  285    0   18    2    3    0    1179
    2    1  238  418  441    0   28    3    3    1    1067
    2    1  239  419   36    0    3    1    3    0    2913
    2    1  240  420  104    0    7    1    1    1    2748
    2    1  241  421  280    0   18    2    2    1    2311
    2    1  242  422  359    1   23    3    3    1    1000
    2    1  243  423   92    0    6    1    1    1    1616
    2    1  244  424   85    1    6    1    1    1    1557
    2    1  245  425  349    0   22    3    3    1     972
    2    1  246  426  393    0   25    3    3    1     997
    2    1  247  427  409    0   26    3    1    0    4564
    2    1  248  428  336    0   21    3    1    0    1375
    2    1  249  429  176    0   11    2    1    0     704
    2    1  250  430  341    0   22    3    3    1     998
    2    1  251  431  317    0   20    2    2    1    1155
    2    1  252  432  201    0   13    2    2    1    1382
    2    1  253  433  210    0   14    2    2    1     822
    2    1  254  434  169    0   11    2    1    0     896
    2    1  255  435  138    0    9    1    1    1     816
    2    1  256  436  190    1   12    2    1    0     657
    2    1  257  437  464    0   29    3    3    1     992
    2    1  258  438  109    0    7    1    3    0     950
    2    1  259  439  184    0   12    2    1    0     944
    2    1  260  440  230    0   15    2    3    0    1572
    2    1  261  441  129    0    9    1    1    1    1031
    2    1  262  442  195    1   13    2    2    1    1117
    2    1  263  443    8    0    1    1    3    0    2605
    2    1  264  444  152    0   10    1    3    0     978
    2    1  265  445   74    0    5    1    3    0    1597
    2    1  266  446  352    0   22    3    3    1    1013
    2    1  267  447  123    0    8    1    3    0    1931
    2    1  268  448  130    0    9    1    1    1    1145
    2    1  269  449  350    0   22    3    3    1    1042
    2    1  270  450  115    1    8    1    1    1    1311
    2    1  271  451  258    0   17    2    2    1    2823
    2    1  272  452  239    0   15    2    2    1    1060
    2    1  273  453  295    0   19    2    2    1    1954
    2    1  274  454  262    0   17    2    2    1    1264
    2    1  275  455  385    0   25    3    3    1     967
    2    1  276  456   51    0    4    1    3    0    1167
    2    1  277  457  343    0   22    3    3    1     932
    2    1  278  458  337    1   22    3    3    1     878
    2    1  279  459  311    0   20    2    3    0     816
    2    1  280  460   66    0    5    1    3    0    1990
    2    1  281  461  170    1   11    2    1    0     903
    2    1  282  462  361    0   23    3    3    1    1338
    2    1  283  463  419    0   27    3    3    1    1042
    2    1  284  464  348    0   22    3    3    1     727
    2    1  285  465  126    0    8    1    3    0    2285
    2    1  286  466  468    0   30    3    2    0     988
    2    1  287  467  246    0   16    2    2    1     765
    2    1  288  468  411    0   26    3    3    1    1232
    2    1  289  469  178    0   12    2    1    0    1200
    2    1  290  470  425    0   27    3    3    1    1852
    2    1  291  471  299    0   19    2    3    0    1364
    2    1  292  472  113    0    8    1    2    0     695
    2    1  293  473   98    0    7    1    1    1    2317
    2    1  294  474  125    1    8    1    1    1     890
    2    1  295  475  477    0   30    3    3    1    1207
    2    1  296  476   23    0    2    1    1    1    1157
    2    1  297  477  366    0   23    3    3    1     756
    2    1  298  478  252    0   16    2    2    1    1993
    2    1  299  479   19    0    2    1    3    0    2491
    2    1  300  480  381    1   24    3    3    1     930
