    1    1    1    1    6    1    1    1    1    1    8165
    1    1    2    2   71    1    5    1    3    0    2126
    1    1    3    3  201    1   13    2    3    0    2606
    1    1    4    4  272    1   17    2    1    0    1859
    1    1    5    5  479    1   30    3    1    0    3168
    1    1    6    6  240    1   15    2    2    1    1638
    1    1    7    7  476    1   30    3    1    0    1496
    1    1    8    8   56    1    4    1    1    1    3916
    1    1    9    9  219    1   14    2    2    1    2241
    1    1   10   10  250    1   16    2    1    0    2073
    1    1   11   11  406    1   26    3    3    1    1770
    1    1   12   12   80    1    5    1    1    1    2363
    1    1   13   13  353    1   23    3    2    0    1265
    1    1   14   14  164    1   11    2    2    1    1947
    1    1   15   15  448    1   28    3    1    0    3089
    1    1   16   16  411    1   26    3    3    1    1329
    1    1   17   17   15    1    1    1    2    0    1069
    1    1   18   18  473    1   30    3    3    1    1386
    1    1   19   19    4    1    1    1    2    0    1956
    1    1   20   20  121    1    8    1    1    1    2260
    1    1   21   21   49    1    4    1    2    0    1488
    1    1   22   22  290    1   19    2    3    0    4022
    1    1   23   23  465    1   30    3    3    1    1708
    1    1   24   24  280    1   18    2    2    1    2626
    1    1   25   25  326    1   21    3    1    0    1259
    1    1   26   26   38    1    3    1    2    0    6632
    1    1   27   27  216    1   14    2    3    0    1007
    1    1   28   28   66    1    5    1    1    1    4697
    1    1   29   29  182    1   12    2    2    1    1301
    1    1   30   30  409    1   26    3    3    1     788
    1    1   31   31  408    1   26    3    1    0    2441
    1    1   32   32  212    1   14    2    3    0    1583
    1    1   33   33  356    1   23    3    3    1    1145
    1    1   34   34  276    1   18    2    2    1     801
    1    1   35   35   35    1    3    1    1    1    1237
    1    1   36   36  252    1   16    2    3    0    2039
    1    1   37   37  245    1   16    2    2    1    1536
    1    1   38   38   16    1    1    1    1    1     729
    1    1   39   39  471    1   30    3    3    1     663
    1    1   40   40  120    1    8    1    2    0    4109
    1    1   41   41   37    1    3    1    3    0    2103
    1    1   42   42  217    1   14    2    3    0    1327
    1    1   43   43   36    1    3    1    1    1    1043
    1    1   44   44   58    1    4    1    1    1    2173
    1    1   45   45  360    1   23    3    2    0    1073
    1    1   46   46  271    1   17    2    2    1    1329
    1    1   47   47  387    1   25    3    3    1     988
    1    1   48   48   33    1    3    1    1    1    1288
    1    1   49   49   52    1    4    1    2    0    1134
    1    1   50   50  424    1   27    3    2    0    1143
    1    1   51   51  289    1   19    2    3    0     915
    1    1   52   52  340    1   22    3    3    1    3173
    1    1   53   53   53    1    4    1    1    1    1643
    1    1   54   54  267    1   17    2    2    1    1548
    1    1   55   55  269    1   17    2    2    1     807
    1    1   56   56  359    1   23    3    3    1     862
    1    1   57   57  380    1   24    3    3    1    2238
    1    1   58   58  396    1   25    3    3    1     687
    1    1   59   59  266    1   17    2    2    1     891
    1    1   60   60  117    1    8    1    1    1     921
    1    2    1   61  217    1   14    2    1    0    1991
    1    2    2   62   66    1    5    1    1    1     785
    1    2    3   63  479    1   30    3    3    1     886
    1    2    4   64  326    1   21    3    1    0    2429
    1    2    5   65  164    1   11    2    1    0    1746
    1    2    6   66   33    1    3    1    1    1     954
    1    2    7   67   16    1    1    1    1    1    2534
    1    2    8   68  117    1    8    1    1    1     932
    1    2    9   69  290    1   19    2    2    1    1879
    1    2   10   70  269    1   17    2    2    1     883
    1    2   11   71   36    1    3    1    1    1    1061
    1    2   12   72  216    1   14    2    2    1    1041
    1    2   13   73  465    1   30    3    3    1    1071
    1    2   14   74  280    1   18    2    2    1    1771
    1    2   15   75  360    1   23    3    3    1     761
    1    2   16   76   15    1    1    1    1    1    1136
    1    2   17   77   56    1    4    1    2    0    1169
    1    2   18   78   80    1    5    1    1    1    1217
    1    2   19   79  266    1   17    2    2    1     710
    1    2   20   80  120    1    8    1    1    1     750
    1    2   21   81   38    1    3    1    1    1    2522
    1    2   22   82  356    1   23    3    3    1     967
    1    2   23   83  240    1   15    2    2    1    2278
    1    2   24   84  182    1   12    2    2    1     842
    1    2   25   85  340    1   22    3    2    0    2505
    1    2   26   86  411    1   26    3    3    1    2182
    1    2   27   87  359    1   23    3    3    1    3913
    1    2   28   88  380    1   24    3    3    1    1473
    1    2   29   89  396    1   25    3    3    1     890
    1    2   30   90  387    1   25    3    1    0    2242
    1    2   31   91    6    1    1    1    1    1    1420
    1    2   32   92   52    1    4    1    1    1    2199
    1    2   33   93    4    1    1    1    1    1    2294
    1    2   34   94  408    1   26    3    3    1    1219
    1    2   35   95   71    1    5    1    1    1    7402
    1    2   36   96  353    1   23    3    3    1    1808
    1    2   37   97  121    1    8    1    1    1    1827
    1    2   38   98  252    1   16    2    2    1    1164
    1    2   39   99  476    1   30    3    3    1    1192
    1    2   40  100  201    1   13    2    2    1    1547
    1    2   41  101   58    1    4    1    1    1    2180
    1    2   42  102  471    1   30    3    3    1     789
    1    2   43  103  250    1   16    2    1    0    2063
    1    2   44  104  424    1   27    3    2    0    1443
    1    2   45  105  219    1   14    2    2    1    1097
    1    2   46  106  267    1   17    2    2    1     808
    1    2   47  107   49    1    4    1    1    1    2842
    1    2   48  108  212    1   14    2    3    0    1523
    1    2   49  109  272    1   17    2    2    1     928
    1    2   50  110   35    1    3    1    1    1    1079
    1    2   51  111  276    1   18    2    1    0    1702
    1    2   52  112   53    1    4    1    1    1    1351
    1    2   53  113  289    1   19    2    2    1    1532
    1    2   54  114  271    1   17    2    2    1     742
    1    2   55  115  409    1   26    3    3    1     826
    1    2   56  116  448    1   28    3    1    0    1005
    1    2   57  117  406    1   26    3    3    1     823
    1    2   58  118  473    1   30    3    2    0    1809
    1    2   59  119   37    1    3    1    1    1     703
    1    2   60  120  245    1   16    2    2    1     800
    1    3    1  121  276    1   18    2    2    1    3458
    1    3    2  122  245    1   16    2    2    1     836
    1    3    3  123  356    1   23    3    3    1     758
    1    3    4  124  473    1   30    3    3    1    2399
    1    3    5  125  290    1   19    2    1    0    1109
    1    3    6  126  465    1   30    3    2    0    1064
    1    3    7  127  359    1   23    3    3    1     826
    1    3    8  128   52    1    4    1    1    1     880
    1    3    9  129  117    1    8    1    1    1    1056
    1    3   10  130   38    1    3    1    1    1    1976
    1    3   11  131  360    1   23    3    3    1     767
    1    3   12  132  217    1   14    2    2    1    1050
    1    3   13  133  201    1   13    2    2    1    1315
    1    3   14  134  479    1   30    3    3    1    1910
    1    3   15  135  409    1   26    3    3    1     989
    1    3   16  136  271    1   17    2    2    1     756
    1    3   17  137   37    1    3    1    1    1    1010
    1    3   18  138  406    1   26    3    3    1    1469
    1    3   19  139   16    1    1    1    1    1    1155
    1    3   20  140   35    1    3    1    1    1    1018
    1    3   21  141  272    1   17    2    2    1    1019
    1    3   22  142  380    1   24    3    3    1    1368
    1    3   23  143  408    1   26    3    1    0    3287
    1    3   24  144  269    1   17    2    2    1     776
    1    3   25  145  340    1   22    3    3    1    1570
    1    3   26  146  289    1   19    2    2    1     793
    1    3   27  147  240    1   15    2    1    0    2032
    1    3   28  148   56    1    4    1    1    1     924
    1    3   29  149  476    1   30    3    3    1     902
    1    3   30  150    4    1    1    1    1    1    1221
    1    3   31  151   15    1    1    1    1    1    1676
    1    3   32  152   58    1    4    1    1    1     765
    1    3   33  153  212    1   14    2    3    0    2439
    1    3   34  154  471    1   30    3    3    1    1489
    1    3   35  155   49    1    4    1    1    1     866
    1    3   36  156  164    1   11    2    1    0    1371
    1    3   37  157  448    1   28    3    3    1     967
    1    3   38  158  121    1    8    1    1    1     938
    1    3   39  159  120    1    8    1    1    1    1064
    1    3   40  160   53    1    4    1    1    1     741
    1    3   41  161  252    1   16    2    2    1     908
    1    3   42  162   71    1    5    1    1    1    1794
    1    3   43  163  411    1   26    3    3    1     978
    1    3   44  164  182    1   12    2    2    1    1056
    1    3   45  165  216    1   14    2    2    1    2475
    1    3   46  166   66    1    5    1    1    1     860
    1    3   47  167  387    1   25    3    2    0    2323
    1    3   48  168   33    1    3    1    1    1     728
    1    3   49  169   80    1    5    1    1    1     834
    1    3   50  170  396    1   25    3    3    1     921
    1    3   51  171  219    1   14    2    1    0    2538
    1    3   52  172  266    1   17    2    2    1     799
    1    3   53  173  353    1   23    3    3    1    1392
    1    3   54  174  267    1   17    2    2    1     980
    1    3   55  175   36    1    3    1    1    1     702
    1    3   56  176  280    1   18    2    3    0    1911
    1    3   57  177  250    1   16    2    1    0    1120
    1    3   58  178  424    1   27    3    3    1     894
    1    3   59  179    6    1    1    1    1    1    1199
    1    3   60  180  326    1   21    3    2    0    1409
    2    1    1  181  151    0   10    1    2    0    3038
    2    1    2  182  369    0   24    3    3    1    4916
    2    1    3  183  439    0   28    3    1    0    5651
    2    1    4  184   51    0    4    1    1    1    3773
    2    1    5  185  213    0   14    2    3    0    1628
    2    1    6  186  321    0   21    3    2    0    1794
    2    1    7  187  342    0   22    3    3    1    2549
    2    1    8  188  279    0   18    2    3    0     947
    2    1    9  189   14    0    1    1    1    1    2066
    2    1   10  190   22    0    2    1    3    0     829
    2    1   11  191   43    0    3    1    1    1    1100
    2    1   12  192  157    0   10    1    1    1    2242
    2    1   13  193   63    0    4    1    2    0    2605
    2    1   14  194  256    0   16    2    2    1     891
    2    1   15  195  379    0   24    3    3    1     892
    2    1   16  196  400    0   25    3    3    1     599
    2    1   17  197  301    0   19    2    1    0    1988
    2    1   18  198  229    0   15    2    1    0    1252
    2    1   19  199  129    0    9    1    3    0    1568
    2    1   20  200  101    0    7    1    2    0     979
    2    1   21  201  158    0   10    1    3    0    1331
    2    1   22  202  472    0   30    3    2    0    1340
    2    1   23  203  394    0   25    3    2    0    2989
    2    1   24  204  125    0    8    1    1    1    1061
    2    1   25  205  316    0   20    2    3    0    1667
    2    1   26  206  236    0   15    2    1    0    1054
    2    1   27  207  121    1    8    1    1    1     888
    2    1   28  208  388    0   25    3    3    1     992
    2    1   29  209  336    0   21    3    3    1    3804
    2    1   30  210  267    1   17    2    2    1     746
    2    1   31  211  203    0   13    2    2    1     558
    2    1   32  212  270    0   17    2    3    0    1358
    2    1   33  213  380    1   24    3    3    1    1798
    2    1   34  214  470    0   30    3    2    0     954
    2    1   35  215  396    1   25    3    3    1     811
    2    1   36  216   24    0    2    1    3    0    2198
    2    1   37  217   84    0    6    1    1    1     810
    2    1   38  218  312    0   20    2    3    0     766
    2    1   39  219  207    0   13    2    2    1     689
    2    1   40  220  333    0   21    3    2    0    2611
    2    1   41  221  146    0   10    1    3    0     877
    2    1   42  222   91    0    6    1    1    1    1060
    2    1   43  223  452    0   29    3    3    1     788
    2    1   44  224   78    0    5    1    1    1     763
    2    1   45  225  282    0   18    2    1    0    1482
    2    1   46  226  172    0   11    2    2    1    1474
    2    1   47  227   21    0    2    1    3    0     950
    2    1   48  228  332    0   21    3    2    0    1257
    2    1   49  229  449    0   29    3    2    0     742
    2    1   50  230  319    0   20    2    3    0     832
    2    1   51  231   67    0    5    1    1    1    1596
    2    1   52  232  170    0   11    2    2    1    3389
    2    1   53  233  366    0   23    3    2    0     988
    2    1   54  234  235    0   15    2    1    0    1171
    2    1   55  235  166    0   11    2    1    0    2923
    2    1   56  236    9    0    1    1    3    0     903
    2    1   57  237  233    0   15    2    1    0     924
    2    1   58  238   25    0    2    1    3    0     946
    2    1   59  239  159    0   10    1    3    0     827
    2    1   60  240   65    0    5    1    1    1    1003
    2    1   61  241  247    0   16    2    2    1     756
    2    1   62  242   56    1    4    1    1    1    1358
    2    1   63  243   30    0    2    1    2    0    1418
    2    1   64  244  436    0   28    3    1    0     897
    2    1   65  245   34    0    3    1    1    1    1934
    2    1   66  246    1    0    1    1    3    0     932
    2    1   67  247  133    0    9    1    3    0    1262
    2    1   68  248  432    0   27    3    1    0    4961
    2    1   69  249  374    0   24    3    3    1    2062
    2    1   70  250  281    0   18    2    3    0    4732
    2    1   71  251  210    0   14    2    3    0     926
    2    1   72  252  459    0   29    3    3    1    1148
    2    1   73  253  272    1   17    2    2    1    1445
    2    1   74  254  375    0   24    3    1    0    1940
    2    1   75  255  134    0    9    1    3    0    1070
    2    1   76  256  261    0   17    2    2    1     601
    2    1   77  257  407    0   26    3    3    1     930
    2    1   78  258  310    0   20    2    2    1     575
    2    1   79  259  385    0   25    3    3    1     967
    2    1   80  260   20    0    2    1    3    0    2730
    2    1   81  261  358    0   23    3    1    0    1676
    2    1   82  262   69    0    5    1    1    1     899
    2    1   83  263  337    0   22    3    1    0    1888
    2    1   84  264  164    1   11    2    3    0    1547
    2    1   85  265  417    0   27    3    1    0     960
    2    1   86  266  377    0   24    3    3    1    2239
    2    1   87  267   87    0    6    1    2    0     760
    2    1   88  268  155    0   10    1    2    0    1291
    2    1   89  269  217    1   14    2    2    1     822
    2    1   90  270  102    0    7    1    2    0    1468
    2    1   91  271  174    0   11    2    3    0    1822
    2    1   92  272  457    0   29    3    2    0     746
    2    1   93  273  181    0   12    2    1    0    1040
    2    1   94  274  410    0   26    3    3    1     616
    2    1   95  275   72    0    5    1    1    1     738
    2    1   96  276  361    0   23    3    3    1     883
    2    1   97  277  464    0   29    3    3    1     953
    2    1   98  278  138    0    9    1    3    0     925
    2    1   99  279   10    0    1    1    3    0    1039
    2    1  100  280  298    0   19    2    2    1     841
    2    1  101  281  414    0   26    3    3    1     698
    2    1  102  282  104    0    7    1    1    1     651
    2    1  103  283  186    0   12    2    2    1    1023
    2    1  104  284  178    0   12    2    2    1    1198
    2    1  105  285  142    0    9    1    3    0     580
    2    1  106  286  187    0   12    2    2    1     992
    2    1  107  287  450    0   29    3    3    1     536
    2    1  108  288  434    0   28    3    1    0     839
    2    1  109  289  221    0   14    2    2    1     820
    2    1  110  290  341    0   22    3    3    1    4213
    2    1  111  291  226    0   15    2    1    0    2960
    2    1  112  292  264    0   17    2    2    1     657
    2    1  113  293  126    0    8    1    1    1     724
    2    1  114  294   74    0    5    1    3    0    1458
    2    1  115  295   42    0    3    1    3    0     811
    2    1  116  296  328    0   21    3    2    0    1379
    2    1  117  297   52    1    4    1    1    1    1071
    2    1  118  298   86    0    6    1    2    0    1264
    2    1  119  299  355    0   23    3    2    0    1137
    2    1  120  300  257    0   17    2    1    0    2825
    2    1  121  301  218    0   14    2    3    0    2420
    2    1  122  302  458    0   29    3    3    1     745
    2    1  123  303  258    0   17    2    2    1     763
    2    1  124  304  273    0   18    2    3    0    1204
    2    1  125  305  180    0   12    2    2    1    3275
    2    1  126  306  360    1   23    3    3    1     760
    2    1  127  307  245    1   16    2    3    0     608
    2    1  128  308  149    0   10    1    2    0    1192
    2    1  129  309  324    0   21    3    2    0     891
    2    1  130  310  383    0   24    3    3    1    1044
    2    1  131  311   79    0    5    1    1    1    1633
    2    1  132  312  330    0   21    3    2    0    1036
    2    1  133  313  411    1   26    3    3    1    1144
    2    1  134  314  162    0   11    2    1    0    1309
    2    1  135  315  263    0   17    2    2    1     733
    2    1  136  316  241    0   16    2    2    1     780
    2    1  137  317   80    1    5    1    1    1    1359
    2    1  138  318   46    0    3    1    1    1    1518
    2    1  139  319  105    0    7    1    1    1    5126
    2    1  140  320  287    0   18    2    3    0    1200
    2    1  141  321  431    0   27    3    2    0     862
    2    1  142  322  356    1   23    3    3    1    2426
    2    1  143  323  378    0   24    3    3    1     555
    2    1  144  324  205    0   13    2    2    1    1193
    2    1  145  325   97    0    7    1    1    1    1948
    2    1  146  326   85    0    6    1    1    1    1724
    2    1  147  327  456    0   29    3    3    1     654
    2    1  148  328  401    0   26    3    3    1    2246
    2    1  149  329  199    0   13    2    2    1     670
    2    1  150  330  271    1   17    2    2    1     629
    2    1  151  331  427    0   27    3    2    0    1167
    2    1  152  332  473    1   30    3    2    0    1089
    2    1  153  333  192    0   12    2    1    0     818
    2    1  154  334  120    1    8    1    1    1     757
    2    1  155  335  345    0   22    3    1    0    1805
    2    1  156  336   11    0    1    1    3    0    1097
    2    1  157  337  302    0   19    2    2    1     769
    2    1  158  338    3    0    1    1    3    0    1682
    2    1  159  339  309    0   20    2    3    0    2699
    2    1  160  340   59    0    4    1    1    1    1015
    2    1  161  341  313    0   20    2    2    1     703
    2    1  162  342  435    0   28    3    1    0     711
    2    1  163  343   73    0    5    1    1    1    1541
    2    1  164  344  114    0    8    1    1    1     638
    2    1  165  345   18    0    2    1    3    0    1049
    2    1  166  346  305    0   20    2    2    1    1826
    2    1  167  347   61    0    4    1    1    1    1099
    2    1  168  348  292    0   19    2    1    0     993
    2    1  169  349   32    0    2    1    3    0     904
    2    1  170  350  440    0   28    3    2    0    1846
    2    1  171  351  339    0   22    3    3    1    3034
    2    1  172  352   38    1    3    1    1    1     597
    2    1  173  353   49    1    4    1    1    1    6677
    2    1  174  354   75    0    5    1    1    1    2342
    2    1  175  355  248    0   16    2    2    1    1433
    2    1  176  356  244    0   16    2    2    1    1245
    2    1  177  357  163    0   11    2    2    1    1017
    2    1  178  358  230    0   15    2    1    0    1027
    2    1  179  359  444    0   28    3    1    0     921
    2    1  180  360  238    0   15    2    1    0    1512
    2    1  181  361  237    0   15    2    2    1    1905
    2    1  182  362   89    0    6    1    2    0     611
    2    1  183  363  296    0   19    2    2    1     959
    2    1  184  364  253    0   16    2    2    1     774
    2    1  185  365  405    0   26    3    1    0    1070
    2    1  186  366  111    0    7    1    2    0    1109
    2    1  187  367  370    0   24    3    3    1    1099
    2    1  188  368  320    0   20    2    2    1    1874
    2    1  189  369  190    0   12    2    1    0     869
    2    1  190  370   28    0    2    1    3    0     679
    2    1  191  371   70    0    5    1    1    1     620
    2    1  192  372  476    1   30    3    3    1     615
    2    1  193  373   77    0    5    1    3    0     606
    2    1  194  374  415    0   26    3    3    1     705
    2    1  195  375    6    1    1    1    1    1     528
    2    1  196  376  223    0   14    2    3    0     991
    2    1  197  377  413    0   26    3    3    1    1001
    2    1  198  378  119    0    8    1    1    1     689
    2    1  199  379  219    1   14    2    2    1    5193
    2    1  200  380  137    0    9    1    3    0    1406
    2    1  201  381  307    0   20    2    3    0     982
    2    1  202  382  123    0    8    1    1    1    3104
    2    1  203  383  150    0   10    1    2    0     569
    2    1  204  384  347    0   22    3    1    0    1146
    2    1  205  385   98    0    7    1    2    0     840
    2    1  206  386  409    1   26    3    3    1     852
    2    1  207  387  346    0   22    3    3    1    2137
    2    1  208  388   41    0    3    1    1    1     595
    2    1  209  389  451    0   29    3    3    1     653
    2    1  210  390  195    0   13    2    2    1     520
    2    1  211  391   76    0    5    1    1    1     674
    2    1  212  392  169    0   11    2    1    0    1221
    2    1  213  393  372    0   24    3    3    1     781
    2    1  214  394  412    0   26    3    1    0    1198
    2    1  215  395  106    0    7    1    2    0    2356
    2    1  216  396  443    0   28    3    2    0    2025
    2    1  217  397  463    0   29    3    3    1     627
    2    1  218  398   68    0    5    1    1    1     763
    2    1  219  399  232    0   15    2    1    0    1427
    2    1  220  400  453    0   29    3    3    1    1995
    2    1  221  401  389    0   25    3    2    0    1402
    2    1  222  402  246    0   16    2    2    1     669
    2    1  223  403  276    1   18    2    1    0    1294
    2    1  224  404  289    1   19    2    2    1     864
    2    1  225  405  113    0    8    1    1    1    1870
    2    1  226  406  240    1   15    2    2    1    1654
    2    1  227  407  211    0   14    2    2    1    1147
    2    1  228  408  420    0   27    3    1    0    1482
    2    1  229  409  130    0    9    1    3    0     621
    2    1  230  410  387    1   25    3    2    0    1521
    2    1  231  411  183    0   12    2    2    1    1923
    2    1  232  412  161    0   11    2    1    0    1075
    2    1  233  413  393    0   25    3    1    0    1990
    2    1  234  414  454    0   29    3    3    1     695
    2    1  235  415  438    0   28    3    1    0     790
    2    1  236  416   44    0    3    1    1    1     933
    2    1  237  417   50    0    4    1    3    0    1013
    2    1  238  418   29    0    2    1    2    0    1022
    2    1  239  419    4    1    1    1    3    0    1735
    2    1  240  420  423    0   27    3    1    0     966
    2    1  241  421   88    0    6    1    2    0    1126
    2    1  242  422  132    0    9    1    3    0    3014
    2    1  243  423  461    0   29    3    2    0    1225
    2    1  244  424  208    0   13    2    2    1     828
    2    1  245  425  352    0   22    3    3    1     947
    2    1  246  426  160    0   10    1    3    0     704
    2    1  247  427   96    0    6    1    1    1    1487
    2    1  248  428  367    0   23    3    2    0     843
    2    1  249  429  373    0   24    3    3    1     794
    2    1  250  430  227    0   15    2    1    0     924
    2    1  251  431  397    0   25    3    2    0    1003
    2    1  252  432  403    0   26    3    2    0     854
    2    1  253  433  214    0   14    2    3    0    1413
    2    1  254  434  340    1   22    3    3    1    1903
    2    1  255  435  176    0   11    2    1    0     632
    2    1  256  436  349    0   22    3    3    1     958
    2    1  257  437   94    0    6    1    2    0     935
    2    1  258  438  422    0   27    3    1    0    1068
    2    1  259  439  446    0   28    3    1    0     973
    2    1  260  440  283    0   18    2    3    0    1832
    2    1  261  441  447    0   28    3    1    0     661
    2    1  262  442  468    0   30    3    2    0    1499
    2    1  263  443  259    0   17    2    2    1     991
    2    1  264  444  154    0   10    1    1    1    1012
    2    1  265  445  311    0   20    2    3    0    1459
    2    1  266  446  215    0   14    2    1    0     958
    2    1  267  447  202    0   13    2    2    1    1239
    2    1  268  448  475    0   30    3    2    0     615
    2    1  269  449  197    0   13    2    2    1    3083
    2    1  270  450  399    0   25    3    1    0   11386
    2    1  271  451  365    0   23    3    2    0    3850
    2    1  272  452   64    0    4    1    2    0    1370
    2    1  273  453  128    0    8    1    1    1    2009
    2    1  274  454  266    1   17    2    2    1     813
    2    1  275  455  381    0   24    3    3    1    1524
    2    1  276  456  242    0   16    2    2    1    1495
    2    1  277  457   31    0    2    1    3    0    2010
    2    1  278  458  201    1   13    2    2    1     600
    2    1  279  459  448    1   28    3    1    0     775
    2    1  280  460   12    0    1    1    3    0     857
    2    1  281  461   95    0    6    1    2    0     856
    2    1  282  462  250    1   16    2    2    1    1050
    2    1  283  463  294    0   19    2    3    0    1477
    2    1  284  464  371    0   24    3    3    1     647
    2    1  285  465  153    0   10    1    3    0     658
    2    1  286  466  351    0   22    3    3    1     745
    2    1  287  467  145    0   10    1    3    0    1406
    2    1  288  468    8    0    1    1    3    0     841
    2    1  289  469  231    0   15    2    2    1     738
    2    1  290  470  329    0   21    3    1    0     890
    2    1  291  471  165    0   11    2    3    0     697
    2    1  292  472   36    1    3    1    1    1     785
    2    1  293  473   99    0    7    1    1    1    1750
    2    1  294  474  193    0   13    2    2    1     624
    2    1  295  475   58    1    4    1    1    1    1030
    2    1  296  476  306    0   20    2    2    1    1880
    2    1  297  477  323    0   21    3    2    0     891
    2    1  298  478  445    0   28    3    1    0     712
    2    1  299  479  318    0   20    2    3    0    3761
    2    1  300  480  418    0   27    3    2    0    1087
