    1    1    1    1  448    1   28    3    2    0    5382
    1    1    2    2   37    1    3    1    3    0    5047
    1    1    3    3  380    1   24    3    3    1    3730
    1    1    4    4  396    1   25    3    3    1    4582
    1    1    5    5  266    1   17    2    2    1    4568
    1    1    6    6  471    1   30    3    2    0    4882
    1    1    7    7  479    1   30    3    1    0    3086
    1    1    8    8  276    1   18    2    2    1    4112
    1    1    9    9  424    1   27    3    2    0    4561
    1    1   10   10   53    1    4    1    3    0    4785
    1    1   11   11   56    1    4    1    2    0    2515
    1    1   12   12  408    1   26    3    3    1    2228
    1    1   13   13  120    1    8    1    2    0    6245
    1    1   14   14  271    1   17    2    3    0    5413
    1    1   15   15  465    1   30    3    3    1    3101
    1    1   16   16   80    1    5    1    1    1    1706
    1    1   17   17  212    1   14    2    3    0    2355
    1    1   18   18  182    1   12    2    3    0    3701
    1    1   19   19   71    1    5    1    1    1    3818
    1    1   20   20  359    1   23    3    2    0    2358
    1    1   21   21  476    1   30    3    3    1    2410
    1    1   22   22   15    1    1    1    1    1    1330
    1    1   23   23    6    1    1    1    1    1    1552
    1    1   24   24  356    1   23    3    3    1    4335
    1    1   25   25  240    1   15    2    2    1    2548
    1    1   26   26  219    1   14    2    1    0    2197
    1    1   27   27   58    1    4    1    1    1    1245
    1    1   28   28   49    1    4    1    1    1    1896
    1    1   29   29   36    1    3    1    1    1    1857
    1    1   30   30  340    1   22    3    3    1    4394
    1    1   31   31  164    1   11    2    2    1    6785
    1    1   32   32  409    1   26    3    2    0    3819
    1    1   33   33  121    1    8    1    1    1    1886
    1    1   34   34   16    1    1    1    1    1    1027
    1    1   35   35  289    1   19    2    3    0    3373
    1    1   36   36  252    1   16    2    3    0    1690
    1    1   37   37  267    1   17    2    2    1    2705
    1    1   38   38  353    1   23    3    3    1    2724
    1    1   39   39  117    1    8    1    1    1    2131
    1    1   40   40  406    1   26    3    3    1    2741
    1    1   41   41   38    1    3    1    1    1    7219
    1    1   42   42   52    1    4    1    1    1    1285
    1    1   43   43   35    1    3    1    1    1    3564
    1    1   44   44  411    1   26    3    2    0    5002
    1    1   45   45   33    1    3    1    1    1    1219
    1    1   46   46    4    1    1    1    1    1    1303
    1    1   47   47   66    1    5    1    1    1    1428
    1    1   48   48  360    1   23    3    2    0    1868
    1    1   49   49  217    1   14    2    2    1    2210
    1    1   50   50  326    1   21    3    3    1    2291
    1    1   51   51  387    1   25    3    2    0    6850
    1    1   52   52  201    1   13    2    3    0    1644
    1    1   53   53  473    1   30    3    2    0    4068
    1    1   54   54  269    1   17    2    2    1    2364
    1    1   55   55  272    1   17    2    2    1    2325
    1    1   56   56  216    1   14    2    3    0    4734
    1    1   57   57  250    1   16    2    2    1    2756
    1    1   58   58  280    1   18    2    3    0    2575
    1    1   59   59  245    1   16    2    3    0    3054
    1    1   60   60  290    1   19    2    2    1    3066
    1    2    1   61  201    1   13    2    3    0    2881
    1    2    2   62  164    1   11    2    1    0    3094
    1    2    3   63  396    1   25    3    3    1    1763
    1    2    4   64  212    1   14    2    3    0    1751
    1    2    5   65  267    1   17    2    2    1    2356
    1    2    6   66  272    1   17    2    2    1     683
    1    2    7   67  387    1   25    3    3    1    2907
    1    2    8   68  250    1   16    2    2    1    2775
    1    2    9   69  245    1   16    2    2    1    3968
    1    2   10   70  340    1   22    3    3    1    2951
    1    2   11   71  269    1   17    2    2    1    1576
    1    2   12   72  360    1   23    3    3    1    4686
    1    2   13   73  406    1   26    3    3    1    3120
    1    2   14   74  424    1   27    3    3    1    1438
    1    2   15   75  289    1   19    2    2    1    1763
    1    2   16   76  471    1   30    3    3    1    3188
    1    2   17   77  117    1    8    1    1    1    1524
    1    2   18   78  120    1    8    1    1    1    1244
    1    2   19   79   58    1    4    1    1    1    1019
    1    2   20   80  271    1   17    2    2    1    2354
    1    2   21   81  276    1   18    2    1    0    4508
    1    2   22   82  465    1   30    3    3    1    1341
    1    2   23   83   53    1    4    1    1    1    1998
    1    2   24   84    6    1    1    1    1    1    1505
    1    2   25   85  473    1   30    3    2    0   12061
    1    2   26   86   37    1    3    1    1    1    1914
    1    2   27   87   15    1    1    1    1    1     776
    1    2   28   88   56    1    4    1    1    1    1227
    1    2   29   89   49    1    4    1    1    1    1364
    1    2   30   90  408    1   26    3    3    1    5072
    1    2   31   91  356    1   23    3    3    1    1683
    1    2   32   92  479    1   30    3    3    1    2519
    1    2   33   93   35    1    3    1    1    1    1761
    1    2   34   94  359    1   23    3    3    1    1586
    1    2   35   95    4    1    1    1    1    1    1709
    1    2   36   96  409    1   26    3    3    1    1514
    1    2   37   97  476    1   30    3    3    1    1526
    1    2   38   98   80    1    5    1    1    1    1310
    1    2   39   99  280    1   18    2    3    0    2566
    1    2   40  100   52    1    4    1    1    1    1366
    1    2   41  101  290    1   19    2    2    1    1479
    1    2   42  102   33    1    3    1    1    1    1208
    1    2   43  103  240    1   15    2    2    1    2196
    1    2   44  104  380    1   24    3    2    0    2114
    1    2   45  105  121    1    8    1    1    1    1427
    1    2   46  106  353    1   23    3    2    0    1747
    1    2   47  107  219    1   14    2    2    1    2338
    1    2   48  108  252    1   16    2    3    0    2316
    1    2   49  109  411    1   26    3    3    1    2203
    1    2   50  110   16    1    1    1    1    1    1409
    1    2   51  111  448    1   28    3    3    1    2594
    1    2   52  112  182    1   12    2    3    0    2960
    1    2   53  113   71    1    5    1    1    1    1459
    1    2   54  114   36    1    3    1    1    1    1402
    1    2   55  115  266    1   17    2    2    1    1632
    1    2   56  116   66    1    5    1    1    1    1856
    1    2   57  117  217    1   14    2    3    0    1990
    1    2   58  118  216    1   14    2    2    1    2721
    1    2   59  119  326    1   21    3    3    1    1421
    1    2   60  120   38    1    3    1    1    1    1248
    1    3    1  121  269    1   17    2    2    1    1791
    1    3    2  122  356    1   23    3    3    1    1211
    1    3    3  123  252    1   16    2    2    1    3298
    1    3    4  124  380    1   24    3    2    0    9653
    1    3    5  125  250    1   16    2    2    1    2154
    1    3    6  126  406    1   26    3    2    0    1632
    1    3    7  127  408    1   26    3    3    1    1357
    1    3    8  128  479    1   30    3    3    1    1728
    1    3    9  129  396    1   25    3    3    1     850
    1    3   10  130   33    1    3    1    1    1    1135
    1    3   11  131   35    1    3    1    1    1    1224
    1    3   12  132  360    1   23    3    3    1    1986
    1    3   13  133  290    1   19    2    3    0    1910
    1    3   14  134   49    1    4    1    1    1    1445
    1    3   15  135  276    1   18    2    3    0    2383
    1    3   16  136  216    1   14    2    2    1    1558
    1    3   17  137  411    1   26    3    3    1    1388
    1    3   18  138  271    1   17    2    2    1    1135
    1    3   19  139   16    1    1    1    1    1    1109
    1    3   20  140   58    1    4    1    1    1    1448
    1    3   21  141  212    1   14    2    2    1    1230
    1    3   22  142  326    1   21    3    3    1    1298
    1    3   23  143  280    1   18    2    2    1    2405
    1    3   24  144  121    1    8    1    1    1    1244
    1    3   25  145  219    1   14    2    2    1    1261
    1    3   26  146   36    1    3    1    1    1    1090
    1    3   27  147  448    1   28    3    3    1    1162
    1    3   28  148  340    1   22    3    3    1    2195
    1    3   29  149   52    1    4    1    1    1    1268
    1    3   30  150  471    1   30    3    2    0    1690
    1    3   31  151   80    1    5    1    1    1    1336
    1    3   32  152  272    1   17    2    2    1    2030
    1    3   33  153  267    1   17    2    2    1    1395
    1    3   34  154  164    1   11    2    2    1    1775
    1    3   35  155  266    1   17    2    2    1     740
    1    3   36  156  465    1   30    3    2    0     916
    1    3   37  157  120    1    8    1    1    1    1063
    1    3   38  158  182    1   12    2    2    1    1522
    1    3   39  159  201    1   13    2    3    0    1723
    1    3   40  160  476    1   30    3    3    1    1697
    1    3   41  161  387    1   25    3    2    0    1140
    1    3   42  162  289    1   19    2    2    1     873
    1    3   43  163   56    1    4    1    1    1    1052
    1    3   44  164  117    1    8    1    1    1    1241
    1    3   45  165  424    1   27    3    3    1    1531
    1    3   46  166    4    1    1    1    1    1    3384
    1    3   47  167  245    1   16    2    3    0    1204
    1    3   48  168  240    1   15    2    3    0    1627
    1    3   49  169   15    1    1    1    1    1    1038
    1    3   50  170  353    1   23    3    2    0    2479
    1    3   51  171   53    1    4    1    1    1    1070
    1    3   52  172   37    1    3    1    1    1    1224
    1    3   53  173   71    1    5    1    1    1     723
    1    3   54  174  409    1   26    3    3    1    1594
    1    3   55  175   66    1    5    1    1    1     898
    1    3   56  176  217    1   14    2    2    1    3680
    1    3   57  177    6    1    1    1    1    1    1048
    1    3   58  178   38    1    3    1    1    1     602
    1    3   59  179  359    1   23    3    3    1    1269
    1    3   60  180  473    1   30    3    2    0    1284
    2    1    1  181  341    0   22    3    1    0    1925
    2    1    2  182  220    0   14    2    2    1    3133
    2    1    3  183  307    0   20    2    2    1    2558
    2    1    4  184  135    0    9    1    1    1    3340
    2    1    5  185  245    1   16    2    3    0    4717
    2    1    6  186  287    0   18    2    1    0    1770
    2    1    7  187  282    0   18    2    3    0    4517
    2    1    8  188  393    0   25    3    2    0    4062
    2    1    9  189    4    1    1    1    1    1    1018
    2    1   10  190  372    0   24    3    1    0     702
    2    1   11  191  289    1   19    2    2    1    1210
    2    1   12  192  432    0   27    3    3    1    1080
    2    1   13  193  217    1   14    2    2    1    1612
    2    1   14  194   74    0    5    1    1    1    1046
    2    1   15  195  290    1   19    2    3    0    1307
    2    1   16  196  304    0   19    2    2    1    3123
    2    1   17  197  204    0   13    2    2    1    2672
    2    1   18  198   77    0    5    1    1    1    1014
    2    1   19  199  171    0   11    2    1    0     761
    2    1   20  200  313    0   20    2    2    1    1472
    2    1   21  201   79    0    5    1    1    1     949
    2    1   22  202  179    0   12    2    2    1    1505
    2    1   23  203   29    0    2    1    3    0    2746
    2    1   24  204  463    0   29    3    1    0    2773
    2    1   25  205  394    0   25    3    3    1    4176
    2    1   26  206  465    1   30    3    3    1    1567
    2    1   27  207  270    0   17    2    2    1    1090
    2    1   28  208  200    0   13    2    3    0    1462
    2    1   29  209  439    0   28    3    1    0    7978
    2    1   30  210  295    0   19    2    1    0    1417
    2    1   31  211  397    0   25    3    3    1    1647
    2    1   32  212   16    1    1    1    1    1    1040
    2    1   33  213  131    0    9    1    1    1     930
    2    1   34  214  322    0   21    3    3    1    1051
    2    1   35  215  185    0   12    2    2    1     922
    2    1   36  216  223    0   14    2    2    1    1355
    2    1   37  217   75    0    5    1    1    1     881
    2    1   38  218   81    0    6    1    3    0    1086
    2    1   39  219  259    0   17    2    2    1     957
    2    1   40  220  358    0   23    3    3    1    1600
    2    1   41  221  415    0   26    3    2    0    1031
    2    1   42  222  365    0   23    3    3    1    1250
    2    1   43  223  301    0   19    2    2    1    1681
    2    1   44  224   62    0    4    1    2    0     788
    2    1   45  225  202    0   13    2    3    0    2236
    2    1   46  226  190    0   12    2    2    1     935
    2    1   47  227  197    0   13    2    1    0    1068
    2    1   48  228  383    0   24    3    1    0     653
    2    1   49  229  254    0   16    2    3    0    1238
    2    1   50  230  121    1    8    1    1    1     937
    2    1   51  231  324    0   21    3    2    0    1314
    2    1   52  232  149    0   10    1    1    1    2602
    2    1   53  233  108    0    7    1    1    1    1192
    2    1   54  234  387    1   25    3    3    1    1327
    2    1   55  235  233    0   15    2    1    0    2245
    2    1   56  236  267    1   17    2    2    1    1205
    2    1   57  237  418    0   27    3    3    1    1136
    2    1   58  238   83    0    6    1    2    0    1053
    2    1   59  239  136    0    9    1    1    1    1194
    2    1   60  240  422    0   27    3    3    1    1283
    2    1   61  241  355    0   23    3    3    1    2135
    2    1   62  242  342    0   22    3    1    0    1172
    2    1   63  243  309    0   20    2    2    1    2427
    2    1   64  244  180    0   12    2    2    1     918
    2    1   65  245  120    1    8    1    1    1    1418
    2    1   66  246  325    0   21    3    1    0    1989
    2    1   67  247  314    0   20    2    2    1     762
    2    1   68  248  281    0   18    2    1    0    1034
    2    1   69  249  312    0   20    2    2    1     643
    2    1   70  250   82    0    6    1    2    0     937
    2    1   71  251  292    0   19    2    1    0    1083
    2    1   72  252  184    0   12    2    2    1     719
    2    1   73  253  123    0    8    1    1    1     899
    2    1   74  254   65    0    5    1    1    1     799
    2    1   75  255  216    1   14    2    2    1    1063
    2    1   76  256   70    0    5    1    1    1    1607
    2    1   77  257  222    0   14    2    3    0    2106
    2    1   78  258   21    0    2    1    2    0    1315
    2    1   79  259  118    0    8    1    1    1     899
    2    1   80  260  143    0    9    1    1    1     995
    2    1   81  261  335    0   21    3    2    0    4268
    2    1   82  262  229    0   15    2    1    0    1288
    2    1   83  263  328    0   21    3    2    0     947
    2    1   84  264  410    0   26    3    3    1    1393
    2    1   85  265  447    0   28    3    1    0    1226
    2    1   86  266  413    0   26    3    3    1    1531
    2    1   87  267   32    0    2    1    2    0    2545
    2    1   88  268  402    0   26    3    3    1    2111
    2    1   89  269  112    0    7    1    1    1    1079
    2    1   90  270   84    0    6    1    2    0    1152
    2    1   91  271  464    0   29    3    2    0    1707
    2    1   92  272  218    0   14    2    3    0    1725
    2    1   93  273  450    0   29    3    3    1    1619
    2    1   94  274  416    0   26    3    3    1     595
    2    1   95  275   24    0    2    1    3    0    1635
    2    1   96  276  298    0   19    2    1    0    1693
    2    1   97  277  244    0   16    2    3    0    2347
    2    1   98  278  420    0   27    3    1    0    1756
    2    1   99  279  114    0    8    1    1    1    1133
    2    1  100  280  377    0   24    3    1    0     604
    2    1  101  281  423    0   27    3    2    0     637
    2    1  102  282    1    0    1    1    1    1     722
    2    1  103  283  461    0   29    3    3    1    1074
    2    1  104  284  276    1   18    2    1    0     768
    2    1  105  285  168    0   11    2    1    0    1296
    2    1  106  286    3    0    1    1    1    1     805
    2    1  107  287  225    0   15    2    1    0    1910
    2    1  108  288  263    0   17    2    3    0    1084
    2    1  109  289  475    0   30    3    3    1    1151
    2    1  110  290  101    0    7    1    1    1    1407
    2    1  111  291  162    0   11    2    2    1     951
    2    1  112  292   52    1    4    1    1    1     862
    2    1  113  293  367    0   23    3    3    1    1800
    2    1  114  294   71    1    5    1    1    1     646
    2    1  115  295  467    0   30    3    2    0    1411
    2    1  116  296   76    0    5    1    1    1     752
    2    1  117  297  336    0   21    3    3    1    1189
    2    1  118  298  266    1   17    2    2    1     591
    2    1  119  299  458    0   29    3    2    0    1074
    2    1  120  300  442    0   28    3    3    1    2037
    2    1  121  301  361    0   23    3    3    1     903
    2    1  122  302   90    0    6    1    3    0     872
    2    1  123  303  257    0   17    2    1    0    1383
    2    1  124  304   63    0    4    1    1    1    2060
    2    1  125  305  242    0   16    2    2    1    2247
    2    1  126  306  154    0   10    1    1    1     757
    2    1  127  307  332    0   21    3    3    1    1118
    2    1  128  308   69    0    5    1    1    1     909
    2    1  129  309   12    0    1    1    1    1     735
    2    1  130  310   66    1    5    1    1    1     615
    2    1  131  311   95    0    6    1    3    0    1039
    2    1  132  312  437    0   28    3    3    1    1491
    2    1  133  313   55    0    4    1    1    1     480
    2    1  134  314  412    0   26    3    1    0    1003
    2    1  135  315  443    0   28    3    3    1     855
    2    1  136  316   40    0    3    1    1    1     630
    2    1  137  317   14    0    1    1    1    1     560
    2    1  138  318  286    0   18    2    2    1    1911
    2    1  139  319    2    0    1    1    1    1     694
    2    1  140  320  212    1   14    2    2    1     602
    2    1  141  321  109    0    7    1    1    1     751
    2    1  142  322  406    1   26    3    2    0     719
    2    1  143  323   41    0    3    1    1    1     603
    2    1  144  324  356    1   23    3    2    0     714
    2    1  145  325  182    1   12    2    3    0     766
    2    1  146  326  264    0   17    2    3    0     941
    2    1  147  327  326    1   21    3    3    1     893
    2    1  148  328  318    0   20    2    2    1     446
    2    1  149  329  201    1   13    2    3    0     873
    2    1  150  330  308    0   20    2    2    1     714
    2    1  151  331  451    0   29    3    3    1     683
    2    1  152  332  103    0    7    1    1    1    1236
    2    1  153  333  317    0   20    2    2    1     575
    2    1  154  334  236    0   15    2    3    0     812
    2    1  155  335  210    0   14    2    2    1     593
    2    1  156  336  436    0   28    3    1    0     682
    2    1  157  337   89    0    6    1    2    0     707
    2    1  158  338  386    0   25    3    3    1     682
    2    1  159  339  392    0   25    3    2    0    1517
    2    1  160  340  404    0   26    3    2    0     748
    2    1  161  341    8    0    1    1    2    0     823
    2    1  162  342  379    0   24    3    1    0     622
    2    1  163  343  370    0   24    3    1    0     544
    2    1  164  344   51    0    4    1    1    1     666
    2    1  165  345  219    1   14    2    1    0     776
    2    1  166  346  209    0   14    2    2    1     986
    2    1  167  347  429    0   27    3    2    0     758
    2    1  168  348  250    1   16    2    3    0    1122
    2    1  169  349  186    0   12    2    3    0    1044
    2    1  170  350  239    0   15    2    3    0     722
    2    1  171  351  351    0   22    3    1    0     716
    2    1  172  352  115    0    8    1    1    1     560
    2    1  173  353  150    0   10    1    1    1    1819
    2    1  174  354  285    0   18    2    1    0     673
    2    1  175  355  138    0    9    1    1    1     468
    2    1  176  356  241    0   16    2    2    1     903
    2    1  177  357  211    0   14    2    2    1     652
    2    1  178  358  424    1   27    3    3    1     899
    2    1  179  359   80    1    5    1    1    1     676
    2    1  180  360  348    0   22    3    1    0    1135
    2    1  181  361  473    1   30    3    2    0     653
    2    1  182  362  448    1   28    3    1    0     614
    2    1  183  363  221    0   14    2    2    1     665
    2    1  184  364  124    0    8    1    1    1     696
    2    1  185  365  203    0   13    2    3    0     902
    2    1  186  366   98    0    7    1    1    1     759
    2    1  187  367  390    0   25    3    3    1    1309
    2    1  188  368  122    0    8    1    1    1     504
    2    1  189  369  224    0   14    2    2    1    1104
    2    1  190  370  477    0   30    3    2    0     524
    2    1  191  371  163    0   11    2    3    0     617
    2    1  192  372  303    0   19    2    2    1     630
    2    1  193  373  183    0   12    2    3    0     654
    2    1  194  374  148    0   10    1    2    0     593
    2    1  195  375  440    0   28    3    3    1     668
    2    1  196  376   57    0    4    1    2    0    1103
    2    1  197  377  191    0   12    2    3    0    1165
    2    1  198  378  316    0   20    2    2    1     456
    2    1  199  379  376    0   24    3    1    0     607
    2    1  200  380   38    1    3    1    1    1     632
    2    1  201  381   73    0    5    1    1    1     648
    2    1  202  382  177    0   12    2    2    1     839
    2    1  203  383  401    0   26    3    2    0     860
    2    1  204  384   67    0    5    1    1    1     517
    2    1  205  385  215    0   14    2    3    0    1912
    2    1  206  386  116    0    8    1    1    1     651
    2    1  207  387  319    0   20    2    2    1     621
    2    1  208  388  409    1   26    3    2    0     736
    2    1  209  389  198    0   13    2    3    0     464
    2    1  210  390  452    0   29    3    2    0     594
    2    1  211  391  246    0   16    2    3    0    1085
    2    1  212  392  294    0   19    2    1    0     807
    2    1  213  393  363    0   23    3    3    1    1075
    2    1  214  394  141    0    9    1    1    1    1129
    2    1  215  395  468    0   30    3    2    0     753
    2    1  216  396  407    0   26    3    3    1     951
    2    1  217  397  371    0   24    3    1    0     610
    2    1  218  398  476    1   30    3    2    0    1051
    2    1  219  399  129    0    9    1    1    1     752
    2    1  220  400   96    0    6    1    3    0     751
    2    1  221  401  375    0   24    3    1    0     631
    2    1  222  402   42    0    3    1    1    1     663
    2    1  223  403  253    0   16    2    1    0     868
    2    1  224  404   99    0    7    1    1    1     635
    2    1  225  405  130    0    9    1    1    1     606
    2    1  226  406  300    0   19    2    1    0     493
    2    1  227  407  334    0   21    3    2    0     619
    2    1  228  408  235    0   15    2    1    0     690
    2    1  229  409  102    0    7    1    1    1    1018
    2    1  230  410  187    0   12    2    2    1     698
    2    1  231  411  354    0   23    3    3    1     528
    2    1  232  412  430    0   27    3    3    1     709
    2    1  233  413   92    0    6    1    3    0     663
    2    1  234  414  405    0   26    3    2    0     563
    2    1  235  415  389    0   25    3    2    0    1371
    2    1  236  416  232    0   15    2    1    0    1017
    2    1  237  417  280    1   18    2    2    1     682
    2    1  238  418  178    0   12    2    3    0     858
    2    1  239  419   28    0    2    1    1    1     857
    2    1  240  420  302    0   19    2    2    1    1004
    2    1  241  421  333    0   21    3    2    0     611
    2    1  242  422  381    0   24    3    1    0     707
    2    1  243  423  444    0   28    3    3    1     673
    2    1  244  424  362    0   23    3    3    1    1114
    2    1  245  425  396    1   25    3    2    0     837
    2    1  246  426   46    0    3    1    1    1     676
    2    1  247  427    9    0    1    1    1    1     776
    2    1  248  428  159    0   10    1    1    1     519
    2    1  249  429  408    1   26    3    1    0     795
    2    1  250  430  208    0   13    2    3    0     795
    2    1  251  431   31    0    2    1    3    0    1075
    2    1  252  432  419    0   27    3    3    1     829
    2    1  253  433  206    0   13    2    3    0    1511
    2    1  254  434  161    0   11    2    1    0     838
    2    1  255  435  155    0   10    1    2    0     779
    2    1  256  436  427    0   27    3    2    0    1238
    2    1  257  437  256    0   16    2    3    0    1773
    2    1  258  438  350    0   22    3    1    0    1316
    2    1  259  439  132    0    9    1    1    1     697
    2    1  260  440  147    0   10    1    3    0    1277
    2    1  261  441  169    0   11    2    3    0    1641
    2    1  262  442  145    0   10    1    1    1     969
    2    1  263  443  226    0   15    2    3    0    1432
    2    1  264  444  462    0   29    3    2    0    1124
    2    1  265  445  248    0   16    2    3    0     721
    2    1  266  446   61    0    4    1    1    1    1725
    2    1  267  447   86    0    6    1    3    0     694
    2    1  268  448  271    1   17    2    2    1     798
    2    1  269  449   48    0    3    1    1    1     703
    2    1  270  450  453    0   29    3    3    1    1026
    2    1  271  451  417    0   27    3    3    1     750
    2    1  272  452  293    0   19    2    2    1     896
    2    1  273  453  352    0   22    3    2    0    2163
    2    1  274  454  385    0   25    3    2    0     523
    2    1  275  455  296    0   19    2    1    0    1100
    2    1  276  456  327    0   21    3    3    1     619
    2    1  277  457   25    0    2    1    2    0     586
    2    1  278  458  466    0   30    3    2    0    1269
    2    1  279  459   10    0    1    1    1    1    1125
    2    1  280  460  269    1   17    2    2    1     702
    2    1  281  461  380    1   24    3    2    0    1362
    2    1  282  462  126    0    8    1    1    1     763
    2    1  283  463  158    0   10    1    1    1     877
    2    1  284  464  329    0   21    3    3    1     989
    2    1  285  465   49    1    4    1    1    1     602
    2    1  286  466  277    0   18    2    1    0     734
    2    1  287  467  478    0   30    3    2    0     758
    2    1  288  468  431    0   27    3    3    1     701
    2    1  289  469  446    0   28    3    1    0     655
    2    1  290  470   72    0    5    1    1    1     587
    2    1  291  471   85    0    6    1    1    1    1250
    2    1  292  472  144    0    9    1    1    1    1010
    2    1  293  473  125    0    8    1    1    1     568
    2    1  294  474  258    0   17    2    3    0     790
    2    1  295  475  369    0   24    3    1    0     665
    2    1  296  476  265    0   17    2    2    1     642
    2    1  297  477  134    0    9    1    1    1     699
    2    1  298  478  344    0   22    3    1    0     559
    2    1  299  479  173    0   11    2    2    1     707
    2    1  300  480  252    1   16    2    3    0     530
