    1    1    1    1  327    1   21    3    1    0    7080
    1    1    2    2   55    1    4    1    3    0    3951
    1    1    3    3  405    1   26    3    2    0    3270
    1    1    4    4  397    1   25    3    3    1    2200
    1    1    5    5   85    1    6    1    1    1    2452
    1    1    6    6  215    1   14    2    3    0    4950
    1    1    7    7  337    1   22    3    2    0    1989
    1    1    8    8  297    1   19    2    3    0    1723
    1    1    9    9  136    1    9    1    2    0    2363
    1    1   10   10  395    1   25    3    2    0    1969
    1    1   11   11  355    1   23    3    2    0    3239
    1    1   12   12  446    1   28    3    3    1    2490
    1    1   13   13  106    1    7    1    2    0    1693
    1    1   14   14  339    1   22    3    3    1    1646
    1    1   15   15  293    1   19    2    1    0    1600
    1    1   16   16  203    1   13    2    3    0    1541
    1    1   17   17  241    1   16    2    1    0    2124
    1    1   18   18   17    1    2    1    2    0    4124
    1    1   19   19  195    1   13    2    2    1    3660
    1    1   20   20   72    1    5    1    3    0    3214
    1    1   21   21  115    1    8    1    1    1    2418
    1    1   22   22  125    1    8    1    3    0    3831
    1    1   23   23  471    1   30    3    2    0    3169
    1    1   24   24  423    1   27    3    2    0    2376
    1    1   25   25  278    1   18    2    2    1    2462
    1    1   26   26  111    1    7    1    1    1    4127
    1    1   27   27   73    1    5    1    2    0    3967
    1    1   28   28   40    1    3    1    3    0    1909
    1    1   29   29  420    1   27    3    2    0    2671
    1    1   30   30  229    1   15    2    2    1    2280
    1    1   31   31  186    1   12    2    1    0    1666
    1    1   32   32   31    1    2    1    3    0    1795
    1    1   33   33  272    1   17    2    2    1    1472
    1    1   34   34  146    1   10    1    3    0    1274
    1    1   35   35  224    1   14    2    3    0    2044
    1    1   36   36   34    1    3    1    1    1    3007
    1    1   37   37  279    1   18    2    3    0    2556
    1    1   38   38  250    1   16    2    3    0    3451
    1    1   39   39  413    1   26    3    2    0    1829
    1    1   40   40  308    1   20    2    3    0    1505
    1    1   41   41  170    1   11    2    1    0     985
    1    1   42   42    7    1    1    1    3    0    1847
    1    1   43   43  190    1   12    2    1    0    2594
    1    1   44   44   96    1    6    1    1    1    1343
    1    1   45   45  148    1   10    1    2    0    2109
    1    1   46   46  330    1   21    3    1    0    2126
    1    1   47   47  455    1   29    3    2    0    2223
    1    1   48   48  163    1   11    2    1    0    2074
    1    1   49   49   16    1    1    1    2    0    1661
    1    1   50   50  443    1   28    3    3    1    2671
    1    1   51   51  267    1   17    2    2    1    1690
    1    1   52   52  376    1   24    3    2    0    2443
    1    1   53   53  456    1   29    3    3    1    1871
    1    1   54   54  359    1   23    3    1    0    1993
    1    1   55   55   62    1    4    1    1    1    2094
    1    1   56   56  306    1   20    2    3    0    1999
    1    1   57   57  135    1    9    1    3    0    2133
    1    1   58   58  238    1   15    2    2    1    1732
    1    1   59   59  381    1   24    3    3    1    2083
    1    1   60   60  465    1   30    3    1    0    3060
    1    2    1   61  241    1   16    2    2    1    3359
    1    2    2   62  395    1   25    3    3    1    2669
    1    2    3   63  397    1   25    3    2    0    1928
    1    2    4   64   34    1    3    1    1    1    1279
    1    2    5   65   72    1    5    1    2    0    3344
    1    2    6   66  359    1   23    3    2    0    1807
    1    2    7   67  106    1    7    1    2    0    4091
    1    2    8   68   40    1    3    1    1    1    2094
    1    2    9   69  339    1   22    3    3    1    1454
    1    2   10   70  420    1   27    3    3    1    2105
    1    2   11   71  337    1   22    3    3    1    1370
    1    2   12   72  308    1   20    2    3    0    1751
    1    2   13   73   62    1    4    1    1    1    1463
    1    2   14   74  203    1   13    2    3    0    2016
    1    2   15   75  381    1   24    3    3    1    1125
    1    2   16   76  443    1   28    3    3    1    1340
    1    2   17   77  355    1   23    3    2    0    3404
    1    2   18   78  115    1    8    1    1    1    1080
    1    2   19   79  272    1   17    2    2    1    2593
    1    2   20   80  135    1    9    1    2    0    1646
    1    2   21   81  146    1   10    1    3    0    1153
    1    2   22   82  278    1   18    2    2    1    1847
    1    2   23   83  170    1   11    2    1    0    1683
    1    2   24   84  455    1   29    3    2    0    1460
    1    2   25   85  376    1   24    3    3    1    1151
    1    2   26   86   16    1    1    1    3    0    2006
    1    2   27   87  195    1   13    2    2    1    1530
    1    2   28   88   17    1    2    1    2    0    1233
    1    2   29   89  330    1   21    3    2    0    1413
    1    2   30   90  293    1   19    2    1    0    3953
    1    2   31   91  190    1   12    2    1    0    1799
    1    2   32   92  229    1   15    2    3    0    1268
    1    2   33   93  306    1   20    2    2    1    1527
    1    2   34   94  423    1   27    3    2    0    1406
    1    2   35   95  224    1   14    2    2    1    2716
    1    2   36   96  405    1   26    3    3    1    1845
    1    2   37   97  456    1   29    3    3    1    1791
    1    2   38   98  465    1   30    3    2    0    2189
    1    2   39   99  327    1   21    3    1    0    5018
    1    2   40  100  471    1   30    3    2    0    1365
    1    2   41  101  148    1   10    1    1    1    1684
    1    2   42  102  238    1   15    2    2    1    1573
    1    2   43  103  125    1    8    1    2    0    2220
    1    2   44  104   96    1    6    1    1    1    1416
    1    2   45  105   85    1    6    1    1    1    1188
    1    2   46  106   31    1    2    1    2    0    1608
    1    2   47  107  267    1   17    2    2    1    9165
    1    2   48  108  163    1   11    2    1    0    2083
    1    2   49  109  279    1   18    2    2    1    1477
    1    2   50  110  136    1    9    1    1    1    2062
    1    2   51  111  413    1   26    3    2    0    2496
    1    2   52  112  297    1   19    2    2    1    1826
    1    2   53  113  111    1    7    1    3    0    1997
    1    2   54  114  250    1   16    2    2    1    2689
    1    2   55  115  446    1   28    3    3    1    1739
    1    2   56  116  215    1   14    2    2    1    2586
    1    2   57  117    7    1    1    1    3    0    1112
    1    2   58  118  186    1   12    2    1    0    1184
    1    2   59  119   73    1    5    1    3    0    1365
    1    2   60  120   55    1    4    1    3    0    1059
    1    3    1  121  306    1   20    2    2    1    1167
    1    3    2  122  423    1   27    3    3    1    1508
    1    3    3  123  136    1    9    1    1    1    1085
    1    3    4  124  327    1   21    3    2    0    2454
    1    3    5  125   72    1    5    1    2    0    6809
    1    3    6  126  190    1   12    2    2    1    4158
    1    3    7  127  308    1   20    2    2    1    1534
    1    3    8  128  337    1   22    3    3    1    1157
    1    3    9  129  186    1   12    2    1    0    2860
    1    3   10  130  241    1   16    2    2    1    2398
    1    3   11  131  405    1   26    3    3    1    1107
    1    3   12  132  381    1   24    3    3    1    1324
    1    3   13  133   40    1    3    1    1    1    2908
    1    3   14  134  238    1   15    2    2    1    3644
    1    3   15  135  215    1   14    2    1    0    4209
    1    3   16  136   85    1    6    1    1    1    1533
    1    3   17  137  106    1    7    1    1    1    2070
    1    3   18  138  163    1   11    2    2    1    1991
    1    3   19  139  420    1   27    3    3    1    1260
    1    3   20  140  446    1   28    3    3    1     879
    1    3   21  141  279    1   18    2    2    1    2208
    1    3   22  142  465    1   30    3    1    0    1981
    1    3   23  143  267    1   17    2    2    1    4418
    1    3   24  144  339    1   22    3    3    1    1431
    1    3   25  145  376    1   24    3    3    1    1058
    1    3   26  146  278    1   18    2    2    1    2173
    1    3   27  147   17    1    2    1    3    0    1403
    1    3   28  148  359    1   23    3    3    1    2439
    1    3   29  149  195    1   13    2    2    1    1674
    1    3   30  150  125    1    8    1    1    1    1437
    1    3   31  151  203    1   13    2    2    1    1416
    1    3   32  152  250    1   16    2    2    1    1988
    1    3   33  153   16    1    1    1    3    0    1081
    1    3   34  154  293    1   19    2    2    1    2628
    1    3   35  155   31    1    2    1    1    1    1262
    1    3   36  156  224    1   14    2    3    0    2272
    1    3   37  157  111    1    7    1    1    1    1946
    1    3   38  158  135    1    9    1    1    1    1312
    1    3   39  159  272    1   17    2    2    1    1360
    1    3   40  160   34    1    3    1    1    1    2239
    1    3   41  161  413    1   26    3    3    1    2091
    1    3   42  162  456    1   29    3    3    1     956
    1    3   43  163   62    1    4    1    2    0    3467
    1    3   44  164  330    1   21    3    3    1    3477
    1    3   45  165  443    1   28    3    3    1     799
    1    3   46  166  471    1   30    3    2    0    1492
    1    3   47  167  297    1   19    2    2    1    1325
    1    3   48  168  148    1   10    1    1    1    2141
    1    3   49  169  170    1   11    2    1    0    2108
    1    3   50  170  115    1    8    1    1    1    1405
    1    3   51  171    7    1    1    1    3    0    1145
    1    3   52  172  355    1   23    3    3    1    1377
    1    3   53  173  229    1   15    2    3    0    1902
    1    3   54  174   96    1    6    1    1    1    1511
    1    3   55  175  455    1   29    3    3    1    1423
    1    3   56  176  146    1   10    1    3    0    1147
    1    3   57  177   73    1    5    1    2    0    3281
    1    3   58  178  395    1   25    3    3    1    3043
    1    3   59  179   55    1    4    1    3    0    1358
    1    3   60  180  397    1   25    3    2    0    1741
    2    1    1  181  298    0   19    2    2    1    4771
    2    1    2  182   13    0    1    1    3    0    2949
    2    1    3  183  215    1   14    2    2    1    2447
    2    1    4  184  428    0   27    3    1    0    2621
    2    1    5  185  146    1   10    1    1    1    2102
    2    1    6  186  279    1   18    2    3    0    2482
    2    1    7  187  342    0   22    3    3    1    1344
    2    1    8  188   92    0    6    1    1    1    1387
    2    1    9  189   78    0    5    1    3    0    4532
    2    1   10  190  459    0   29    3    2    0    2127
    2    1   11  191  310    0   20    2    3    0    4011
    2    1   12  192  117    0    8    1    1    1   12635
    2    1   13  193  478    0   30    3    3    1    1206
    2    1   14  194  475    0   30    3    3    1     966
    2    1   15  195  197    0   13    2    2    1    1281
    2    1   16  196  225    0   15    2    2    1    1086
    2    1   17  197  177    0   12    2    1    0    1091
    2    1   18  198  251    0   16    2    1    0    2265
    2    1   19  199   67    0    5    1    1    1     559
    2    1   20  200  467    0   30    3    3    1    1386
    2    1   21  201  360    0   23    3    1    0    3523
    2    1   22  202  226    0   15    2    3    0    1175
    2    1   23  203  123    0    8    1    3    0     392
    2    1   24  204  142    0    9    1    1    1    1354
    2    1   25  205   19    0    2    1    2    0    4901
    2    1   26  206  446    1   28    3    3    1    1858
    2    1   27  207  449    0   29    3    3    1    1064
    2    1   28  208   46    0    3    1    1    1    2894
    2    1   29  209  301    0   19    2    2    1    2203
    2    1   30  210  270    0   17    2    2    1    1187
    2    1   31  211  453    0   29    3    3    1    1013
    2    1   32  212  108    0    7    1    1    1    1773
    2    1   33  213  334    0   21    3    1    0    3543
    2    1   34  214  290    0   19    2    1    0    1755
    2    1   35  215  139    0    9    1    3    0    1605
    2    1   36  216  229    1   15    2    2    1    3686
    2    1   37  217  405    1   26    3    3    1    1028
    2    1   38  218  150    0   10    1    2    0    2283
    2    1   39  219  295    0   19    2    1    0    1968
    2    1   40  220  383    0   24    3    3    1    1074
    2    1   41  221  230    0   15    2    2    1    2648
    2    1   42  222  255    0   16    2    2    1    2303
    2    1   43  223  440    0   28    3    3    1    1124
    2    1   44  224  210    0   14    2    1    0    3031
    2    1   45  225  393    0   25    3    2    0    1487
    2    1   46  226  369    0   24    3    3    1    3364
    2    1   47  227  361    0   23    3    3    1    1373
    2    1   48  228  258    0   17    2    2    1    1000
    2    1   49  229  424    0   27    3    1    0    2960
    2    1   50  230  173    0   11    2    1    0    1659
    2    1   51  231  386    0   25    3    2    0    1818
    2    1   52  232  291    0   19    2    2    1    5314
    2    1   53  233   51    0    4    1    2    0    2205
    2    1   54  234   22    0    2    1    1    1    1782
    2    1   55  235   28    0    2    1    1    1    1359
    2    1   56  236  192    0   12    2    1    0    1274
    2    1   57  237  265    0   17    2    2    1    1623
    2    1   58  238  186    1   12    2    2    1    2392
    2    1   59  239   76    0    5    1    2    0    2073
    2    1   60  240  205    0   13    2    3    0    3447
    2    1   61  241  263    0   17    2    2    1    3967
    2    1   62  242  209    0   14    2    1    0    1104
    2    1   63  243  473    0   30    3    3    1    1653
    2    1   64  244   36    0    3    1    2    0    4292
    2    1   65  245   34    1    3    1    1    1    1401
    2    1   66  246  106    1    7    1    1    1    1362
    2    1   67  247  423    1   27    3    3    1     892
    2    1   68  248  441    0   28    3    3    1    1674
    2    1   69  249  302    0   19    2    2    1    1255
    2    1   70  250  304    0   19    2    1    0    3494
    2    1   71  251  280    0   18    2    3    0    2618
    2    1   72  252   73    1    5    1    1    1    1795
    2    1   73  253  426    0   27    3    2    0    1259
    2    1   74  254  182    0   12    2    3    0    2554
    2    1   75  255  178    0   12    2    1    0    1109
    2    1   76  256  332    0   21    3    1    0    2185
    2    1   77  257  206    0   13    2    3    0    1315
    2    1   78  258  107    0    7    1    1    1    1375
    2    1   79  259  101    0    7    1    1    1    1033
    2    1   80  260  357    0   23    3    3    1    1248
    2    1   81  261  292    0   19    2    2    1    1727
    2    1   82  262  193    0   13    2    3    0    1739
    2    1   83  263   48    0    3    1    1    1    3383
    2    1   84  264  316    0   20    2    2    1    1217
    2    1   85  265  199    0   13    2    3    0    2673
    2    1   86  266  120    0    8    1    1    1    1126
    2    1   87  267  204    0   13    2    2    1    4394
    2    1   88  268   83    0    6    1    1    1     764
    2    1   89  269  326    0   21    3    2    0    3342
    2    1   90  270  325    0   21    3    1    0    2056
    2    1   91  271  114    0    8    1    1    1    1271
    2    1   92  272  457    0   29    3    3    1    1221
    2    1   93  273  260    0   17    2    2    1    1270
    2    1   94  274   42    0    3    1    2    0    1155
    2    1   95  275  416    0   26    3    2    0    2423
    2    1   96  276  248    0   16    2    2    1    1414
    2    1   97  277  420    1   27    3    3    1     766
    2    1   98  278  406    0   26    3    3    1    1695
    2    1   99  279    9    0    1    1    1    1    1452
    2    1  100  280  201    0   13    2    3    0    1859
    2    1  101  281   47    0    3    1    2    0    3321
    2    1  102  282  397    1   25    3    3    1    2230
    2    1  103  283  340    0   22    3    3    1    2364
    2    1  104  284   90    0    6    1    1    1     799
    2    1  105  285  454    0   29    3    3    1    2112
    2    1  106  286  309    0   20    2    3    0    2316
    2    1  107  287  472    0   30    3    3    1    1456
    2    1  108  288   55    1    4    1    3    0    1157
    2    1  109  289  314    0   20    2    2    1    1081
    2    1  110  290  246    0   16    2    2    1    3006
    2    1  111  291  438    0   28    3    3    1    1110
    2    1  112  292  174    0   11    2    1    0    1851
    2    1  113  293  476    0   30    3    3    1    4482
    2    1  114  294  374    0   24    3    3    1    1072
    2    1  115  295  261    0   17    2    2    1    3413
    2    1  116  296   39    0    3    1    1    1    1021
    2    1  117  297  105    0    7    1    1    1    1013
    2    1  118  298  149    0   10    1    1    1    2126
    2    1  119  299  465    1   30    3    2    0    1354
    2    1  120  300  470    0   30    3    3    1    1876
    2    1  121  301   14    0    1    1    3    0    1737
    2    1  122  302  311    0   20    2    2    1    1109
    2    1  123  303   32    0    2    1    1    1    4042
    2    1  124  304  381    1   24    3    3    1    1033
    2    1  125  305   37    0    3    1    1    1    3424
    2    1  126  306  437    0   28    3    1    0    2440
    2    1  127  307  308    1   20    2    2    1     872
    2    1  128  308  273    0   18    2    2    1    1606
    2    1  129  309  128    0    8    1    1    1    1575
    2    1  130  310  189    0   12    2    1    0    3320
    2    1  131  311  359    1   23    3    3    1    2436
    2    1  132  312   49    0    4    1    2    0    2787
    2    1  133  313  373    0   24    3    3    1     996
    2    1  134  314  218    0   14    2    2    1    3454
    2    1  135  315   79    0    5    1    1    1    1940
    2    1  136  316  111    1    7    1    1    1     983
    2    1  137  317  307    0   20    2    2    1    1249
    2    1  138  318  147    0   10    1    3    0    2592
    2    1  139  319  300    0   19    2    3    0    2264
    2    1  140  320  169    0   11    2    1    0    1870
    2    1  141  321   10    0    1    1    3    0    1348
    2    1  142  322    3    0    1    1    3    0     958
    2    1  143  323   45    0    3    1    1    1    2090
    2    1  144  324  321    0   21    3    2    0    2743
    2    1  145  325  289    0   19    2    2    1    1098
    2    1  146  326  212    0   14    2    2    1    6575
    2    1  147  327   88    0    6    1    1    1     969
    2    1  148  328  418    0   27    3    3    1    1426
    2    1  149  329  134    0    9    1    3    0    1355
    2    1  150  330  450    0   29    3    3    1    1333
    2    1  151  331   95    0    6    1    1    1     817
    2    1  152  332  190    1   12    2    1    0    2625
    2    1  153  333  267    1   17    2    3    0    2409
    2    1  154  334  242    0   16    2    2    1     906
    2    1  155  335  462    0   29    3    3    1     998
    2    1  156  336  213    0   14    2    2    1    1535
    2    1  157  337   24    0    2    1    2    0    1602
    2    1  158  338  392    0   25    3    1    0    1762
    2    1  159  339   61    0    4    1    2    0    2156
    2    1  160  340   63    0    4    1    1    1    2407
    2    1  161  341  425    0   27    3    3    1    3800
    2    1  162  342  184    0   12    2    1    0    1120
    2    1  163  343   82    0    6    1    1    1     662
    2    1  164  344  277    0   18    2    2    1    1643
    2    1  165  345   99    0    7    1    3    0    1386
    2    1  166  346  239    0   15    2    3    0    2691
    2    1  167  347  372    0   24    3    3    1     984
    2    1  168  348  276    0   18    2    2    1    1458
    2    1  169  349  188    0   12    2    1    0     680
    2    1  170  350  443    1   28    3    3    1     702
    2    1  171  351  156    0   10    1    1    1    1522
    2    1  172  352  160    0   10    1    1    1     934
    2    1  173  353  390    0   25    3    2    0    3010
    2    1  174  354  395    1   25    3    3    1    1898
    2    1  175  355  452    0   29    3    2    0    2303
    2    1  176  356  115    1    8    1    1    1    1300
    2    1  177  357  153    0   10    1    3    0    1601
    2    1  178  358  339    1   22    3    3    1     753
    2    1  179  359   74    0    5    1    1    1    1220
    2    1  180  360  236    0   15    2    2    1    2499
    2    1  181  361  320    0   20    2    1    0    2416
    2    1  182  362  157    0   10    1    3    0    1056
    2    1  183  363  348    0   22    3    3    1     855
    2    1  184  364  221    0   14    2    2    1    3094
    2    1  185  365  168    0   11    2    1    0    1162
    2    1  186  366   57    0    4    1    3    0    3099
    2    1  187  367  180    0   12    2    1    0     752
    2    1  188  368  402    0   26    3    2    0    1315
    2    1  189  369  371    0   24    3    3    1    2319
    2    1  190  370  278    1   18    2    3    0    1156
    2    1  191  371  396    0   25    3    2    0     934
    2    1  192  372  166    0   11    2    2    1    3649
    2    1  193  373  345    0   22    3    1    0    1967
    2    1  194  374   56    0    4    1    1    1    1602
    2    1  195  375  167    0   11    2    1    0    1746
    2    1  196  376  281    0   18    2    3    0    1549
    2    1  197  377   25    0    2    1    2    0    2160
    2    1  198  378  208    0   13    2    3    0    1067
    2    1  199  379   20    0    2    1    2    0    3344
    2    1  200  380  288    0   18    2    3    0    3163
    2    1  201  381   15    0    1    1    1    1    1278
    2    1  202  382  317    0   20    2    2    1     859
    2    1  203  383  121    0    8    1    1    1    1193
    2    1  204  384  237    0   15    2    3    0    2602
    2    1  205  385  344    0   22    3    1    0    2530
    2    1  206  386  240    0   15    2    2    1    1502
    2    1  207  387  264    0   17    2    1    0    2563
    2    1  208  388  394    0   25    3    3    1    1661
    2    1  209  389  165    0   11    2    1    0    1146
    2    1  210  390   23    0    2    1    1    1    1037
    2    1  211  391  132    0    9    1    1    1    1221
    2    1  212  392   35    0    3    1    2    0    2981
    2    1  213  393  347    0   22    3    3    1    2158
    2    1  214  394  220    0   14    2    2    1    1209
    2    1  215  395  231    0   15    2    3    0    2744
    2    1  216  396  306    1   20    2    2    1    1563
    2    1  217  397  259    0   17    2    3    0    1566
    2    1  218  398  252    0   16    2    3    0    1200
    2    1  219  399  272    1   17    2    2    1    2416
    2    1  220  400  269    0   17    2    3    0    1201
    2    1  221  401  341    0   22    3    3    1    1153
    2    1  222  402  274    0   18    2    3    0    1204
    2    1  223  403  250    1   16    2    2    1    1556
    2    1  224  404  439    0   28    3    3    1     807
    2    1  225  405  170    1   11    2    1    0    1016
    2    1  226  406  358    0   23    3    3    1    2192
    2    1  227  407  100    0    7    1    1    1    2538
    2    1  228  408  109    0    7    1    1    1    2197
    2    1  229  409   30    0    2    1    1    1    1118
    2    1  230  410  378    0   24    3    3    1     786
    2    1  231  411  162    0   11    2    1    0    2291
    2    1  232  412  385    0   25    3    2    0    2280
    2    1  233  413  271    0   17    2    2    1    4141
    2    1  234  414   31    1    2    1    1    1     857
    2    1  235  415  283    0   18    2    3    0    2440
    2    1  236  416  327    1   21    3    3    1    2487
    2    1  237  417  275    0   18    2    2    1    1780
    2    1  238  418  411    0   26    3    2    0    1901
    2    1  239  419  138    0    9    1    1    1    2802
    2    1  240  420   50    0    4    1    2    0    1459
    2    1  241  421   86    0    6    1    1    1     825
    2    1  242  422  356    0   23    3    2    0    1017
    2    1  243  423   21    0    2    1    2    0    3233
    2    1  244  424  200    0   13    2    2    1    2577
    2    1  245  425  216    0   14    2    2    1    3114
    2    1  246  426   59    0    4    1    2    0    1213
    2    1  247  427  130    0    9    1    1    1    1215
    2    1  248  428  140    0    9    1    3    0    1118
    2    1  249  429  461    0   29    3    3    1    1042
    2    1  250  430  118    0    8    1    1    1    1802
    2    1  251  431  183    0   12    2    1    0     737
    2    1  252  432  355    1   23    3    3    1    1430
    2    1  253  433   60    0    4    1    2    0    1772
    2    1  254  434   71    0    5    1    1    1    3381
    2    1  255  435  410    0   26    3    3    1    2751
    2    1  256  436  337    1   22    3    3    1     786
    2    1  257  437  455    1   29    3    3    1     723
    2    1  258  438  282    0   18    2    2    1    4215
    2    1  259  439   62    1    4    1    1    1    1360
    2    1  260  440   66    0    5    1    3    0    2554
    2    1  261  441  172    0   11    2    3    0     917
    2    1  262  442  350    0   22    3    3    1    1025
    2    1  263  443  448    0   28    3    3    1     745
    2    1  264  444  414    0   26    3    2    0    1004
    2    1  265  445   70    0    5    1    1    1    1909
    2    1  266  446  363    0   23    3    1    0     601
    2    1  267  447  431    0   27    3    3    1    2129
    2    1  268  448  254    0   16    2    3    0    1740
    2    1  269  449  145    0   10    1    3    0     760
    2    1  270  450  154    0   10    1    3    0    1099
    2    1  271  451   93    0    6    1    1    1    1008
    2    1  272  452  137    0    9    1    1    1     904
    2    1  273  453  207    0   13    2    2    1    3061
    2    1  274  454  116    0    8    1    1    1    1131
    2    1  275  455   65    0    5    1    1    1    1390
    2    1  276  456  471    1   30    3    3    1    3447
    2    1  277  457   89    0    6    1    1    1     846
    2    1  278  458  113    0    8    1    2    0    2108
    2    1  279  459  211    0   14    2    3    0    2042
    2    1  280  460  198    0   13    2    3    0     937
    2    1  281  461  352    0   22    3    3    1     852
    2    1  282  462  234    0   15    2    3    0     837
    2    1  283  463    2    0    1    1    3    0    1122
    2    1  284  464  399    0   25    3    3    1    4902
    2    1  285  465   41    0    3    1    1    1    1298
    2    1  286  466  185    0   12    2    1    0     863
    2    1  287  467  303    0   19    2    1    0    1757
    2    1  288  468   33    0    3    1    1    1    1623
    2    1  289  469  171    0   11    2    3    0     935
    2    1  290  470  133    0    9    1    1    1     916
    2    1  291  471  313    0   20    2    3    0    2255
    2    1  292  472  256    0   16    2    2    1    1974
    2    1  293  473  468    0   30    3    2    0    1319
    2    1  294  474  479    0   30    3    2    0     948
    2    1  295  475  380    0   24    3    3    1    1486
    2    1  296  476  129    0    9    1    1    1    2532
    2    1  297  477  287    0   18    2    2    1    2687
    2    1  298  478  422    0   27    3    3    1    1012
    2    1  299  479  463    0   29    3    3    1    1244
    2    1  300  480  245    0   16    2    2    1    1771
