    1    1    1    1  266    1   17    2    3    0    3313
    1    1    2    2  476    1   30    3    3    1    4422
    1    1    3    3  424    1   27    3    1    0    2282
    1    1    4    4  380    1   24    3    1    0    1668
    1    1    5    5    6    1    1    1    1    1    4535
    1    1    6    6  326    1   21    3    3    1    3172
    1    1    7    7   71    1    5    1    1    1    2859
    1    1    8    8  240    1   15    2    2    1    2622
    1    1    9    9  479    1   30    3    3    1    4890
    1    1   10   10   36    1    3    1    1    1    1883
    1    1   11   11  448    1   28    3    1    0    5796
    1    1   12   12   35    1    3    1    1    1     945
    1    1   13   13   80    1    5    1    1    1    1536
    1    1   14   14  219    1   14    2    3    0    3768
    1    1   15   15   56    1    4    1    1    1    1926
    1    1   16   16   15    1    1    1    1    1     942
    1    1   17   17  340    1   22    3    3    1    3326
    1    1   18   18  406    1   26    3    2    0    3854
    1    1   19   19  250    1   16    2    3    0    2455
    1    1   20   20  164    1   11    2    3    0    2106
    1    1   21   21  271    1   17    2    2    1    1804
    1    1   22   22   37    1    3    1    1    1    1400
    1    1   23   23  473    1   30    3    3    1    3973
    1    1   24   24  356    1   23    3    3    1    1595
    1    1   25   25  408    1   26    3    3    1    1393
    1    1   26   26  252    1   16    2    2    1     798
    1    1   27   27  289    1   19    2    2    1    3267
    1    1   28   28  280    1   18    2    2    1     996
    1    1   29   29  387    1   25    3    3    1    1393
    1    1   30   30  396    1   25    3    3    1    1519
    1    1   31   31  471    1   30    3    3    1    1318
    1    1   32   32  120    1    8    1    1    1     919
    1    1   33   33  360    1   23    3    3    1    2071
    1    1   34   34  121    1    8    1    1    1    1960
    1    1   35   35   16    1    1    1    1    1     752
    1    1   36   36  182    1   12    2    2    1    3542
    1    1   37   37  269    1   17    2    2    1    1230
    1    1   38   38   49    1    4    1    1    1    1121
    1    1   39   39   58    1    4    1    1    1    1193
    1    1   40   40  276    1   18    2    3    0    1534
    1    1   41   41   33    1    3    1    1    1     742
    1    1   42   42   38    1    3    1    1    1     765
    1    1   43   43    4    1    1    1    1    1    1635
    1    1   44   44  245    1   16    2    3    0    2007
    1    1   45   45  409    1   26    3    3    1     892
    1    1   46   46  411    1   26    3    3    1    1006
    1    1   47   47  267    1   17    2    2    1    1579
    1    1   48   48  272    1   17    2    2    1    1104
    1    1   49   49   52    1    4    1    1    1     777
    1    1   50   50   66    1    5    1    1    1     799
    1    1   51   51  117    1    8    1    2    0    1684
    1    1   52   52  212    1   14    2    3    0    1238
    1    1   53   53  216    1   14    2    3    0    1976
    1    1   54   54  359    1   23    3    3    1    1134
    1    1   55   55  201    1   13    2    2    1     950
    1    1   56   56  465    1   30    3    3    1     853
    1    1   57   57  290    1   19    2    1    0    1000
    1    1   58   58  217    1   14    2    2    1    1860
    1    1   59   59   53    1    4    1    1    1    1487
    1    1   60   60  353    1   23    3    3    1     776
    1    2    1   61  406    1   26    3    3    1    1854
    1    2    2   62  360    1   23    3    3    1    3769
    1    2    3   63   66    1    5    1    1    1     759
    1    2    4   64  280    1   18    2    3    0    1726
    1    2    5   65   36    1    3    1    1    1     718
    1    2    6   66  266    1   17    2    2    1    1173
    1    2    7   67   35    1    3    1    1    1     636
    1    2    8   68    6    1    1    1    1    1     823
    1    2    9   69  219    1   14    2    2    1    1835
    1    2   10   70  271    1   17    2    2    1    1798
    1    2   11   71  276    1   18    2    2    1    2323
    1    2   12   72  476    1   30    3    3    1     907
    1    2   13   73  250    1   16    2    2    1    1884
    1    2   14   74  387    1   25    3    2    0    3812
    1    2   15   75  340    1   22    3    2    0    2370
    1    2   16   76   49    1    4    1    1    1     871
    1    2   17   77   71    1    5    1    1    1     937
    1    2   18   78  356    1   23    3    3    1     809
    1    2   19   79   15    1    1    1    1    1     654
    1    2   20   80  473    1   30    3    2    0    2664
    1    2   21   81  117    1    8    1    2    0    2290
    1    2   22   82   52    1    4    1    1    1     652
    1    2   23   83   80    1    5    1    1    1     838
    1    2   24   84  240    1   15    2    2    1    5353
    1    2   25   85   58    1    4    1    1    1     552
    1    2   26   86  479    1   30    3    3    1     919
    1    2   27   87  465    1   30    3    3    1    1399
    1    2   28   88   38    1    3    1    1    1    1300
    1    2   29   89  216    1   14    2    3    0    1924
    1    2   30   90   33    1    3    1    1    1     604
    1    2   31   91  245    1   16    2    2    1     905
    1    2   32   92  212    1   14    2    2    1    1690
    1    2   33   93  424    1   27    3    3    1    1163
    1    2   34   94  409    1   26    3    3    1     913
    1    2   35   95  182    1   12    2    2    1     705
    1    2   36   96   16    1    1    1    1    1     665
    1    2   37   97  448    1   28    3    3    1     852
    1    2   38   98  267    1   17    2    2    1     599
    1    2   39   99  269    1   17    2    2    1     835
    1    2   40  100  164    1   11    2    1    0    2503
    1    2   41  101  121    1    8    1    1    1    1031
    1    2   42  102   37    1    3    1    1    1     771
    1    2   43  103  252    1   16    2    2    1     969
    1    2   44  104  289    1   19    2    2    1    1095
    1    2   45  105   53    1    4    1    1    1     784
    1    2   46  106  353    1   23    3    3    1     998
    1    2   47  107  411    1   26    3    2    0    1458
    1    2   48  108  290    1   19    2    1    0    1629
    1    2   49  109  201    1   13    2    2    1     769
    1    2   50  110   56    1    4    1    1    1     759
    1    2   51  111  408    1   26    3    3    1    1006
    1    2   52  112  326    1   21    3    2    0    2106
    1    2   53  113  217    1   14    2    2    1     939
    1    2   54  114    4    1    1    1    1    1     635
    1    2   55  115  272    1   17    2    2    1     998
    1    2   56  116  396    1   25    3    3    1     754
    1    2   57  117  120    1    8    1    1    1     665
    1    2   58  118  380    1   24    3    2    0    3107
    1    2   59  119  471    1   30    3    2    0    2379
    1    2   60  120  359    1   23    3    3    1     690
    1    3    1  121  471    1   30    3    3    1     890
    1    3    2  122  353    1   23    3    3    1     684
    1    3    3  123  267    1   17    2    2    1     821
    1    3    4  124  216    1   14    2    2    1    1561
    1    3    5  125   16    1    1    1    1    1     672
    1    3    6  126  340    1   22    3    3    1    1178
    1    3    7  127   53    1    4    1    1    1     800
    1    3    8  128  290    1   19    2    2    1    2213
    1    3    9  129  476    1   30    3    2    0    2033
    1    3   10  130   56    1    4    1    1    1     805
    1    3   11  131   66    1    5    1    1    1    2074
    1    3   12  132   71    1    5    1    1    1     587
    1    3   13  133  252    1   16    2    2    1     809
    1    3   14  134  409    1   26    3    3    1     798
    1    3   15  135  212    1   14    2    2    1     819
    1    3   16  136  356    1   23    3    3    1    1383
    1    3   17  137  473    1   30    3    2    0    1155
    1    3   18  138  396    1   25    3    3    1    1609
    1    3   19  139   15    1    1    1    1    1     607
    1    3   20  140  240    1   15    2    2    1    1644
    1    3   21  141  269    1   17    2    2    1     943
    1    3   22  142  271    1   17    2    2    1     799
    1    3   23  143  217    1   14    2    2    1     787
    1    3   24  144   35    1    3    1    1    1    1257
    1    3   25  145  479    1   30    3    2    0    3307
    1    3   26  146  380    1   24    3    2    0     748
    1    3   27  147  448    1   28    3    3    1    1122
    1    3   28  148   58    1    4    1    1    1     763
    1    3   29  149  250    1   16    2    2    1     801
    1    3   30  150  280    1   18    2    2    1    1319
    1    3   31  151   49    1    4    1    1    1     567
    1    3   32  152  411    1   26    3    3    1    1429
    1    3   33  153   37    1    3    1    1    1     657
    1    3   34  154  164    1   11    2    2    1    2284
    1    3   35  155  289    1   19    2    2    1     885
    1    3   36  156  424    1   27    3    3    1     726
    1    3   37  157  219    1   14    2    2    1    1294
    1    3   38  158    4    1    1    1    1    1     703
    1    3   39  159   38    1    3    1    1    1    1097
    1    3   40  160  326    1   21    3    2    0    1201
    1    3   41  161   80    1    5    1    1    1    1158
    1    3   42  162   33    1    3    1    1    1     796
    1    3   43  163    6    1    1    1    1    1     689
    1    3   44  164  272    1   17    2    2    1     682
    1    3   45  165  406    1   26    3    2    0    1140
    1    3   46  166  408    1   26    3    3    1     811
    1    3   47  167  121    1    8    1    1    1     720
    1    3   48  168  387    1   25    3    2    0     984
    1    3   49  169  360    1   23    3    3    1     917
    1    3   50  170   36    1    3    1    1    1     693
    1    3   51  171  465    1   30    3    3    1     878
    1    3   52  172  120    1    8    1    2    0     913
    1    3   53  173  182    1   12    2    2    1     977
    1    3   54  174  276    1   18    2    2    1    1584
    1    3   55  175  117    1    8    1    2    0    1669
    1    3   56  176  359    1   23    3    3    1     902
    1    3   57  177  245    1   16    2    2    1     711
    1    3   58  178   52    1    4    1    1    1     816
    1    3   59  179  266    1   17    2    2    1     996
    1    3   60  180  201    1   13    2    2    1     689
    2    1    1  181  348    0   22    3    1    0     942
    2    1    2  182  235    0   15    2    1    0    5849
    2    1    3  183  310    0   20    2    2    1    1504
    2    1    4  184   88    0    6    1    3    0    1012
    2    1    5  185  107    0    7    1    3    0    3165
    2    1    6  186  128    0    8    1    2    0    1967
    2    1    7  187  401    0   26    3    2    0    2704
    2    1    8  188  210    0   14    2    3    0    3157
    2    1    9  189  285    0   18    2    3    0    2695
    2    1   10  190  355    0   23    3    3    1    1085
    2    1   11  191  165    0   11    2    1    0     834
    2    1   12  192  242    0   16    2    2    1     754
    2    1   13  193  172    0   11    2    1    0     581
    2    1   14  194  443    0   28    3    3    1    1278
    2    1   15  195  274    0   18    2    2    1     971
    2    1   16  196   43    0    3    1    1    1     582
    2    1   17  197  326    1   21    3    2    0    1151
    2    1   18  198  139    0    9    1    2    0    2802
    2    1   19  199  399    0   25    3    3    1    4114
    2    1   20  200  166    0   11    2    1    0     688
    2    1   21  201  228    0   15    2    3    0    1012
    2    1   22  202  268    0   17    2    2    1    1373
    2    1   23  203   39    0    3    1    1    1    1095
    2    1   24  204  391    0   25    3    3    1    1500
    2    1   25  205  378    0   24    3    1    0    1729
    2    1   26  206  444    0   28    3    3    1    1805
    2    1   27  207  418    0   27    3    3    1     823
    2    1   28  208  470    0   30    3    2    0     743
    2    1   29  209  333    0   21    3    1    0    1482
    2    1   30  210  234    0   15    2    3    0    1071
    2    1   31  211  276    1   18    2    3    0    1893
    2    1   32  212  112    0    7    1    2    0    3851
    2    1   33  213  217    1   14    2    2    1     817
    2    1   34  214  344    0   22    3    1    0    1553
    2    1   35  215  336    0   21    3    1    0    2691
    2    1   36  216  272    1   17    2    2    1     857
    2    1   37  217  377    0   24    3    1    0    1304
    2    1   38  218  412    0   26    3    3    1    3541
    2    1   39  219   10    0    1    1    2    0     632
    2    1   40  220  267    1   17    2    2    1     672
    2    1   41  221   93    0    6    1    3    0    2037
    2    1   42  222  239    0   15    2    2    1    1749
    2    1   43  223   71    1    5    1    1    1     640
    2    1   44  224  351    0   22    3    1    0    1144
    2    1   45  225  408    1   26    3    3    1     970
    2    1   46  226  152    0   10    1    3    0    3076
    2    1   47  227  402    0   26    3    2    0     938
    2    1   48  228   74    0    5    1    1    1     582
    2    1   49  229   49    1    4    1    1    1     640
    2    1   50  230  281    0   18    2    3    0    2998
    2    1   51  231  170    0   11    2    1    0     591
    2    1   52  232  246    0   16    2    2    1    1449
    2    1   53  233   72    0    5    1    1    1     544
    2    1   54  234   77    0    5    1    1    1     539
    2    1   55  235  452    0   29    3    3    1    1335
    2    1   56  236  473    1   30    3    3    1    2786
    2    1   57  237  340    1   22    3    3    1     771
    2    1   58  238  185    0   12    2    3    0    1653
    2    1   59  239  433    0   28    3    3    1    1060
    2    1   60  240  137    0    9    1    1    1     635
    2    1   61  241  120    1    8    1    1    1     498
    2    1   62  242  134    0    9    1    1    1     815
    2    1   63  243  105    0    7    1    3    0    1249
    2    1   64  244  317    0   20    2    2    1    3999
    2    1   65  245  100    0    7    1    1    1     560
    2    1   66  246  171    0   11    2    1    0     907
    2    1   67  247  222    0   14    2    2    1    2584
    2    1   68  248  431    0   27    3    3    1     737
    2    1   69  249  306    0   20    2    3    0    1989
    2    1   70  250   55    0    4    1    1    1     599
    2    1   71  251  316    0   20    2    3    0    1120
    2    1   72  252  346    0   22    3    1    0     708
    2    1   73  253   94    0    6    1    3    0    1689
    2    1   74  254  127    0    8    1    1    1     598
    2    1   75  255  135    0    9    1    1    1    1263
    2    1   76  256  270    0   17    2    2    1    1278
    2    1   77  257  182    1   12    2    2    1     508
    2    1   78  258   59    0    4    1    2    0    1880
    2    1   79  259  150    0   10    1    2    0     813
    2    1   80  260  209    0   14    2    2    1    4238
    2    1   81  261  478    0   30    3    2    0    2084
    2    1   82  262   40    0    3    1    1    1     594
    2    1   83  263  421    0   27    3    2    0    1596
    2    1   84  264   82    0    6    1    3    0     830
    2    1   85  265   63    0    4    1    1    1     829
    2    1   86  266   27    0    2    1    1    1    1020
    2    1   87  267  110    0    7    1    3    0    2485
    2    1   88  268  154    0   10    1    2    0    2627
    2    1   89  269  405    0   26    3    2    0    4698
    2    1   90  270   52    1    4    1    1    1     591
    2    1   91  271  319    0   20    2    3    0    1609
    2    1   92  272   79    0    5    1    1    1     681
    2    1   93  273  199    0   13    2    2    1     687
    2    1   94  274   44    0    3    1    1    1     550
    2    1   95  275  275    0   18    2    2    1    2783
    2    1   96  276  438    0   28    3    1    0     707
    2    1   97  277  428    0   27    3    3    1    1094
    2    1   98  278  180    0   12    2    3    0    1435
    2    1   99  279  159    0   10    1    1    1     931
    2    1  100  280  250    1   16    2    2    1     734
    2    1  101  281  167    0   11    2    1    0     610
    2    1  102  282  386    0   25    3    2    0    6171
    2    1  103  283  396    1   25    3    3    1    1988
    2    1  104  284  219    1   14    2    2    1    1094
    2    1  105  285  214    0   14    2    2    1    2475
    2    1  106  286    9    0    1    1    2    0    1961
    2    1  107  287  465    1   30    3    3    1    1852
    2    1  108  288  253    0   16    2    2    1     595
    2    1  109  289   24    0    2    1    3    0    1244
    2    1  110  290  240    1   15    2    2    1    2458
    2    1  111  291  307    0   20    2    3    0    1769
    2    1  112  292  227    0   15    2    3    0     788
    2    1  113  293   11    0    1    1    2    0    2757
    2    1  114  294  211    0   14    2    3    0    1895
    2    1  115  295   60    0    4    1    2    0    1229
    2    1  116  296  279    0   18    2    3    0    1117
    2    1  117  297  424    1   27    3    3    1     785
    2    1  118  298  238    0   15    2    3    0     867
    2    1  119  299  143    0    9    1    1    1     864
    2    1  120  300  303    0   19    2    1    0     750
    2    1  121  301  453    0   29    3    3    1    1073
    2    1  122  302  213    0   14    2    3    0     823
    2    1  123  303  273    0   18    2    1    0    1175
    2    1  124  304  205    0   13    2    2    1     888
    2    1  125  305  259    0   17    2    3    0    3895
    2    1  126  306  347    0   22    3    1    0     843
    2    1  127  307  349    0   22    3    1    0    1019
    2    1  128  308  376    0   24    3    1    0     642
    2    1  129  309  342    0   22    3    1    0     554
    2    1  130  310  451    0   29    3    3    1    1205
    2    1  131  311  218    0   14    2    3    0    1430
    2    1  132  312   66    1    5    1    1    1     589
    2    1  133  313  350    0   22    3    2    0    1927
    2    1  134  314  198    0   13    2    2    1     539
    2    1  135  315  153    0   10    1    1    1     791
    2    1  136  316  158    0   10    1    2    0     839
    2    1  137  317  466    0   30    3    2    0     903
    2    1  138  318  297    0   19    2    1    0     724
    2    1  139  319   99    0    7    1    2    0    4152
    2    1  140  320  225    0   15    2    1    0    1746
    2    1  141  321  221    0   14    2    2    1    1164
    2    1  142  322  369    0   24    3    1    0     847
    2    1  143  323    4    1    1    1    1    1     781
    2    1  144  324  441    0   28    3    3    1     799
    2    1  145  325  226    0   15    2    3    0     927
    2    1  146  326   35    1    3    1    1    1     540
    2    1  147  327  230    0   15    2    3    0     791
    2    1  148  328   47    0    3    1    1    1     472
    2    1  149  329   41    0    3    1    1    1     550
    2    1  150  330  413    0   26    3    3    1     752
    2    1  151  331  140    0    9    1    1    1    2259
    2    1  152  332  168    0   11    2    3    0     810
    2    1  153  333   20    0    2    1    2    0     987
    2    1  154  334  328    0   21    3    2    0    1126
    2    1  155  335  432    0   27    3    3    1     569
    2    1  156  336  314    0   20    2    2    1    1028
    2    1  157  337   84    0    6    1    3    0     635
    2    1  158  338  329    0   21    3    3    1     690
    2    1  159  339  122    0    8    1    1    1     567
    2    1  160  340  415    0   26    3    2    0    1298
    2    1  161  341  300    0   19    2    1    0     687
    2    1  162  342  442    0   28    3    3    1     548
    2    1  163  343  292    0   19    2    1    0     943
    2    1  164  344  449    0   29    3    2    0     603
    2    1  165  345  380    1   24    3    2    0    2419
    2    1  166  346  460    0   29    3    3    1    1827
    2    1  167  347  101    0    7    1    1    1     476
    2    1  168  348    7    0    1    1    1    1     649
    2    1  169  349  379    0   24    3    1    0    1105
    2    1  170  350  325    0   21    3    2    0    2534
    2    1  171  351  245    1   16    2    2    1     752
    2    1  172  352  354    0   23    3    3    1     851
    2    1  173  353  264    0   17    2    2    1     530
    2    1  174  354  308    0   20    2    2    1    1693
    2    1  175  355  163    0   11    2    3    0    1019
    2    1  176  356  373    0   24    3    1    0     611
    2    1  177  357  108    0    7    1    1    1     891
    2    1  178  358   45    0    3    1    1    1     777
    2    1  179  359  263    0   17    2    2    1     827
    2    1  180  360   95    0    6    1    3    0    1019
    2    1  181  361  323    0   21    3    2    0    2916
    2    1  182  362  464    0   29    3    1    0    2670
    2    1  183  363  450    0   29    3    2    0     997
    2    1  184  364  207    0   13    2    2    1     590
    2    1  185  365  471    1   30    3    3    1     616
    2    1  186  366  477    0   30    3    3    1     849
    2    1  187  367   19    0    2    1    2    0    1727
    2    1  188  368  461    0   29    3    2    0     827
    2    1  189  369   32    0    2    1    3    0     907
    2    1  190  370  448    1   28    3    3    1     678
    2    1  191  371  288    0   18    2    3    0    1646
    2    1  192  372  261    0   17    2    3    0    1149
    2    1  193  373  123    0    8    1    1    1     848
    2    1  194  374  184    0   12    2    3    0     669
    2    1  195  375   61    0    4    1    2    0    1941
    2    1  196  376  113    0    8    1    2    0    1576
    2    1  197  377   30    0    2    1    1    1    1129
    2    1  198  378  193    0   13    2    2    1     605
    2    1  199  379  271    1   17    2    2    1    1126
    2    1  200  380   68    0    5    1    1    1     554
    2    1  201  381  291    0   19    2    1    0     996
    2    1  202  382  252    1   16    2    2    1     590
    2    1  203  383  130    0    9    1    1    1    1046
    2    1  204  384  106    0    7    1    3    0     973
    2    1  205  385   73    0    5    1    3    0    1479
    2    1  206  386  155    0   10    1    2    0     908
    2    1  207  387  141    0    9    1    1    1     906
    2    1  208  388  293    0   19    2    3    0    2375
    2    1  209  389  467    0   30    3    2    0    1545
    2    1  210  390  212    1   14    2    3    0    2139
    2    1  211  391  472    0   30    3    2    0    1384
    2    1  212  392  149    0   10    1    1    1    1489
    2    1  213  393  151    0   10    1    2    0    1351
    2    1  214  394  476    1   30    3    3    1    1073
    2    1  215  395   70    0    5    1    1    1     615
    2    1  216  396   42    0    3    1    1    1     607
    2    1  217  397  394    0   25    3    2    0    1016
    2    1  218  398   50    0    4    1    2    0     992
    2    1  219  399  352    0   22    3    3    1    2425
    2    1  220  400  215    0   14    2    3    0    1675
    2    1  221  401   26    0    2    1    3    0    1352
    2    1  222  402  298    0   19    2    2    1    1843
    2    1  223  403  157    0   10    1    1    1     682
    2    1  224  404  299    0   19    2    1    0     703
    2    1  225  405   89    0    6    1    3    0     612
    2    1  226  406  361    0   23    3    3    1     637
    2    1  227  407  416    0   26    3    2    0     948
    2    1  228  408  315    0   20    2    2    1     911
    2    1  229  409  201    1   13    2    2    1     684
    2    1  230  410  178    0   12    2    3    0    1152
    2    1  231  411  440    0   28    3    3    1     564
    2    1  232  412  356    1   23    3    2    0    2173
    2    1  233  413  295    0   19    2    1    0     984
    2    1  234  414  400    0   25    3    1    0    1889
    2    1  235  415  114    0    8    1    1    1     806
    2    1  236  416  343    0   22    3    1    0     503
    2    1  237  417  116    0    8    1    1    1     548
    2    1  238  418  479    1   30    3    2    0     895
    2    1  239  419   75    0    5    1    1    1     476
    2    1  240  420  126    0    8    1    1    1     538
    2    1  241  421    3    0    1    1    1    1     549
    2    1  242  422  366    0   23    3    3    1     576
    2    1  243  423  188    0   12    2    3    0     713
    2    1  244  424  469    0   30    3    3    1    1486
    2    1  245  425  202    0   13    2    2    1    1139
    2    1  246  426  384    0   24    3    1    0     566
    2    1  247  427  192    0   12    2    3    0     560
    2    1  248  428  283    0   18    2    2    1    3564
    2    1  249  429  320    0   20    2    2    1     861
    2    1  250  430  337    0   22    3    1    0     604
    2    1  251  431  289    1   19    2    1    0     212
    2    1  252  432  269    1   17    2    2    1    2019
    2    1  253  433  425    0   27    3    3    1    1090
    2    1  254  434  322    0   21    3    3    1    2568
    2    1  255  435   13    0    1    1    1    1     818
    2    1  256  436  216    1   14    2    2    1    5329
    2    1  257  437  286    0   18    2    2    1    1229
    2    1  258  438    8    0    1    1    2    0    1245
    2    1  259  439  330    0   21    3    2    0    1115
    2    1  260  440  312    0   20    2    3    0     640
    2    1  261  441  190    0   12    2    2    1    2407
    2    1  262  442  439    0   28    3    1    0     808
    2    1  263  443  103    0    7    1    1    1     681
    2    1  264  444   58    1    4    1    1    1     975
    2    1  265  445  247    0   16    2    2    1     712
    2    1  266  446  206    0   13    2    2    1     589
    2    1  267  447  301    0   19    2    2    1     566
    2    1  268  448  169    0   11    2    2    1    1169
    2    1  269  449  204    0   13    2    2    1     787
    2    1  270  450  327    0   21    3    2    0     837
    2    1  271  451   92    0    6    1    3    0     563
    2    1  272  452   86    0    6    1    3    0     557
    2    1  273  453  458    0   29    3    1    0     793
    2    1  274  454   56    1    4    1    1    1     650
    2    1  275  455  410    0   26    3    3    1    1217
    2    1  276  456  436    0   28    3    3    1     673
    2    1  277  457  341    0   22    3    3    1    1238
    2    1  278  458  255    0   16    2    2    1     757
    2    1  279  459  200    0   13    2    2    1     664
    2    1  280  460  294    0   19    2    1    0    1006
    2    1  281  461  290    1   19    2    2    1    1783
    2    1  282  462  183    0   12    2    3    0    1026
    2    1  283  463  266    1   17    2    2    1     649
    2    1  284  464  437    0   28    3    3    1    1008
    2    1  285  465  382    0   24    3    1    0     793
    2    1  286  466  468    0   30    3    3    1    2249
    2    1  287  467  257    0   17    2    1    0     816
    2    1  288  468  233    0   15    2    3    0     576
    2    1  289  469  390    0   25    3    3    1     746
    2    1  290  470  335    0   21    3    2    0    1038
    2    1  291  471  196    0   13    2    2    1     788
    2    1  292  472   91    0    6    1    3    0     663
    2    1  293  473   21    0    2    1    2    0     813
    2    1  294  474  156    0   10    1    1    1     589
    2    1  295  475  191    0   12    2    3    0     534
    2    1  296  476  104    0    7    1    2    0     562
    2    1  297  477  338    0   22    3    1    0    1164
    2    1  298  478   17    0    2    1    2    0     990
    2    1  299  479  403    0   26    3    2    0    1320
    2    1  300  480   22    0    2    1    3    0    1140
