    1    1    1    1    7    1    1    1    1    1   10441
    1    1    2    2  405    1   26    3    3    1    6279
    1    1    3    3  272    1   17    2    3    0    3166
    1    1    4    4  163    1   11    2    2    1    2517
    1    1    5    5  297    1   19    2    3    0    4472
    1    1    6    6   16    1    1    1    1    1    3372
    1    1    7    7   34    1    3    1    1    1    1252
    1    1    8    8  420    1   27    3    3    1    2346
    1    1    9    9   85    1    6    1    1    1    2266
    1    1   10   10   17    1    2    1    3    0    2665
    1    1   11   11  136    1    9    1    3    0    5082
    1    1   12   12  170    1   11    2    1    0    1400
    1    1   13   13  278    1   18    2    3    0    3073
    1    1   14   14  359    1   23    3    3    1    3513
    1    1   15   15  423    1   27    3    3    1    1362
    1    1   16   16  229    1   15    2    3    0    1324
    1    1   17   17  455    1   29    3    3    1    1150
    1    1   18   18  306    1   20    2    3    0    1576
    1    1   19   19  267    1   17    2    2    1    3778
    1    1   20   20  456    1   29    3    3    1    2284
    1    1   21   21  355    1   23    3    3    1    1296
    1    1   22   22   96    1    6    1    3    0    1121
    1    1   23   23  241    1   16    2    2    1    7024
    1    1   24   24  125    1    8    1    1    1    2490
    1    1   25   25  376    1   24    3    1    0    1346
    1    1   26   26   72    1    5    1    1    1    1122
    1    1   27   27  465    1   30    3    3    1    1928
    1    1   28   28  471    1   30    3    3    1    1325
    1    1   29   29  381    1   24    3    3    1    1861
    1    1   30   30  443    1   28    3    2    0    4433
    1    1   31   31  195    1   13    2    2    1    7152
    1    1   32   32   62    1    4    1    1    1    3405
    1    1   33   33  327    1   21    3    1    0    5310
    1    1   34   34   40    1    3    1    1    1    1450
    1    1   35   35  308    1   20    2    3    0    1466
    1    1   36   36  238    1   15    2    2    1    5009
    1    1   37   37  106    1    7    1    2    0    5158
    1    1   38   38  446    1   28    3    1    0    1235
    1    1   39   39  395    1   25    3    2    0    4134
    1    1   40   40  339    1   22    3    3    1    3151
    1    1   41   41  250    1   16    2    3    0    3021
    1    1   42   42  148    1   10    1    3    0    2502
    1    1   43   43  186    1   12    2    2    1    7984
    1    1   44   44  203    1   13    2    2    1    3405
    1    1   45   45   73    1    5    1    1    1    5266
    1    1   46   46  115    1    8    1    1    1    4172
    1    1   47   47  330    1   21    3    2    0    5141
    1    1   48   48  337    1   22    3    2    0    4321
    1    1   49   49   55    1    4    1    3    0    2784
    1    1   50   50   31    1    2    1    1    1    3564
    1    1   51   51  135    1    9    1    1    1    2262
    1    1   52   52  215    1   14    2    2    1   10893
    1    1   53   53  111    1    7    1    2    0    4944
    1    1   54   54  397    1   25    3    3    1    1737
    1    1   55   55  279    1   18    2    3    0    1180
    1    1   56   56  146    1   10    1    1    1    1762
    1    1   57   57  224    1   14    2    2    1    4915
    1    1   58   58  413    1   26    3    3    1    2964
    1    1   59   59  293    1   19    2    2    1    8772
    1    1   60   60  190    1   12    2    1    0    8913
    1    2    1   61  170    1   11    2    1    0    1414
    1    2    2   62  376    1   24    3    3    1    2991
    1    2    3   63   17    1    2    1    2    0    7660
    1    2    4   64   73    1    5    1    1    1    2220
    1    2    5   65  278    1   18    2    1    0    3942
    1    2    6   66  250    1   16    2    2    1    7369
    1    2    7   67  330    1   21    3    3    1    3211
    1    2    8   68  359    1   23    3    3    1    1412
    1    2    9   69   62    1    4    1    2    0    3023
    1    2   10   70  267    1   17    2    2    1    2438
    1    2   11   71  405    1   26    3    2    0    6981
    1    2   12   72   16    1    1    1    1    1    1402
    1    2   13   73  195    1   13    2    2    1    2392
    1    2   14   74  115    1    8    1    1    1    1742
    1    2   15   75  413    1   26    3    3    1    1679
    1    2   16   76  148    1   10    1    3    0    2625
    1    2   17   77  327    1   21    3    2    0    3478
    1    2   18   78  306    1   20    2    3    0    2371
    1    2   19   79  229    1   15    2    1    0    3411
    1    2   20   80  308    1   20    2    3    0    2505
    1    2   21   81  241    1   16    2    2    1    2558
    1    2   22   82  446    1   28    3    3    1    3484
    1    2   23   83  125    1    8    1    1    1    2217
    1    2   24   84   85    1    6    1    1    1    2679
    1    2   25   85   96    1    6    1    3    0    2038
    1    2   26   86  203    1   13    2    2    1    2094
    1    2   27   87  465    1   30    3    3    1    1218
    1    2   28   88   55    1    4    1    1    1    2195
    1    2   29   89    7    1    1    1    1    1    1290
    1    2   30   90   34    1    3    1    1    1    2277
    1    2   31   91  339    1   22    3    1    0    6961
    1    2   32   92   40    1    3    1    1    1    1852
    1    2   33   93  293    1   19    2    2    1    3127
    1    2   34   94  215    1   14    2    2    1    7060
    1    2   35   95  136    1    9    1    1    1    5390
    1    2   36   96  106    1    7    1    2    0    4030
    1    2   37   97  456    1   29    3    3    1    1737
    1    2   38   98  224    1   14    2    2    1    2678
    1    2   39   99  471    1   30    3    3    1    2075
    1    2   40  100  355    1   23    3    3    1    1308
    1    2   41  101  186    1   12    2    2    1    2901
    1    2   42  102  420    1   27    3    1    0    4815
    1    2   43  103  337    1   22    3    3    1    2519
    1    2   44  104  190    1   12    2    2    1    4872
    1    2   45  105  297    1   19    2    1    0    2824
    1    2   46  106   72    1    5    1    1    1    1610
    1    2   47  107  163    1   11    2    1    0    6441
    1    2   48  108  443    1   28    3    3    1    3048
    1    2   49  109  272    1   17    2    2    1    3705
    1    2   50  110  135    1    9    1    1    1    1165
    1    2   51  111  111    1    7    1    3    0    2552
    1    2   52  112  455    1   29    3    3    1    1347
    1    2   53  113  238    1   15    2    3    0    3505
    1    2   54  114   31    1    2    1    1    1    1489
    1    2   55  115  279    1   18    2    3    0    1415
    1    2   56  116  397    1   25    3    3    1    2826
    1    2   57  117  381    1   24    3    3    1    1847
    1    2   58  118  423    1   27    3    3    1    1618
    1    2   59  119  146    1   10    1    1    1    1660
    1    2   60  120  395    1   25    3    1    0    2066
    1    3    1  121  395    1   25    3    1    0    3648
    1    3    2  122   34    1    3    1    1    1    1304
    1    3    3  123  420    1   27    3    3    1    4756
    1    3    4  124  397    1   25    3    3    1    1388
    1    3    5  125  359    1   23    3    3    1    2247
    1    3    6  126  278    1   18    2    3    0    5636
    1    3    7  127  148    1   10    1    3    0    3862
    1    3    8  128  186    1   12    2    2    1    3294
    1    3    9  129  190    1   12    2    2    1    2820
    1    3   10  130  241    1   16    2    3    0    1622
    1    3   11  131  279    1   18    2    3    0    1308
    1    3   12  132  327    1   21    3    2    0    2057
    1    3   13  133  308    1   20    2    2    1    1888
    1    3   14  134  238    1   15    2    2    1    2434
    1    3   15  135   85    1    6    1    1    1    2829
    1    3   16  136  125    1    8    1    1    1    1389
    1    3   17  137   16    1    1    1    1    1    1242
    1    3   18  138  330    1   21    3    2    0    2788
    1    3   19  139   72    1    5    1    1    1    1213
    1    3   20  140  203    1   13    2    3    0    2759
    1    3   21  141  111    1    7    1    1    1    2259
    1    3   22  142  293    1   19    2    2    1    1523
    1    3   23  143    7    1    1    1    1    1    1501
    1    3   24  144  115    1    8    1    1    1    1790
    1    3   25  145  136    1    9    1    1    1    2270
    1    3   26  146  215    1   14    2    2    1    5689
    1    3   27  147  272    1   17    2    2    1    3985
    1    3   28  148  446    1   28    3    3    1    2701
    1    3   29  149  229    1   15    2    3    0    1528
    1    3   30  150  163    1   11    2    2    1    6026
    1    3   31  151  250    1   16    2    2    1    4339
    1    3   32  152  135    1    9    1    1    1    1401
    1    3   33  153   96    1    6    1    1    1    2551
    1    3   34  154  376    1   24    3    3    1    1914
    1    3   35  155  455    1   29    3    3    1    1737
    1    3   36  156  337    1   22    3    3    1    4194
    1    3   37  157  339    1   22    3    3    1    5140
    1    3   38  158  405    1   26    3    2    0    3078
    1    3   39  159  306    1   20    2    2    1    2159
    1    3   40  160   31    1    2    1    1    1    2869
    1    3   41  161  465    1   30    3    3    1    1654
    1    3   42  162   40    1    3    1    1    1    2159
    1    3   43  163   17    1    2    1    3    0    2678
    1    3   44  164  471    1   30    3    2    0    3383
    1    3   45  165   62    1    4    1    2    0    2037
    1    3   46  166  297    1   19    2    1    0    1430
    1    3   47  167  423    1   27    3    3    1    6247
    1    3   48  168  146    1   10    1    1    1    1384
    1    3   49  169  267    1   17    2    2    1    1976
    1    3   50  170  355    1   23    3    3    1    2543
    1    3   51  171  413    1   26    3    3    1    1360
    1    3   52  172  456    1   29    3    3    1    1393
    1    3   53  173  170    1   11    2    1    0    1408
    1    3   54  174   73    1    5    1    1    1    3792
    1    3   55  175  443    1   28    3    2    0    2717
    1    3   56  176  195    1   13    2    2    1    2591
    1    3   57  177  224    1   14    2    2    1    3368
    1    3   58  178  381    1   24    3    3    1    1759
    1    3   59  179  106    1    7    1    1    1    4077
    1    3   60  180   55    1    4    1    1    1    1704
    2    1    1  181  177    0   12    2    3    0   13104
    2    1    2  182  198    0   13    2    3    0    1360
    2    1    3  183  340    0   22    3    3    1    1982
    2    1    4  184  284    0   18    2    3    0     944
    2    1    5  185  347    0   22    3    3    1    1419
    2    1    6  186  363    0   23    3    3    1    2656
    2    1    7  187   59    0    4    1    2    0    2469
    2    1    8  188  427    0   27    3    3    1     826
    2    1    9  189  168    0   11    2    1    0    1480
    2    1   10  190  303    0   19    2    2    1    1246
    2    1   11  191  135    1    9    1    1    1    1063
    2    1   12  192   94    0    6    1    3    0     786
    2    1   13  193  319    0   20    2    3    0     854
    2    1   14  194  456    1   29    3    3    1    2286
    2    1   15  195  426    0   27    3    3    1    1499
    2    1   16  196  329    0   21    3    3    1    2431
    2    1   17  197  261    0   17    2    2    1    2146
    2    1   18  198  203    1   13    2    2    1     959
    2    1   19  199  258    0   17    2    2    1    1450
    2    1   20  200  408    0   26    3    2    0    1953
    2    1   21  201  390    0   25    3    3    1     619
    2    1   22  202  364    0   23    3    3    1    1489
    2    1   23  203  351    0   22    3    1    0    1639
    2    1   24  204   15    0    1    1    1    1     647
    2    1   25  205  225    0   15    2    2    1    2905
    2    1   26  206  113    0    8    1    3    0    2261
    2    1   27  207   34    1    3    1    1    1     691
    2    1   28  208  163    1   11    2    3    0    3983
    2    1   29  209    4    0    1    1    1    1    1621
    2    1   30  210  352    0   22    3    1    0    1404
    2    1   31  211   89    0    6    1    2    0     349
    2    1   32  212  215    1   14    2    3    0     248
    2    1   33  213  466    0   30    3    3    1    2301
    2    1   34  214  379    0   24    3    3    1    2593
    2    1   35  215   33    0    3    1    2    0    3262
    2    1   36  216  441    0   28    3    3    1    2815
    2    1   37  217   60    0    4    1    2    0    2933
    2    1   38  218  132    0    9    1    1    1     919
    2    1   39  219   54    0    4    1    2    0    1895
    2    1   40  220   97    0    7    1    1    1    4006
    2    1   41  221  147    0   10    1    2    0    1503
    2    1   42  222  149    0   10    1    1    1    3373
    2    1   43  223  213    0   14    2    3    0     649
    2    1   44  224  293    1   19    2    2    1    1085
    2    1   45  225   56    0    4    1    2    0    2258
    2    1   46  226   38    0    3    1    1    1    1565
    2    1   47  227  476    0   30    3    3    1     712
    2    1   48  228  375    0   24    3    3    1    1033
    2    1   49  229  173    0   11    2    2    1    1579
    2    1   50  230  145    0   10    1    1    1    1091
    2    1   51  231  254    0   16    2    3    0    3325
    2    1   52  232  185    0   12    2    2    1    2232
    2    1   53  233   58    0    4    1    2    0    1884
    2    1   54  234  264    0   17    2    3    0    5240
    2    1   55  235  102    0    7    1    3    0    1957
    2    1   56  236    3    0    1    1    1    1     713
    2    1   57  237  436    0   28    3    1    0    2322
    2    1   58  238  392    0   25    3    1    0     809
    2    1   59  239  214    0   14    2    3    0     767
    2    1   60  240  332    0   21    3    2    0    1040
    2    1   61  241  311    0   20    2    3    0     691
    2    1   62  242  320    0   20    2    3    0     952
    2    1   63  243  445    0   28    3    3    1     942
    2    1   64  244  252    0   16    2    2    1    1577
    2    1   65  245  184    0   12    2    3    0    1904
    2    1   66  246  341    0   22    3    1    0    1008
    2    1   67  247  250    1   16    2    2    1    1558
    2    1   68  248  249    0   16    2    2    1    1312
    2    1   69  249  122    0    8    1    1    1    3383
    2    1   70  250  305    0   20    2    3    0    1104
    2    1   71  251  120    0    8    1    1    1     969
    2    1   72  252  233    0   15    2    2    1    2357
    2    1   73  253  276    0   18    2    1    0     883
    2    1   74  254  429    0   27    3    3    1     728
    2    1   75  255   51    0    4    1    2    0    1196
    2    1   76  256   37    0    3    1    1    1    1501
    2    1   77  257   78    0    5    1    1    1     634
    2    1   78  258  109    0    7    1    1    1    1687
    2    1   79  259  450    0   29    3    3    1     594
    2    1   80  260  146    1   10    1    1    1     820
    2    1   81  261   66    0    5    1    1    1     911
    2    1   82  262  193    0   13    2    3    0     705
    2    1   83  263   19    0    2    1    1    1     604
    2    1   84  264  366    0   23    3    3    1    1150
    2    1   85  265  187    0   12    2    2    1    1459
    2    1   86  266    8    0    1    1    1    1    2231
    2    1   87  267  117    0    8    1    1    1    2166
    2    1   88  268   74    0    5    1    1    1     662
    2    1   89  269  166    0   11    2    1    0     701
    2    1   90  270   92    0    6    1    3    0     845
    2    1   91  271  455    1   29    3    3    1     612
    2    1   92  272  326    0   21    3    2    0    2354
    2    1   93  273  176    0   11    2    1    0    1414
    2    1   94  274   63    0    4    1    1    1    4460
    2    1   95  275  158    0   10    1    1    1    1304
    2    1   96  276  136    1    9    1    1    1     558
    2    1   97  277  314    0   20    2    2    1     914
    2    1   98  278  112    0    7    1    1    1    2199
    2    1   99  279  381    1   24    3    3    1    1277
    2    1  100  280  104    0    7    1    1    1    1665
    2    1  101  281   53    0    4    1    1    1     612
    2    1  102  282  167    0   11    2    1    0     925
    2    1  103  283  246    0   16    2    3    0    2944
    2    1  104  284  125    1    8    1    1    1     616
    2    1  105  285   10    0    1    1    1    1     626
    2    1  106  286   99    0    7    1    3    0    1603
    2    1  107  287  358    0   23    3    3    1     884
    2    1  108  288   90    0    6    1    3    0     924
    2    1  109  289  160    0   10    1    1    1     780
    2    1  110  290  365    0   23    3    3    1    1521
    2    1  111  291  460    0   29    3    3    1    1075
    2    1  112  292  196    0   13    2    1    0    1906
    2    1  113  293  433    0   28    3    1    0    2333
    2    1  114  294  201    0   13    2    3    0    2224
    2    1  115  295   31    1    2    1    1    1    1162
    2    1  116  296  197    0   13    2    1    0    3217
    2    1  117  297  195    1   13    2    1    0    3389
    2    1  118  298  393    0   25    3    3    1     767
    2    1  119  299  296    0   19    2    2    1    1345
    2    1  120  300  164    0   11    2    2    1    1927
    2    1  121  301  346    0   22    3    1    0     785
    2    1  122  302  453    0   29    3    3    1     629
    2    1  123  303  207    0   13    2    2    1     941
    2    1  124  304  370    0   24    3    3    1    1389
    2    1  125  305  391    0   25    3    3    1     570
    2    1  126  306  469    0   30    3    3    1     739
    2    1  127  307  397    1   25    3    2    0    2167
    2    1  128  308  170    1   11    2    1    0     684
    2    1  129  309  137    0    9    1    1    1     612
    2    1  130  310   26    0    2    1    3    0     634
    2    1  131  311  260    0   17    2    2    1    5064
    2    1  132  312   45    0    3    1    1    1     677
    2    1  133  313  128    0    8    1    1    1    4192
    2    1  134  314  368    0   23    3    1    0    1970
    2    1  135  315  389    0   25    3    3    1     869
    2    1  136  316  457    0   29    3    3    1     599
    2    1  137  317  463    0   29    3    3    1     685
    2    1  138  318  413    1   26    3    3    1     919
    2    1  139  319  302    0   19    2    2    1     420
    2    1  140  320  154    0   10    1    1    1     571
    2    1  141  321    6    0    1    1    1    1     586
    2    1  142  322  237    0   15    2    1    0    1157
    2    1  143  323  100    0    7    1    1    1     636
    2    1  144  324   52    0    4    1    2    0    4765
    2    1  145  325  415    0   26    3    3    1     930
    2    1  146  326  285    0   18    2    1    0    1799
    2    1  147  327  199    0   13    2    2    1     622
    2    1  148  328  114    0    8    1    1    1     881
    2    1  149  329  103    0    7    1    1    1    1147
    2    1  150  330   69    0    5    1    1    1     475
    2    1  151  331  126    0    8    1    1    1     659
    2    1  152  332  190    1   12    2    2    1    1748
    2    1  153  333   65    0    5    1    1    1     591
    2    1  154  334  224    1   14    2    2    1    2230
    2    1  155  335  401    0   26    3    3    1     896
    2    1  156  336   29    0    2    1    2    0       0
    2    1  157  337    9    0    1    1    1    1    1035
    2    1  158  338   61    0    4    1    1    1    3091
    2    1  159  339  380    0   24    3    2    0    3141
    2    1  160  340  130    0    9    1    1    1    1631
    2    1  161  341  204    0   13    2    2    1    3419
    2    1  162  342  306    1   20    2    2    1    2193
    2    1  163  343  174    0   11    2    1    0     841
    2    1  164  344   82    0    6    1    3    0     937
    2    1  165  345  345    0   22    3    3    1    2010
    2    1  166  346  155    0   10    1    1    1    1994
    2    1  167  347  247    0   16    2    3    0    1352
    2    1  168  348  449    0   29    3    3    1    2170
    2    1  169  349  150    0   10    1    1    1    2330
    2    1  170  350  478    0   30    3    3    1    1243
    2    1  171  351   81    0    6    1    3    0     946
    2    1  172  352  307    0   20    2    2    1    1342
    2    1  173  353  458    0   29    3    1    0     878
    2    1  174  354  357    0   23    3    1    0    2603
    2    1  175  355  183    0   12    2    2    1    2516
    2    1  176  356  468    0   30    3    3    1    1675
    2    1  177  357    5    0    1    1    1    1     971
    2    1  178  358  110    0    7    1    1    1     764
    2    1  179  359   55    1    4    1    1    1    1091
    2    1  180  360   25    0    2    1    2    0    1557
    2    1  181  361  335    0   21    3    2    0    2172
    2    1  182  362  386    0   25    3    1    0    1407
    2    1  183  363  480    0   30    3    2    0    2075
    2    1  184  364   28    0    2    1    1    1     640
    2    1  185  365  353    0   23    3    3    1     850
    2    1  186  366  123    0    8    1    1    1     591
    2    1  187  367  228    0   15    2    3    0     832
    2    1  188  368  477    0   30    3    2    0    2347
    2    1  189  369  384    0   24    3    1    0     848
    2    1  190  370  279    1   18    2    3    0     696
    2    1  191  371  275    0   18    2    1    0    1089
    2    1  192  372  238    1   15    2    3    0     984
    2    1  193  373  169    0   11    2    1    0     646
    2    1  194  374  210    0   14    2    3    0    1013
    2    1  195  375  417    0   27    3    1    0    1439
    2    1  196  376  289    0   19    2    2    1    1060
    2    1  197  377  333    0   21    3    2    0    1062
    2    1  198  378   20    0    2    1    2    0    2722
    2    1  199  379  172    0   11    2    1    0     620
    2    1  200  380   40    1    3    1    1    1     514
    2    1  201  381   36    0    3    1    1    1    1117
    2    1  202  382   87    0    6    1    1    1    5018
    2    1  203  383  194    0   13    2    1    0    1601
    2    1  204  384  424    0   27    3    3    1     750
    2    1  205  385  462    0   29    3    3    1     943
    2    1  206  386  101    0    7    1    1    1    2861
    2    1  207  387  471    1   30    3    2    0    2578
    2    1  208  388  182    0   12    2    2    1    1320
    2    1  209  389  410    0   26    3    3    1     891
    2    1  210  390  394    0   25    3    2    0    2543
    2    1  211  391  263    0   17    2    2    1    1960
    2    1  212  392  226    0   15    2    3    0    2199
    2    1  213  393  337    1   22    3    1    0     882
    2    1  214  394  330    1   21    3    2    0    1109
    2    1  215  395  118    0    8    1    1    1     660
    2    1  216  396  186    1   12    2    2    1    1013
    2    1  217  397   85    1    6    1    1    1     921
    2    1  218  398  362    0   23    3    2    0    6930
    2    1  219  399  442    0   28    3    1    0    1430
    2    1  220  400  129    0    9    1    1    1     557
    2    1  221  401  435    0   28    3    1    0     686
    2    1  222  402  443    1   28    3    1    0    1042
    2    1  223  403   14    0    1    1    1    1     982
    2    1  224  404  479    0   30    3    2    0    2619
    2    1  225  405   48    0    3    1    1    1     773
    2    1  226  406  212    0   14    2    2    1    2210
    2    1  227  407  452    0   29    3    3    1     556
    2    1  228  408   16    1    1    1    1    1     678
    2    1  229  409  290    0   19    2    1    0     924
    2    1  230  410  434    0   28    3    1    0     730
    2    1  231  411   22    0    2    1    3    0    1385
    2    1  232  412  151    0   10    1    2    0     952
    2    1  233  413  162    0   11    2    2    1     891
    2    1  234  414  300    0   19    2    2    1     473
    2    1  235  415  287    0   18    2    1    0     928
    2    1  236  416  294    0   19    2    1    0     840
    2    1  237  417  299    0   19    2    1    0     851
    2    1  238  418  241    1   16    2    2    1    1758
    2    1  239  419  398    0   25    3    3    1     921
    2    1  240  420   39    0    3    1    1    1     891
    2    1  241  421  234    0   15    2    1    0    1545
    2    1  242  422   67    0    5    1    1    1     480
    2    1  243  423  153    0   10    1    1    1    1008
    2    1  244  424  267    1   17    2    1    0    1048
    2    1  245  425  406    0   26    3    2    0     693
    2    1  246  426  221    0   14    2    2    1    6624
    2    1  247  427   30    0    2    1    1    1    3969
    2    1  248  428  223    0   14    2    3    0    1395
    2    1  249  429  259    0   17    2    2    1    2103
    2    1  250  430  134    0    9    1    1    1     449
    2    1  251  431  444    0   28    3    2    0    2621
    2    1  252  432  255    0   16    2    2    1    1178
    2    1  253  433  106    1    7    1    1    1     956
    2    1  254  434  431    0   27    3    2    0    3593
    2    1  255  435  338    0   22    3    3    1    1596
    2    1  256  436  188    0   12    2    2    1    1639
    2    1  257  437  328    0   21    3    2    0    1615
    2    1  258  438  423    1   27    3    2    0     764
    2    1  259  439  292    0   19    2    2    1    1874
    2    1  260  440   72    1    5    1    1    1     598
    2    1  261  441  371    0   24    3    1    0     569
    2    1  262  442  144    0    9    1    1    1     691
    2    1  263  443   27    0    2    1    1    1     525
    2    1  264  444   17    1    2    1    3    0     748
    2    1  265  445  179    0   12    2    2    1    1365
    2    1  266  446  348    0   22    3    1    0     551
    2    1  267  447  361    0   23    3    3    1     900
    2    1  268  448  378    0   24    3    1    0     599
    2    1  269  449  257    0   17    2    1    0     752
    2    1  270  450  161    0   11    2    1    0    1024
    2    1  271  451  295    0   19    2    2    1    1564
    2    1  272  452  448    0   28    3    2    0    1655
    2    1  273  453  438    0   28    3    1    0     804
    2    1  274  454  465    1   30    3    3    1     632
    2    1  275  455  139    0    9    1    1    1    1141
    2    1  276  456   57    0    4    1    2    0     912
    2    1  277  457  422    0   27    3    3    1    1171
    2    1  278  458   68    0    5    1    1    1     550
    2    1  279  459  412    0   26    3    2    0    4071
    2    1  280  460  400    0   25    3    1    0    1457
    2    1  281  461  454    0   29    3    3    1    4037
    2    1  282  462   50    0    4    1    2    0    4102
    2    1  283  463  140    0    9    1    1    1    1091
    2    1  284  464  107    0    7    1    2    0    2901
    2    1  285  465  473    0   30    3    2    0    2251
    2    1  286  466  222    0   14    2    2    1    1632
    2    1  287  467  336    0   21    3    2    0    1555
    2    1  288  468  200    0   13    2    1    0    1488
    2    1  289  469   77    0    5    1    1    1     642
    2    1  290  470   62    1    4    1    2    0    1764
    2    1  291  471  165    0   11    2    1    0     656
    2    1  292  472  374    0   24    3    1    0    1400
    2    1  293  473   79    0    5    1    1    1     513
    2    1  294  474  119    0    8    1    1    1    2911
    2    1  295  475  470    0   30    3    3    1    2837
    2    1  296  476  334    0   21    3    3    1     918
    2    1  297  477  387    0   25    3    3    1    1181
    2    1  298  478  236    0   15    2    3    0    1355
    2    1  299  479   88    0    6    1    3    0     912
    2    1  300  480  474    0   30    3    3    1    1744
