    1    1    1    1  146    1   10    1    1    1   10578
    1    1    2    2  148    1   10    1    3    0    8027
    1    1    3    3  215    1   14    2    2    1    3027
    1    1    4    4   72    1    5    1    2    0    5077
    1    1    5    5  170    1   11    2    1    0    2554
    1    1    6    6  306    1   20    2    3    0    2856
    1    1    7    7   85    1    6    1    2    0    3925
    1    1    8    8   17    1    2    1    1    1    7836
    1    1    9    9  339    1   22    3    2    0    4048
    1    1   10   10  337    1   22    3    2    0    6233
    1    1   11   11  446    1   28    3    3    1    2598
    1    1   12   12  190    1   12    2    3    0    4555
    1    1   13   13  471    1   30    3    3    1    2631
    1    1   14   14  186    1   12    2    3    0   11422
    1    1   15   15  423    1   27    3    3    1    1890
    1    1   16   16  203    1   13    2    1    0    4247
    1    1   17   17  163    1   11    2    2    1    5704
    1    1   18   18  106    1    7    1    3    0    2274
    1    1   19   19  136    1    9    1    1    1    3753
    1    1   20   20  135    1    9    1    1    1   10872
    1    1   21   21   62    1    4    1    1    1    4984
    1    1   22   22  111    1    7    1    3    0    1925
    1    1   23   23   73    1    5    1    3    0    5583
    1    1   24   24   40    1    3    1    2    0    3765
    1    1   25   25  413    1   26    3    1    0    1749
    1    1   26   26  397    1   25    3    3    1    2957
    1    1   27   27  250    1   16    2    3    0    1780
    1    1   28   28   55    1    4    1    2    0    3222
    1    1   29   29  278    1   18    2    3    0    2045
    1    1   30   30  279    1   18    2    1    0    8741
    1    1   31   31  272    1   17    2    2    1    2256
    1    1   32   32  359    1   23    3    3    1    1529
    1    1   33   33  293    1   19    2    2    1    6257
    1    1   34   34  376    1   24    3    3    1    2123
    1    1   35   35   31    1    2    1    3    0    1597
    1    1   36   36    7    1    1    1    1    1    2374
    1    1   37   37  238    1   15    2    3    0    2464
    1    1   38   38  115    1    8    1    2    0    5806
    1    1   39   39  465    1   30    3    3    1    1949
    1    1   40   40  455    1   29    3    3    1    1408
    1    1   41   41   96    1    6    1    2    0    2335
    1    1   42   42  456    1   29    3    1    0    3697
    1    1   43   43  327    1   21    3    2    0    3405
    1    1   44   44  267    1   17    2    2    1    2175
    1    1   45   45  125    1    8    1    2    0    7452
    1    1   46   46  308    1   20    2    3    0    3804
    1    1   47   47  355    1   23    3    3    1    7535
    1    1   48   48  195    1   13    2    1    0    3525
    1    1   49   49  224    1   14    2    2    1    3311
    1    1   50   50  229    1   15    2    3    0    7567
    1    1   51   51  420    1   27    3    3    1    2660
    1    1   52   52  297    1   19    2    2    1    6001
    1    1   53   53   16    1    1    1    2    0    1767
    1    1   54   54   34    1    3    1    2    0    3044
    1    1   55   55  405    1   26    3    3    1    2436
    1    1   56   56  395    1   25    3    3    1    2103
    1    1   57   57  330    1   21    3    1    0    2748
    1    1   58   58  443    1   28    3    1    0    3782
    1    1   59   59  381    1   24    3    3    1    3394
    1    1   60   60  241    1   16    2    1    0    2700
    1    2    1   61  413    1   26    3    1    0    2837
    1    2    2   62  111    1    7    1    3    0    4304
    1    2    3   63  135    1    9    1    2    0    2365
    1    2    4   64  195    1   13    2    1    0    2382
    1    2    5   65  330    1   21    3    3    1    4193
    1    2    6   66  446    1   28    3    3    1    1970
    1    2    7   67  397    1   25    3    1    0    2488
    1    2    8   68   85    1    6    1    2    0    4092
    1    2    9   69   17    1    2    1    1    1   13192
    1    2   10   70  190    1   12    2    2    1    1893
    1    2   11   71   62    1    4    1    3    0    2007
    1    2   12   72  250    1   16    2    2    1    3016
    1    2   13   73  471    1   30    3    1    0    1834
    1    2   14   74  163    1   11    2    2    1    1815
    1    2   15   75  238    1   15    2    3    0    4881
    1    2   16   76  146    1   10    1    1    1    5650
    1    2   17   77  267    1   17    2    3    0    2889
    1    2   18   78   40    1    3    1    1    1    2364
    1    2   19   79   31    1    2    1    3    0    1809
    1    2   20   80  106    1    7    1    3    0    2567
    1    2   21   81  170    1   11    2    1    0    3377
    1    2   22   82   72    1    5    1    1    1    2229
    1    2   23   83  339    1   22    3    3    1    2975
    1    2   24   84  465    1   30    3    3    1    1644
    1    2   25   85   34    1    3    1    1    1    2719
    1    2   26   86  186    1   12    2    3    0    8402
    1    2   27   87   96    1    6    1    1    1    6699
    1    2   28   88  136    1    9    1    2    0    2507
    1    2   29   89  115    1    8    1    1    1    2489
    1    2   30   90  456    1   29    3    3    1    3202
    1    2   31   91   73    1    5    1    1    1    3058
    1    2   32   92  327    1   21    3    2    0    7436
    1    2   33   93    7    1    1    1    1    1   33502
    1    2   34   94  203    1   13    2    3    0    3748
    1    2   35   95  423    1   27    3    3    1   16933
    1    2   36   96  395    1   25    3    3    1    1787
    1    2   37   97  279    1   18    2    3    0    3189
    1    2   38   98  381    1   24    3    3    1    1566
    1    2   39   99  148    1   10    1    2    0    5143
    1    2   40  100  229    1   15    2    3    0    2931
    1    2   41  101  125    1    8    1    2    0    2655
    1    2   42  102  355    1   23    3    1    0    4064
    1    2   43  103  308    1   20    2    1    0    4327
    1    2   44  104  420    1   27    3    3    1    1847
    1    2   45  105  241    1   16    2    1    0    2020
    1    2   46  106  278    1   18    2    2    1    1365
    1    2   47  107  224    1   14    2    2    1    1586
    1    2   48  108  293    1   19    2    2    1    1556
    1    2   49  109  272    1   17    2    2    1    1499
    1    2   50  110  405    1   26    3    3    1    1556
    1    2   51  111   16    1    1    1    1    1    1642
    1    2   52  112  306    1   20    2    1    0    3940
    1    2   53  113  359    1   23    3    3    1    2953
    1    2   54  114  443    1   28    3    2    0    4726
    1    2   55  115  455    1   29    3    2    0    1668
    1    2   56  116  337    1   22    3    3    1    2014
    1    2   57  117  215    1   14    2    1    0    3504
    1    2   58  118  297    1   19    2    2    1    1283
    1    2   59  119  376    1   24    3    3    1    2534
    1    2   60  120   55    1    4    1    3    0    1655
    1    3    1  121  190    1   12    2    2    1    1960
    1    3    2  122  465    1   30    3    1    0    7656
    1    3    3  123  224    1   14    2    2    1    3403
    1    3    4  124  146    1   10    1    1    1    5970
    1    3    5  125  359    1   23    3    3    1    5568
    1    3    6  126  423    1   27    3    3    1    2327
    1    3    7  127  395    1   25    3    3    1    1364
    1    3    8  128  278    1   18    2    2    1    3103
    1    3    9  129  203    1   13    2    2    1    3668
    1    3   10  130  238    1   15    2    3    0    2446
    1    3   11  131  106    1    7    1    1    1    1832
    1    3   12  132   85    1    6    1    1    1    1682
    1    3   13  133  195    1   13    2    2    1    2741
    1    3   14  134  111    1    7    1    2    0    5421
    1    3   15  135   55    1    4    1    2    0   13174
    1    3   16  136  125    1    8    1    1    1    3474
    1    3   17  137  250    1   16    2    2    1    4400
    1    3   18  138  293    1   19    2    2    1    1189
    1    3   19  139  381    1   24    3    3    1    2030
    1    3   20  140  229    1   15    2    1    0    2451
    1    3   21  141   17    1    2    1    1    1    2255
    1    3   22  142  327    1   21    3    2    0    2431
    1    3   23  143  456    1   29    3    1    0    2314
    1    3   24  144  405    1   26    3    3    1    1921
    1    3   25  145   72    1    5    1    1    1    5189
    1    3   26  146  215    1   14    2    2    1   13935
    1    3   27  147  135    1    9    1    2    0   17610
    1    3   28  148   62    1    4    1    2    0    3755
    1    3   29  149  471    1   30    3    3    1    7683
    1    3   30  150   73    1    5    1    1    1   18793
    1    3   31  151   31    1    2    1    3    0    2403
    1    3   32  152   40    1    3    1    1    1    2298
    1    3   33  153  297    1   19    2    1    0   15169
    1    3   34  154  186    1   12    2    2    1    1534
    1    3   35  155  413    1   26    3    3    1    2130
    1    3   36  156  355    1   23    3    3    1    1726
    1    3   37  157   34    1    3    1    1    1    1778
    1    3   38  158  455    1   29    3    1    0    8131
    1    3   39  159  443    1   28    3    2    0    2123
    1    3   40  160  330    1   21    3    2    0    2191
    1    3   41  161  397    1   25    3    2    0    6730
    1    3   42  162  339    1   22    3    1    0   20730
    1    3   43  163  267    1   17    2    1    0    4477
    1    3   44  164  115    1    8    1    1    1    1614
    1    3   45  165  446    1   28    3    3    1    1506
    1    3   46  166  170    1   11    2    2    1    3052
    1    3   47  167  306    1   20    2    3    0    3187
    1    3   48  168  279    1   18    2    2    1    7410
    1    3   49  169    7    1    1    1    1    1    4545
    1    3   50  170  420    1   27    3    3    1    2114
    1    3   51  171   16    1    1    1    1    1    8516
    1    3   52  172  337    1   22    3    3    1    3616
    1    3   53  173  376    1   24    3    3    1    4745
    1    3   54  174  148    1   10    1    2    0    3829
    1    3   55  175  136    1    9    1    2    0    5011
    1    3   56  176  308    1   20    2    2    1    3367
    1    3   57  177  163    1   11    2    3    0    2691
    1    3   58  178  241    1   16    2    1    0    7978
    1    3   59  179  272    1   17    2    2    1    2382
    1    3   60  180   96    1    6    1    3    0    5315
    2    1    1  181  199    0   13    2    2    1    8165
    2    1    2  182   94    0    6    1    1    1    2593
    2    1    3  183  299    0   19    2    3    0    6274
    2    1    4  184    6    0    1    1    2    0    6533
    2    1    5  185  279    1   18    2    1    0    2289
    2    1    6  186  325    0   21    3    2    0    3486
    2    1    7  187  437    0   28    3    1    0    5358
    2    1    8  188  393    0   25    3    2    0    6750
    2    1    9  189  301    0   19    2    2    1    2711
    2    1   10  190  362    0   23    3    3    1    2042
    2    1   11  191  244    0   16    2    2    1    1675
    2    1   12  192  100    0    7    1    1    1    1875
    2    1   13  193   43    0    3    1    1    1    1359
    2    1   14  194  233    0   15    2    2    1    4114
    2    1   15  195  260    0   17    2    2    1    3110
    2    1   16  196  155    0   10    1    2    0    1892
    2    1   17  197  141    0    9    1    1    1    1668
    2    1   18  198  471    1   30    3    3    1    2282
    2    1   19  199   86    0    6    1    2    0    7450
    2    1   20  200   91    0    6    1    3    0    4269
    2    1   21  201  322    0   21    3    2    0    1605
    2    1   22  202  146    1   10    1    1    1    1492
    2    1   23  203  321    0   21    3    2    0    2840
    2    1   24  204    4    0    1    1    1    1    1483
    2    1   25  205  245    0   16    2    3    0    1958
    2    1   26  206  440    0   28    3    3    1    1156
    2    1   27  207   30    0    2    1    2    0    1611
    2    1   28  208   23    0    2    1    2    0    1526
    2    1   29  209  207    0   13    2    3    0    1674
    2    1   30  210   74    0    5    1    1    1    1727
    2    1   31  211  423    1   27    3    1    0    2834
    2    1   32  212  291    0   19    2    2    1    1693
    2    1   33  213   87    0    6    1    1    1    4333
    2    1   34  214  269    0   17    2    2    1    1865
    2    1   35  215  448    0   28    3    3    1    1853
    2    1   36  216  251    0   16    2    1    0    2374
    2    1   37  217  476    0   30    3    2    0    1445
    2    1   38  218  247    0   16    2    1    0    2112
    2    1   39  219  225    0   15    2    2    1    3742
    2    1   40  220   88    0    6    1    3    0    3255
    2    1   41  221  339    1   22    3    2    0    2669
    2    1   42  222  123    0    8    1    2    0    1999
    2    1   43  223  473    0   30    3    3    1    3456
    2    1   44  224  409    0   26    3    1    0    2440
    2    1   45  225   55    1    4    1    2    0    1662
    2    1   46  226   35    0    3    1    1    1    1912
    2    1   47  227  144    0    9    1    3    0    1970
    2    1   48  228  320    0   20    2    1    0    1734
    2    1   49  229  457    0   29    3    3    1    1744
    2    1   50  230  372    0   24    3    3    1    2576
    2    1   51  231  131    0    9    1    1    1    2889
    2    1   52  232  468    0   30    3    1    0    4507
    2    1   53  233   81    0    6    1    1    1    4808
    2    1   54  234  455    1   29    3    3    1    3177
    2    1   55  235  406    0   26    3    3    1    4849
    2    1   56  236  158    0   10    1    2    0    4097
    2    1   57  237  227    0   15    2    3    0    2556
    2    1   58  238  109    0    7    1    3    0    3437
    2    1   59  239  116    0    8    1    3    0    2430
    2    1   60  240  139    0    9    1    2    0    1304
    2    1   61  241   32    0    2    1    1    1    2911
    2    1   62  242  272    1   17    2    1    0    2369
    2    1   63  243  143    0    9    1    3    0    2292
    2    1   64  244   69    0    5    1    2    0    2570
    2    1   65  245  430    0   27    3    3    1    1805
    2    1   66  246  194    0   13    2    2    1    3276
    2    1   67  247  198    0   13    2    1    0    2219
    2    1   68  248  434    0   28    3    3    1    4381
    2    1   69  249  419    0   27    3    1    0    2995
    2    1   70  250   79    0    5    1    1    1    1476
    2    1   71  251    8    0    1    1    1    1    1532
    2    1   72  252   39    0    3    1    1    1    2227
    2    1   73  253  366    0   23    3    3    1    1951
    2    1   74  254  427    0   27    3    1    0    2659
    2    1   75  255  150    0   10    1    2    0    2011
    2    1   76  256   76    0    5    1    1    1    2823
    2    1   77  257  138    0    9    1    3    0    2753
    2    1   78  258  288    0   18    2    2    1    4273
    2    1   79  259  371    0   24    3    1    0    2903
    2    1   80  260  259    0   17    2    2    1    2086
    2    1   81  261  145    0   10    1    2    0    4724
    2    1   82  262    1    0    1    1    2    0    2585
    2    1   83  263  205    0   13    2    2    1    4584
    2    1   84  264  369    0   24    3    3    1    4976
    2    1   85  265  298    0   19    2    2    1    8034
    2    1   86  266  255    0   16    2    3    0    3668
    2    1   87  267  162    0   11    2    2    1    3028
    2    1   88  268  296    0   19    2    3    0    3453
    2    1   89  269   92    0    6    1    3    0    4294
    2    1   90  270  154    0   10    1    1    1    1621
    2    1   91  271  312    0   20    2    1    0    2713
    2    1   92  272  248    0   16    2    2    1    3261
    2    1   93  273  148    1   10    1    3    0    3779
    2    1   94  274  387    0   25    3    2    0    2623
    2    1   95  275  374    0   24    3    2    0    1305
    2    1   96  276  428    0   27    3    1    0    1237
    2    1   97  277  398    0   25    3    3    1    2680
    2    1   98  278  358    0   23    3    3    1    2209
    2    1   99  279  215    1   14    2    2    1    1913
    2    1  100  280  164    0   11    2    2    1    1691
    2    1  101  281   93    0    6    1    2    0    1550
    2    1  102  282  411    0   26    3    3    1    2675
    2    1  103  283  136    1    9    1    3    0    3256
    2    1  104  284  475    0   30    3    3    1    4775
    2    1  105  285  135    1    9    1    1    1    2875
    2    1  106  286  165    0   11    2    1    0    1447
    2    1  107  287  263    0   17    2    3    0    5770
    2    1  108  288  196    0   13    2    3    0    5251
    2    1  109  289  292    0   19    2    3    0    4243
    2    1  110  290   63    0    4    1    2    0    2792
    2    1  111  291   17    1    2    1    3    0    3998
    2    1  112  292  181    0   12    2    2    1    2880
    2    1  113  293  337    1   22    3    3    1    1909
    2    1  114  294  264    0   17    2    3    0    7378
    2    1  115  295  449    0   29    3    1    0    2254
    2    1  116  296   52    0    4    1    2    0    2953
    2    1  117  297  378    0   24    3    3    1    2839
    2    1  118  298  380    0   24    3    3    1    3286
    2    1  119  299  102    0    7    1    3    0    1479
    2    1  120  300  429    0   27    3    3    1    2255
    2    1  121  301  129    0    9    1    2    0    1318
    2    1  122  302   98    0    7    1    2    0    2404
    2    1  123  303  383    0   24    3    2    0    1834
    2    1  124  304  289    0   19    2    3    0    5728
    2    1  125  305  458    0   29    3    2    0    2619
    2    1  126  306  210    0   14    2    1    0    4087
    2    1  127  307  373    0   24    3    2    0    3333
    2    1  128  308  218    0   14    2    1    0    4986
    2    1  129  309  420    1   27    3    3    1    1727
    2    1  130  310  332    0   21    3    2    0    2701
    2    1  131  311  477    0   30    3    3    1    2593
    2    1  132  312  283    0   18    2    1    0    2860
    2    1  133  313  355    1   23    3    3    1    4201
    2    1  134  314  171    0   11    2    3    0    2626
    2    1  135  315  436    0   28    3    3    1    2015
    2    1  136  316   18    0    2    1    2    0    2402
    2    1  137  317  151    0   10    1    3    0    1337
    2    1  138  318  270    0   17    2    3    0    2072
    2    1  139  319   51    0    4    1    1    1    1549
    2    1  140  320  122    0    8    1    2    0    3751
    2    1  141  321  323    0   21    3    2    0    2068
    2    1  142  322   48    0    3    1    1    1    1412
    2    1  143  323   10    0    1    1    3    0    3188
    2    1  144  324  187    0   12    2    2    1    2898
    2    1  145  325  394    0   25    3    3    1    1458
    2    1  146  326  250    1   16    2    2    1    3255
    2    1  147  327  403    0   26    3    1    0    3047
    2    1  148  328  105    0    7    1    3    0    2101
    2    1  149  329   29    0    2    1    2    0    1664
    2    1  150  330  275    0   18    2    1    0    2110
    2    1  151  331   77    0    5    1    2    0    1709
    2    1  152  332  395    1   25    3    3    1    1579
    2    1  153  333  180    0   12    2    2    1    1615
    2    1  154  334  235    0   15    2    1    0    2398
    2    1  155  335  348    0   22    3    2    0    2747
    2    1  156  336  261    0   17    2    3    0    2200
    2    1  157  337  197    0   13    2    2    1    2683
    2    1  158  338  452    0   29    3    1    0    1496
    2    1  159  339   68    0    5    1    1    1    1355
    2    1  160  340  396    0   25    3    1    0    1548
    2    1  161  341   70    0    5    1    1    1    3551
    2    1  162  342  356    0   23    3    3    1    3337
    2    1  163  343  126    0    8    1    3    0    2870
    2    1  164  344  330    1   21    3    2    0    2001
    2    1  165  345  357    0   23    3    3    1    5333
    2    1  166  346   83    0    6    1    2    0    1732
    2    1  167  347   75    0    5    1    1    1    2033
    2    1  168  348   14    0    1    1    2    0    2112
    2    1  169  349   95    0    6    1    1    1    2704
    2    1  170  350  107    0    7    1    3    0    2480
    2    1  171  351   64    0    4    1    2    0    2116
    2    1  172  352  461    0   29    3    3    1    3546
    2    1  173  353  352    0   22    3    2    0    2104
    2    1  174  354  365    0   23    3    3    1    1581
    2    1  175  355  308    1   20    2    1    0    1582
    2    1  176  356  113    0    8    1    2    0    2916
    2    1  177  357  142    0    9    1    3    0    2232
    2    1  178  358  438    0   28    3    3    1    2901
    2    1  179  359  168    0   11    2    2    1    2852
    2    1  180  360   33    0    3    1    1    1    1579
    2    1  181  361  454    0   29    3    3    1    2148
    2    1  182  362  480    0   30    3    2    0    1884
    2    1  183  363  349    0   22    3    3    1    1527
    2    1  184  364  347    0   22    3    3    1    1379
    2    1  185  365  422    0   27    3    3    1    2254
    2    1  186  366   78    0    5    1    2    0    2640
    2    1  187  367  137    0    9    1    3    0    2749
    2    1  188  368  240    0   15    2    2    1    2062
    2    1  189  369  236    0   15    2    3    0    3420
    2    1  190  370  456    1   29    3    3    1    1979
    2    1  191  371  311    0   20    2    2    1    5161
    2    1  192  372  220    0   14    2    2    1    2643
    2    1  193  373   67    0    5    1    1    1    2390
    2    1  194  374  242    0   16    2    3    0    2096
    2    1  195  375   27    0    2    1    3    0    1930
    2    1  196  376   50    0    4    1    1    1    3369
    2    1  197  377  431    0   27    3    3    1    1822
    2    1  198  378  201    0   13    2    3    0    2222
    2    1  199  379  439    0   28    3    3    1    1308
    2    1  200  380  262    0   17    2    2    1    2489
    2    1  201  381  274    0   18    2    3    0    1831
    2    1  202  382   22    0    2    1    1    1    1666
    2    1  203  383   21    0    2    1    2    0    2102
    2    1  204  384  258    0   17    2    3    0    2989
    2    1  205  385  407    0   26    3    3    1    1656
    2    1  206  386  432    0   27    3    1    0    2299
    2    1  207  387  254    0   16    2    2    1    2965
    2    1  208  388  167    0   11    2    1    0    1340
    2    1  209  389  163    1   11    2    3    0    1499
    2    1  210  390  237    0   15    2    3    0    1340
    2    1  211  391   58    0    4    1    2    0    3021
    2    1  212  392  256    0   16    2    2    1    2198
    2    1  213  393   71    0    5    1    1    1    1298
    2    1  214  394  463    0   29    3    3    1    2314
    2    1  215  395  410    0   26    3    1    0    3502
    2    1  216  396  341    0   22    3    3    1    1722
    2    1  217  397  300    0   19    2    2    1    2073
    2    1  218  398  400    0   25    3    3    1    1623
    2    1  219  399  442    0   28    3    3    1    2743
    2    1  220  400  200    0   13    2    2    1    3839
    2    1  221  401  293    1   19    2    2    1    3315
    2    1  222  402  222    0   14    2    2    1    2902
    2    1  223  403  213    0   14    2    2    1    1062
    2    1  224  404   24    0    2    1    2    0     704
    2    1  225  405   54    0    4    1    2    0     903
    2    1  226  406  118    0    8    1    1    1    1593
    2    1  227  407  367    0   23    3    3    1    3154
    2    1  228  408  203    1   13    2    1    0    1842
    2    1  229  409  127    0    8    1    1    1    1326
    2    1  230  410  306    1   20    2    3    0    1942
    2    1  231  411   25    0    2    1    3    0    2035
    2    1  232  412   49    0    4    1    2    0    2228
    2    1  233  413   85    1    6    1    1    1    1706
    2    1  234  414  376    1   24    3    3    1    1799
    2    1  235  415  277    0   18    2    3    0    4882
    2    1  236  416  313    0   20    2    3    0    1558
    2    1  237  417  464    0   29    3    3    1    1389
    2    1  238  418  106    1    7    1    1    1    1367
    2    1  239  419  286    0   18    2    1    0    4060
    2    1  240  420  190    1   12    2    2    1    3474
    2    1  241  421  338    0   22    3    3    1    1846
    2    1  242  422  336    0   21    3    2    0    3213
    2    1  243  423  103    0    7    1    3    0    2062
    2    1  244  424  326    0   21    3    2    0    2930
    2    1  245  425  112    0    7    1    2    0    2400
    2    1  246  426  182    0   12    2    3    0    2881
    2    1  247  427   66    0    5    1    1    1    1592
    2    1  248  428  217    0   14    2    2    1    2795
    2    1  249  429  152    0   10    1    3    0    2113
    2    1  250  430   12    0    1    1    1    1    1651
    2    1  251  431  433    0   28    3    3    1    1551
    2    1  252  432  160    0   10    1    3    0    2676
    2    1  253  433  334    0   21    3    1    0    3681
    2    1  254  434  342    0   22    3    2    0    1863
    2    1  255  435  253    0   16    2    2    1    1463
    2    1  256  436  331    0   21    3    1    0    2028
    2    1  257  437    2    0    1    1    2    0    3828
    2    1  258  438   15    0    1    1    1    1    2629
    2    1  259  439  111    1    7    1    1    1    3379
    2    1  260  440  474    0   30    3    3    1    3310
    2    1  261  441  402    0   26    3    3    1    3341
    2    1  262  442  176    0   11    2    2    1    2184
    2    1  263  443   59    0    4    1    3    0    2278
    2    1  264  444  305    0   20    2    1    0    2174
    2    1  265  445  435    0   28    3    2    0    3893
    2    1  266  446  104    0    7    1    3    0    2280
    2    1  267  447  128    0    8    1    1    1    2049
    2    1  268  448  353    0   23    3    3    1    5650
    2    1  269  449  281    0   18    2    3    0    1591
    2    1  270  450  444    0   28    3    3    1    1861
    2    1  271  451  478    0   30    3    1    0    1633
    2    1  272  452  276    0   18    2    1    0    2399
    2    1  273  453   20    0    2    1    1    1    2334
    2    1  274  454   73    1    5    1    2    0    1813
    2    1  275  455  239    0   15    2    3    0    3145
    2    1  276  456  327    1   21    3    2    0    1670
    2    1  277  457   82    0    6    1    1    1    2531
    2    1  278  458  153    0   10    1    2    0    1949
    2    1  279  459  295    0   19    2    3    0   12008
    2    1  280  460  405    1   26    3    3    1    1775
    2    1  281  461  221    0   14    2    2    1    2140
    2    1  282  462  206    0   13    2    1    0    1702
    2    1  283  463  446    1   28    3    3    1    1405
    2    1  284  464  183    0   12    2    3    0    2309
    2    1  285  465  462    0   29    3    1    0    2331
    2    1  286  466  169    0   11    2    2    1    2628
    2    1  287  467    7    1    1    1    2    0    2415
    2    1  288  468  121    0    8    1    2    0    3141
    2    1  289  469  416    0   26    3    3    1    1530
    2    1  290  470   19    0    2    1    2    0    2909
    2    1  291  471  388    0   25    3    1    0    2103
    2    1  292  472  219    0   14    2    2    1    2026
    2    1  293  473   61    0    4    1    2    0    3951
    2    1  294  474  238    1   15    2    3    0    1600
    2    1  295  475  414    0   26    3    2    0    2071
    2    1  296  476  368    0   23    3    3    1    3371
    2    1  297  477  309    0   20    2    1    0    3773
    2    1  298  478  418    0   27    3    1    0    1984
    2    1  299  479  120    0    8    1    2    0    2108
    2    1  300  480  243    0   16    2    1    0    1467
