    1    1    1    1   53    1    4    1    1    1    1303
    1    1    2    2   37    1    3    1    2    0    1378
    1    1    3    3  387    1   25    3    2    0    1253
    1    1    4    4  408    1   26    3    2    0    1330
    1    1    5    5  266    1   17    2    2    1    4804
    1    1    6    6  201    1   13    2    3    0     873
    1    1    7    7  424    1   27    3    3    1    2497
    1    1    8    8  164    1   11    2    1    0    1925
    1    1    9    9  267    1   17    2    2    1    2385
    1    1   10   10  276    1   18    2    3    0    2532
    1    1   11   11  409    1   26    3    3    1    2036
    1    1   12   12  360    1   23    3    1    0    3248
    1    1   13   13  280    1   18    2    2    1     815
    1    1   14   14  121    1    8    1    1    1    2724
    1    1   15   15  219    1   14    2    1    0     825
    1    1   16   16   58    1    4    1    1    1     898
    1    1   17   17  476    1   30    3    3    1    2692
    1    1   18   18  411    1   26    3    2    0    1828
    1    1   19   19    6    1    1    1    1    1     282
    1    1   20   20   16    1    1    1    2    0     183
    1    1   21   21  245    1   16    2    1    0     472
    1    1   22   22   56    1    4    1    3    0     652
    1    1   23   23   36    1    3    1    1    1     518
    1    1   24   24   49    1    4    1    3    0      25
    1    1   25   25  252    1   16    2    1    0     174
    1    1   26   26  465    1   30    3    1    0     128
    1    1   27   27  340    1   22    3    1    0     274
    1    1   28   28  359    1   23    3    2    0     138
    1    1   29   29  380    1   24    3    3    1     265
    1    1   30   30  216    1   14    2    2    1     121
    1    1   31   31  272    1   17    2    2    1     874
    1    1   32   32  356    1   23    3    1    0    2495
    1    1   33   33  271    1   17    2    1    0     925
    1    1   34   34  326    1   21    3    1    0     817
    1    1   35   35  217    1   14    2    1    0       0
    1    1   36   36  212    1   14    2    2    1       0
    1    1   37   37  473    1   30    3    2    0     212
    1    1   38   38  406    1   26    3    2    0     111
    1    1   39   39  471    1   30    3    2    0     261
    1    1   40   40   80    1    5    1    1    1     477
    1    1   41   41   35    1    3    1    1    1      30
    1    1   42   42  117    1    8    1    1    1     511
    1    1   43   43  269    1   17    2    1    0    2489
    1    1   44   44  182    1   12    2    1    0     270
    1    1   45   45  120    1    8    1    2    0       0
    1    1   46   46   15    1    1    1    3    0     219
    1    1   47   47   38    1    3    1    1    1       0
    1    1   48   48  290    1   19    2    2    1       0
    1    1   49   49  353    1   23    3    1    0      56
    1    1   50   50  396    1   25    3    3    1     119
    1    1   51   51   66    1    5    1    1    1     283
    1    1   52   52  448    1   28    3    1    0     522
    1    1   53   53  289    1   19    2    2    1     419
    1    1   54   54  240    1   15    2    3    0    1020
    1    1   55   55   33    1    3    1    1    1     696
    1    1   56   56   52    1    4    1    1    1     772
    1    1   57   57  250    1   16    2    3    0     294
    1    1   58   58   71    1    5    1    2    0     984
    1    1   59   59    4    1    1    1    2    0     511
    1    1   60   60  479    1   30    3    2    0    1546
    1    2    1   61  121    1    8    1    1    1     412
    1    2    2   62   80    1    5    1    3    0     282
    1    2    3   63   16    1    1    1    2    0     672
    1    2    4   64  465    1   30    3    2    0    2874
    1    2    5   65   52    1    4    1    2    0      52
    1    2    6   66    6    1    1    1    2    0    1251
    1    2    7   67  326    1   21    3    2    0       0
    1    2    8   68  271    1   17    2    1    0    1358
    1    2    9   69  289    1   19    2    3    0       0
    1    2   10   70  276    1   18    2    2    1    1037
    1    2   11   71  219    1   14    2    1    0    1389
    1    2   12   72  269    1   17    2    3    0     467
    1    2   13   73  411    1   26    3    2    0       0
    1    2   14   74   71    1    5    1    3    0    1165
    1    2   15   75  353    1   23    3    1    0     754
    1    2   16   76  356    1   23    3    2    0     950
    1    2   17   77   53    1    4    1    1    1     581
    1    2   18   78  476    1   30    3    3    1     775
    1    2   19   79  471    1   30    3    3    1    1487
    1    2   20   80  182    1   12    2    1    0     749
    1    2   21   81  164    1   11    2    2    1     268
    1    2   22   82  448    1   28    3    1    0     387
    1    2   23   83   33    1    3    1    2    0     529
    1    2   24   84  216    1   14    2    1    0       0
    1    2   25   85  409    1   26    3    1    0     423
    1    2   26   86   49    1    4    1    1    1    1125
    1    2   27   87  408    1   26    3    1    0     124
    1    2   28   88  387    1   25    3    1    0    1515
    1    2   29   89  252    1   16    2    2    1     116
    1    2   30   90  272    1   17    2    2    1     328
    1    2   31   91  479    1   30    3    2    0     560
    1    2   32   92  201    1   13    2    2    1    2287
    1    2   33   93   37    1    3    1    2    0    2100
    1    2   34   94  120    1    8    1    2    0     617
    1    2   35   95   66    1    5    1    3    0    1095
    1    2   36   96  117    1    8    1    3    0    1665
    1    2   37   97  212    1   14    2    3    0     250
    1    2   38   98  424    1   27    3    2    0    1151
    1    2   39   99  280    1   18    2    1    0     561
    1    2   40  100  240    1   15    2    1    0     543
    1    2   41  101  396    1   25    3    1    0     714
    1    2   42  102  360    1   23    3    2    0    1993
    1    2   43  103  290    1   19    2    2    1      67
    1    2   44  104  473    1   30    3    1    0     116
    1    2   45  105  380    1   24    3    2    0     374
    1    2   46  106   58    1    4    1    2    0     520
    1    2   47  107  406    1   26    3    3    1     609
    1    2   48  108   56    1    4    1    3    0    1447
    1    2   49  109  217    1   14    2    1    0     449
    1    2   50  110  267    1   17    2    2    1     843
    1    2   51  111   15    1    1    1    1    1    1135
    1    2   52  112  359    1   23    3    1    0    3129
    1    2   53  113  340    1   22    3    3    1     453
    1    2   54  114   38    1    3    1    2    0    2179
    1    2   55  115  250    1   16    2    1    0    2950
    1    2   56  116  245    1   16    2    3    0    1065
    1    2   57  117  266    1   17    2    1    0    1158
    1    2   58  118   35    1    3    1    1    1     114
    1    2   59  119   36    1    3    1    1    1    1542
    1    2   60  120    4    1    1    1    1    1    9876
    1    3    1  121  360    1   23    3    1    0     542
    1    3    2  122   66    1    5    1    1    1     265
    1    3    3  123  272    1   17    2    1    0    8235
    1    3    4  124  353    1   23    3    1    0    5464
    1    3    5  125   52    1    4    1    3    0     534
    1    3    6  126   37    1    3    1    2    0     229
    1    3    7  127  479    1   30    3    1    0    1188
    1    3    8  128  290    1   19    2    1    0     297
    1    3    9  129  182    1   12    2    2    1    2672
    1    3   10  130  476    1   30    3    3    1    2462
    1    3   11  131  267    1   17    2    2    1    3655
    1    3   12  132  411    1   26    3    1    0    3750
    1    3   13  133  473    1   30    3    2    0    1770
    1    3   14  134  326    1   21    3    1    0    4892
    1    3   15  135  245    1   16    2    2    1    2222
    1    3   16  136  216    1   14    2    3    0     359
    1    3   17  137   49    1    4    1    3    0     866
    1    3   18  138  252    1   16    2    1    0    1555
    1    3   19  139  359    1   23    3    2    0     429
    1    3   20  140  121    1    8    1    2    0      88
    1    3   21  141  465    1   30    3    2    0    1176
    1    3   22  142  340    1   22    3    1    0     528
    1    3   23  143  271    1   17    2    1    0     589
    1    3   24  144  387    1   25    3    1    0     911
    1    3   25  145  212    1   14    2    1    0     108
    1    3   26  146  120    1    8    1    3    0     544
    1    3   27  147   36    1    3    1    2    0     540
    1    3   28  148  164    1   11    2    1    0    2690
    1    3   29  149  471    1   30    3    1    0    2000
    1    3   30  150   38    1    3    1    3    0    2939
    1    3   31  151  269    1   17    2    3    0    1494
    1    3   32  152    4    1    1    1    3    0     972
    1    3   33  153   56    1    4    1    1    1     556
    1    3   34  154   71    1    5    1    2    0    1151
    1    3   35  155   33    1    3    1    3    0     488
    1    3   36  156  380    1   24    3    2    0    1593
    1    3   37  157  409    1   26    3    3    1     534
    1    3   38  158   16    1    1    1    1    1    1652
    1    3   39  159  217    1   14    2    2    1    5610
    1    3   40  160  396    1   25    3    3    1     793
    1    3   41  161  408    1   26    3    3    1    1292
    1    3   42  162  424    1   27    3    3    1    1777
    1    3   43  163   58    1    4    1    1    1     995
    1    3   44  164   80    1    5    1    2    0    1117
    1    3   45  165  117    1    8    1    2    0    1030
    1    3   46  166  280    1   18    2    2    1     709
    1    3   47  167  266    1   17    2    3    0     685
    1    3   48  168   53    1    4    1    2    0     742
    1    3   49  169  201    1   13    2    2    1     603
    1    3   50  170  448    1   28    3    3    1     978
    1    3   51  171  276    1   18    2    1    0    1823
    1    3   52  172  219    1   14    2    2    1     761
    1    3   53  173  356    1   23    3    1    0    1635
    1    3   54  174  250    1   16    2    1    0    1626
    1    3   55  175   15    1    1    1    2    0     497
    1    3   56  176    6    1    1    1    3    0     989
    1    3   57  177  406    1   26    3    3    1    1296
    1    3   58  178  289    1   19    2    2    1     934
    1    3   59  179  240    1   15    2    3    0    2929
    1    3   60  180   35    1    3    1    2    0     812
    2    1    1  181  421    0   27    3    2    0    5728
    2    1    2  182  372    0   24    3    3    1     837
    2    1    3  183    9    0    1    1    2    0     663
    2    1    4  184  294    0   19    2    1    0     595
    2    1    5  185  154    0   10    1    3    0     286
    2    1    6  186  105    0    7    1    2    0     357
    2    1    7  187  479    1   30    3    1    0     262
    2    1    8  188  278    0   18    2    3    0     283
    2    1    9  189  349    0   22    3    1    0     486
    2    1   10  190  458    0   29    3    2    0     292
    2    1   11  191    5    0    1    1    3    0     245
    2    1   12  192  357    0   23    3    3    1    1003
    2    1   13  193  456    0   29    3    3    1     935
    2    1   14  194  352    0   22    3    1    0    1304
    2    1   15  195  376    0   24    3    2    0     654
    2    1   16  196  217    1   14    2    3    0     541
    2    1   17  197  345    0   22    3    1    0     841
    2    1   18  198  409    1   26    3    3    1     962
    2    1   19  199  190    0   12    2    2    1     815
    2    1   20  200  328    0   21    3    1    0     979
    2    1   21  201  441    0   28    3    3    1    1059
    2    1   22  202  132    0    9    1    2    0    1027
    2    1   23  203  361    0   23    3    1    0     392
    2    1   24  204  399    0   25    3    1    0     754
    2    1   25  205  351    0   22    3    2    0     967
    2    1   26  206  365    0   23    3    2    0     586
    2    1   27  207  336    0   21    3    2    0     617
    2    1   28  208  314    0   20    2    2    1    1067
    2    1   29  209  279    0   18    2    2    1    1499
    2    1   30  210  353    1   23    3    2    0     874
    2    1   31  211   46    0    3    1    1    1     613
    2    1   32  212  433    0   28    3    1    0    1720
    2    1   33  213  253    0   16    2    2    1    1515
    2    1   34  214  149    0   10    1    2    0    1037
    2    1   35  215  231    0   15    2    3    0     408
    2    1   36  216  414    0   26    3    3    1     604
    2    1   37  217  288    0   18    2    3    0     517
    2    1   38  218  158    0   10    1    3    0    3332
    2    1   39  219   19    0    2    1    3    0    1357
    2    1   40  220  290    1   19    2    3    0    1450
    2    1   41  221  202    0   13    2    3    0     591
    2    1   42  222  115    0    8    1    3    0     608
    2    1   43  223  124    0    8    1    3    0     519
    2    1   44  224  293    0   19    2    3    0    4016
    2    1   45  225  265    0   17    2    1    0    1539
    2    1   46  226  119    0    8    1    2    0     862
    2    1   47  227  380    1   24    3    2    0    2539
    2    1   48  228   28    0    2    1    2    0    1704
    2    1   49  229  332    0   21    3    1    0    1007
    2    1   50  230  148    0   10    1    2    0    1373
    2    1   51  231  465    1   30    3    1    0     398
    2    1   52  232  143    0    9    1    3    0     428
    2    1   53  233  210    0   14    2    3    0    1005
    2    1   54  234   23    0    2    1    3    0    2220
    2    1   55  235  141    0    9    1    3    0     432
    2    1   56  236  276    1   18    2    3    0     606
    2    1   57  237  417    0   27    3    1    0     701
    2    1   58  238  203    0   13    2    2    1     574
    2    1   59  239  470    0   30    3    2    0    1904
    2    1   60  240   13    0    1    1    2    0    1989
    2    1   61  241  188    0   12    2    2    1    5225
    2    1   62  242  327    0   21    3    2    0    1365
    2    1   63  243   16    1    1    1    1    1     474
    2    1   64  244  175    0   11    2    1    0     599
    2    1   65  245  391    0   25    3    2    0     364
    2    1   66  246  273    0   18    2    3    0     813
    2    1   67  247  222    0   14    2    3    0     738
    2    1   68  248  311    0   20    2    3    0     687
    2    1   69  249  201    1   13    2    2    1     137
    2    1   70  250  173    0   11    2    3    0    2932
    2    1   71  251  411    1   26    3    2    0     348
    2    1   72  252   91    0    6    1    2    0     927
    2    1   73  253  324    0   21    3    1    0    1038
    2    1   74  254    6    1    1    1    3    0    2275
    2    1   75  255   66    1    5    1    2    0    2216
    2    1   76  256  383    0   24    3    2    0     441
    2    1   77  257  350    0   22    3    1    0     691
    2    1   78  258  259    0   17    2    1    0     750
    2    1   79  259  189    0   12    2    3    0     996
    2    1   80  260  286    0   18    2    3    0    4713
    2    1   81  261  180    0   12    2    1    0    1676
    2    1   82  262  313    0   20    2    2    1    1309
    2    1   83  263   22    0    2    1    1    1    1618
    2    1   84  264  310    0   20    2    3    0     976
    2    1   85  265  227    0   15    2    2    1     844
    2    1   86  266  289    1   19    2    2    1    3516
    2    1   87  267  131    0    9    1    1    1    1582
    2    1   88  268  381    0   24    3    3    1    3466
    2    1   89  269  280    1   18    2    1    0    5999
    2    1   90  270   37    1    3    1    1    1    3407
    2    1   91  271  106    0    7    1    2    0    1020
    2    1   92  272  200    0   13    2    2    1       0
    2    1   93  273  379    0   24    3    3    1     141
    2    1   94  274  436    0   28    3    1    0    3208
    2    1   95  275  476    1   30    3    1    0     586
    2    1   96  276  249    0   16    2    2    1       0
    2    1   97  277   32    0    2    1    1    1    2297
    2    1   98  278  245    1   16    2    1    0    2102
    2    1   99  279  296    0   19    2    1    0    3029
    2    1  100  280  426    0   27    3    1    0    2926
    2    1  101  281  168    0   11    2    2    1    7787
    2    1  102  282  469    0   30    3    3    1    3301
    2    1  103  283   57    0    4    1    1    1    3486
    2    1  104  284  401    0   26    3    1    0    6762
    2    1  105  285  277    0   18    2    2    1    3720
    2    1  106  286  390    0   25    3    3    1    1759
    2    1  107  287  360    1   23    3    3    1     920
    2    1  108  288   36    1    3    1    3    0    3170
    2    1  109  289  225    0   15    2    1    0    2159
    2    1  110  290  122    0    8    1    2    0    1350
    2    1  111  291  348    0   22    3    3    1    1520
    2    1  112  292  133    0    9    1    1    1    1795
    2    1  113  293  480    0   30    3    2    0    2077
    2    1  114  294  248    0   16    2    3    0     321
    2    1  115  295  337    0   22    3    3    1     872
    2    1  116  296  199    0   13    2    1    0     278
    2    1  117  297   38    1    3    1    1    1     393
    2    1  118  298  240    1   15    2    2    1    3441
    2    1  119  299  226    0   15    2    3    0    1002
    2    1  120  300   80    1    5    1    1    1    1519
    2    1  121  301  103    0    7    1    2    0   22868
    2    1  122  302  261    0   17    2    1    0     699
    2    1  123  303  272    1   17    2    2    1     388
    2    1  124  304  407    0   26    3    3    1     204
    2    1  125  305  471    1   30    3    1    0     311
    2    1  126  306  317    0   20    2    2    1     513
    2    1  127  307   71    1    5    1    1    1     680
    2    1  128  308  354    0   23    3    1    0    4086
    2    1  129  309  295    0   19    2    1    0    4068
    2    1  130  310   64    0    4    1    1    1     560
    2    1  131  311  335    0   21    3    1    0     512
    2    1  132  312  448    1   28    3    1    0    1379
    2    1  133  313  388    0   25    3    1    0      65
    2    1  134  314  428    0   27    3    2    0    1081
    2    1  135  315  340    1   22    3    1    0     703
    2    1  136  316  373    0   24    3    3    1     213
    2    1  137  317  275    0   18    2    2    1     206
    2    1  138  318  445    0   28    3    2    0    1726
    2    1  139  319  364    0   23    3    2    0     454
    2    1  140  320   35    1    3    1    2    0    1011
    2    1  141  321   43    0    3    1    1    1     698
    2    1  142  322   67    0    5    1    1    1     583
    2    1  143  323  338    0   22    3    3    1     723
    2    1  144  324   45    0    3    1    3    0    1355
    2    1  145  325  454    0   29    3    3    1    1872
    2    1  146  326  466    0   30    3    3    1    1810
    2    1  147  327  320    0   20    2    3    0    1322
    2    1  148  328  144    0    9    1    3    0    1273
    2    1  149  329  403    0   26    3    1    0    1331
    2    1  150  330  282    0   18    2    1    0     640
    2    1  151  331  308    0   20    2    1    0    1119
    2    1  152  332  291    0   19    2    2    1    1739
    2    1  153  333  157    0   10    1    2    0     873
    2    1  154  334  209    0   14    2    1    0    2795
    2    1  155  335  450    0   29    3    1    0     532
    2    1  156  336  193    0   13    2    1    0    1096
    2    1  157  337  367    0   23    3    2    0     803
    2    1  158  338  464    0   29    3    2    0     734
    2    1  159  339  236    0   15    2    2    1     891
    2    1  160  340  333    0   21    3    2    0     228
    2    1  161  341  472    0   30    3    3    1    2458
    2    1  162  342  262    0   17    2    1    0    1715
    2    1  163  343  358    0   23    3    3    1       5
    2    1  164  344  155    0   10    1    3    0       0
    2    1  165  345  138    0    9    1    3    0     476
    2    1  166  346  111    0    7    1    3    0     544
    2    1  167  347  413    0   26    3    1    0       0
    2    1  168  348  171    0   11    2    1    0     411
    2    1  169  349  389    0   25    3    3    1     914
    2    1  170  350   89    0    6    1    3    0    2044
    2    1  171  351  331    0   21    3    3    1    1102
    2    1  172  352   86    0    6    1    2    0    1998
    2    1  173  353  151    0   10    1    2    0    1440
    2    1  174  354  319    0   20    2    2    1    8217
    2    1  175  355  368    0   23    3    2    0    4383
    2    1  176  356    3    0    1    1    2    0    3329
    2    1  177  357  257    0   17    2    1    0    1503
    2    1  178  358  239    0   15    2    1    0     310
    2    1  179  359   58    1    4    1    2    0     908
    2    1  180  360  374    0   24    3    2    0     196
    2    1  181  361  118    0    8    1    3    0     416
    2    1  182  362  473    1   30    3    1    0     591
    2    1  183  363  206    0   13    2    2    1     831
    2    1  184  364  191    0   12    2    2    1     838
    2    1  185  365  241    0   16    2    1    0     450
    2    1  186  366   11    0    1    1    1    1     512
    2    1  187  367   77    0    5    1    3    0     434
    2    1  188  368   84    0    6    1    3    0     387
    2    1  189  369  292    0   19    2    3    0     765
    2    1  190  370  110    0    7    1    3    0     571
    2    1  191  371  134    0    9    1    3    0     306
    2    1  192  372  405    0   26    3    1    0     608
    2    1  193  373  114    0    8    1    1    1     321
    2    1  194  374  325    0   21    3    3    1     462
    2    1  195  375  299    0   19    2    3    0     344
    2    1  196  376  116    0    8    1    1    1     732
    2    1  197  377   21    0    2    1    3    0    2816
    2    1  198  378  160    0   10    1    3    0     872
    2    1  199  379  387    1   25    3    3    1     855
    2    1  200  380  127    0    8    1    1    1     373
    2    1  201  381  477    0   30    3    3    1    3111
    2    1  202  382   42    0    3    1    3    0    2572
    2    1  203  383  344    0   22    3    2    0    2298
    2    1  204  384   41    0    3    1    2    0    3682
    2    1  205  385  233    0   15    2    2    1     723
    2    1  206  386  164    1   11    2    1    0       0
    2    1  207  387  438    0   28    3    1    0       0
    2    1  208  388  303    0   19    2    2    1     217
    2    1  209  389  208    0   13    2    1    0     335
    2    1  210  390  287    0   18    2    2    1    1169
    2    1  211  391  214    0   14    2    1    0    1210
    2    1  212  392   17    0    2    1    2    0    1971
    2    1  213  393  142    0    9    1    1    1     509
    2    1  214  394  443    0   28    3    2    0    1443
    2    1  215  395  137    0    9    1    2    0     936
    2    1  216  396  211    0   14    2    3    0    1223
    2    1  217  397  184    0   12    2    3    0    3381
    2    1  218  398   76    0    5    1    3    0    2136
    2    1  219  399  264    0   17    2    3    0    1095
    2    1  220  400   51    0    4    1    1    1     714
    2    1  221  401  139    0    9    1    1    1     872
    2    1  222  402  169    0   11    2    1    0     656
    2    1  223  403  102    0    7    1    2    0    3550
    2    1  224  404  260    0   17    2    1    0     476
    2    1  225  405  108    0    7    1    3    0     241
    2    1  226  406   88    0    6    1    1    1    1467
    2    1  227  407    2    0    1    1    1    1    2614
    2    1  228  408  475    0   30    3    1    0    2157
    2    1  229  409  378    0   24    3    2    0    1900
    2    1  230  410   70    0    5    1    1    1    1774
    2    1  231  411   29    0    2    1    1    1    2587
    2    1  232  412  174    0   11    2    2    1    1903
    2    1  233  413  269    1   17    2    3    0    4174
    2    1  234  414   25    0    2    1    1    1    2569
    2    1  235  415  263    0   17    2    2    1    2263
    2    1  236  416  243    0   16    2    1    0    3259
    2    1  237  417  459    0   29    3    1    0    3396
    2    1  238  418   14    0    1    1    1    1    3535
    2    1  239  419  412    0   26    3    1    0    1911
    2    1  240  420  283    0   18    2    2    1    1599
    2    1  241  421  462    0   29    3    3    1     539
    2    1  242  422  221    0   14    2    3    0     461
    2    1  243  423  121    1    8    1    1    1     464
    2    1  244  424  425    0   27    3    1    0    1834
    2    1  245  425  244    0   16    2    1    0     943
    2    1  246  426  251    0   16    2    1    0     199
    2    1  247  427  435    0   28    3    3    1    1956
    2    1  248  428  304    0   19    2    3    0     779
    2    1  249  429  123    0    8    1    3    0    1511
    2    1  250  430  224    0   14    2    3    0     916
    2    1  251  431   15    1    1    1    2    0     618
    2    1  252  432   53    1    4    1    2    0     743
    2    1  253  433  237    0   15    2    2    1     501
    2    1  254  434  145    0   10    1    2    0    1495
    2    1  255  435  385    0   25    3    1    0    1975
    2    1  256  436   65    0    5    1    1    1     961
    2    1  257  437   85    0    6    1    1    1     511
    2    1  258  438   81    0    6    1    3    0     811
    2    1  259  439  342    0   22    3    3    1    2763
    2    1  260  440  377    0   24    3    1    0     902
    2    1  261  441  395    0   25    3    3    1     306
    2    1  262  442  322    0   21    3    3    1     302
    2    1  263  443  468    0   30    3    2    0     480
    2    1  264  444   47    0    3    1    2    0     210
    2    1  265  445  347    0   22    3    2    0     843
    2    1  266  446  321    0   21    3    3    1    3271
    2    1  267  447  423    0   27    3    1    0     458
    2    1  268  448  246    0   16    2    3    0     586
    2    1  269  449  452    0   29    3    1    0     372
    2    1  270  450   54    0    4    1    2    0     117
    2    1  271  451  323    0   21    3    1    0     474
    2    1  272  452  355    0   23    3    3    1     274
    2    1  273  453  298    0   19    2    1    0     466
    2    1  274  454  256    0   16    2    2    1     285
    2    1  275  455  394    0   25    3    1    0      80
    2    1  276  456  107    0    7    1    2    0     611
    2    1  277  457   99    0    7    1    3    0     682
    2    1  278  458  439    0   28    3    1    0     799
    2    1  279  459   24    0    2    1    2    0     406
    2    1  280  460  186    0   12    2    1    0    1001
    2    1  281  461  274    0   18    2    2    1    1046
    2    1  282  462  346    0   22    3    1    0    1094
    2    1  283  463   75    0    5    1    3    0     712
    2    1  284  464  410    0   26    3    2    0    1456
    2    1  285  465  136    0    9    1    3    0    1751
    2    1  286  466   52    1    4    1    2    0    1253
    2    1  287  467   90    0    6    1    1    1    2420
    2    1  288  468  416    0   26    3    3    1    1206
    2    1  289  469    7    0    1    1    2    0     518
    2    1  290  470  161    0   11    2    1    0     447
    2    1  291  471  341    0   22    3    3    1     997
    2    1  292  472  404    0   26    3    2    0     618
    2    1  293  473   93    0    6    1    1    1     666
    2    1  294  474  312    0   20    2    3    0    1493
    2    1  295  475  396    1   25    3    3    1    1033
    2    1  296  476  207    0   13    2    2    1    1001
    2    1  297  477  194    0   13    2    2    1     891
    2    1  298  478  285    0   18    2    3    0    1262
    2    1  299  479  393    0   25    3    2    0     826
    2    1  300  480  216    1   14    2    2    1     861
