    1    1    1    1  170    1   11    2    3    0    5404
    1    1    2    2  148    1   10    1    3    0    2608
    1    1    3    3  297    1   19    2    2    1    4462
    1    1    4    4   55    1    4    1    3    0    3552
    1    1    5    5  267    1   17    2    3    0    4001
    1    1    6    6  186    1   12    2    2    1    6395
    1    1    7    7  337    1   22    3    3    1    3215
    1    1    8    8  456    1   29    3    1    0    2029
    1    1    9    9  146    1   10    1    3    0    6749
    1    1   10   10    7    1    1    1    2    0    3663
    1    1   11   11  355    1   23    3    3    1    3074
    1    1   12   12  111    1    7    1    1    1    3815
    1    1   13   13  190    1   12    2    2    1    1341
    1    1   14   14  279    1   18    2    3    0    1355
    1    1   15   15  136    1    9    1    3    0    4236
    1    1   16   16  381    1   24    3    1    0    3379
    1    1   17   17  327    1   21    3    2    0    1368
    1    1   18   18  405    1   26    3    3    1    3078
    1    1   19   19  125    1    8    1    1    1    7521
    1    1   20   20  238    1   15    2    1    0    3779
    1    1   21   21  241    1   16    2    3    0    3047
    1    1   22   22  224    1   14    2    3    0    2723
    1    1   23   23  395    1   25    3    3    1    2491
    1    1   24   24  272    1   17    2    1    0    3036
    1    1   25   25  195    1   13    2    3    0    2934
    1    1   26   26  215    1   14    2    2    1    2382
    1    1   27   27   16    1    1    1    2    0    3624
    1    1   28   28  423    1   27    3    2    0    1972
    1    1   29   29  278    1   18    2    3    0    1437
    1    1   30   30  359    1   23    3    3    1    3498
    1    1   31   31   62    1    4    1    2    0    1496
    1    1   32   32  250    1   16    2    2    1    2643
    1    1   33   33  308    1   20    2    3    0    2112
    1    1   34   34  413    1   26    3    3    1    3787
    1    1   35   35  330    1   21    3    2    0    1752
    1    1   36   36  376    1   24    3    1    0    1510
    1    1   37   37   72    1    5    1    1    1    1848
    1    1   38   38  203    1   13    2    3    0    1175
    1    1   39   39  339    1   22    3    3    1    2064
    1    1   40   40  306    1   20    2    3    0    2601
    1    1   41   41  163    1   11    2    1    0    3133
    1    1   42   42   40    1    3    1    3    0    4103
    1    1   43   43   17    1    2    1    2    0    1395
    1    1   44   44   73    1    5    1    3    0    5706
    1    1   45   45  135    1    9    1    3    0    1474
    1    1   46   46  397    1   25    3    3    1    3426
    1    1   47   47  446    1   28    3    3    1    2235
    1    1   48   48   31    1    2    1    3    0    3073
    1    1   49   49  465    1   30    3    2    0    1850
    1    1   50   50  443    1   28    3    2    0    5083
    1    1   51   51  293    1   19    2    2    1    1668
    1    1   52   52  229    1   15    2    2    1    4374
    1    1   53   53   34    1    3    1    1    1    1822
    1    1   54   54  106    1    7    1    2    0    1911
    1    1   55   55   85    1    6    1    3    0    2424
    1    1   56   56  115    1    8    1    1    1    1804
    1    1   57   57  471    1   30    3    2    0    2054
    1    1   58   58  455    1   29    3    2    0     851
    1    1   59   59  420    1   27    3    3    1    2187
    1    1   60   60   96    1    6    1    2    0    3339
    1    2    1   61  306    1   20    2    2    1    3152
    1    2    2   62  203    1   13    2    1    0    4037
    1    2    3   63  359    1   23    3    1    0    6641
    1    2    4   64   31    1    2    1    1    1    4607
    1    2    5   65  250    1   16    2    3    0    3412
    1    2    6   66  395    1   25    3    3    1    3462
    1    2    7   67  272    1   17    2    2    1    1728
    1    2    8   68  238    1   15    2    2    1    3463
    1    2    9   69  423    1   27    3    3    1    8007
    1    2   10   70  267    1   17    2    2    1    1689
    1    2   11   71  115    1    8    1    3    0    2866
    1    2   12   72  339    1   22    3    3    1    1666
    1    2   13   73  215    1   14    2    1    0    3187
    1    2   14   74  146    1   10    1    3    0    2615
    1    2   15   75  148    1   10    1    1    1    2191
    1    2   16   76  163    1   11    2    2    1    1433
    1    2   17   77  376    1   24    3    3    1    1390
    1    2   18   78  297    1   19    2    2    1    1355
    1    2   19   79  471    1   30    3    2    0    1974
    1    2   20   80  397    1   25    3    1    0    4165
    1    2   21   81  443    1   28    3    3    1    6685
    1    2   22   82  455    1   29    3    2    0    1822
    1    2   23   83   16    1    1    1    1    1    1640
    1    2   24   84  170    1   11    2    1    0    4372
    1    2   25   85  293    1   19    2    2    1    2643
    1    2   26   86   96    1    6    1    2    0    1438
    1    2   27   87  278    1   18    2    2    1    1726
    1    2   28   88  106    1    7    1    2    0    1038
    1    2   29   89  125    1    8    1    3    0    3862
    1    2   30   90  337    1   22    3    3    1    1735
    1    2   31   91  136    1    9    1    1    1    1773
    1    2   32   92   85    1    6    1    3    0    1444
    1    2   33   93    7    1    1    1    3    0    1842
    1    2   34   94  420    1   27    3    3    1    1194
    1    2   35   95   55    1    4    1    1    1    2661
    1    2   36   96   17    1    2    1    2    0    3202
    1    2   37   97   72    1    5    1    1    1    1359
    1    2   38   98   73    1    5    1    1    1    2901
    1    2   39   99  308    1   20    2    2    1    2208
    1    2   40  100  190    1   12    2    2    1    1991
    1    2   41  101  465    1   30    3    3    1    2306
    1    2   42  102  111    1    7    1    3    0    4303
    1    2   43  103   34    1    3    1    1    1    2292
    1    2   44  104  195    1   13    2    2    1    1622
    1    2   45  105  446    1   28    3    3    1    1682
    1    2   46  106  413    1   26    3    2    0    1784
    1    2   47  107  279    1   18    2    3    0    1847
    1    2   48  108  186    1   12    2    2    1    1540
    1    2   49  109  456    1   29    3    3    1    1883
    1    2   50  110  241    1   16    2    2    1    2561
    1    2   51  111  330    1   21    3    2    0    1469
    1    2   52  112   62    1    4    1    1    1    1792
    1    2   53  113  355    1   23    3    3    1    3468
    1    2   54  114  135    1    9    1    1    1    1226
    1    2   55  115  327    1   21    3    2    0    2867
    1    2   56  116   40    1    3    1    1    1    2144
    1    2   57  117  229    1   15    2    2    1    1616
    1    2   58  118  405    1   26    3    3    1    1085
    1    2   59  119  224    1   14    2    3    0    2491
    1    2   60  120  381    1   24    3    1    0    1207
    1    3    1  121  381    1   24    3    3    1    2266
    1    3    2  122   40    1    3    1    1    1     849
    1    3    3  123  355    1   23    3    2    0    4294
    1    3    4  124   85    1    6    1    1    1    2939
    1    3    5  125  395    1   25    3    3    1    1472
    1    3    6  126  186    1   12    2    2    1    3615
    1    3    7  127  203    1   13    2    2    1    2800
    1    3    8  128  446    1   28    3    3    1    1537
    1    3    9  129  297    1   19    2    2    1    1880
    1    3   10  130  170    1   11    2    1    0    2043
    1    3   11  131  135    1    9    1    1    1    1826
    1    3   12  132   16    1    1    1    1    1    6129
    1    3   13  133  148    1   10    1    3    0    2872
    1    3   14  134  238    1   15    2    2    1    1324
    1    3   15  135  327    1   21    3    3    1    5393
    1    3   16  136  250    1   16    2    2    1    5198
    1    3   17  137  443    1   28    3    2    0    4937
    1    3   18  138  293    1   19    2    2    1    2176
    1    3   19  139  330    1   21    3    3    1    2196
    1    3   20  140   96    1    6    1    2    0    6747
    1    3   21  141  241    1   16    2    2    1    1639
    1    3   22  142  215    1   14    2    1    0    4165
    1    3   23  143   31    1    2    1    3    0    1706
    1    3   24  144  471    1   30    3    2    0    1124
    1    3   25  145  376    1   24    3    3    1    2192
    1    3   26  146  163    1   11    2    2    1    1135
    1    3   27  147  339    1   22    3    3    1    1226
    1    3   28  148  405    1   26    3    3    1    1059
    1    3   29  149  146    1   10    1    1    1    1549
    1    3   30  150   34    1    3    1    1    1    3059
    1    3   31  151  115    1    8    1    1    1    2654
    1    3   32  152  397    1   25    3    3    1    4195
    1    3   33  153   55    1    4    1    1    1    1244
    1    3   34  154   72    1    5    1    1    1    1484
    1    3   35  155  279    1   18    2    3    0    1618
    1    3   36  156  106    1    7    1    1    1    4089
    1    3   37  157  136    1    9    1    1    1    1093
    1    3   38  158  420    1   27    3    3    1    1156
    1    3   39  159  455    1   29    3    2    0    1232
    1    3   40  160  224    1   14    2    2    1    2881
    1    3   41  161  465    1   30    3    2    0    1279
    1    3   42  162  195    1   13    2    2    1    1128
    1    3   43  163    7    1    1    1    1    1    1033
    1    3   44  164  413    1   26    3    3    1    2660
    1    3   45  165   62    1    4    1    1    1    3459
    1    3   46  166  306    1   20    2    2    1    1385
    1    3   47  167  272    1   17    2    2    1    1858
    1    3   48  168  267    1   17    2    2    1    1584
    1    3   49  169  278    1   18    2    3    0    4120
    1    3   50  170   73    1    5    1    1    1     931
    1    3   51  171  111    1    7    1    3    0    2568
    1    3   52  172  456    1   29    3    3    1    3491
    1    3   53  173  229    1   15    2    2    1    1209
    1    3   54  174  190    1   12    2    2    1    3109
    1    3   55  175  423    1   27    3    1    0    2419
    1    3   56  176  308    1   20    2    2    1    1278
    1    3   57  177  125    1    8    1    1    1    2215
    1    3   58  178  337    1   22    3    3    1    3762
    1    3   59  179  359    1   23    3    3    1    2272
    1    3   60  180   17    1    2    1    2    0    2871
    2    1    1  181  383    0   24    3    1    0    4568
    2    1    2  182  126    0    8    1    1    1    2786
    2    1    3  183  349    0   22    3    3    1    3736
    2    1    4  184  279    1   18    2    3    0    2509
    2    1    5  185  309    0   20    2    2    1    1929
    2    1    6  186   25    0    2    1    2    0     949
    2    1    7  187  165    0   11    2    1    0     834
    2    1    8  188  137    0    9    1    1    1    1023
    2    1    9  189  133    0    9    1    1    1     623
    2    1   10  190  386    0   25    3    1    0    4220
    2    1   11  191  280    0   18    2    3    0    4495
    2    1   12  192  339    1   22    3    1    0    7505
    2    1   13  193  114    0    8    1    1    1    1139
    2    1   14  194  187    0   12    2    2    1     940
    2    1   15  195   72    1    5    1    1    1    1458
    2    1   16  196  176    0   11    2    1    0    1344
    2    1   17  197  444    0   28    3    3    1    2799
    2    1   18  198  150    0   10    1    2    0     869
    2    1   19  199  387    0   25    3    2    0     994
    2    1   20  200   33    0    3    1    1    1     821
    2    1   21  201  173    0   11    2    2    1    1534
    2    1   22  202  210    0   14    2    3    0    1813
    2    1   23  203  199    0   13    2    2    1     979
    2    1   24  204  472    0   30    3    3    1    1509
    2    1   25  205  136    1    9    1    1    1     909
    2    1   26  206  112    0    7    1    1    1    1351
    2    1   27  207  107    0    7    1    1    1    2793
    2    1   28  208  475    0   30    3    2    0     921
    2    1   29  209  182    0   12    2    2    1     443
    2    1   30  210  451    0   29    3    2    0    1520
    2    1   31  211  418    0   27    3    2    0     968
    2    1   32  212  372    0   24    3    1    0     957
    2    1   33  213  454    0   29    3    2    0    1030
    2    1   34  214  292    0   19    2    1    0    1430
    2    1   35  215  258    0   17    2    2    1    1139
    2    1   36  216   70    0    5    1    1    1    1134
    2    1   37  217  203    1   13    2    2    1    1144
    2    1   38  218  450    0   29    3    2    0     685
    2    1   39  219   38    0    3    1    1    1    1111
    2    1   40  220   65    0    5    1    1    1     966
    2    1   41  221  177    0   12    2    1    0    3050
    2    1   42  222  428    0   27    3    2    0    2360
    2    1   43  223  128    0    8    1    2    0     751
    2    1   44  224  302    0   19    2    2    1     797
    2    1   45  225  398    0   25    3    3    1    1126
    2    1   46  226  180    0   12    2    2    1    1688
    2    1   47  227  161    0   11    2    1    0    3172
    2    1   48  228  288    0   18    2    1    0    3374
    2    1   49  229  219    0   14    2    1    0    2928
    2    1   50  230  270    0   17    2    2    1     982
    2    1   51  231  355    1   23    3    3    1    1297
    2    1   52  232   27    0    2    1    1    1     883
    2    1   53  233  435    0   28    3    1    0    1201
    2    1   54  234  416    0   26    3    3    1     997
    2    1   55  235  446    1   28    3    3    1    1243
    2    1   56  236   92    0    6    1    3    0    3400
    2    1   57  237  379    0   24    3    1    0    1192
    2    1   58  238  408    0   26    3    2    0    3508
    2    1   59  239  331    0   21    3    2    0     776
    2    1   60  240   55    1    4    1    1    1     871
    2    1   61  241   91    0    6    1    2    0     910
    2    1   62  242   43    0    3    1    1    1     808
    2    1   63  243  160    0   10    1    1    1    1484
    2    1   64  244  100    0    7    1    1    1     561
    2    1   65  245  388    0   25    3    3    1    1333
    2    1   66  246  198    0   13    2    2    1     985
    2    1   67  247  351    0   22    3    1    0     893
    2    1   68  248  103    0    7    1    1    1    1304
    2    1   69  249  226    0   15    2    3    0    1956
    2    1   70  250  462    0   29    3    2    0    1486
    2    1   71  251   75    0    5    1    1    1    1127
    2    1   72  252  303    0   19    2    1    0    3319
    2    1   73  253  163    1   11    2    2    1     935
    2    1   74  254  357    0   23    3    3    1    1061
    2    1   75  255  329    0   21    3    2    0     914
    2    1   76  256  443    1   28    3    3    1    3161
    2    1   77  257  224    1   14    2    2    1    1757
    2    1   78  258  296    0   19    2    1    0    1360
    2    1   79  259   10    0    1    1    1    1    1006
    2    1   80  260  242    0   16    2    3    0    2499
    2    1   81  261   23    0    2    1    1    1     981
    2    1   82  262  151    0   10    1    2    0     891
    2    1   83  263  215    1   14    2    2    1    1798
    2    1   84  264  467    0   30    3    3    1    1711
    2    1   85  265   45    0    3    1    1    1     874
    2    1   86  266   53    0    4    1    1    1    2948
    2    1   87  267  468    0   30    3    3    1    1900
    2    1   88  268  393    0   25    3    3    1    2924
    2    1   89  269  223    0   14    2    2    1    1760
    2    1   90  270   41    0    3    1    1    1     776
    2    1   91  271  474    0   30    3    2    0    2066
    2    1   92  272  320    0   20    2    2    1     628
    2    1   93  273  421    0   27    3    2    0    1329
    2    1   94  274  381    1   24    3    1    0     946
    2    1   95  275  432    0   27    3    2    0    1599
    2    1   96  276  298    0   19    2    1    0    1432
    2    1   97  277    5    0    1    1    1    1     762
    2    1   98  278  181    0   12    2    2    1    1184
    2    1   99  279   22    0    2    1    3    0    3039
    2    1  100  280   83    0    6    1    2    0    1891
    2    1  101  281  363    0   23    3    1    0    3193
    2    1  102  282  145    0   10    1    1    1     699
    2    1  103  283   76    0    5    1    1    1     558
    2    1  104  284   85    1    6    1    1    1     589
    2    1  105  285  297    1   19    2    1    0    1782
    2    1  106  286  452    0   29    3    3    1    1024
    2    1  107  287  196    0   13    2    2    1    1218
    2    1  108  288  300    0   19    2    1    0     889
    2    1  109  289  228    0   15    2    1    0     918
    2    1  110  290  285    0   18    2    1    0    1363
    2    1  111  291  359    1   23    3    3    1     936
    2    1  112  292   57    0    4    1    2    0    1496
    2    1  113  293  264    0   17    2    2    1     841
    2    1  114  294  218    0   14    2    2    1    2091
    2    1  115  295  394    0   25    3    3    1    1964
    2    1  116  296  192    0   12    2    2    1    2004
    2    1  117  297  250    1   16    2    2    1    2449
    2    1  118  298  105    0    7    1    1    1    1302
    2    1  119  299   16    1    1    1    1    1    1045
    2    1  120  300  316    0   20    2    2    1     953
    2    1  121  301  169    0   11    2    1    0     892
    2    1  122  302  186    1   12    2    2    1    2152
    2    1  123  303  310    0   20    2    2    1     662
    2    1  124  304   60    0    4    1    1    1    1017
    2    1  125  305  184    0   12    2    2    1    1238
    2    1  126  306  167    0   11    2    1    0    1243
    2    1  127  307  125    1    8    1    1    1    1088
    2    1  128  308   50    0    4    1    2    0    3546
    2    1  129  309  348    0   22    3    1    0     887
    2    1  130  310   49    0    4    1    1    1    1341
    2    1  131  311  141    0    9    1    1    1    1305
    2    1  132  312    6    0    1    1    1    1    1012
    2    1  133  313  343    0   22    3    1    0    2332
    2    1  134  314   97    0    7    1    1    1     706
    2    1  135  315  172    0   11    2    1    0    1111
    2    1  136  316   28    0    2    1    1    1     697
    2    1  137  317  459    0   29    3    3    1    1313
    2    1  138  318  426    0   27    3    1    0    2000
    2    1  139  319  131    0    9    1    1    1     932
    2    1  140  320  431    0   27    3    2    0     964
    2    1  141  321  146    1   10    1    1    1     790
    2    1  142  322   51    0    4    1    1    1     835
    2    1  143  323  433    0   28    3    2    0    1968
    2    1  144  324  480    0   30    3    2    0    1368
    2    1  145  325  200    0   13    2    2    1    1062
    2    1  146  326  436    0   28    3    1    0    1070
    2    1  147  327  460    0   29    3    2    0    2568
    2    1  148  328   19    0    2    1    1    1    1245
    2    1  149  329  373    0   24    3    1    0     913
    2    1  150  330  170    1   11    2    1    0     690
    2    1  151  331  364    0   23    3    2    0    2564
    2    1  152  332  239    0   15    2    2    1     861
    2    1  153  333  201    0   13    2    2    1     520
    2    1  154  334  121    0    8    1    1    1    2496
    2    1  155  335  456    1   29    3    3    1    1030
    2    1  156  336  286    0   18    2    1    0    2200
    2    1  157  337  188    0   12    2    2    1    1203
    2    1  158  338  370    0   24    3    1    0     855
    2    1  159  339   56    0    4    1    2    0    1537
    2    1  160  340  202    0   13    2    2    1     777
    2    1  161  341   99    0    7    1    1    1    1270
    2    1  162  342  231    0   15    2    2    1    1099
    2    1  163  343  153    0   10    1    1    1    1108
    2    1  164  344   37    0    3    1    1    1     647
    2    1  165  345  243    0   16    2    2    1     918
    2    1  166  346  273    0   18    2    1    0    1927
    2    1  167  347  434    0   28    3    1    0    1301
    2    1  168  348    9    0    1    1    1    1     624
    2    1  169  349   82    0    6    1    2    0    1382
    2    1  170  350   94    0    6    1    2    0    1100
    2    1  171  351  314    0   20    2    2    1     945
    2    1  172  352  135    1    9    1    1    1     838
    2    1  173  353  204    0   13    2    2    1    1111
    2    1  174  354  342    0   22    3    1    0     868
    2    1  175  355  211    0   14    2    2    1    1005
    2    1  176  356  411    0   26    3    3    1    1341
    2    1  177  357  106    1    7    1    2    0    3354
    2    1  178  358   78    0    5    1    1    1     894
    2    1  179  359  134    0    9    1    2    0    3847
    2    1  180  360   74    0    5    1    1    1    1279
    2    1  181  361   15    0    1    1    1    1    1342
    2    1  182  362  259    0   17    2    2    1     901
    2    1  183  363  415    0   26    3    1    0    2463
    2    1  184  364   98    0    7    1    1    1    1676
    2    1  185  365  222    0   14    2    1    0    2900
    2    1  186  366  213    0   14    2    1    0    1595
    2    1  187  367   87    0    6    1    2    0     883
    2    1  188  368  212    0   14    2    3    0    1802
    2    1  189  369  142    0    9    1    1    1     817
    2    1  190  370  268    0   17    2    2    1    1665
    2    1  191  371  104    0    7    1    2    0     640
    2    1  192  372  429    0   27    3    2    0     849
    2    1  193  373  174    0   11    2    1    0    1160
    2    1  194  374   54    0    4    1    1    1    1288
    2    1  195  375  287    0   18    2    1    0     654
    2    1  196  376  353    0   23    3    1    0    4033
    2    1  197  377  334    0   21    3    2    0    1186
    2    1  198  378  265    0   17    2    2    1    1031
    2    1  199  379  129    0    9    1    1    1     849
    2    1  200  380  267    1   17    2    2    1    1043
    2    1  201  381  168    0   11    2    1    0    1386
    2    1  202  382  229    1   15    2    2    1    1173
    2    1  203  383  318    0   20    2    2    1     873
    2    1  204  384   63    0    4    1    1    1    1138
    2    1  205  385  290    0   19    2    2    1    3362
    2    1  206  386  193    0   13    2    2    1    2280
    2    1  207  387  420    1   27    3    3    1    1551
    2    1  208  388   96    1    6    1    1    1    1749
    2    1  209  389  414    0   26    3    3    1    2228
    2    1  210  390  430    0   27    3    1    0    2996
    2    1  211  391  304    0   19    2    2    1    1653
    2    1  212  392  322    0   21    3    2    0    1711
    2    1  213  393   44    0    3    1    1    1     925
    2    1  214  394  384    0   24    3    3    1    3722
    2    1  215  395  439    0   28    3    3    1    1956
    2    1  216  396  234    0   15    2    1    0    2106
    2    1  217  397  101    0    7    1    1    1    1008
    2    1  218  398   79    0    5    1    1    1     693
    2    1  219  399  321    0   21    3    2    0    2333
    2    1  220  400  179    0   12    2    2    1     714
    2    1  221  401  149    0   10    1    2    0    1247
    2    1  222  402  262    0   17    2    2    1     927
    2    1  223  403  254    0   16    2    2    1    1077
    2    1  224  404  157    0   10    1    1    1     885
    2    1  225  405  183    0   12    2    2    1     963
    2    1  226  406    1    0    1    1    1    1     897
    2    1  227  407  214    0   14    2    3    0    1408
    2    1  228  408  445    0   28    3    1    0    2571
    2    1  229  409  419    0   27    3    1    0    1370
    2    1  230  410  371    0   24    3    1    0     639
    2    1  231  411   95    0    6    1    3    0    3366
    2    1  232  412  281    0   18    2    1    0    1635
    2    1  233  413  315    0   20    2    2    1    1132
    2    1  234  414  323    0   21    3    2    0    1278
    2    1  235  415  274    0   18    2    2    1     594
    2    1  236  416  257    0   17    2    1    0     884
    2    1  237  417  238    1   15    2    2    1    2412
    2    1  238  418   17    1    2    1    2    0    1319
    2    1  239  419  138    0    9    1    1    1     793
    2    1  240  420  162    0   11    2    1    0    3085
    2    1  241  421  422    0   27    3    1    0    1332
    2    1  242  422   58    0    4    1    2    0    1891
    2    1  243  423   40    1    3    1    1    1     794
    2    1  244  424    7    1    1    1    1    1     818
    2    1  245  425  324    0   21    3    2    0    1418
    2    1  246  426   68    0    5    1    1    1     803
    2    1  247  427   20    0    2    1    2    0    1163
    2    1  248  428   13    0    1    1    1    1     825
    2    1  249  429  307    0   20    2    3    0    1995
    2    1  250  430  479    0   30    3    3    1    2095
    2    1  251  431  457    0   29    3    2    0    1127
    2    1  252  432   52    0    4    1    1    1    2149
    2    1  253  433  392    0   25    3    1    0    1484
    2    1  254  434  399    0   25    3    3    1    2539
    2    1  255  435  255    0   16    2    2    1    1422
    2    1  256  436  236    0   15    2    2    1     838
    2    1  257  437  376    1   24    3    1    0     862
    2    1  258  438  470    0   30    3    2    0     854
    2    1  259  439  469    0   30    3    2    0    1093
    2    1  260  440  466    0   30    3    2    0     967
    2    1  261  441  476    0   30    3    2    0    6710
    2    1  262  442   24    0    2    1    2    0    1027
    2    1  263  443  453    0   29    3    2    0    1425
    2    1  264  444  260    0   17    2    1    0     938
    2    1  265  445  424    0   27    3    2    0    1342
    2    1  266  446   47    0    3    1    1    1     798
    2    1  267  447  139    0    9    1    1    1     736
    2    1  268  448   89    0    6    1    2    0    1362
    2    1  269  449  346    0   22    3    1    0    1002
    2    1  270  450  143    0    9    1    1    1     724
    2    1  271  451  118    0    8    1    1    1     741
    2    1  272  452  152    0   10    1    3    0    1316
    2    1  273  453  417    0   27    3    1    0    1687
    2    1  274  454  261    0   17    2    2    1     997
    2    1  275  455  311    0   20    2    3    0    2079
    2    1  276  456  230    0   15    2    1    0     989
    2    1  277  457  251    0   16    2    2    1     934
    2    1  278  458  463    0   29    3    1    0    1387
    2    1  279  459  266    0   17    2    2    1     868
    2    1  280  460  326    0   21    3    2    0    1810
    2    1  281  461  291    0   19    2    2    1    1600
    2    1  282  462  425    0   27    3    2    0     752
    2    1  283  463  442    0   28    3    1    0    1895
    2    1  284  464  110    0    7    1    1    1     979
    2    1  285  465   73    1    5    1    1    1     693
    2    1  286  466  441    0   28    3    3    1    2778
    2    1  287  467  403    0   26    3    3    1    1898
    2    1  288  468  113    0    8    1    2    0    1051
    2    1  289  469  155    0   10    1    2    0    1635
    2    1  290  470  147    0   10    1    2    0     540
    2    1  291  471  111    1    7    1    2    0    1020
    2    1  292  472  253    0   16    2    2    1     582
    2    1  293  473  249    0   16    2    1    0    2226
    2    1  294  474  245    0   16    2    2    1    1462
    2    1  295  475   66    0    5    1    1    1     782
    2    1  296  476  276    0   18    2    1    0    2924
    2    1  297  477  397    1   25    3    2    0    2683
    2    1  298  478  197    0   13    2    1    0    1690
    2    1  299  479   32    0    2    1    1    1    3205
    2    1  300  480  189    0   12    2    2    1    3342
