    1    1    1    1   72    1    5    1    1    1    5506
    1    1    2    2  115    1    8    1    3    0    5293
    1    1    3    3   40    1    3    1    1    1    3551
    1    1    4    4  279    1   18    2    3    0    6322
    1    1    5    5  330    1   21    3    2    0    3207
    1    1    6    6  327    1   21    3    3    1    5220
    1    1    7    7  111    1    7    1    1    1    5701
    1    1    8    8   17    1    2    1    3    0    6218
    1    1    9    9  267    1   17    2    1    0    2267
    1    1   10   10   34    1    3    1    1    1    2056
    1    1   11   11  337    1   22    3    3    1    5488
    1    1   12   12  293    1   19    2    1    0    4163
    1    1   13   13  381    1   24    3    3    1    2835
    1    1   14   14  376    1   24    3    3    1    1330
    1    1   15   15  146    1   10    1    1    1    2023
    1    1   16   16  135    1    9    1    2    0    2472
    1    1   17   17  423    1   27    3    2    0    2355
    1    1   18   18  471    1   30    3    2    0    6811
    1    1   19   19  420    1   27    3    1    0    6531
    1    1   20   20    7    1    1    1    1    1    1492
    1    1   21   21  297    1   19    2    3    0    4260
    1    1   22   22   73    1    5    1    3    0    3022
    1    1   23   23  190    1   12    2    2    1    3990
    1    1   24   24   96    1    6    1    2    0    1532
    1    1   25   25  170    1   11    2    1    0    1293
    1    1   26   26  456    1   29    3    1    0    7529
    1    1   27   27  125    1    8    1    1    1    2014
    1    1   28   28  229    1   15    2    1    0    2912
    1    1   29   29  272    1   17    2    2    1    2789
    1    1   30   30  395    1   25    3    3    1    1804
    1    1   31   31  224    1   14    2    3    0    2644
    1    1   32   32   16    1    1    1    1    1    1194
    1    1   33   33  215    1   14    2    2    1    1895
    1    1   34   34  163    1   11    2    1    0    2166
    1    1   35   35  339    1   22    3    3    1    1281
    1    1   36   36  241    1   16    2    3    0    1553
    1    1   37   37  136    1    9    1    2    0    1872
    1    1   38   38   31    1    2    1    1    1    1736
    1    1   39   39  106    1    7    1    3    0    5069
    1    1   40   40  359    1   23    3    2    0    3757
    1    1   41   41   62    1    4    1    1    1    5652
    1    1   42   42  278    1   18    2    3    0    2594
    1    1   43   43  465    1   30    3    3    1    3058
    1    1   44   44  203    1   13    2    1    0    1508
    1    1   45   45   85    1    6    1    2    0    4252
    1    1   46   46  397    1   25    3    2    0    5299
    1    1   47   47  195    1   13    2    1    0    1749
    1    1   48   48  308    1   20    2    3    0   16311
    1    1   49   49  148    1   10    1    1    1    2040
    1    1   50   50  455    1   29    3    3    1    1559
    1    1   51   51   55    1    4    1    3    0    1530
    1    1   52   52  238    1   15    2    2    1    2047
    1    1   53   53  355    1   23    3    1    0   12063
    1    1   54   54  446    1   28    3    1    0    1242
    1    1   55   55  250    1   16    2    1    0    1853
    1    1   56   56  405    1   26    3    3    1    4168
    1    1   57   57  413    1   26    3    2    0    3208
    1    1   58   58  306    1   20    2    1    0    5961
    1    1   59   59  186    1   12    2    1    0    1941
    1    1   60   60  443    1   28    3    1    0    8453
    1    2    1   61  397    1   25    3    2    0    3395
    1    2    2   62  446    1   28    3    3    1    4902
    1    2    3   63   17    1    2    1    2    0    1782
    1    2    4   64   72    1    5    1    1    1    1119
    1    2    5   65  238    1   15    2    2    1    5823
    1    2    6   66  106    1    7    1    2    0    7706
    1    2    7   67   96    1    6    1    2    0    1252
    1    2    8   68  413    1   26    3    1    0    1432
    1    2    9   69  241    1   16    2    1    0    3166
    1    2   10   70  455    1   29    3    2    0     691
    1    2   11   71   85    1    6    1    1    1    3515
    1    2   12   72  186    1   12    2    2    1    1602
    1    2   13   73   16    1    1    1    1    1    2573
    1    2   14   74  267    1   17    2    1    0    1210
    1    2   15   75   34    1    3    1    1    1     805
    1    2   16   76  420    1   27    3    2    0    2319
    1    2   17   77  148    1   10    1    1    1    2563
    1    2   18   78  229    1   15    2    2    1    1600
    1    2   19   79  195    1   13    2    2    1     936
    1    2   20   80  330    1   21    3    2    0    1972
    1    2   21   81  327    1   21    3    2    0    1571
    1    2   22   82   73    1    5    1    1    1    1238
    1    2   23   83  125    1    8    1    1    1    1028
    1    2   24   84    7    1    1    1    1    1    1064
    1    2   25   85  306    1   20    2    3    0    2483
    1    2   26   86  163    1   11    2    1    0    4842
    1    2   27   87  111    1    7    1    2    0    2051
    1    2   28   88  215    1   14    2    2    1    1205
    1    2   29   89  279    1   18    2    3    0    3732
    1    2   30   90  203    1   13    2    1    0    1990
    1    2   31   91  337    1   22    3    1    0    1581
    1    2   32   92  224    1   14    2    1    0     988
    1    2   33   93  376    1   24    3    1    0    1258
    1    2   34   94   55    1    4    1    1    1     957
    1    2   35   95  170    1   11    2    1    0     878
    1    2   36   96  405    1   26    3    3    1    1712
    1    2   37   97  278    1   18    2    2    1    2060
    1    2   38   98   31    1    2    1    1    1    2387
    1    2   39   99  456    1   29    3    3    1    6245
    1    2   40  100  355    1   23    3    3    1    2750
    1    2   41  101  190    1   12    2    2    1    1484
    1    2   42  102  146    1   10    1    1    1    1042
    1    2   43  103  395    1   25    3    1    0    1379
    1    2   44  104  339    1   22    3    3    1    2751
    1    2   45  105  381    1   24    3    3    1    2183
    1    2   46  106  136    1    9    1    2    0    1295
    1    2   47  107  250    1   16    2    3    0    1556
    1    2   48  108  293    1   19    2    2    1     696
    1    2   49  109  272    1   17    2    3    0    1027
    1    2   50  110  359    1   23    3    3    1    1548
    1    2   51  111  135    1    9    1    1    1     811
    1    2   52  112  115    1    8    1    1    1     869
    1    2   53  113   62    1    4    1    2    0    2574
    1    2   54  114   40    1    3    1    1    1     863
    1    2   55  115  443    1   28    3    3    1    2354
    1    2   56  116  423    1   27    3    3    1    5884
    1    2   57  117  308    1   20    2    3    0    2425
    1    2   58  118  465    1   30    3    2    0    5761
    1    2   59  119  471    1   30    3    2    0    5735
    1    2   60  120  297    1   19    2    2    1    2851
    1    3    1  121   34    1    3    1    1    1    1237
    1    3    2  122  111    1    7    1    3    0    2253
    1    3    3  123  420    1   27    3    3    1    1889
    1    3    4  124  267    1   17    2    2    1    2973
    1    3    5  125   96    1    6    1    3    0    3971
    1    3    6  126   85    1    6    1    1    1    4104
    1    3    7  127  308    1   20    2    2    1    2790
    1    3    8  128  163    1   11    2    3    0    4587
    1    3    9  129  339    1   22    3    3    1    3628
    1    3   10  130    7    1    1    1    1    1    1385
    1    3   11  131  337    1   22    3    3    1    2879
    1    3   12  132  456    1   29    3    3    1    4284
    1    3   13  133  238    1   15    2    2    1    2817
    1    3   14  134   72    1    5    1    1    1    1008
    1    3   15  135  405    1   26    3    3    1    1148
    1    3   16  136  465    1   30    3    2    0    1682
    1    3   17  137  106    1    7    1    1    1    3039
    1    3   18  138  136    1    9    1    1    1    1687
    1    3   19  139  443    1   28    3    3    1    3281
    1    3   20  140  115    1    8    1    1    1    1132
    1    3   21  141  241    1   16    2    3    0    1610
    1    3   22  142  306    1   20    2    2    1    3026
    1    3   23  143  359    1   23    3    3    1    2413
    1    3   24  144  186    1   12    2    2    1    1640
    1    3   25  145  148    1   10    1    1    1    1860
    1    3   26  146  423    1   27    3    2    0    2766
    1    3   27  147  229    1   15    2    2    1    1249
    1    3   28  148  381    1   24    3    1    0    3462
    1    3   29  149  190    1   12    2    2    1    1180
    1    3   30  150  330    1   21    3    2    0    2740
    1    3   31  151   16    1    1    1    1    1    1452
    1    3   32  152  297    1   19    2    2    1     704
    1    3   33  153  376    1   24    3    3    1    2131
    1    3   34  154   55    1    4    1    1    1    1964
    1    3   35  155  397    1   25    3    2    0    1410
    1    3   36  156  279    1   18    2    2    1    2611
    1    3   37  157  278    1   18    2    3    0    2564
    1    3   38  158  455    1   29    3    2    0    1659
    1    3   39  159  135    1    9    1    1    1    2602
    1    3   40  160  272    1   17    2    1    0    1372
    1    3   41  161  413    1   26    3    3    1    1817
    1    3   42  162  327    1   21    3    1    0     604
    1    3   43  163   17    1    2    1    2    0     749
    1    3   44  164  471    1   30    3    2    0     789
    1    3   45  165  250    1   16    2    3    0     880
    1    3   46  166  355    1   23    3    2    0    1039
    1    3   47  167   62    1    4    1    1    1    1010
    1    3   48  168  203    1   13    2    3    0    1813
    1    3   49  169   73    1    5    1    2    0    1550
    1    3   50  170  125    1    8    1    1    1    2806
    1    3   51  171  170    1   11    2    1    0    1199
    1    3   52  172  215    1   14    2    2    1     837
    1    3   53  173  224    1   14    2    3    0    1156
    1    3   54  174  293    1   19    2    2    1     842
    1    3   55  175  146    1   10    1    1    1     879
    1    3   56  176  395    1   25    3    1    0     869
    1    3   57  177  195    1   13    2    3    0    1271
    1    3   58  178   40    1    3    1    1    1    1534
    1    3   59  179  446    1   28    3    3    1    1401
    1    3   60  180   31    1    2    1    1    1    2703
    2    1    1  181  383    0   24    3    1    0    2398
    2    1    2  182  174    0   11    2    1    0    1029
    2    1    3  183  437    0   28    3    2    0    2213
    2    1    4  184  370    0   24    3    1    0    1528
    2    1    5  185   92    0    6    1    2    0    3583
    2    1    6  186  188    0   12    2    3    0    2014
    2    1    7  187   38    0    3    1    1    1    1190
    2    1    8  188  228    0   15    2    3    0    1312
    2    1    9  189  123    0    8    1    1    1     664
    2    1   10  190  409    0   26    3    3    1    1290
    2    1   11  191  320    0   20    2    2    1     733
    2    1   12  192  247    0   16    2    2    1    1017
    2    1   13  193  182    0   12    2    2    1    1819
    2    1   14  194  114    0    8    1    1    1     940
    2    1   15  195  445    0   28    3    3    1    1154
    2    1   16  196  444    0   28    3    3    1    1115
    2    1   17  197   51    0    4    1    1    1    1336
    2    1   18  198    5    0    1    1    1    1     678
    2    1   19  199  277    0   18    2    2    1    1172
    2    1   20  200  226    0   15    2    3    0     857
    2    1   21  201   11    0    1    1    1    1     634
    2    1   22  202   25    0    2    1    2    0     921
    2    1   23  203  374    0   24    3    3    1    5308
    2    1   24  204  141    0    9    1    1    1    2185
    2    1   25  205   72    1    5    1    1    1     591
    2    1   26  206  323    0   21    3    2    0    1456
    2    1   27  207  393    0   25    3    3    1    2572
    2    1   28  208   22    0    2    1    2    0     678
    2    1   29  209  215    1   14    2    1    0     630
    2    1   30  210  459    0   29    3    1    0     935
    2    1   31  211  136    1    9    1    1    1     532
    2    1   32  212  161    0   11    2    1    0    1420
    2    1   33  213  148    1   10    1    1    1    2548
    2    1   34  214  447    0   28    3    3    1    1086
    2    1   35  215  442    0   28    3    2    0     945
    2    1   36  216  160    0   10    1    1    1     866
    2    1   37  217   59    0    4    1    2    0     771
    2    1   38  218   44    0    3    1    3    0     868
    2    1   39  219  245    0   16    2    2    1    1241
    2    1   40  220  363    0   23    3    3    1    2518
    2    1   41  221  177    0   12    2    3    0    1125
    2    1   42  222  338    0   22    3    3    1    3028
    2    1   43  223  252    0   16    2    2    1    1670
    2    1   44  224  131    0    9    1    1    1    1163
    2    1   45  225  384    0   24    3    3    1    1587
    2    1   46  226  312    0   20    2    2    1    5640
    2    1   47  227  211    0   14    2    3    0    2860
    2    1   48  228   24    0    2    1    1    1     816
    2    1   49  229   98    0    7    1    1    1    1274
    2    1   50  230  439    0   28    3    3    1    1477
    2    1   51  231   62    1    4    1    1    1    1753
    2    1   52  232  414    0   26    3    2    0    1194
    2    1   53  233  420    1   27    3    3    1    1325
    2    1   54  234  461    0   29    3    2    0    3109
    2    1   55  235  305    0   20    2    2    1    1061
    2    1   56  236  222    0   14    2    1    0     734
    2    1   57  237  190    1   12    2    2    1    1271
    2    1   58  238  157    0   10    1    1    1    1917
    2    1   59  239  100    0    7    1    3    0    4020
    2    1   60  240   85    1    6    1    1    1    2633
    2    1   61  241   20    0    2    1    2    0     749
    2    1   62  242    3    0    1    1    1    1   16076
    2    1   63  243  438    0   28    3    1    0     789
    2    1   64  244  189    0   12    2    2    1    2006
    2    1   65  245  236    0   15    2    3    0     570
    2    1   66  246   14    0    1    1    1    1    1080
    2    1   67  247  133    0    9    1    1    1     731
    2    1   68  248  234    0   15    2    3    0    1391
    2    1   69  249  316    0   20    2    2    1    3244
    2    1   70  250  368    0   23    3    3    1    2922
    2    1   71  251  164    0   11    2    2    1    1284
    2    1   72  252   70    0    5    1    1    1     415
    2    1   73  253  440    0   28    3    3    1    1012
    2    1   74  254   28    0    2    1    1    1     970
    2    1   75  255   45    0    3    1    1    1     764
    2    1   76  256  479    0   30    3    2    0     925
    2    1   77  257  284    0   18    2    3    0    1180
    2    1   78  258  276    0   18    2    2    1     901
    2    1   79  259  451    0   29    3    2    0    1799
    2    1   80  260  143    0    9    1    1    1    1081
    2    1   81  261  163    1   11    2    1    0     881
    2    1   82  262   96    1    6    1    3    0    1161
    2    1   83  263  263    0   17    2    3    0     681
    2    1   84  264  365    0   23    3    3    1    1050
    2    1   85  265  297    1   19    2    2    1    1008
    2    1   86  266    1    0    1    1    1    1     739
    2    1   87  267  231    0   15    2    1    0    1669
    2    1   88  268  178    0   12    2    2    1     951
    2    1   89  269  478    0   30    3    2    0    1167
    2    1   90  270   43    0    3    1    1    1     908
    2    1   91  271  443    1   28    3    3    1     646
    2    1   92  272  244    0   16    2    2    1    1330
    2    1   93  273  390    0   25    3    2    0     557
    2    1   94  274   80    0    5    1    1    1     541
    2    1   95  275  129    0    9    1    1    1     588
    2    1   96  276  193    0   13    2    3    0    1008
    2    1   97  277  354    0   23    3    2    0     681
    2    1   98  278  431    0   27    3    3    1    2361
    2    1   99  279  225    0   15    2    1    0     887
    2    1  100  280   89    0    6    1    2    0     702
    2    1  101  281  428    0   27    3    2    0    1717
    2    1  102  282  267    1   17    2    1    0     841
    2    1  103  283   57    0    4    1    1    1    1810
    2    1  104  284  337    1   22    3    3    1    1199
    2    1  105  285  333    0   21    3    2    0     993
    2    1  106  286  105    0    7    1    2    0    1155
    2    1  107  287  179    0   12    2    1    0    1440
    2    1  108  288  255    0   16    2    3    0    3396
    2    1  109  289  191    0   12    2    1    0     555
    2    1  110  290  287    0   18    2    2    1     271
    2    1  111  291   87    0    6    1    3    0    1646
    2    1  112  292  197    0   13    2    1    0     645
    2    1  113  293   54    0    4    1    2    0     975
    2    1  114  294  149    0   10    1    1    1     804
    2    1  115  295  202    0   13    2    1    0     884
    2    1  116  296  203    1   13    2    3    0    1128
    2    1  117  297  204    0   13    2    1    0     891
    2    1  118  298  119    0    8    1    1    1     876
    2    1  119  299  369    0   24    3    1    0     668
    2    1  120  300   48    0    3    1    1    1     657
    2    1  121  301  330    1   21    3    2    0     308
    2    1  122  302  353    0   23    3    3    1     764
    2    1  123  303  299    0   19    2    1    0    1051
    2    1  124  304  150    0   10    1    1    1     672
    2    1  125  305  139    0    9    1    1    1     760
    2    1  126  306  341    0   22    3    2    0    2929
    2    1  127  307   26    0    2    1    2    0    1213
    2    1  128  308  127    0    8    1    1    1     589
    2    1  129  309   69    0    5    1    1    1     565
    2    1  130  310  377    0   24    3    1    0     811
    2    1  131  311  220    0   14    2    2    1     781
    2    1  132  312  128    0    8    1    3    0     585
    2    1  133  313  329    0   21    3    2    0     593
    2    1  134  314  298    0   19    2    1    0     535
    2    1  135  315   71    0    5    1    2    0     598
    2    1  136  316  471    1   30    3    2    0     723
    2    1  137  317  183    0   12    2    1    0     621
    2    1  138  318  375    0   24    3    1    0     719
    2    1  139  319  280    0   18    2    2    1     698
    2    1  140  320  187    0   12    2    3    0     257
    2    1  141  321  169    0   11    2    2    1     191
    2    1  142  322  153    0   10    1    1    1    1387
    2    1  143  323    6    0    1    1    1    1     648
    2    1  144  324  162    0   11    2    2    1     884
    2    1  145  325  391    0   25    3    2    0     867
    2    1  146  326  359    1   23    3    2    0      77
    2    1  147  327  480    0   30    3    2    0    1989
    2    1  148  328  156    0   10    1    1    1     979
    2    1  149  329  352    0   22    3    1    0     611
    2    1  150  330   10    0    1    1    1    1    1053
    2    1  151  331   78    0    5    1    1    1     621
    2    1  152  332  462    0   29    3    2    0    1463
    2    1  153  333  212    0   14    2    1    0     611
    2    1  154  334  342    0   22    3    1    0     575
    2    1  155  335  271    0   17    2    2    1     798
    2    1  156  336  166    0   11    2    1    0     774
    2    1  157  337  355    1   23    3    3    1     952
    2    1  158  338  349    0   22    3    1    0    1095
    2    1  159  339   18    0    2    1    2    0     621
    2    1  160  340  418    0   27    3    2    0     633
    2    1  161  341  265    0   17    2    3    0     796
    2    1  162  342  242    0   16    2    1    0     619
    2    1  163  343  198    0   13    2    2    1     600
    2    1  164  344  426    0   27    3    3    1     680
    2    1  165  345  477    0   30    3    3    1     652
    2    1  166  346  433    0   28    3    3    1     971
    2    1  167  347  416    0   26    3    2    0    1047
    2    1  168  348  388    0   25    3    2    0    1084
    2    1  169  349  386    0   25    3    1    0    2261
    2    1  170  350  109    0    7    1    2    0    1945
    2    1  171  351  171    0   11    2    1    0    2870
    2    1  172  352  314    0   20    2    1    0    2989
    2    1  173  353  412    0   26    3    3    1     805
    2    1  174  354   74    0    5    1    1    1     613
    2    1  175  355  473    0   30    3    2    0     846
    2    1  176  356  382    0   24    3    1    0     678
    2    1  177  357  181    0   12    2    1    0     586
    2    1  178  358  206    0   13    2    2    1    1631
    2    1  179  359  165    0   11    2    1    0     708
    2    1  180  360  450    0   29    3    3    1    1024
    2    1  181  361  214    0   14    2    2    1     779
    2    1  182  362  192    0   12    2    2    1    2285
    2    1  183  363  200    0   13    2    1    0    1226
    2    1  184  364  304    0   19    2    2    1    3081
    2    1  185  365  389    0   25    3    3    1    1252
    2    1  186  366   37    0    3    1    1    1     612
    2    1  187  367  322    0   21    3    2    0    1749
    2    1  188  368  270    0   17    2    3    0    1049
    2    1  189  369  285    0   18    2    1    0     804
    2    1  190  370  205    0   13    2    1    0     728
    2    1  191  371  347    0   22    3    2    0    2694
    2    1  192  372  465    1   30    3    3    1     950
    2    1  193  373  350    0   22    3    2    0    1321
    2    1  194  374  317    0   20    2    3    0    2164
    2    1  195  375  151    0   10    1    3    0     869
    2    1  196  376  257    0   17    2    1    0     990
    2    1  197  377  239    0   15    2    3    0    3532
    2    1  198  378  232    0   15    2    1    0     666
    2    1  199  379   56    0    4    1    1    1     749
    2    1  200  380  102    0    7    1    3    0    2686
    2    1  201  381  113    0    8    1    1    1     786
    2    1  202  382  138    0    9    1    1    1     739
    2    1  203  383  407    0   26    3    2    0     942
    2    1  204  384  453    0   29    3    1    0     647
    2    1  205  385  441    0   28    3    3    1    1037
    2    1  206  386  325    0   21    3    2    0     464
    2    1  207  387   47    0    3    1    1    1     592
    2    1  208  388   13    0    1    1    1    1    1118
    2    1  209  389   63    0    4    1    1    1     681
    2    1  210  390    7    1    1    1    1    1     531
    2    1  211  391   94    0    6    1    2    0     902
    2    1  212  392  104    0    7    1    3    0     838
    2    1  213  393  367    0   23    3    3    1     620
    2    1  214  394  373    0   24    3    1    0    1339
    2    1  215  395  452    0   29    3    2    0    1203
    2    1  216  396  134    0    9    1    1    1    1273
    2    1  217  397  449    0   29    3    3    1    1096
    2    1  218  398  175    0   11    2    2    1     715
    2    1  219  399  207    0   13    2    2    1     922
    2    1  220  400  387    0   25    3    3    1    2244
    2    1  221  401  253    0   16    2    1    0     637
    2    1  222  402  411    0   26    3    2    0    1392
    2    1  223  403  130    0    9    1    1    1     721
    2    1  224  404  142    0    9    1    1    1     600
    2    1  225  405  235    0   15    2    1    0     922
    2    1  226  406  180    0   12    2    2    1    1326
    2    1  227  407  230    0   15    2    3    0     835
    2    1  228  408  219    0   14    2    2    1     625
    2    1  229  409  361    0   23    3    1    0     608
    2    1  230  410  421    0   27    3    2    0     645
    2    1  231  411  283    0   18    2    1    0     677
    2    1  232  412  259    0   17    2    3    0    1274
    2    1  233  413  339    1   22    3    2    0     801
    2    1  234  414   16    1    1    1    1    1     564
    2    1  235  415  281    0   18    2    2    1     651
    2    1  236  416  240    0   15    2    1    0    2216
    2    1  237  417  415    0   26    3    2    0     880
    2    1  238  418  224    1   14    2    1    0     646
    2    1  239  419  306    1   20    2    3    0     630
    2    1  240  420  344    0   22    3    1    0     630
    2    1  241  421  289    0   19    2    1    0    1349
    2    1  242  422  358    0   23    3    2    0     960
    2    1  243  423   53    0    4    1    1    1     904
    2    1  244  424   90    0    6    1    3    0     784
    2    1  245  425  176    0   11    2    1    0    1139
    2    1  246  426   76    0    5    1    1    1    9843
    2    1  247  427   88    0    6    1    2    0     679
    2    1  248  428  300    0   19    2    3    0     278
    2    1  249  429  159    0   10    1    1    1     423
    2    1  250  430   86    0    6    1    2    0     687
    2    1  251  431  397    1   25    3    3    1     720
    2    1  252  432  266    0   17    2    2    1     799
    2    1  253  433  194    0   13    2    1    0     671
    2    1  254  434  395    1   25    3    2    0     572
    2    1  255  435  310    0   20    2    3    0    1277
    2    1  256  436  402    0   26    3    1    0     546
    2    1  257  437  260    0   17    2    2    1     299
    2    1  258  438  272    1   17    2    3    0     634
    2    1  259  439  195    1   13    2    1    0     840
    2    1  260  440  140    0    9    1    1    1     675
    2    1  261  441   79    0    5    1    1    1     526
    2    1  262  442  366    0   23    3    2    0     628
    2    1  263  443   68    0    5    1    1    1     574
    2    1  264  444  121    0    8    1    1    1     677
    2    1  265  445  406    0   26    3    2    0     422
    2    1  266  446  425    0   27    3    3    1     674
    2    1  267  447  476    0   30    3    1    0     293
    2    1  268  448   61    0    4    1    2    0     230
    2    1  269  449  108    0    7    1    1    1     886
    2    1  270  450   42    0    3    1    1    1     521
    2    1  271  451  404    0   26    3    2    0     550
    2    1  272  452  103    0    7    1    1    1     542
    2    1  273  453  269    0   17    2    3    0     705
    2    1  274  454  106    1    7    1    3    0     748
    2    1  275  455  474    0   30    3    2    0    1798
    2    1  276  456  456    1   29    3    3    1    1468
    2    1  277  457   31    1    2    1    1    1    1107
    2    1  278  458  324    0   21    3    2    0     562
    2    1  279  459  301    0   19    2    1    0     656
    2    1  280  460  392    0   25    3    1    0     623
    2    1  281  461  351    0   22    3    1    0     573
    2    1  282  462   95    0    6    1    2    0     482
    2    1  283  463  167    0   11    2    1    0     564
    2    1  284  464  379    0   24    3    1    0     678
    2    1  285  465   93    0    6    1    2    0     562
    2    1  286  466  371    0   24    3    1    0     544
    2    1  287  467  311    0   20    2    2    1     611
    2    1  288  468  229    1   15    2    3    0     817
    2    1  289  469  334    0   21    3    2    0     620
    2    1  290  470  430    0   27    3    3    1     618
    2    1  291  471  158    0   10    1    1    1     584
    2    1  292  472   17    1    2    1    2    0    1043
    2    1  293  473  124    0    8    1    1    1     631
    2    1  294  474  362    0   23    3    2    0     487
    2    1  295  475   67    0    5    1    1    1     583
    2    1  296  476   58    0    4    1    2    0     583
    2    1  297  477    2    0    1    1    1    1     619
    2    1  298  478  309    0   20    2    2    1     528
    2    1  299  479  233    0   15    2    1    0     750
    2    1  300  480  208    0   13    2    1    0     812
