    1    1    1    1  269    1   17    2    3    0    4121
    1    1    2    2    4    1    1    1    3    0    2295
    1    1    3    3  271    1   17    2    1    0    2353
    1    1    4    4   16    1    1    1    3    0    1831
    1    1    5    5  120    1    8    1    3    0    4225
    1    1    6    6  280    1   18    2    2    1    5089
    1    1    7    7  424    1   27    3    3    1    3903
    1    1    8    8  408    1   26    3    2    0    7439
    1    1    9    9   49    1    4    1    1    1    4021
    1    1   10   10  409    1   26    3    2    0    2099
    1    1   11   11   80    1    5    1    2    0    1532
    1    1   12   12   52    1    4    1    2    0    4583
    1    1   13   13   71    1    5    1    3    0    2632
    1    1   14   14  406    1   26    3    3    1    3107
    1    1   15   15  245    1   16    2    1    0    4833
    1    1   16   16  240    1   15    2    2    1    6965
    1    1   17   17   36    1    3    1    1    1    1762
    1    1   18   18  121    1    8    1    1    1    1172
    1    1   19   19  340    1   22    3    3    1    1914
    1    1   20   20  117    1    8    1    2    0    5554
    1    1   21   21  216    1   14    2    2    1    1546
    1    1   22   22  353    1   23    3    2    0    4371
    1    1   23   23  250    1   16    2    1    0    1865
    1    1   24   24  476    1   30    3    2    0    3031
    1    1   25   25  380    1   24    3    1    0    2080
    1    1   26   26  448    1   28    3    3    1    3459
    1    1   27   27  396    1   25    3    2    0    2253
    1    1   28   28  272    1   17    2    2    1    1443
    1    1   29   29  217    1   14    2    1    0    1190
    1    1   30   30  359    1   23    3    1    0    5244
    1    1   31   31  219    1   14    2    1    0    1177
    1    1   32   32  326    1   21    3    1    0    1630
    1    1   33   33  276    1   18    2    3    0    2464
    1    1   34   34  360    1   23    3    1    0    2694
    1    1   35   35   53    1    4    1    1    1    2957
    1    1   36   36  182    1   12    2    1    0    1322
    1    1   37   37   66    1    5    1    3    0    1377
    1    1   38   38  356    1   23    3    1    0    3293
    1    1   39   39  290    1   19    2    2    1    2551
    1    1   40   40  471    1   30    3    3    1    2603
    1    1   41   41   58    1    4    1    1    1    1248
    1    1   42   42  473    1   30    3    2    0    2823
    1    1   43   43  267    1   17    2    3    0    2189
    1    1   44   44   38    1    3    1    1    1    2189
    1    1   45   45  266    1   17    2    2    1    2412
    1    1   46   46   37    1    3    1    1    1    2574
    1    1   47   47  387    1   25    3    3    1    1634
    1    1   48   48  201    1   13    2    1    0    2382
    1    1   49   49    6    1    1    1    1    1    2196
    1    1   50   50  465    1   30    3    2    0    2250
    1    1   51   51  479    1   30    3    2    0    1636
    1    1   52   52  411    1   26    3    2    0    1802
    1    1   53   53   56    1    4    1    1    1    2520
    1    1   54   54   33    1    3    1    1    1    1115
    1    1   55   55  212    1   14    2    3    0    2564
    1    1   56   56   15    1    1    1    1    1     802
    1    1   57   57   35    1    3    1    1    1     880
    1    1   58   58  164    1   11    2    2    1    2155
    1    1   59   59  289    1   19    2    3    0    2160
    1    1   60   60  252    1   16    2    3    0    2555
    1    2    1   61  409    1   26    3    3    1    1098
    1    2    2   62   52    1    4    1    1    1    1106
    1    2    3   63  271    1   17    2    3    0    1906
    1    2    4   64  360    1   23    3    2    0    3896
    1    2    5   65  289    1   19    2    3    0    2219
    1    2    6   66  201    1   13    2    1    0    1152
    1    2    7   67  479    1   30    3    2    0    4061
    1    2    8   68   16    1    1    1    1    1    1023
    1    2    9   69  182    1   12    2    2    1    2512
    1    2   10   70   38    1    3    1    1    1    1226
    1    2   11   71    4    1    1    1    3    0    1172
    1    2   12   72  216    1   14    2    2    1    3016
    1    2   13   73   33    1    3    1    1    1    1122
    1    2   14   74   15    1    1    1    1    1    1392
    1    2   15   75   56    1    4    1    2    0    1973
    1    2   16   76  408    1   26    3    3    1    2707
    1    2   17   77  272    1   17    2    3    0    1863
    1    2   18   78   80    1    5    1    1    1    1886
    1    2   19   79  406    1   26    3    3    1    1402
    1    2   20   80  212    1   14    2    2    1    2294
    1    2   21   81  121    1    8    1    1    1    1479
    1    2   22   82  387    1   25    3    2    0    6493
    1    2   23   83  164    1   11    2    2    1    1730
    1    2   24   84  340    1   22    3    1    0    2563
    1    2   25   85   58    1    4    1    1    1    1424
    1    2   26   86  473    1   30    3    3    1    2112
    1    2   27   87   53    1    4    1    1    1    1683
    1    2   28   88  267    1   17    2    2    1    2713
    1    2   29   89  356    1   23    3    3    1    1392
    1    2   30   90  266    1   17    2    2    1    1729
    1    2   31   91  471    1   30    3    3    1    1246
    1    2   32   92   37    1    3    1    1    1    1086
    1    2   33   93  290    1   19    2    2    1    1946
    1    2   34   94  269    1   17    2    2    1    1573
    1    2   35   95  250    1   16    2    1    0    1519
    1    2   36   96  276    1   18    2    3    0    1412
    1    2   37   97   66    1    5    1    1    1    1101
    1    2   38   98  380    1   24    3    3    1    1919
    1    2   39   99   36    1    3    1    1    1    1305
    1    2   40  100  359    1   23    3    3    1    1174
    1    2   41  101  476    1   30    3    3    1    1471
    1    2   42  102  245    1   16    2    1    0    2610
    1    2   43  103  353    1   23    3    3    1    1129
    1    2   44  104    6    1    1    1    1    1    1092
    1    2   45  105   49    1    4    1    2    0    2239
    1    2   46  106  252    1   16    2    2    1    1788
    1    2   47  107  280    1   18    2    1    0    3326
    1    2   48  108  396    1   25    3    3    1    3372
    1    2   49  109  448    1   28    3    3    1    1638
    1    2   50  110  424    1   27    3    3    1    2224
    1    2   51  111   35    1    3    1    1    1    1049
    1    2   52  112  120    1    8    1    1    1    3094
    1    2   53  113  219    1   14    2    2    1    1477
    1    2   54  114  465    1   30    3    3    1    1378
    1    2   55  115   71    1    5    1    1    1     942
    1    2   56  116  217    1   14    2    2    1    1084
    1    2   57  117  411    1   26    3    3    1    1408
    1    2   58  118  117    1    8    1    1    1    2432
    1    2   59  119  240    1   15    2    2    1    1808
    1    2   60  120  326    1   21    3    2    0    2429
    1    3    1  121  408    1   26    3    3    1    1199
    1    3    2  122   35    1    3    1    1    1     969
    1    3    3  123  272    1   17    2    2    1    1848
    1    3    4  124  250    1   16    2    1    0    2130
    1    3    5  125   36    1    3    1    1    1     950
    1    3    6  126   58    1    4    1    2    0    1972
    1    3    7  127  276    1   18    2    3    0    1946
    1    3    8  128  448    1   28    3    3    1    1778
    1    3    9  129  290    1   19    2    3    0    3651
    1    3   10  130  240    1   15    2    3    0    1052
    1    3   11  131  269    1   17    2    2    1    1877
    1    3   12  132  164    1   11    2    2    1    1952
    1    3   13  133  465    1   30    3    3    1    1162
    1    3   14  134  479    1   30    3    2    0    2162
    1    3   15  135   37    1    3    1    1    1     929
    1    3   16  136  356    1   23    3    3    1    1315
    1    3   17  137  267    1   17    2    2    1    2247
    1    3   18  138  216    1   14    2    2    1    1647
    1    3   19  139  219    1   14    2    2    1    1334
    1    3   20  140  280    1   18    2    2    1    1962
    1    3   21  141  387    1   25    3    2    0    2081
    1    3   22  142  353    1   23    3    3    1     974
    1    3   23  143   49    1    4    1    1    1    1621
    1    3   24  144  217    1   14    2    2    1    1707
    1    3   25  145  360    1   23    3    3    1    1191
    1    3   26  146  473    1   30    3    2    0    2319
    1    3   27  147  120    1    8    1    1    1     946
    1    3   28  148  411    1   26    3    3    1    1142
    1    3   29  149  380    1   24    3    2    0    3238
    1    3   30  150   80    1    5    1    1    1    6823
    1    3   31  151  340    1   22    3    3    1    1615
    1    3   32  152  252    1   16    2    2    1    1842
    1    3   33  153   56    1    4    1    1    1    1966
    1    3   34  154  409    1   26    3    3    1    1991
    1    3   35  155  266    1   17    2    2    1    2354
    1    3   36  156  289    1   19    2    2    1    1385
    1    3   37  157    6    1    1    1    1    1    1587
    1    3   38  158  201    1   13    2    2    1    1589
    1    3   39  159   71    1    5    1    1    1    1079
    1    3   40  160  271    1   17    2    2    1    1295
    1    3   41  161  476    1   30    3    2    0    1485
    1    3   42  162  471    1   30    3    3    1    1835
    1    3   43  163  326    1   21    3    2    0    3527
    1    3   44  164   52    1    4    1    1    1    1142
    1    3   45  165  359    1   23    3    3    1   13212
    1    3   46  166   38    1    3    1    1    1    1659
    1    3   47  167  424    1   27    3    3    1    1264
    1    3   48  168  406    1   26    3    2    0    1449
    1    3   49  169    4    1    1    1    1    1    1109
    1    3   50  170   15    1    1    1    1    1    1341
    1    3   51  171   66    1    5    1    1    1    2315
    1    3   52  172  245    1   16    2    2    1    1338
    1    3   53  173   53    1    4    1    1    1    1563
    1    3   54  174  117    1    8    1    1    1    1183
    1    3   55  175  396    1   25    3    3    1    1385
    1    3   56  176  121    1    8    1    1    1    1501
    1    3   57  177   33    1    3    1    1    1    2223
    1    3   58  178   16    1    1    1    1    1    1457
    1    3   59  179  182    1   12    2    2    1    1584
    1    3   60  180  212    1   14    2    2    1    2084
    2    1    1  181  251    0   16    2    2    1    3037
    2    1    2  182  266    1   17    2    2    1    1971
    2    1    3  183  235    0   15    2    1    0    2736
    2    1    4  184  161    0   11    2    1    0    2488
    2    1    5  185   10    0    1    1    3    0    1981
    2    1    6  186  435    0   28    3    3    1    3277
    2    1    7  187  205    0   13    2    2    1    1680
    2    1    8  188  408    1   26    3    3    1    2172
    2    1    9  189   71    1    5    1    1    1    1208
    2    1   10  190  248    0   16    2    2    1    1537
    2    1   11  191  274    0   18    2    2    1    1598
    2    1   12  192  365    0   23    3    3    1    1925
    2    1   13  193  326    1   21    3    3    1    2158
    2    1   14  194  295    0   19    2    1    0    3268
    2    1   15  195   56    1    4    1    1    1    4612
    2    1   16  196   74    0    5    1    1    1    3445
    2    1   17  197  388    0   25    3    3    1    1646
    2    1   18  198  182    1   12    2    2    1     996
    2    1   19  199  209    0   14    2    2    1    1278
    2    1   20  200   16    1    1    1    1    1    1743
    2    1   21  201  374    0   24    3    3    1    2072
    2    1   22  202  386    0   25    3    3    1    2853
    2    1   23  203   51    0    4    1    1    1    1875
    2    1   24  204  208    0   13    2    2    1    1204
    2    1   25  205   59    0    4    1    1    1    3863
    2    1   26  206  191    0   12    2    2    1    1872
    2    1   27  207  285    0   18    2    2    1    2438
    2    1   28  208   77    0    5    1    1    1    2070
    2    1   29  209  297    0   19    2    2    1    2641
    2    1   30  210  382    0   24    3    3    1    2206
    2    1   31  211  415    0   26    3    3    1    2285
    2    1   32  212  396    1   25    3    3    1    1776
    2    1   33  213  145    0   10    1    1    1    1947
    2    1   34  214  420    0   27    3    3    1    3885
    2    1   35  215  111    0    7    1    3    0    6199
    2    1   36  216   80    1    5    1    1    1    6750
    2    1   37  217    4    1    1    1    1    1    3620
    2    1   38  218  234    0   15    2    3    0    2191
    2    1   39  219    3    0    1    1    1    1    1847
    2    1   40  220  383    0   24    3    3    1    3119
    2    1   41  221  117    1    8    1    1    1    3295
    2    1   42  222  257    0   17    2    1    0    1824
    2    1   43  223  422    0   27    3    2    0    2543
    2    1   44  224  345    0   22    3    2    0    2071
    2    1   45  225  154    0   10    1    1    1    1550
    2    1   46  226  264    0   17    2    2    1    1307
    2    1   47  227  403    0   26    3    3    1    1175
    2    1   48  228   76    0    5    1    1    1    1144
    2    1   49  229   34    0    3    1    1    1    1437
    2    1   50  230  303    0   19    2    2    1    1373
    2    1   51  231  348    0   22    3    3    1    2564
    2    1   52  232   50    0    4    1    3    0    1807
    2    1   53  233  304    0   19    2    2    1    4455
    2    1   54  234  176    0   11    2    3    0    2685
    2    1   55  235  253    0   16    2    1    0    1453
    2    1   56  236  469    0   30    3    2    0    1852
    2    1   57  237  260    0   17    2    2    1    4894
    2    1   58  238  446    0   28    3    3    1    1390
    2    1   59  239  181    0   12    2    1    0    1003
    2    1   60  240  164    1   11    2    2    1    1911
    2    1   61  241  323    0   21    3    1    0    4287
    2    1   62  242  405    0   26    3    2    0    3747
    2    1   63  243   47    0    3    1    1    1    1153
    2    1   64  244   22    0    2    1    2    0    2051
    2    1   65  245  464    0   29    3    3    1    2203
    2    1   66  246    1    0    1    1    1    1    1214
    2    1   67  247  334    0   21    3    1    0    1415
    2    1   68  248  320    0   20    2    2    1     798
    2    1   69  249  321    0   21    3    2    0    2328
    2    1   70  250   20    0    2    1    2    0     973
    2    1   71  251  112    0    7    1    3    0    2353
    2    1   72  252  219    1   14    2    2    1    1666
    2    1   73  253  173    0   11    2    1    0    2049
    2    1   74  254  384    0   24    3    3    1     611
    2    1   75  255   14    0    1    1    3    0    1086
    2    1   76  256  130    0    9    1    3    0    1701
    2    1   77  257  207    0   13    2    2    1     812
    2    1   78  258  330    0   21    3    2    0    1613
    2    1   79  259  404    0   26    3    2    0    1262
    2    1   80  260  299    0   19    2    1    0     647
    2    1   81  261   26    0    2    1    2    0    1040
    2    1   82  262  131    0    9    1    3    0     662
    2    1   83  263   87    0    6    1    1    1    1235
    2    1   84  264   97    0    7    1    3    0     978
    2    1   85  265  192    0   12    2    1    0    1436
    2    1   86  266  431    0   27    3    3    1     822
    2    1   87  267  466    0   30    3    2    0     602
    2    1   88  268   42    0    3    1    1    1     850
    2    1   89  269   58    1    4    1    3    0    2148
    2    1   90  270  282    0   18    2    2    1    2239
    2    1   91  271  309    0   20    2    2    1    1446
    2    1   92  272    6    1    1    1    1    1     735
    2    1   93  273  429    0   27    3    3    1     885
    2    1   94  274  401    0   26    3    3    1    1888
    2    1   95  275  240    1   15    2    2    1    1181
    2    1   96  276  325    0   21    3    1    0    1586
    2    1   97  277   17    0    2    1    2    0     653
    2    1   98  278  213    0   14    2    2    1     621
    2    1   99  279  279    0   18    2    2    1    1011
    2    1  100  280  149    0   10    1    3    0    1210
    2    1  101  281  381    0   24    3    1    0     772
    2    1  102  282  215    0   14    2    2    1    1689
    2    1  103  283  336    0   21    3    1    0     912
    2    1  104  284  359    1   23    3    3    1    1200
    2    1  105  285  245    1   16    2    2    1     785
    2    1  106  286  198    0   13    2    2    1     609
    2    1  107  287  227    0   15    2    3    0     560
    2    1  108  288  233    0   15    2    3    0     720
    2    1  109  289  333    0   21    3    1    0    2226
    2    1  110  290  387    1   25    3    2    0    1344
    2    1  111  291  128    0    8    1    1    1    1606
    2    1  112  292  360    1   23    3    3    1     853
    2    1  113  293  144    0    9    1    3    0    1048
    2    1  114  294  124    0    8    1    1    1     821
    2    1  115  295  269    1   17    2    2    1    2007
    2    1  116  296   62    0    4    1    1    1    4226
    2    1  117  297  249    0   16    2    1    0    2100
    2    1  118  298  467    0   30    3    2    0     664
    2    1  119  299  413    0   26    3    3    1     631
    2    1  120  300  158    0   10    1    3    0     994
    2    1  121  301  316    0   20    2    2    1     738
    2    1  122  302  347    0   22    3    1    0    1965
    2    1  123  303  477    0   30    3    2    0    3696
    2    1  124  304  409    1   26    3    2    0    1261
    2    1  125  305  226    0   15    2    3    0     655
    2    1  126  306  134    0    9    1    3    0    1401
    2    1  127  307  200    0   13    2    2    1    1670
    2    1  128  308   83    0    6    1    1    1    1138
    2    1  129  309  306    0   20    2    2    1    1359
    2    1  130  310  127    0    8    1    1    1     580
    2    1  131  311  344    0   22    3    1    0     815
    2    1  132  312  169    0   11    2    1    0     729
    2    1  133  313  160    0   10    1    3    0     872
    2    1  134  314   93    0    6    1    1    1    1413
    2    1  135  315  116    0    8    1    1    1     688
    2    1  136  316  480    0   30    3    2    0     784
    2    1  137  317  432    0   27    3    3    1     666
    2    1  138  318  197    0   13    2    1    0     808
    2    1  139  319  150    0   10    1    2    0    1286
    2    1  140  320  230    0   15    2    3    0     708
    2    1  141  321  216    1   14    2    2    1     936
    2    1  142  322  286    0   18    2    3    0    1410
    2    1  143  323   90    0    6    1    2    0    1807
    2    1  144  324   95    0    6    1    2    0    1514
    2    1  145  325  447    0   28    3    3    1     548
    2    1  146  326  172    0   11    2    1    0    1083
    2    1  147  327  351    0   22    3    3    1     966
    2    1  148  328  204    0   13    2    2    1    3673
    2    1  149  329  148    0   10    1    3    0    2720
    2    1  150  330   57    0    4    1    2    0    1265
    2    1  151  331  170    0   11    2    1    0     755
    2    1  152  332  101    0    7    1    3    0    2903
    2    1  153  333  400    0   25    3    3    1    3346
    2    1  154  334  363    0   23    3    1    0    2033
    2    1  155  335  392    0   25    3    3    1    1974
    2    1  156  336  375    0   24    3    3    1     721
    2    1  157  337   98    0    7    1    1    1    1865
    2    1  158  338  199    0   13    2    2    1     485
    2    1  159  339  332    0   21    3    3    1    1014
    2    1  160  340  141    0    9    1    3    0     731
    2    1  161  341  259    0   17    2    2    1    1023
    2    1  162  342  121    1    8    1    1    1     975
    2    1  163  343  214    0   14    2    2    1     890
    2    1  164  344  338    0   22    3    3    1     567
    2    1  165  345   21    0    2    1    2    0     989
    2    1  166  346  140    0    9    1    3    0     831
    2    1  167  347  278    0   18    2    2    1    1166
    2    1  168  348  355    0   23    3    2    0    2331
    2    1  169  349  331    0   21    3    1    0    1845
    2    1  170  350  273    0   18    2    2    1     945
    2    1  171  351  327    0   21    3    2    0     838
    2    1  172  352  194    0   13    2    1    0    2346
    2    1  173  353   48    0    3    1    1    1     814
    2    1  174  354  206    0   13    2    2    1     822
    2    1  175  355   85    0    6    1    1    1     721
    2    1  176  356  175    0   11    2    3    0    1505
    2    1  177  357   89    0    6    1    2    0     676
    2    1  178  358   72    0    5    1    1    1     957
    2    1  179  359  441    0   28    3    3    1     746
    2    1  180  360  371    0   24    3    3    1     755
    2    1  181  361   49    1    4    1    1    1    1759
    2    1  182  362  229    0   15    2    3    0    1421
    2    1  183  363  168    0   11    2    1    0    1111
    2    1  184  364   31    0    2    1    3    0    1736
    2    1  185  365  349    0   22    3    3    1    1110
    2    1  186  366  364    0   23    3    2    0     602
    2    1  187  367  442    0   28    3    3    1     788
    2    1  188  368  352    0   22    3    3    1     734
    2    1  189  369  146    0   10    1    1    1     990
    2    1  190  370  450    0   29    3    2    0     971
    2    1  191  371   69    0    5    1    1    1    2274
    2    1  192  372  439    0   28    3    3    1    1134
    2    1  193  373  372    0   24    3    1    0    1633
    2    1  194  374  138    0    9    1    3    0    1343
    2    1  195  375   11    0    1    1    3    0    1302
    2    1  196  376  342    0   22    3    1    0    4605
    2    1  197  377  468    0   30    3    2    0    1083
    2    1  198  378   86    0    6    1    1    1    3642
    2    1  199  379  437    0   28    3    3    1    1116
    2    1  200  380   73    0    5    1    3    0    2495
    2    1  201  381   64    0    4    1    2    0    1143
    2    1  202  382  137    0    9    1    3    0    1135
    2    1  203  383  366    0   23    3    3    1    1681
    2    1  204  384  293    0   19    2    2    1    1325
    2    1  205  385  115    0    8    1    1    1    1113
    2    1  206  386  105    0    7    1    3    0    1334
    2    1  207  387   28    0    2    1    3    0    1052
    2    1  208  388  328    0   21    3    2    0    1436
    2    1  209  389  109    0    7    1    1    1    1044
    2    1  210  390  307    0   20    2    2    1    1195
    2    1  211  391   67    0    5    1    1    1    1578
    2    1  212  392  142    0    9    1    3    0    1071
    2    1  213  393  475    0   30    3    2    0    1144
    2    1  214  394   63    0    4    1    1    1    1343
    2    1  215  395  143    0    9    1    3    0     901
    2    1  216  396  179    0   12    2    3    0    2801
    2    1  217  397    2    0    1    1    3    0    2743
    2    1  218  398   94    0    6    1    1    1    1611
    2    1  219  399  305    0   20    2    2    1    1253
    2    1  220  400  317    0   20    2    2    1    1513
    2    1  221  401  104    0    7    1    2    0    2702
    2    1  222  402  343    0   22    3    1    0    1001
    2    1  223  403   61    0    4    1    2    0    1993
    2    1  224  404   45    0    3    1    1    1    1499
    2    1  225  405  397    0   25    3    2    0    4098
    2    1  226  406  120    1    8    1    1    1    2462
    2    1  227  407  470    0   30    3    2    0    1357
    2    1  228  408  157    0   10    1    1    1    1381
    2    1  229  409  231    0   15    2    2    1    6453
    2    1  230  410   35    1    3    1    1    1    2114
    2    1  231  411  410    0   26    3    3    1    3061
    2    1  232  412   53    1    4    1    3    0    2078
    2    1  233  413  133    0    9    1    3    0    1209
    2    1  234  414  289    1   19    2    2    1    1647
    2    1  235  415  380    1   24    3    3    1    2144
    2    1  236  416  411    1   26    3    3    1    2845
    2    1  237  417  471    1   30    3    3    1    1839
    2    1  238  418  393    0   25    3    2    0    2771
    2    1  239  419  452    0   29    3    2    0    6053
    2    1  240  420  314    0   20    2    2    1    1311
    2    1  241  421  353    1   23    3    3    1     997
    2    1  242  422  377    0   24    3    1    0    1174
    2    1  243  423  367    0   23    3    3    1    1861
    2    1  244  424  247    0   16    2    2    1    1593
    2    1  245  425  324    0   21    3    2    0    2817
    2    1  246  426  358    0   23    3    3    1    1061
    2    1  247  427  463    0   29    3    2    0    1508
    2    1  248  428   84    0    6    1    1    1    1199
    2    1  249  429    8    0    1    1    2    0    1493
    2    1  250  430  118    0    8    1    1    1    1522
    2    1  251  431   43    0    3    1    1    1     829
    2    1  252  432  292    0   19    2    3    0    2370
    2    1  253  433  261    0   17    2    2    1    2693
    2    1  254  434  434    0   28    3    3    1    5808
    2    1  255  435  171    0   11    2    1    0    1392
    2    1  256  436  153    0   10    1    1    1    2008
    2    1  257  437  166    0   11    2    3    0    2455
    2    1  258  438  267    1   17    2    3    0    2405
    2    1  259  439  107    0    7    1    1    1    1230
    2    1  260  440  188    0   12    2    1    0    1467
    2    1  261  441  449    0   29    3    2    0     927
    2    1  262  442  341    0   22    3    3    1    1163
    2    1  263  443  369    0   24    3    3    1    1535
    2    1  264  444   52    1    4    1    1    1    4102
    2    1  265  445  177    0   12    2    2    1    2329
    2    1  266  446  270    0   17    2    2    1    1788
    2    1  267  447  315    0   20    2    2    1    1024
    2    1  268  448  478    0   30    3    2    0    1662
    2    1  269  449  246    0   16    2    2    1     945
    2    1  270  450   13    0    1    1    1    1    1107
    2    1  271  451   24    0    2    1    2    0    1329
    2    1  272  452  390    0   25    3    3    1    1085
    2    1  273  453  378    0   24    3    3    1    1602
    2    1  274  454  221    0   14    2    2    1    1766
    2    1  275  455  346    0   22    3    1    0    1128
    2    1  276  456    7    0    1    1    1    1     727
    2    1  277  457  218    0   14    2    2    1     962
    2    1  278  458  385    0   25    3    2    0    1412
    2    1  279  459   40    0    3    1    1    1     978
    2    1  280  460  180    0   12    2    1    0    1917
    2    1  281  461  362    0   23    3    3    1     995
    2    1  282  462   75    0    5    1    1    1    1121
    2    1  283  463   99    0    7    1    1    1    1414
    2    1  284  464  190    0   12    2    2    1    1883
    2    1  285  465  242    0   16    2    2    1    1420
    2    1  286  466  236    0   15    2    2    1    1645
    2    1  287  467  335    0   21    3    2    0    1442
    2    1  288  468   60    0    4    1    2    0    1728
    2    1  289  469   81    0    6    1    1    1    1572
    2    1  290  470  122    0    8    1    1    1    1498
    2    1  291  471  272    1   17    2    3    0    1632
    2    1  292  472  465    1   30    3    2    0    1219
    2    1  293  473   18    0    2    1    2    0    1201
    2    1  294  474  162    0   11    2    3    0    1657
    2    1  295  475  294    0   19    2    3    0    2633
    2    1  296  476  373    0   24    3    3    1    1936
    2    1  297  477   19    0    2    1    3    0    2434
    2    1  298  478  281    0   18    2    2    1    1498
    2    1  299  479  414    0   26    3    2    0    1342
    2    1  300  480  291    0   19    2    3    0    3093
