    1    1    1    1  238    1   15    2    3    0    1757
    1    1    2    2  423    1   27    3    2    0    1497
    1    1    3    3  115    1    8    1    1    1    1760
    1    1    4    4   40    1    3    1    1    1    1342
    1    1    5    5  456    1   29    3    2    0    2159
    1    1    6    6  381    1   24    3    1    0    3050
    1    1    7    7   62    1    4    1    1    1    5004
    1    1    8    8  203    1   13    2    2    1    1511
    1    1    9    9   73    1    5    1    1    1    2091
    1    1   10   10   31    1    2    1    3    0    1691
    1    1   11   11  455    1   29    3    2    0    3812
    1    1   12   12  446    1   28    3    1    0    1294
    1    1   13   13  241    1   16    2    2    1    2671
    1    1   14   14  471    1   30    3    3    1    1416
    1    1   15   15  111    1    7    1    1    1    1240
    1    1   16   16  413    1   26    3    3    1    2097
    1    1   17   17  395    1   25    3    2    0    2337
    1    1   18   18  339    1   22    3    1    0    3590
    1    1   19   19  272    1   17    2    3    0    3712
    1    1   20   20  125    1    8    1    1    1    4112
    1    1   21   21   16    1    1    1    2    0    1862
    1    1   22   22  136    1    9    1    3    0    2576
    1    1   23   23  146    1   10    1    1    1    2102
    1    1   24   24   85    1    6    1    2    0    3909
    1    1   25   25  279    1   18    2    3    0    1634
    1    1   26   26  359    1   23    3    2    0    5593
    1    1   27   27  443    1   28    3    2    0    1693
    1    1   28   28  297    1   19    2    1    0    1199
    1    1   29   29  420    1   27    3    1    0    2329
    1    1   30   30  229    1   15    2    2    1    8285
    1    1   31   31   96    1    6    1    3    0    2419
    1    1   32   32  293    1   19    2    3    0    2550
    1    1   33   33  186    1   12    2    2    1    3558
    1    1   34   34  163    1   11    2    3    0    2448
    1    1   35   35   34    1    3    1    3    0    3064
    1    1   36   36  355    1   23    3    3    1    1860
    1    1   37   37  278    1   18    2    1    0    2245
    1    1   38   38  267    1   17    2    1    0    2987
    1    1   39   39  135    1    9    1    3    0    3996
    1    1   40   40  215    1   14    2    2    1    3084
    1    1   41   41  337    1   22    3    1    0    2077
    1    1   42   42    7    1    1    1    1    1    1584
    1    1   43   43  327    1   21    3    3    1   11847
    1    1   44   44  405    1   26    3    2    0    2056
    1    1   45   45  465    1   30    3    3    1    3213
    1    1   46   46  397    1   25    3    2    0    2219
    1    1   47   47   72    1    5    1    1    1    1409
    1    1   48   48  376    1   24    3    1    0    1311
    1    1   49   49  306    1   20    2    3    0    2129
    1    1   50   50  195    1   13    2    1    0    2568
    1    1   51   51  190    1   12    2    2    1    1726
    1    1   52   52  330    1   21    3    2    0    1884
    1    1   53   53  250    1   16    2    1    0    2002
    1    1   54   54   17    1    2    1    3    0    1280
    1    1   55   55  308    1   20    2    2    1    1031
    1    1   56   56  170    1   11    2    1    0    1199
    1    1   57   57  148    1   10    1    2    0    1955
    1    1   58   58   55    1    4    1    1    1    1624
    1    1   59   59  224    1   14    2    3    0    1786
    1    1   60   60  106    1    7    1    3    0    2226
    1    2    1   61   16    1    1    1    1    1    2548
    1    2    2   62  397    1   25    3    3    1    1473
    1    2    3   63  455    1   29    3    2    0    3286
    1    2    4   64  106    1    7    1    1    1    1164
    1    2    5   65  170    1   11    2    3    0    3498
    1    2    6   66   34    1    3    1    3    0    2202
    1    2    7   67   85    1    6    1    3    0    4426
    1    2    8   68    7    1    1    1    1    1    1507
    1    2    9   69  471    1   30    3    3    1    1583
    1    2   10   70  195    1   13    2    2    1    2725
    1    2   11   71  278    1   18    2    1    0    3888
    1    2   12   72  337    1   22    3    1    0    4987
    1    2   13   73   17    1    2    1    3    0    2437
    1    2   14   74  359    1   23    3    3    1    2667
    1    2   15   75  395    1   25    3    2    0    1896
    1    2   16   76  229    1   15    2    3    0    4123
    1    2   17   77  111    1    7    1    1    1    1208
    1    2   18   78   96    1    6    1    2    0    2271
    1    2   19   79   73    1    5    1    1    1    1933
    1    2   20   80  465    1   30    3    3    1    1567
    1    2   21   81  297    1   19    2    1    0    1633
    1    2   22   82   40    1    3    1    1    1    1095
    1    2   23   83  163    1   11    2    2    1    3275
    1    2   24   84  327    1   21    3    3    1    1752
    1    2   25   85  330    1   21    3    2    0    4896
    1    2   26   86  293    1   19    2    2    1    2763
    1    2   27   87  125    1    8    1    1    1    1405
    1    2   28   88   72    1    5    1    1    1    1343
    1    2   29   89  306    1   20    2    2    1    2574
    1    2   30   90  186    1   12    2    1    0    3060
    1    2   31   91  376    1   24    3    1    0     886
    1    2   32   92  238    1   15    2    2    1    1845
    1    2   33   93  420    1   27    3    1    0    1149
    1    2   34   94  355    1   23    3    3    1    2742
    1    2   35   95  446    1   28    3    1    0    1064
    1    2   36   96  308    1   20    2    3    0    1412
    1    2   37   97  405    1   26    3    3    1    1948
    1    2   38   98  146    1   10    1    1    1    1114
    1    2   39   99  413    1   26    3    3    1    1020
    1    2   40  100  136    1    9    1    3    0    1424
    1    2   41  101  224    1   14    2    2    1    1555
    1    2   42  102  241    1   16    2    1    0    1094
    1    2   43  103  115    1    8    1    1    1    1052
    1    2   44  104  381    1   24    3    1    0    1104
    1    2   45  105   31    1    2    1    1    1    2728
    1    2   46  106  190    1   12    2    2    1    1087
    1    2   47  107  443    1   28    3    3    1    1770
    1    2   48  108  267    1   17    2    1    0    1669
    1    2   49  109  339    1   22    3    1    0    1156
    1    2   50  110  423    1   27    3    3    1    1543
    1    2   51  111  135    1    9    1    3    0    2366
    1    2   52  112  250    1   16    2    1    0    1178
    1    2   53  113   62    1    4    1    3    0    2326
    1    2   54  114  215    1   14    2    3    0    1446
    1    2   55  115  456    1   29    3    2    0    1564
    1    2   56  116  148    1   10    1    3    0    1377
    1    2   57  117  279    1   18    2    3    0    1203
    1    2   58  118  272    1   17    2    1    0    1933
    1    2   59  119   55    1    4    1    1    1    1199
    1    2   60  120  203    1   13    2    2    1    1312
    1    3    1  121  293    1   19    2    2    1    2221
    1    3    2  122  359    1   23    3    3    1     906
    1    3    3  123  241    1   16    2    2    1    6805
    1    3    4  124  308    1   20    2    3    0    1692
    1    3    5  125  455    1   29    3    1    0    2785
    1    3    6  126  125    1    8    1    3    0    2084
    1    3    7  127  397    1   25    3    3    1    3120
    1    3    8  128  170    1   11    2    2    1    1577
    1    3    9  129  423    1   27    3    2    0    1788
    1    3   10  130  115    1    8    1    1    1     879
    1    3   11  131   73    1    5    1    3    0    2912
    1    3   12  132   17    1    2    1    3    0    2522
    1    3   13  133   34    1    3    1    2    0    1865
    1    3   14  134  327    1   21    3    2    0    1747
    1    3   15  135  465    1   30    3    3    1    2178
    1    3   16  136   40    1    3    1    1    1    2122
    1    3   17  137  250    1   16    2    2    1    1800
    1    3   18  138  330    1   21    3    2    0    1083
    1    3   19  139  339    1   22    3    2    0    2566
    1    3   20  140  376    1   24    3    3    1    1744
    1    3   21  141  297    1   19    2    3    0    1577
    1    3   22  142  106    1    7    1    1    1    3018
    1    3   23  143  337    1   22    3    3    1    1417
    1    3   24  144  163    1   11    2    3    0    3764
    1    3   25  145   55    1    4    1    3    0    1445
    1    3   26  146  395    1   25    3    3    1    1364
    1    3   27  147  203    1   13    2    2    1    1779
    1    3   28  148  381    1   24    3    3    1    3169
    1    3   29  149    7    1    1    1    2    0    2440
    1    3   30  150  148    1   10    1    3    0    2839
    1    3   31  151  229    1   15    2    2    1    3529
    1    3   32  152   62    1    4    1    3    0    1681
    1    3   33  153  456    1   29    3    2    0    2616
    1    3   34  154  267    1   17    2    2    1    1074
    1    3   35  155  135    1    9    1    3    0    2908
    1    3   36  156  471    1   30    3    3    1    3625
    1    3   37  157  405    1   26    3    3    1    1012
    1    3   38  158  420    1   27    3    1    0    5080
    1    3   39  159  190    1   12    2    2    1    1177
    1    3   40  160  446    1   28    3    3    1    1507
    1    3   41  161  146    1   10    1    2    0    1224
    1    3   42  162  238    1   15    2    2    1    4382
    1    3   43  163  443    1   28    3    1    0    2735
    1    3   44  164  136    1    9    1    1    1    2204
    1    3   45  165   85    1    6    1    1    1    1797
    1    3   46  166  195    1   13    2    2    1    1750
    1    3   47  167   16    1    1    1    2    0    1903
    1    3   48  168   96    1    6    1    1    1    1591
    1    3   49  169  186    1   12    2    2    1    1367
    1    3   50  170  272    1   17    2    3    0    1573
    1    3   51  171  215    1   14    2    2    1    3270
    1    3   52  172  111    1    7    1    3    0    3569
    1    3   53  173   72    1    5    1    3    0    6407
    1    3   54  174  279    1   18    2    2    1    1453
    1    3   55  175  224    1   14    2    2    1    1225
    1    3   56  176  413    1   26    3    1    0    2016
    1    3   57  177  278    1   18    2    2    1    1015
    1    3   58  178  355    1   23    3    3    1    1690
    1    3   59  179   31    1    2    1    1    1    1072
    1    3   60  180  306    1   20    2    2    1    1700
    2    1    1  181   72    1    5    1    1    1    2986
    2    1    2  182  210    0   14    2    3    0    2230
    2    1    3  183   38    0    3    1    1    1    4927
    2    1    4  184  374    0   24    3    2    0    3587
    2    1    5  185   80    0    5    1    2    0    3342
    2    1    6  186  209    0   14    2    3    0    1463
    2    1    7  187  201    0   13    2    2    1    2665
    2    1    8  188   37    0    3    1    3    0    5051
    2    1    9  189  296    0   19    2    1    0    5178
    2    1   10  190  166    0   11    2    3    0    2203
    2    1   11  191  254    0   16    2    2    1    1583
    2    1   12  192   45    0    3    1    1    1    2506
    2    1   13  193  130    0    9    1    1    1    4402
    2    1   14  194   98    0    7    1    2    0    5167
    2    1   15  195  448    0   28    3    3    1    5873
    2    1   16  196  378    0   24    3    2    0    6067
    2    1   17  197  124    0    8    1    1    1    2718
    2    1   18  198  403    0   26    3    3    1     920
    2    1   19  199   88    0    6    1    2    0     906
    2    1   20  200   95    0    6    1    1    1    1711
    2    1   21  201  149    0   10    1    3    0    1798
    2    1   22  202   70    0    5    1    2    0    3239
    2    1   23  203   67    0    5    1    2    0    6618
    2    1   24  204  264    0   17    2    2    1     938
    2    1   25  205  207    0   13    2    3    0    1985
    2    1   26  206  160    0   10    1    3    0    1201
    2    1   27  207  117    0    8    1    2    0    1269
    2    1   28  208  211    0   14    2    2    1    1137
    2    1   29  209  312    0   20    2    3    0    1375
    2    1   30  210  387    0   25    3    3    1    2056
    2    1   31  211  258    0   17    2    2    1    5560
    2    1   32  212  418    0   27    3    3    1    1655
    2    1   33  213  388    0   25    3    3    1    1202
    2    1   34  214  293    1   19    2    2    1     699
    2    1   35  215  102    0    7    1    1    1    2766
    2    1   36  216   35    0    3    1    2    0    1803
    2    1   37  217  223    0   14    2    2    1    1146
    2    1   38  218  391    0   25    3    2    0    1138
    2    1   39  219   24    0    2    1    2    0    1497
    2    1   40  220  306    1   20    2    2    1     839
    2    1   41  221  100    0    7    1    1    1    2064
    2    1   42  222  451    0   29    3    3    1    1207
    2    1   43  223  286    0   18    2    1    0    1376
    2    1   44  224   17    1    2    1    1    1    1324
    2    1   45  225  271    0   17    2    2    1    1454
    2    1   46  226   77    0    5    1    1    1    1761
    2    1   47  227    6    0    1    1    1    1    3703
    2    1   48  228  402    0   26    3    3    1    1607
    2    1   49  229  465    1   30    3    3    1    1683
    2    1   50  230  168    0   11    2    2    1     915
    2    1   51  231  270    0   17    2    3    0    2672
    2    1   52  232   93    0    6    1    2    0    1256
    2    1   53  233   64    0    4    1    3    0    1340
    2    1   54  234  245    0   16    2    2    1    3606
    2    1   55  235   82    0    6    1    2    0    2638
    2    1   56  236  171    0   11    2    2    1    4142
    2    1   57  237  385    0   25    3    3    1    2469
    2    1   58  238  188    0   12    2    2    1    1265
    2    1   59  239  368    0   23    3    1    0    2169
    2    1   60  240  260    0   17    2    1    0    1275
    2    1   61  241  329    0   21    3    1    0    1147
    2    1   62  242  136    1    9    1    1    1    1903
    2    1   63  243  263    0   17    2    2    1    1209
    2    1   64  244  276    0   18    2    3    0    3172
    2    1   65  245  298    0   19    2    2    1    1523
    2    1   66  246   50    0    4    1    1    1    1586
    2    1   67  247  382    0   24    3    1    0    2081
    2    1   68  248  206    0   13    2    2    1     893
    2    1   69  249  318    0   20    2    3    0    1298
    2    1   70  250  257    0   17    2    1    0    1654
    2    1   71  251   46    0    3    1    1    1    2451
    2    1   72  252   19    0    2    1    1    1     825
    2    1   73  253  185    0   12    2    1    0    1493
    2    1   74  254  358    0   23    3    2    0    1496
    2    1   75  255  433    0   28    3    3    1    4211
    2    1   76  256  339    1   22    3    3    1    3022
    2    1   77  257  174    0   11    2    2    1    1193
    2    1   78  258  373    0   24    3    1    0    3117
    2    1   79  259   36    0    3    1    2    0    2721
    2    1   80  260  199    0   13    2    2    1    1045
    2    1   81  261    7    1    1    1    1    1    2791
    2    1   82  262  341    0   22    3    2    0    4295
    2    1   83  263   65    0    5    1    2    0    1030
    2    1   84  264   30    0    2    1    2    0    1907
    2    1   85  265   23    0    2    1    3    0    2096
    2    1   86  266  340    0   22    3    2    0    4529
    2    1   87  267  461    0   29    3    3    1    1851
    2    1   88  268  228    0   15    2    3    0    4279
    2    1   89  269  222    0   14    2    3    0    1536
    2    1   90  270  344    0   22    3    2    0    1582
    2    1   91  271  390    0   25    3    3    1    1221
    2    1   92  272  266    0   17    2    2    1    3392
    2    1   93  273  476    0   30    3    3    1    1217
    2    1   94  274  273    0   18    2    1    0    4884
    2    1   95  275  345    0   22    3    1    0    2834
    2    1   96  276  305    0   20    2    1    0    1341
    2    1   97  277  119    0    8    1    1    1     930
    2    1   98  278  454    0   29    3    2    0     855
    2    1   99  279  127    0    8    1    1    1     698
    2    1  100  280   29    0    2    1    1    1    2087
    2    1  101  281   43    0    3    1    2    0    3383
    2    1  102  282  361    0   23    3    1    0    1176
    2    1  103  283  147    0   10    1    2    0     924
    2    1  104  284  367    0   23    3    2    0    1357
    2    1  105  285  249    0   16    2    1    0    5708
    2    1  106  286  356    0   23    3    2    0    3983
    2    1  107  287  324    0   21    3    2    0    1525
    2    1  108  288  450    0   29    3    2    0     925
    2    1  109  289  237    0   15    2    3    0    1183
    2    1  110  290  191    0   12    2    1    0    1099
    2    1  111  291  129    0    9    1    1    1    2039
    2    1  112  292  150    0   10    1    2    0    1773
    2    1  113  293  177    0   12    2    2    1    1140
    2    1  114  294  243    0   16    2    3    0    1556
    2    1  115  295  196    0   13    2    1    0    1202
    2    1  116  296   10    0    1    1    3    0    2285
    2    1  117  297   32    0    2    1    3    0    1266
    2    1  118  298   74    0    5    1    2    0    1800
    2    1  119  299  304    0   19    2    2    1     870
    2    1  120  300  472    0   30    3    2    0    7240
    2    1  121  301  372    0   24    3    2    0    1666
    2    1  122  302   61    0    4    1    3    0    1778
    2    1  123  303  337    1   22    3    1    0    1627
    2    1  124  304    3    0    1    1    3    0    1237
    2    1  125  305  295    0   19    2    2    1    1428
    2    1  126  306  224    1   14    2    1    0    1856
    2    1  127  307  226    0   15    2    3    0    1202
    2    1  128  308  212    0   14    2    2    1    1449
    2    1  129  309  288    0   18    2    1    0    1399
    2    1  130  310  444    0   28    3    1    0    1412
    2    1  131  311  347    0   22    3    1    0    1960
    2    1  132  312  283    0   18    2    2    1    2462
    2    1  133  313  459    0   29    3    1    0    1514
    2    1  134  314  121    0    8    1    1    1    1220
    2    1  135  315  471    1   30    3    3    1    1478
    2    1  136  316  280    0   18    2    2    1     900
    2    1  137  317  303    0   19    2    2    1    1190
    2    1  138  318  275    0   18    2    1    0     896
    2    1  139  319   90    0    6    1    1    1    1102
    2    1  140  320  154    0   10    1    1    1     870
    2    1  141  321   12    0    1    1    2    0    1071
    2    1  142  322   92    0    6    1    1    1    1228
    2    1  143  323   83    0    6    1    2    0    1557
    2    1  144  324  236    0   15    2    2    1    1568
    2    1  145  325  272    1   17    2    2    1    1576
    2    1  146  326  440    0   28    3    1    0    1874
    2    1  147  327   20    0    2    1    3    0    1794
    2    1  148  328  467    0   30    3    3    1    2916
    2    1  149  329  113    0    8    1    1    1    1663
    2    1  150  330  116    0    8    1    1    1    1168
    2    1  151  331   71    0    5    1    2    0    2715
    2    1  152  332   34    1    3    1    2    0    1351
    2    1  153  333  214    0   14    2    1    0    2067
    2    1  154  334  342    0   22    3    1    0    1220
    2    1  155  335  460    0   29    3    3    1     901
    2    1  156  336  285    0   18    2    1    0    1562
    2    1  157  337   31    1    2    1    3    0    2000
    2    1  158  338  355    1   23    3    3    1    1250
    2    1  159  339  156    0   10    1    1    1    1069
    2    1  160  340  322    0   21    3    2    0     976
    2    1  161  341  135    1    9    1    3    0    1480
    2    1  162  342  386    0   25    3    2    0    2170
    2    1  163  343  240    0   15    2    3    0     914
    2    1  164  344  389    0   25    3    2    0    2287
    2    1  165  345  219    0   14    2    1    0    1309
    2    1  166  346   59    0    4    1    1    1    1292
    2    1  167  347   16    1    1    1    1    1    1125
    2    1  168  348  215    1   14    2    2    1    2763
    2    1  169  349  311    0   20    2    3    0    2905
    2    1  170  350    4    0    1    1    1    1    1349
    2    1  171  351  365    0   23    3    3    1    1446
    2    1  172  352   25    0    2    1    2    0    1334
    2    1  173  353    9    0    1    1    2    0    1200
    2    1  174  354   28    0    2    1    3    0    1930
    2    1  175  355  357    0   23    3    2    0    1428
    2    1  176  356  163    1   11    2    3    0    2936
    2    1  177  357  110    0    7    1    2    0    1810
    2    1  178  358  140    0    9    1    3    0    1403
    2    1  179  359  108    0    7    1    2    0     941
    2    1  180  360  381    1   24    3    2    0    2570
    2    1  181  361  317    0   20    2    3    0    1099
    2    1  182  362  469    0   30    3    1    0    1781
    2    1  183  363  101    0    7    1    2    0    1019
    2    1  184  364  352    0   22    3    2    0    2150
    2    1  185  365   73    1    5    1    1    1    1769
    2    1  186  366  478    0   30    3    3    1     993
    2    1  187  367  441    0   28    3    1    0    2447
    2    1  188  368  104    0    7    1    1    1    1309
    2    1  189  369  396    0   25    3    3    1     914
    2    1  190  370   62    1    4    1    2    0     893
    2    1  191  371  267    1   17    2    1    0     832
    2    1  192  372  183    0   12    2    1    0     946
    2    1  193  373  242    0   16    2    2    1    1099
    2    1  194  374  377    0   24    3    1    0    1709
    2    1  195  375   41    0    3    1    3    0    1205
    2    1  196  376  194    0   13    2    2    1    1776
    2    1  197  377  184    0   12    2    2    1    1291
    2    1  198  378  351    0   22    3    2    0    1354
    2    1  199  379  114    0    8    1    1    1     932
    2    1  200  380  265    0   17    2    2    1    1139
    2    1  201  381   47    0    3    1    1    1    1171
    2    1  202  382  182    0   12    2    2    1    1124
    2    1  203  383  321    0   21    3    1    0    1134
    2    1  204  384  208    0   13    2    2    1    1014
    2    1  205  385   60    0    4    1    2    0    1107
    2    1  206  386  479    0   30    3    1    0    1182
    2    1  207  387  161    0   11    2    1    0    1071
    2    1  208  388  409    0   26    3    2    0    1202
    2    1  209  389  468    0   30    3    3    1     823
    2    1  210  390   78    0    5    1    1    1    1509
    2    1  211  391  107    0    7    1    2    0    1668
    2    1  212  392  353    0   23    3    3    1    1181
    2    1  213  393  383    0   24    3    2    0     826
    2    1  214  394  326    0   21    3    2    0    2182
    2    1  215  395  453    0   29    3    3    1    1630
    2    1  216  396  464    0   29    3    2    0    1311
    2    1  217  397  282    0   18    2    2    1    1587
    2    1  218  398  363    0   23    3    1    0    1043
    2    1  219  399  164    0   11    2    2    1     744
    2    1  220  400   27    0    2    1    3    0    1139
    2    1  221  401  362    0   23    3    2    0    1236
    2    1  222  402  253    0   16    2    2    1     914
    2    1  223  403  246    0   16    2    2    1     881
    2    1  224  404  252    0   16    2    2    1     706
    2    1  225  405    8    0    1    1    1    1    1230
    2    1  226  406  316    0   20    2    2    1    2374
    2    1  227  407  173    0   11    2    1    0    2405
    2    1  228  408  338    0   22    3    2    0    1516
    2    1  229  409   89    0    6    1    2    0    1740
    2    1  230  410   99    0    7    1    1    1    1063
    2    1  231  411  417    0   27    3    3    1    1418
    2    1  232  412  327    1   21    3    2    0     992
    2    1  233  413  426    0   27    3    3    1    1513
    2    1  234  414  300    0   19    2    1    0     720
    2    1  235  415  231    0   15    2    2    1    1075
    2    1  236  416  437    0   28    3    3    1    1098
    2    1  237  417  118    0    8    1    1    1    1509
    2    1  238  418  436    0   28    3    2    0     875
    2    1  239  419  262    0   17    2    2    1    1034
    2    1  240  420  217    0   14    2    2    1    1046
    2    1  241  421   56    0    4    1    3    0    1009
    2    1  242  422  256    0   16    2    2    1    1074
    2    1  243  423   40    1    3    1    1    1     869
    2    1  244  424  443    1   28    3    1    0    1109
    2    1  245  425  477    0   30    3    3    1    1024
    2    1  246  426  225    0   15    2    3    0    1247
    2    1  247  427  181    0   12    2    2    1    1082
    2    1  248  428  449    0   29    3    2    0     719
    2    1  249  429  180    0   12    2    2    1    1013
    2    1  250  430  379    0   24    3    1    0    1040
    2    1  251  431  380    0   24    3    2    0    1124
    2    1  252  432   48    0    3    1    1    1    1505
    2    1  253  433  115    1    8    1    1    1     816
    2    1  254  434   87    0    6    1    2    0     778
    2    1  255  435    1    0    1    1    1    1    1066
    2    1  256  436   85    1    6    1    1    1    1773
    2    1  257  437  299    0   19    2    3    0    2209
    2    1  258  438  431    0   27    3    2    0    1092
    2    1  259  439   42    0    3    1    1    1    1329
    2    1  260  440   22    0    2    1    3    0    1112
    2    1  261  441  189    0   12    2    2    1     960
    2    1  262  442  139    0    9    1    3    0    1023
    2    1  263  443  157    0   10    1    1    1    1542
    2    1  264  444  279    1   18    2    3    0     943
    2    1  265  445  176    0   11    2    2    1    1292
    2    1  266  446  319    0   20    2    3    0     880
    2    1  267  447  412    0   26    3    2    0    1299
    2    1  268  448  126    0    8    1    2    0    1139
    2    1  269  449  404    0   26    3    2    0     874
    2    1  270  450  120    0    8    1    2    0    1008
    2    1  271  451   66    0    5    1    2    0     943
    2    1  272  452  193    0   13    2    2    1     674
    2    1  273  453  234    0   15    2    3    0    1514
    2    1  274  454  325    0   21    3    1    0    1037
    2    1  275  455  247    0   16    2    2    1     698
    2    1  276  456  427    0   27    3    3    1    1528
    2    1  277  457  334    0   21    3    2    0    1195
    2    1  278  458  400    0   25    3    2    0    2410
    2    1  279  459  259    0   17    2    2    1     725
    2    1  280  460  227    0   15    2    1    0     873
    2    1  281  461  290    0   19    2    2    1     952
    2    1  282  462  446    1   28    3    3    1    1651
    2    1  283  463  178    0   12    2    2    1     946
    2    1  284  464  473    0   30    3    2    0    1144
    2    1  285  465   18    0    2    1    2    0    1515
    2    1  286  466  413    1   26    3    3    1    1293
    2    1  287  467  261    0   17    2    1    0     861
    2    1  288  468   21    0    2    1    2    0    1288
    2    1  289  469   69    0    5    1    1    1    1630
    2    1  290  470  187    0   12    2    2    1    1318
    2    1  291  471  213    0   14    2    1    0    1391
    2    1  292  472  320    0   20    2    2    1    1896
    2    1  293  473  407    0   26    3    2    0    2261
    2    1  294  474  235    0   15    2    1    0     859
    2    1  295  475  336    0   21    3    3    1    1575
    2    1  296  476  112    0    7    1    1    1    2076
    2    1  297  477  152    0   10    1    3    0    1289
    2    1  298  478  376    1   24    3    3    1    2434
    2    1  299  479  323    0   21    3    1    0    1109
    2    1  300  480  419    0   27    3    2    0    1671
